# Number of parameters = 153 Objective function value = 73256.4  Maximum gradient component = 0.000785132
# srv_sel50:
1.50590773395
# srv_sel95:
2.51737965987
# stNatLen:
 11.4803329041 11.3113422421 11.0646106939 10.8286715878 10.6036552091 10.3718070775 10.1275555297 9.87716747440 9.63034763198 9.39496484648 9.17578222763 8.97499256838 8.79313297419 8.62982742973 8.48425553790 8.35543491548 8.24238476608 8.14422616450 8.06016784215 7.98955234366 7.93173899046 7.88618174978 7.85248470343 7.83025273576 7.81917155787
# log_avg_fmort_dir:
-1.57040595328
# fmort_dir_dev:
 -0.675975820578 -0.637731293436 -0.450409082981 -0.242220634163 -0.0666410675178 0.0351119684722 0.131125137762 0.164078332375 0.163107095543 0.318682733143 0.419366728378 0.382008901814 0.340615616421 0.406490769351 0.368188310498 0.387225706864 0.342486730626 0.316594558157 0.284780753384 0.234118304502 0.214822013154 0.283994676998 0.176673817822 0.232143531587 0.0843707518421 0.134039124422 0.120253138111 0.0384543643034 0.0714559217155 -0.00484301939644 -0.0591858143936 -0.0715484980567 0.0422432125810 -0.0243380891932 -0.0175415984507 -0.0293023905009 -0.0346672909669 -0.0359227538387 0.0400776578631 -0.0201486359868 0.0337531600627 0.0537101510434 0.0468205225649 0.00991814306978 0.0118077529843 -0.0615610546307 -0.633897678627 -0.548229155100 -0.270553605585 -0.131436941235 -0.0974704295518 -0.166358661878 -0.192733444262 -0.171808999472 -0.292572437944 -0.155148330913 -0.0623687045351 -0.109822344597 -0.281330394284 -0.202497383915 -0.140254031426
# mean_log_rec:
11.0928516513
# rec_dev:
 0.441541302325 0.419132653532 0.408328512611 0.393679457025 0.377116875257 0.341323287122 0.304143641100 0.267940849886 0.222978402383 0.174110300943 0.129699213900 0.0790303694603 0.0365039049190 -0.00566355651354 -0.0611594002418 -0.0962234196750 -0.103377331667 -0.111591042540 -0.118387481291 -0.128412339033 -0.133367224538 -0.132790392621 -0.126193735823 -0.133561058102 -0.150141931694 -0.155855345105 -0.145074016299 -0.153120189278 -0.148947581739 -0.137292991915 -0.133662133560 -0.124793866078 -0.108929028438 -0.0974149418035 -0.0933847472386 -0.0956861023423 -0.0788846544882 -0.0657436338798 -0.0555235808288 -0.0440455290586 -0.0410004232983 -0.0337443702849 -0.0370663774027 -0.0402011159602 -0.0361988616412 -0.0518407193120 -0.0602506318580 -0.0292756814522 0.00512125513157 0.0184507031104 0.00825904329246 -0.00966008722424 -0.0313257998511 -0.0285508240599 -0.0169487983576 -0.0186202108373 -0.0315789475195 -0.0513245873593 -0.0530275032047 -0.0587588210325 -0.0587587555529
# log_avg_NatM:
-1.60943800000
# m_dev:
 0.00000000000 0.00000000000 0.00000000000 0.00000000000 0.00000000000 0.00000000000 0.00000000000 0.00000000000 0.00000000000 0.00000000000 0.00000000000 0.00000000000 0.00000000000 0.00000000000 0.00000000000 0.00000000000 0.00000000000 0.00000000000 0.00000000000 0.00000000000 0.00000000000 0.00000000000 0.00000000000 0.00000000000 0.00000000000 0.00000000000 0.00000000000 0.00000000000 0.00000000000 0.00000000000 0.00000000000 0.00000000000 0.00000000000 0.00000000000 0.00000000000 0.00000000000 0.00000000000 0.00000000000 0.00000000000 0.00000000000 0.00000000000 0.00000000000 0.00000000000 0.00000000000 0.00000000000 0.00000000000 0.00000000000 0.00000000000 0.00000000000 0.00000000000 0.00000000000 0.00000000000 0.00000000000 0.00000000000 0.00000000000 0.00000000000 0.00000000000 0.00000000000 0.00000000000 0.00000000000 0.00000000000
# log_avg_GrowthK:
-1.60943800000
# log_avg_Linf:
4.88280200000
# GrowthK_dev:
 0.00000000000 0.00000000000 0.00000000000 0.00000000000 0.00000000000 0.00000000000 0.00000000000 0.00000000000 0.00000000000 0.00000000000 0.00000000000 0.00000000000 0.00000000000 0.00000000000 0.00000000000 0.00000000000 0.00000000000 0.00000000000 0.00000000000 0.00000000000 0.00000000000 0.00000000000 0.00000000000 0.00000000000 0.00000000000 0.00000000000 0.00000000000 0.00000000000 0.00000000000 0.00000000000 0.00000000000 0.00000000000 0.00000000000 0.00000000000 0.00000000000 0.00000000000 0.00000000000 0.00000000000 0.00000000000 0.00000000000 0.00000000000 0.00000000000 0.00000000000 0.00000000000 0.00000000000 0.00000000000 0.00000000000 0.00000000000 0.00000000000 0.00000000000 0.00000000000 0.00000000000 0.00000000000 0.00000000000 0.00000000000 0.00000000000 0.00000000000 0.00000000000 0.00000000000 0.00000000000 0.00000000000
# Linf_dev:
 0.00000000000 0.00000000000 0.00000000000 0.00000000000 0.00000000000 0.00000000000 0.00000000000 0.00000000000 0.00000000000 0.00000000000 0.00000000000 0.00000000000 0.00000000000 0.00000000000 0.00000000000 0.00000000000 0.00000000000 0.00000000000 0.00000000000 0.00000000000 0.00000000000 0.00000000000 0.00000000000 0.00000000000 0.00000000000 0.00000000000 0.00000000000 0.00000000000 0.00000000000 0.00000000000 0.00000000000 0.00000000000 0.00000000000 0.00000000000 0.00000000000 0.00000000000 0.00000000000 0.00000000000 0.00000000000 0.00000000000 0.00000000000 0.00000000000 0.00000000000 0.00000000000 0.00000000000 0.00000000000 0.00000000000 0.00000000000 0.00000000000 0.00000000000 0.00000000000 0.00000000000 0.00000000000 0.00000000000 0.00000000000 0.00000000000 0.00000000000 0.00000000000 0.00000000000 0.00000000000 0.00000000000
# SelPars50:
2.07442704422
# SelPars95:
3.73079863412
# SelPars_dev50:
 0.00000000000 0.00000000000 0.00000000000 0.00000000000 0.00000000000 0.00000000000 0.00000000000 0.00000000000 0.00000000000 0.00000000000 0.00000000000 0.00000000000 0.00000000000 0.00000000000 0.00000000000 0.00000000000 0.00000000000 0.00000000000 0.00000000000 0.00000000000 0.00000000000 0.00000000000 0.00000000000 0.00000000000 0.00000000000 0.00000000000 0.00000000000 0.00000000000 0.00000000000 0.00000000000 0.00000000000 0.00000000000 0.00000000000 0.00000000000 0.00000000000 0.00000000000 0.00000000000 0.00000000000 0.00000000000 0.00000000000 0.00000000000 0.00000000000 0.00000000000 0.00000000000 0.00000000000 0.00000000000 0.00000000000 0.00000000000 0.00000000000 0.00000000000 0.00000000000 0.00000000000 0.00000000000 0.00000000000 0.00000000000 0.00000000000 0.00000000000 0.00000000000 0.00000000000 0.00000000000 0.00000000000
# SelPars_dev95:
 0.00000000000 0.00000000000 0.00000000000 0.00000000000 0.00000000000 0.00000000000 0.00000000000 0.00000000000 0.00000000000 0.00000000000 0.00000000000 0.00000000000 0.00000000000 0.00000000000 0.00000000000 0.00000000000 0.00000000000 0.00000000000 0.00000000000 0.00000000000 0.00000000000 0.00000000000 0.00000000000 0.00000000000 0.00000000000 0.00000000000 0.00000000000 0.00000000000 0.00000000000 0.00000000000 0.00000000000 0.00000000000 0.00000000000 0.00000000000 0.00000000000 0.00000000000 0.00000000000 0.00000000000 0.00000000000 0.00000000000 0.00000000000 0.00000000000 0.00000000000 0.00000000000 0.00000000000 0.00000000000 0.00000000000 0.00000000000 0.00000000000 0.00000000000 0.00000000000 0.00000000000 0.00000000000 0.00000000000 0.00000000000 0.00000000000 0.00000000000 0.00000000000 0.00000000000 0.00000000000 0.00000000000
