# Number of parameters = 215 Objective function value = 72926.9  Maximum gradient component = 0.00125780
# srv_sel50:
1.46527189800
# srv_sel95:
2.41112030506
# stNatLen:
 11.5339960203 11.3715825452 11.1392765707 10.9089899006 10.6836672468 10.4501135654 10.2045769849 9.95347008515 9.70620650690 9.47042492283 9.25077717267 9.04944922822 8.86699797044 8.70307080474 8.55687588646 8.42744783256 8.31382698112 8.21507532305 8.13037984265 8.05905925040 8.00051102594 7.95427947495 7.91995021310 7.89716997657 7.88582431271
# log_avg_fmort_dir:
-1.50004558130
# fmort_dir_dev:
 -0.628854034322 -0.600116033572 -0.489193200824 -0.336104731478 -0.0389807841052 0.0942439534777 0.214070496766 0.203381950151 0.260927759420 0.377679379602 0.442729140721 0.269977773066 0.311220439911 0.299854099766 0.386204720932 0.309533567154 0.132586670590 0.278843061744 0.251578223285 0.294670389027 0.227219995821 0.285314624872 0.145575870917 0.173129234391 0.134957147138 0.0253320094157 0.0298058462608 0.0960294401483 0.0737717538185 -0.0902928494408 -0.116212302093 -0.0910037079419 -0.0682631288127 0.0271855285321 0.00526285952104 -0.0557988828579 0.0208019609654 -0.0710821557271 -0.117802990591 -0.220471202345 -0.179955536840 -0.177215684255 -0.0968976061145 -0.0713761921357 -0.0836614334459 -0.0487736730346 0.0365219629881 -0.637940751487 -0.267602202816 0.0566333781805 0.0165706482182 0.0404586898418 0.00259802973881 -0.269307700418 0.0107174047887 -0.237532848423 0.0663366871860 -0.146008923701 -0.255408050777 -0.124545289220 -0.0813228015788
# mean_log_rec:
11.0717789320
# rec_dev:
 0.460784332953 0.378062555894 0.245338730501 0.131788934693 0.0936183601234 0.0809264454532 0.0877712479162 0.101741463402 0.0791815729898 0.0591892629627 0.0411669776784 -0.00348432368623 -0.0579820193155 -0.110708503310 -0.112398143728 -0.104513908212 -0.141691673104 -0.210048766756 -0.273487809010 -0.293123842050 -0.306156399982 -0.301870662584 -0.281912959162 -0.253786564296 -0.220634154689 -0.207544370945 -0.190387434181 -0.176659582337 -0.149478796808 -0.103355503990 0.0317170109270 0.0889440217202 -0.0146036207255 -0.0889232564112 -0.0920918129539 -0.0635831789908 -0.00846900789620 0.0458933760764 0.126953786409 0.182198147510 0.170800319894 0.108078966434 0.0661987549402 0.0750157918255 0.0739466875013 0.0561829830397 0.0769795797379 0.130568995194 0.178550907290 0.190532167472 0.149617220097 0.0875762638615 0.0332536161205 -0.00726636351665 -0.0289973597360 -0.0574888732763 -0.0518334107472 -0.00835752298770 0.0681947359093 0.110033177810 0.110033431051
# log_avg_NatM:
-1.58467257700
# m_dev:
 0.0778388433014 0.171911285239 0.489132111872 0.209697413727 -0.210503122442 -0.382326726888 -0.532101643455 -0.467100669117 -0.364637814950 -0.433572238739 -0.194446035055 -0.0564506923888 0.0101759342797 -0.169582531219 -0.436273672864 -0.211698698414 -0.0408471238678 0.114354364299 -0.0104475040020 -0.138531337976 -0.151908955349 -0.192918730398 -0.317158621559 -0.299567587650 -0.216010570232 -0.157777175038 -0.217210020759 -0.153709550447 -0.198059660487 -0.188623517229 -0.0631387794162 0.268019348972 0.571932953783 0.341803158003 0.167465606302 -0.0106714802941 -0.00827010892486 0.0183448671779 -0.140084690646 0.0112444447516 0.303738538734 0.462275612271 0.356656637471 0.0913317607188 0.229730367275 0.293403590632 0.0486886014951 -0.00629797830537 0.120574092217 0.143314361589 0.397164354677 0.397199293852 0.266216657267 0.332851736363 0.228347491085 0.288762552279 0.120389616015 -0.0261372190505 -0.144770008100 -0.194128173577 -0.197602956813
# log_avg_GrowthK:
-1.60943800000
# log_avg_Linf:
4.88280200000
# GrowthK_dev:
 0.00000000000 0.00000000000 0.00000000000 0.00000000000 0.00000000000 0.00000000000 0.00000000000 0.00000000000 0.00000000000 0.00000000000 0.00000000000 0.00000000000 0.00000000000 0.00000000000 0.00000000000 0.00000000000 0.00000000000 0.00000000000 0.00000000000 0.00000000000 0.00000000000 0.00000000000 0.00000000000 0.00000000000 0.00000000000 0.00000000000 0.00000000000 0.00000000000 0.00000000000 0.00000000000 0.00000000000 0.00000000000 0.00000000000 0.00000000000 0.00000000000 0.00000000000 0.00000000000 0.00000000000 0.00000000000 0.00000000000 0.00000000000 0.00000000000 0.00000000000 0.00000000000 0.00000000000 0.00000000000 0.00000000000 0.00000000000 0.00000000000 0.00000000000 0.00000000000 0.00000000000 0.00000000000 0.00000000000 0.00000000000 0.00000000000 0.00000000000 0.00000000000 0.00000000000 0.00000000000 0.00000000000
# Linf_dev:
 0.00000000000 0.00000000000 0.00000000000 0.00000000000 0.00000000000 0.00000000000 0.00000000000 0.00000000000 0.00000000000 0.00000000000 0.00000000000 0.00000000000 0.00000000000 0.00000000000 0.00000000000 0.00000000000 0.00000000000 0.00000000000 0.00000000000 0.00000000000 0.00000000000 0.00000000000 0.00000000000 0.00000000000 0.00000000000 0.00000000000 0.00000000000 0.00000000000 0.00000000000 0.00000000000 0.00000000000 0.00000000000 0.00000000000 0.00000000000 0.00000000000 0.00000000000 0.00000000000 0.00000000000 0.00000000000 0.00000000000 0.00000000000 0.00000000000 0.00000000000 0.00000000000 0.00000000000 0.00000000000 0.00000000000 0.00000000000 0.00000000000 0.00000000000 0.00000000000 0.00000000000 0.00000000000 0.00000000000 0.00000000000 0.00000000000 0.00000000000 0.00000000000 0.00000000000 0.00000000000 0.00000000000
# SelPars50:
2.02665154116
# SelPars95:
3.61986367059
# SelPars_dev50:
 0.00000000000 0.00000000000 0.00000000000 0.00000000000 0.00000000000 0.00000000000 0.00000000000 0.00000000000 0.00000000000 0.00000000000 0.00000000000 0.00000000000 0.00000000000 0.00000000000 0.00000000000 0.00000000000 0.00000000000 0.00000000000 0.00000000000 0.00000000000 0.00000000000 0.00000000000 0.00000000000 0.00000000000 0.00000000000 0.00000000000 0.00000000000 0.00000000000 0.00000000000 0.00000000000 0.00000000000 0.00000000000 0.00000000000 0.00000000000 0.00000000000 0.00000000000 0.00000000000 0.00000000000 0.00000000000 0.00000000000 0.00000000000 0.00000000000 0.00000000000 0.00000000000 0.00000000000 0.00000000000 0.00000000000 0.00000000000 0.00000000000 0.00000000000 0.00000000000 0.00000000000 0.00000000000 0.00000000000 0.00000000000 0.00000000000 0.00000000000 0.00000000000 0.00000000000 0.00000000000 0.00000000000
# SelPars_dev95:
 0.00000000000 0.00000000000 0.00000000000 0.00000000000 0.00000000000 0.00000000000 0.00000000000 0.00000000000 0.00000000000 0.00000000000 0.00000000000 0.00000000000 0.00000000000 0.00000000000 0.00000000000 0.00000000000 0.00000000000 0.00000000000 0.00000000000 0.00000000000 0.00000000000 0.00000000000 0.00000000000 0.00000000000 0.00000000000 0.00000000000 0.00000000000 0.00000000000 0.00000000000 0.00000000000 0.00000000000 0.00000000000 0.00000000000 0.00000000000 0.00000000000 0.00000000000 0.00000000000 0.00000000000 0.00000000000 0.00000000000 0.00000000000 0.00000000000 0.00000000000 0.00000000000 0.00000000000 0.00000000000 0.00000000000 0.00000000000 0.00000000000 0.00000000000 0.00000000000 0.00000000000 0.00000000000 0.00000000000 0.00000000000 0.00000000000 0.00000000000 0.00000000000 0.00000000000 0.00000000000 0.00000000000
