# Number of parameters = 133 Objective function value = 61066.2108235941  Maximum gradient component = 0.000309719542996858
# srv_sel50:
1.71544159752
# srv_sel95:
3.12431460919
# stNatLen:
 11.8258407746 11.6358900205 11.3713725285 11.1507314733 10.9657921131 10.7796346405 10.5704472183 10.3369028678 10.0892017657 9.83970451039 9.59820573928 9.37096602482 9.16132872994 8.97067898682 8.79925118452 8.64666468715 8.51224354667 8.39518790125 8.29475937459 8.21025822230 8.14111066338 8.08666788052 8.04637637178 8.01972383478 8.00647773868
# log_avg_fmort_dir:
-1.63168829786
# fmort_dir_dev:
 -2.02264782056 -2.02276507389 -1.38990196056 -1.08473084009 -0.800400576015 -0.656300064270 -0.322882102898 -0.351230059889 -0.112350406003 0.0475060633249 0.185586315543 0.246848490683 0.398537961334 0.374546342574 0.410581273677 0.469703382002 0.467964881527 0.445221188411 0.478840760245 0.327581150403 0.305904214666 0.340149685047 0.330949746400 0.270441173259 0.289820596756 0.235912037924 0.200380174893 0.185478609417 0.208178782426 0.112338883962 0.163312512064 0.178576225998 0.102871025261 0.139032288971 0.0981030387833 0.221300615614 0.0920685010433 0.149090407665 0.0732166131658 0.129868638419 0.115926269619 0.0610835358569 0.0467453948961 0.169679486466 0.132809408902 0.150248830762 0.159246882618 0.0736775514192 0.0590733568261 -0.0223284524542 0.137135057806
# mean_log_rec:
11.3704000435
# rec_dev:
 0.495009510866 0.472851526083 0.478343376511 0.484932029630 0.474219893230 0.459955432037 0.444755735015 0.434054024432 0.402071677372 0.351524532294 0.301191504715 0.259994146313 0.226814844056 0.200653733847 0.177290682884 0.128392607319 0.0616573165302 0.000307911284793 -0.0283592379658 -0.0555910333438 -0.0882770206259 -0.108144318028 -0.128102104993 -0.147587167229 -0.163133131550 -0.173053892453 -0.189299441039 -0.209310457167 -0.213558809470 -0.226644294175 -0.264222875954 -0.292437724955 -0.336865035460 -0.370325415979 -0.292600501196 -0.216404280027 -0.217421687138 -0.237104824480 -0.267845872819 -0.265840710036 -0.230160011090 -0.209732679953 -0.195041259498 -0.181781786946 -0.166868983757 -0.146686686051 -0.129407850246 -0.0685777337135 -0.00394818956982 -0.0148426824726 -0.0148427850388
# log_avg_NatM:
-1.47890400000
# m_dev:
 0.00000000000 0.00000000000 0.00000000000 0.00000000000 0.00000000000 0.00000000000 0.00000000000 0.00000000000 0.00000000000 0.00000000000 0.00000000000 0.00000000000 0.00000000000 0.00000000000 0.00000000000 0.00000000000 0.00000000000 0.00000000000 0.00000000000 0.00000000000 0.00000000000 0.00000000000 0.00000000000 0.00000000000 0.00000000000 0.00000000000 0.00000000000 0.00000000000 0.00000000000 0.00000000000 0.00000000000 0.00000000000 0.00000000000 0.00000000000 0.00000000000 0.00000000000 0.00000000000 0.00000000000 0.00000000000 0.00000000000 0.00000000000 0.00000000000 0.00000000000 0.00000000000 0.00000000000 0.00000000000 0.00000000000 0.00000000000 0.00000000000 0.00000000000 0.00000000000
# log_avg_GrowthK:
-1.60943800000
# log_avg_Linf:
4.88280200000
# GrowthK_dev:
 0.00000000000 0.00000000000 0.00000000000 0.00000000000 0.00000000000 0.00000000000 0.00000000000 0.00000000000 0.00000000000 0.00000000000 0.00000000000 0.00000000000 0.00000000000 0.00000000000 0.00000000000 0.00000000000 0.00000000000 0.00000000000 0.00000000000 0.00000000000 0.00000000000 0.00000000000 0.00000000000 0.00000000000 0.00000000000 0.00000000000 0.00000000000 0.00000000000 0.00000000000 0.00000000000 0.00000000000 0.00000000000 0.00000000000 0.00000000000 0.00000000000 0.00000000000 0.00000000000 0.00000000000 0.00000000000 0.00000000000 0.00000000000 0.00000000000 0.00000000000 0.00000000000 0.00000000000 0.00000000000 0.00000000000 0.00000000000 0.00000000000 0.00000000000 0.00000000000
# Linf_dev:
 0.00000000000 0.00000000000 0.00000000000 0.00000000000 0.00000000000 0.00000000000 0.00000000000 0.00000000000 0.00000000000 0.00000000000 0.00000000000 0.00000000000 0.00000000000 0.00000000000 0.00000000000 0.00000000000 0.00000000000 0.00000000000 0.00000000000 0.00000000000 0.00000000000 0.00000000000 0.00000000000 0.00000000000 0.00000000000 0.00000000000 0.00000000000 0.00000000000 0.00000000000 0.00000000000 0.00000000000 0.00000000000 0.00000000000 0.00000000000 0.00000000000 0.00000000000 0.00000000000 0.00000000000 0.00000000000 0.00000000000 0.00000000000 0.00000000000 0.00000000000 0.00000000000 0.00000000000 0.00000000000 0.00000000000 0.00000000000 0.00000000000 0.00000000000 0.00000000000
# SelPars50:
2.30940817893
# SelPars95:
4.22800229543
# SelPars_dev50:
 0.00000000000 0.00000000000 0.00000000000 0.00000000000 0.00000000000 0.00000000000 0.00000000000 0.00000000000 0.00000000000 0.00000000000 0.00000000000 0.00000000000 0.00000000000 0.00000000000 0.00000000000 0.00000000000 0.00000000000 0.00000000000 0.00000000000 0.00000000000 0.00000000000 0.00000000000 0.00000000000 0.00000000000 0.00000000000 0.00000000000 0.00000000000 0.00000000000 0.00000000000 0.00000000000 0.00000000000 0.00000000000 0.00000000000 0.00000000000 0.00000000000 0.00000000000 0.00000000000 0.00000000000 0.00000000000 0.00000000000 0.00000000000 0.00000000000 0.00000000000 0.00000000000 0.00000000000 0.00000000000 0.00000000000 0.00000000000 0.00000000000 0.00000000000 0.00000000000
# SelPars_dev95:
 0.00000000000 0.00000000000 0.00000000000 0.00000000000 0.00000000000 0.00000000000 0.00000000000 0.00000000000 0.00000000000 0.00000000000 0.00000000000 0.00000000000 0.00000000000 0.00000000000 0.00000000000 0.00000000000 0.00000000000 0.00000000000 0.00000000000 0.00000000000 0.00000000000 0.00000000000 0.00000000000 0.00000000000 0.00000000000 0.00000000000 0.00000000000 0.00000000000 0.00000000000 0.00000000000 0.00000000000 0.00000000000 0.00000000000 0.00000000000 0.00000000000 0.00000000000 0.00000000000 0.00000000000 0.00000000000 0.00000000000 0.00000000000 0.00000000000 0.00000000000 0.00000000000 0.00000000000 0.00000000000 0.00000000000 0.00000000000 0.00000000000 0.00000000000 0.00000000000
