# Number of parameters = 169 Objective function value = 82754.4  Maximum gradient component = 0.000232218
# srv_sel50:
1.62903252897
# srv_sel95:
2.85862131982
# stNatLen:
 11.8905010929 11.7121438478 11.4523495918 11.2298598435 11.0499172536 10.8764732041 10.6769624854 10.4399775046 10.1734685293 9.89360093817 9.61560062445 9.35015412964 9.10343807817 8.87836221160 8.67580589182 8.49550639148 8.33666910486 8.19831037436 8.07940753357 7.97902101336 7.89636674077 7.83089695811 7.78219865024 7.74998741171 7.73398913544
# log_avg_fmort_dir:
-1.60980233551
# fmort_dir_dev:
 -2.06614627131 -2.05369762313 -1.42110309237 -1.10918004836 -0.915841672002 -0.696564011095 -0.377534742403 -0.300418558863 -0.140376122687 -0.0131726935587 0.0913826412150 0.171810589598 0.206882346174 0.334840405199 0.414268792846 0.428970269935 0.351641273446 0.266510545904 0.307226955580 0.111495544483 0.269437116937 0.167526889022 0.212903246662 0.237907475455 0.162484369572 0.212688098200 0.0838491986658 0.148149209669 0.139757655925 0.156319856257 0.141749709147 0.142823084719 0.0668140246807 0.202910199110 0.210333270185 0.0991880416853 0.166439261246 0.109372156757 -0.00547672714732 0.0582732818213 0.108480588775 0.0696546767140 0.103289635137 0.119267524983 0.0938342284787 0.180378587493 0.0987821137949 0.105313989916 0.141593071246 0.0634903272518 -0.0532099206447 0.105928486069 0.196701710426 0.434231199177 0.264799552411 0.192751219382 0.123174741884 0.275565225943 0.298102794955 0.370137271528 -0.0100397292410 -0.0252164459669 -0.139102519649 -0.132151315905 0.0168901826539 0.0421401506789 0.179664224341 0.143581221251 0.0575232597508
# mean_log_rec:
11.3350523675
# rec_dev:
 0.611575784299 0.579179604522 0.561785155733 0.542560072294 0.528591753839 0.507985872887 0.484249306557 0.456030149954 0.423112484503 0.398597431704 0.361465876913 0.318855006672 0.277658216496 0.230021087608 0.166988636085 0.109087680745 0.0719955280273 0.0329932680533 0.00488086541316 -0.0237708232068 -0.0458093405545 -0.0675522395730 -0.102705089210 -0.124741474535 -0.138511838269 -0.143297168908 -0.145007476808 -0.156728390403 -0.172198703982 -0.178642542150 -0.187678570229 -0.219846714437 -0.278366757994 -0.305679629578 -0.223453199726 -0.146287005989 -0.143062424646 -0.164107142293 -0.174021239870 -0.174286265237 -0.161067532918 -0.135734081093 -0.131593723580 -0.134344182754 -0.140289279544 -0.141836227701 -0.143028509832 -0.135511061838 -0.134706614259 -0.141618440803 -0.144837509438 -0.133994112207 -0.129727230261 -0.152216690480 -0.184143547719 -0.191377657973 -0.181150190477 -0.163109802932 -0.152635208306 -0.146348575987 -0.146644585304 -0.138541321372 -0.111187154130 -0.0700869976738 -0.0265900129070 0.0134708030217 0.0443116311811 0.0313390376518 0.0313390349236
# log_avg_NatM:
-1.47890400000
# m_dev:
 0.00000000000 0.00000000000 0.00000000000 0.00000000000 0.00000000000 0.00000000000 0.00000000000 0.00000000000 0.00000000000 0.00000000000 0.00000000000 0.00000000000 0.00000000000 0.00000000000 0.00000000000 0.00000000000 0.00000000000 0.00000000000 0.00000000000 0.00000000000 0.00000000000 0.00000000000 0.00000000000 0.00000000000 0.00000000000 0.00000000000 0.00000000000 0.00000000000 0.00000000000 0.00000000000 0.00000000000 0.00000000000 0.00000000000 0.00000000000 0.00000000000 0.00000000000 0.00000000000 0.00000000000 0.00000000000 0.00000000000 0.00000000000 0.00000000000 0.00000000000 0.00000000000 0.00000000000 0.00000000000 0.00000000000 0.00000000000 0.00000000000 0.00000000000 0.00000000000 0.00000000000 0.00000000000 0.00000000000 0.00000000000 0.00000000000 0.00000000000 0.00000000000 0.00000000000 0.00000000000 0.00000000000 0.00000000000 0.00000000000 0.00000000000 0.00000000000 0.00000000000 0.00000000000 0.00000000000 0.00000000000
# log_avg_GrowthK:
-1.60943800000
# log_avg_Linf:
4.88280200000
# GrowthK_dev:
 0.00000000000 0.00000000000 0.00000000000 0.00000000000 0.00000000000 0.00000000000 0.00000000000 0.00000000000 0.00000000000 0.00000000000 0.00000000000 0.00000000000 0.00000000000 0.00000000000 0.00000000000 0.00000000000 0.00000000000 0.00000000000 0.00000000000 0.00000000000 0.00000000000 0.00000000000 0.00000000000 0.00000000000 0.00000000000 0.00000000000 0.00000000000 0.00000000000 0.00000000000 0.00000000000 0.00000000000 0.00000000000 0.00000000000 0.00000000000 0.00000000000 0.00000000000 0.00000000000 0.00000000000 0.00000000000 0.00000000000 0.00000000000 0.00000000000 0.00000000000 0.00000000000 0.00000000000 0.00000000000 0.00000000000 0.00000000000 0.00000000000 0.00000000000 0.00000000000 0.00000000000 0.00000000000 0.00000000000 0.00000000000 0.00000000000 0.00000000000 0.00000000000 0.00000000000 0.00000000000 0.00000000000 0.00000000000 0.00000000000 0.00000000000 0.00000000000 0.00000000000 0.00000000000 0.00000000000 0.00000000000
# Linf_dev:
 0.00000000000 0.00000000000 0.00000000000 0.00000000000 0.00000000000 0.00000000000 0.00000000000 0.00000000000 0.00000000000 0.00000000000 0.00000000000 0.00000000000 0.00000000000 0.00000000000 0.00000000000 0.00000000000 0.00000000000 0.00000000000 0.00000000000 0.00000000000 0.00000000000 0.00000000000 0.00000000000 0.00000000000 0.00000000000 0.00000000000 0.00000000000 0.00000000000 0.00000000000 0.00000000000 0.00000000000 0.00000000000 0.00000000000 0.00000000000 0.00000000000 0.00000000000 0.00000000000 0.00000000000 0.00000000000 0.00000000000 0.00000000000 0.00000000000 0.00000000000 0.00000000000 0.00000000000 0.00000000000 0.00000000000 0.00000000000 0.00000000000 0.00000000000 0.00000000000 0.00000000000 0.00000000000 0.00000000000 0.00000000000 0.00000000000 0.00000000000 0.00000000000 0.00000000000 0.00000000000 0.00000000000 0.00000000000 0.00000000000 0.00000000000 0.00000000000 0.00000000000 0.00000000000 0.00000000000 0.00000000000
# SelPars50:
2.24235402524
# SelPars95:
4.10424190439
# SelPars_dev50:
 0.00000000000 0.00000000000 0.00000000000 0.00000000000 0.00000000000 0.00000000000 0.00000000000 0.00000000000 0.00000000000 0.00000000000 0.00000000000 0.00000000000 0.00000000000 0.00000000000 0.00000000000 0.00000000000 0.00000000000 0.00000000000 0.00000000000 0.00000000000 0.00000000000 0.00000000000 0.00000000000 0.00000000000 0.00000000000 0.00000000000 0.00000000000 0.00000000000 0.00000000000 0.00000000000 0.00000000000 0.00000000000 0.00000000000 0.00000000000 0.00000000000 0.00000000000 0.00000000000 0.00000000000 0.00000000000 0.00000000000 0.00000000000 0.00000000000 0.00000000000 0.00000000000 0.00000000000 0.00000000000 0.00000000000 0.00000000000 0.00000000000 0.00000000000 0.00000000000 0.00000000000 0.00000000000 0.00000000000 0.00000000000 0.00000000000 0.00000000000 0.00000000000 0.00000000000 0.00000000000 0.00000000000 0.00000000000 0.00000000000 0.00000000000 0.00000000000 0.00000000000 0.00000000000 0.00000000000 0.00000000000
# SelPars_dev95:
 0.00000000000 0.00000000000 0.00000000000 0.00000000000 0.00000000000 0.00000000000 0.00000000000 0.00000000000 0.00000000000 0.00000000000 0.00000000000 0.00000000000 0.00000000000 0.00000000000 0.00000000000 0.00000000000 0.00000000000 0.00000000000 0.00000000000 0.00000000000 0.00000000000 0.00000000000 0.00000000000 0.00000000000 0.00000000000 0.00000000000 0.00000000000 0.00000000000 0.00000000000 0.00000000000 0.00000000000 0.00000000000 0.00000000000 0.00000000000 0.00000000000 0.00000000000 0.00000000000 0.00000000000 0.00000000000 0.00000000000 0.00000000000 0.00000000000 0.00000000000 0.00000000000 0.00000000000 0.00000000000 0.00000000000 0.00000000000 0.00000000000 0.00000000000 0.00000000000 0.00000000000 0.00000000000 0.00000000000 0.00000000000 0.00000000000 0.00000000000 0.00000000000 0.00000000000 0.00000000000 0.00000000000 0.00000000000 0.00000000000 0.00000000000 0.00000000000 0.00000000000 0.00000000000 0.00000000000 0.00000000000
