# Number of parameters = 131 Objective function value = 59806.6299002441  Maximum gradient component = 0.000697677737142506
# srv_sel50:
1.71117253582
# srv_sel95:
3.11407013855
# stNatLen:
 11.8913793245 11.6986669054 11.4238717440 11.1974930024 11.0183736428 10.8460883276 10.6486720242 10.4164423038 10.1576341261 9.88740365814 9.61971074897 9.36431342767 9.12687195396 8.91007411440 8.71474705840 8.54070268762 8.38723298530 8.25344911201 8.13842967909 8.04126959593 7.96122388670 7.89773037148 7.85040926005 7.81901532928 7.80339563902
# log_avg_fmort_dir:
-1.63178369673
# fmort_dir_dev:
 -2.08014230182 -2.05236046573 -1.49965465398 -1.06370291041 -0.833944127077 -0.572481996580 -0.297561801246 -0.222764342766 -0.147534879808 -0.0624076179742 0.103667788181 0.193682167359 0.348691306018 0.384086238789 0.389160216418 0.539003149380 0.408336209831 0.415895533025 0.336715155588 0.341771709008 0.311165802542 0.403610707746 0.363646065372 0.259718231664 0.295891720818 0.238346611133 0.160022346503 0.198810324010 0.279097276475 0.164374334824 0.0783399989368 0.267541896309 0.294880131915 0.153145361822 0.149644019098 0.124428899327 0.194323913808 0.208381337904 0.186541910347 0.0818340431685 0.0832049078210 0.0541503347876 0.0648563069064 0.117721945925 0.0924700643356 0.110333107856 0.155931549958 0.0557014031972 0.109095562926 0.114335506362
# mean_log_rec:
11.3707449981
# rec_dev:
 0.554275381300 0.520765366302 0.504300314824 0.487218901022 0.467008109390 0.449400646954 0.428405350484 0.406096150899 0.381747488753 0.354291531335 0.327621130401 0.288184817520 0.240259586974 0.183293205847 0.118655103738 0.0700916459546 0.0285995529834 -0.0105537387330 -0.0314777835637 -0.0600265537160 -0.100678530820 -0.128574106959 -0.149610088706 -0.157192140046 -0.149484868788 -0.159607353523 -0.155704143845 -0.165248797505 -0.188075194877 -0.196297761028 -0.224318169783 -0.268812201825 -0.326479416155 -0.357000046326 -0.281568542289 -0.223518017533 -0.247288930111 -0.248315133502 -0.244533187352 -0.238712058889 -0.221846422015 -0.219309813111 -0.208826899443 -0.196201633347 -0.175910154605 -0.155360585058 -0.111903691343 -0.0587921350328 -0.0744930877391 -0.0744930971143
# log_avg_NatM:
-1.47890400000
# m_dev:
 0.00000000000 0.00000000000 0.00000000000 0.00000000000 0.00000000000 0.00000000000 0.00000000000 0.00000000000 0.00000000000 0.00000000000 0.00000000000 0.00000000000 0.00000000000 0.00000000000 0.00000000000 0.00000000000 0.00000000000 0.00000000000 0.00000000000 0.00000000000 0.00000000000 0.00000000000 0.00000000000 0.00000000000 0.00000000000 0.00000000000 0.00000000000 0.00000000000 0.00000000000 0.00000000000 0.00000000000 0.00000000000 0.00000000000 0.00000000000 0.00000000000 0.00000000000 0.00000000000 0.00000000000 0.00000000000 0.00000000000 0.00000000000 0.00000000000 0.00000000000 0.00000000000 0.00000000000 0.00000000000 0.00000000000 0.00000000000 0.00000000000 0.00000000000
# log_avg_GrowthK:
-1.60943800000
# log_avg_Linf:
4.88280200000
# GrowthK_dev:
 0.00000000000 0.00000000000 0.00000000000 0.00000000000 0.00000000000 0.00000000000 0.00000000000 0.00000000000 0.00000000000 0.00000000000 0.00000000000 0.00000000000 0.00000000000 0.00000000000 0.00000000000 0.00000000000 0.00000000000 0.00000000000 0.00000000000 0.00000000000 0.00000000000 0.00000000000 0.00000000000 0.00000000000 0.00000000000 0.00000000000 0.00000000000 0.00000000000 0.00000000000 0.00000000000 0.00000000000 0.00000000000 0.00000000000 0.00000000000 0.00000000000 0.00000000000 0.00000000000 0.00000000000 0.00000000000 0.00000000000 0.00000000000 0.00000000000 0.00000000000 0.00000000000 0.00000000000 0.00000000000 0.00000000000 0.00000000000 0.00000000000 0.00000000000
# Linf_dev:
 0.00000000000 0.00000000000 0.00000000000 0.00000000000 0.00000000000 0.00000000000 0.00000000000 0.00000000000 0.00000000000 0.00000000000 0.00000000000 0.00000000000 0.00000000000 0.00000000000 0.00000000000 0.00000000000 0.00000000000 0.00000000000 0.00000000000 0.00000000000 0.00000000000 0.00000000000 0.00000000000 0.00000000000 0.00000000000 0.00000000000 0.00000000000 0.00000000000 0.00000000000 0.00000000000 0.00000000000 0.00000000000 0.00000000000 0.00000000000 0.00000000000 0.00000000000 0.00000000000 0.00000000000 0.00000000000 0.00000000000 0.00000000000 0.00000000000 0.00000000000 0.00000000000 0.00000000000 0.00000000000 0.00000000000 0.00000000000 0.00000000000 0.00000000000
# SelPars50:
2.30405960309
# SelPars95:
4.21604432907
# SelPars_dev50:
 0.00000000000 0.00000000000 0.00000000000 0.00000000000 0.00000000000 0.00000000000 0.00000000000 0.00000000000 0.00000000000 0.00000000000 0.00000000000 0.00000000000 0.00000000000 0.00000000000 0.00000000000 0.00000000000 0.00000000000 0.00000000000 0.00000000000 0.00000000000 0.00000000000 0.00000000000 0.00000000000 0.00000000000 0.00000000000 0.00000000000 0.00000000000 0.00000000000 0.00000000000 0.00000000000 0.00000000000 0.00000000000 0.00000000000 0.00000000000 0.00000000000 0.00000000000 0.00000000000 0.00000000000 0.00000000000 0.00000000000 0.00000000000 0.00000000000 0.00000000000 0.00000000000 0.00000000000 0.00000000000 0.00000000000 0.00000000000 0.00000000000 0.00000000000
# SelPars_dev95:
 0.00000000000 0.00000000000 0.00000000000 0.00000000000 0.00000000000 0.00000000000 0.00000000000 0.00000000000 0.00000000000 0.00000000000 0.00000000000 0.00000000000 0.00000000000 0.00000000000 0.00000000000 0.00000000000 0.00000000000 0.00000000000 0.00000000000 0.00000000000 0.00000000000 0.00000000000 0.00000000000 0.00000000000 0.00000000000 0.00000000000 0.00000000000 0.00000000000 0.00000000000 0.00000000000 0.00000000000 0.00000000000 0.00000000000 0.00000000000 0.00000000000 0.00000000000 0.00000000000 0.00000000000 0.00000000000 0.00000000000 0.00000000000 0.00000000000 0.00000000000 0.00000000000 0.00000000000 0.00000000000 0.00000000000 0.00000000000 0.00000000000 0.00000000000
