# Number of parameters = 161 Objective function value = 77962.0356160640  Maximum gradient component = 0.000253971755929957
# srv_sel50:
1.65415418198
# srv_sel95:
2.93792952905
# stNatLen:
 11.8219006665 11.6416858313 11.3887925762 11.1723643160 10.9876128022 10.8008596357 10.5908895099 10.3559189720 10.1058993702 9.85334646597 9.60838105046 9.37756956896 9.16447158087 8.97060132504 8.79625871196 8.64108755756 8.50441254042 8.38542141546 8.28335675400 8.19749721759 8.12724662559 8.07193904564 8.03100738404 8.00393190215 7.99047361692
# log_avg_fmort_dir:
-1.60277875848
# fmort_dir_dev:
 -2.06735834627 -2.06486343989 -1.43288621733 -1.12820165099 -0.844113713993 -0.699974487184 -0.366711818527 -0.394884117552 -0.156082988167 0.00362030677795 0.141380568058 0.202314291598 0.353322342913 0.328923544865 0.364594790063 0.423183473786 0.421182360266 0.398366946276 0.431774801342 0.280733648397 0.259345454274 0.293662132230 0.284404571568 0.224050614033 0.243424527433 0.189640690236 0.154290143199 0.139575315658 0.162336397787 0.0667508763961 0.117798238958 0.133127251893 0.0576569021991 0.0939919698657 0.0533978642005 0.176570515757 0.0477047304422 0.104747604217 0.0292515965053 0.0864905379859 0.0733649845151 0.0197343037286 0.00707477691262 0.132109984074 0.0986515013954 0.121113238145 0.137503261113 0.0625865188474 0.0631769265754 0.00288986248686 0.194264473723 0.197531249842 0.0589678601980 0.341773640238 0.225796296433 0.0871577748819 0.200674007994 0.208048834699 0.124084377522 0.229345588181 -0.246443843583 0.0663099392031 0.0774131968326 0.279771552070 0.124561464696
# mean_log_rec:
11.3255125594
# rec_dev:
 0.541707968035 0.518840097965 0.523678847334 0.530335680278 0.520418512871 0.505888908361 0.491002842617 0.479793928531 0.449190333920 0.398959657805 0.348932919326 0.307096564607 0.274711554841 0.248181442168 0.224895441919 0.177194557706 0.111362320970 0.0490198622277 0.0198016005916 -0.00594969042255 -0.0395480144496 -0.0590520399282 -0.0788606076625 -0.0980486425232 -0.114249770963 -0.123889039137 -0.139501410272 -0.159863516510 -0.164861162708 -0.177107218114 -0.215106573856 -0.243974275577 -0.288283350558 -0.321961595059 -0.245221464963 -0.168571546256 -0.170030797888 -0.189982937276 -0.221784828526 -0.224085683589 -0.191019064142 -0.174733471236 -0.167001681706 -0.162408995052 -0.161793526449 -0.161219395016 -0.171389640745 -0.159513006125 -0.138372843425 -0.141820924279 -0.167937191543 -0.176239548861 -0.171348047487 -0.169545102079 -0.168775237160 -0.161499873417 -0.156295107148 -0.137683253676 -0.119252770423 -0.108318128611 -0.0855273697673 -0.0308349405969 0.0162242549502 -0.00238700970240 -0.00238700213807
# log_avg_NatM:
-1.47890400000
# m_dev:
 0.00000000000 0.00000000000 0.00000000000 0.00000000000 0.00000000000 0.00000000000 0.00000000000 0.00000000000 0.00000000000 0.00000000000 0.00000000000 0.00000000000 0.00000000000 0.00000000000 0.00000000000 0.00000000000 0.00000000000 0.00000000000 0.00000000000 0.00000000000 0.00000000000 0.00000000000 0.00000000000 0.00000000000 0.00000000000 0.00000000000 0.00000000000 0.00000000000 0.00000000000 0.00000000000 0.00000000000 0.00000000000 0.00000000000 0.00000000000 0.00000000000 0.00000000000 0.00000000000 0.00000000000 0.00000000000 0.00000000000 0.00000000000 0.00000000000 0.00000000000 0.00000000000 0.00000000000 0.00000000000 0.00000000000 0.00000000000 0.00000000000 0.00000000000 0.00000000000 0.00000000000 0.00000000000 0.00000000000 0.00000000000 0.00000000000 0.00000000000 0.00000000000 0.00000000000 0.00000000000 0.00000000000 0.00000000000 0.00000000000 0.00000000000 0.00000000000
# log_avg_GrowthK:
-1.60943800000
# log_avg_Linf:
4.88280200000
# GrowthK_dev:
 0.00000000000 0.00000000000 0.00000000000 0.00000000000 0.00000000000 0.00000000000 0.00000000000 0.00000000000 0.00000000000 0.00000000000 0.00000000000 0.00000000000 0.00000000000 0.00000000000 0.00000000000 0.00000000000 0.00000000000 0.00000000000 0.00000000000 0.00000000000 0.00000000000 0.00000000000 0.00000000000 0.00000000000 0.00000000000 0.00000000000 0.00000000000 0.00000000000 0.00000000000 0.00000000000 0.00000000000 0.00000000000 0.00000000000 0.00000000000 0.00000000000 0.00000000000 0.00000000000 0.00000000000 0.00000000000 0.00000000000 0.00000000000 0.00000000000 0.00000000000 0.00000000000 0.00000000000 0.00000000000 0.00000000000 0.00000000000 0.00000000000 0.00000000000 0.00000000000 0.00000000000 0.00000000000 0.00000000000 0.00000000000 0.00000000000 0.00000000000 0.00000000000 0.00000000000 0.00000000000 0.00000000000 0.00000000000 0.00000000000 0.00000000000 0.00000000000
# Linf_dev:
 0.00000000000 0.00000000000 0.00000000000 0.00000000000 0.00000000000 0.00000000000 0.00000000000 0.00000000000 0.00000000000 0.00000000000 0.00000000000 0.00000000000 0.00000000000 0.00000000000 0.00000000000 0.00000000000 0.00000000000 0.00000000000 0.00000000000 0.00000000000 0.00000000000 0.00000000000 0.00000000000 0.00000000000 0.00000000000 0.00000000000 0.00000000000 0.00000000000 0.00000000000 0.00000000000 0.00000000000 0.00000000000 0.00000000000 0.00000000000 0.00000000000 0.00000000000 0.00000000000 0.00000000000 0.00000000000 0.00000000000 0.00000000000 0.00000000000 0.00000000000 0.00000000000 0.00000000000 0.00000000000 0.00000000000 0.00000000000 0.00000000000 0.00000000000 0.00000000000 0.00000000000 0.00000000000 0.00000000000 0.00000000000 0.00000000000 0.00000000000 0.00000000000 0.00000000000 0.00000000000 0.00000000000 0.00000000000 0.00000000000 0.00000000000 0.00000000000
# SelPars50:
2.25604968476
# SelPars95:
4.12524517533
# SelPars_dev50:
 0.00000000000 0.00000000000 0.00000000000 0.00000000000 0.00000000000 0.00000000000 0.00000000000 0.00000000000 0.00000000000 0.00000000000 0.00000000000 0.00000000000 0.00000000000 0.00000000000 0.00000000000 0.00000000000 0.00000000000 0.00000000000 0.00000000000 0.00000000000 0.00000000000 0.00000000000 0.00000000000 0.00000000000 0.00000000000 0.00000000000 0.00000000000 0.00000000000 0.00000000000 0.00000000000 0.00000000000 0.00000000000 0.00000000000 0.00000000000 0.00000000000 0.00000000000 0.00000000000 0.00000000000 0.00000000000 0.00000000000 0.00000000000 0.00000000000 0.00000000000 0.00000000000 0.00000000000 0.00000000000 0.00000000000 0.00000000000 0.00000000000 0.00000000000 0.00000000000 0.00000000000 0.00000000000 0.00000000000 0.00000000000 0.00000000000 0.00000000000 0.00000000000 0.00000000000 0.00000000000 0.00000000000 0.00000000000 0.00000000000 0.00000000000 0.00000000000
# SelPars_dev95:
 0.00000000000 0.00000000000 0.00000000000 0.00000000000 0.00000000000 0.00000000000 0.00000000000 0.00000000000 0.00000000000 0.00000000000 0.00000000000 0.00000000000 0.00000000000 0.00000000000 0.00000000000 0.00000000000 0.00000000000 0.00000000000 0.00000000000 0.00000000000 0.00000000000 0.00000000000 0.00000000000 0.00000000000 0.00000000000 0.00000000000 0.00000000000 0.00000000000 0.00000000000 0.00000000000 0.00000000000 0.00000000000 0.00000000000 0.00000000000 0.00000000000 0.00000000000 0.00000000000 0.00000000000 0.00000000000 0.00000000000 0.00000000000 0.00000000000 0.00000000000 0.00000000000 0.00000000000 0.00000000000 0.00000000000 0.00000000000 0.00000000000 0.00000000000 0.00000000000 0.00000000000 0.00000000000 0.00000000000 0.00000000000 0.00000000000 0.00000000000 0.00000000000 0.00000000000 0.00000000000 0.00000000000 0.00000000000 0.00000000000 0.00000000000 0.00000000000
