# Number of parameters = 159 Objective function value = 76757.6  Maximum gradient component = 0.000761572
# srv_sel50:
1.66172999459
# srv_sel95:
2.95618062683
# stNatLen:
 11.8822136355 11.7012245622 11.4345028465 11.2095829560 11.0307738532 10.8597037021 10.6627111839 10.4280225798 10.1634654805 9.88518659023 9.60843886375 9.34397294122 9.09803261399 8.87359183448 8.67156431151 8.49172780126 8.33330980170 8.19534072672 8.07686950556 7.97697206013 7.89483829468 7.82984829534 7.78144466425 7.74929866297 7.73326157119
# log_avg_fmort_dir:
-1.60335903636
# fmort_dir_dev:
 -2.08032547144 -2.01163270002 -1.47526045541 -1.06660129884 -0.946353913255 -0.591658115615 -0.391772767537 -0.269921525788 -0.105743025624 -0.000869742060111 0.126306441611 0.207645721226 0.230591318712 0.358749925296 0.497825055270 0.479779088988 0.373702503450 0.489624123705 0.362927221369 0.415101939191 0.350290874705 0.236593138958 0.285611939873 0.249948305133 0.247257975104 0.125247888483 0.166240645800 0.190193154299 0.0884863318481 0.161803894257 0.127908378011 0.0927469750567 0.138249636364 0.0625625793526 0.109552773767 0.175407045789 0.118417585548 0.187415675945 0.0788323896355 0.106072947359 0.0616618107393 0.104647884934 0.137168020499 0.0927505722332 -0.0241763491820 0.0560975433940 -0.00397257811692 0.0389457670624 0.0445000911030 0.00335024949515 0.459261900680 0.561705904729 0.356429988600 0.173993057019 -0.0612222674853 -0.114065129857 -0.119565933852 -0.122844505151 0.0535068578223 -0.0763135239613 -0.0336886820079 0.125219872984 0.176008363235 0.209646626559
# mean_log_rec:
11.3413369437
# rec_dev:
 0.584836780773 0.558941503595 0.560601048410 0.556710715196 0.547704641622 0.535620740817 0.507563446475 0.479733026949 0.461323378707 0.439662208178 0.411414753144 0.372453281385 0.319642146395 0.253994504265 0.188884952918 0.124460283671 0.0788145074513 0.0349707602431 0.0135984389790 -0.00577825148190 -0.0404911452743 -0.0596973394189 -0.0713391571292 -0.0883868848214 -0.105364794067 -0.130282673040 -0.171526621580 -0.188967425283 -0.204808308929 -0.237758619967 -0.266450488979 -0.318206896340 -0.366556704431 -0.369556769577 -0.289931694144 -0.212041103883 -0.221703534864 -0.221781688108 -0.196507929580 -0.197170714884 -0.201208575417 -0.204034839275 -0.218429028296 -0.230042847033 -0.219703471515 -0.218028396728 -0.243900624911 -0.242087188076 -0.231414167342 -0.222989822860 -0.210182964589 -0.220102258961 -0.234452522493 -0.226018905731 -0.186185959081 -0.137303673191 -0.0874077293221 -0.0495638761451 -0.0208350684656 0.0209232780569 0.0845518747768 0.147754815054 0.142019790750 0.142019787402
# log_avg_NatM:
-1.47890400000
# m_dev:
 0.00000000000 0.00000000000 0.00000000000 0.00000000000 0.00000000000 0.00000000000 0.00000000000 0.00000000000 0.00000000000 0.00000000000 0.00000000000 0.00000000000 0.00000000000 0.00000000000 0.00000000000 0.00000000000 0.00000000000 0.00000000000 0.00000000000 0.00000000000 0.00000000000 0.00000000000 0.00000000000 0.00000000000 0.00000000000 0.00000000000 0.00000000000 0.00000000000 0.00000000000 0.00000000000 0.00000000000 0.00000000000 0.00000000000 0.00000000000 0.00000000000 0.00000000000 0.00000000000 0.00000000000 0.00000000000 0.00000000000 0.00000000000 0.00000000000 0.00000000000 0.00000000000 0.00000000000 0.00000000000 0.00000000000 0.00000000000 0.00000000000 0.00000000000 0.00000000000 0.00000000000 0.00000000000 0.00000000000 0.00000000000 0.00000000000 0.00000000000 0.00000000000 0.00000000000 0.00000000000 0.00000000000 0.00000000000 0.00000000000 0.00000000000
# log_avg_GrowthK:
-1.60943800000
# log_avg_Linf:
4.88280200000
# GrowthK_dev:
 0.00000000000 0.00000000000 0.00000000000 0.00000000000 0.00000000000 0.00000000000 0.00000000000 0.00000000000 0.00000000000 0.00000000000 0.00000000000 0.00000000000 0.00000000000 0.00000000000 0.00000000000 0.00000000000 0.00000000000 0.00000000000 0.00000000000 0.00000000000 0.00000000000 0.00000000000 0.00000000000 0.00000000000 0.00000000000 0.00000000000 0.00000000000 0.00000000000 0.00000000000 0.00000000000 0.00000000000 0.00000000000 0.00000000000 0.00000000000 0.00000000000 0.00000000000 0.00000000000 0.00000000000 0.00000000000 0.00000000000 0.00000000000 0.00000000000 0.00000000000 0.00000000000 0.00000000000 0.00000000000 0.00000000000 0.00000000000 0.00000000000 0.00000000000 0.00000000000 0.00000000000 0.00000000000 0.00000000000 0.00000000000 0.00000000000 0.00000000000 0.00000000000 0.00000000000 0.00000000000 0.00000000000 0.00000000000 0.00000000000 0.00000000000
# Linf_dev:
 0.00000000000 0.00000000000 0.00000000000 0.00000000000 0.00000000000 0.00000000000 0.00000000000 0.00000000000 0.00000000000 0.00000000000 0.00000000000 0.00000000000 0.00000000000 0.00000000000 0.00000000000 0.00000000000 0.00000000000 0.00000000000 0.00000000000 0.00000000000 0.00000000000 0.00000000000 0.00000000000 0.00000000000 0.00000000000 0.00000000000 0.00000000000 0.00000000000 0.00000000000 0.00000000000 0.00000000000 0.00000000000 0.00000000000 0.00000000000 0.00000000000 0.00000000000 0.00000000000 0.00000000000 0.00000000000 0.00000000000 0.00000000000 0.00000000000 0.00000000000 0.00000000000 0.00000000000 0.00000000000 0.00000000000 0.00000000000 0.00000000000 0.00000000000 0.00000000000 0.00000000000 0.00000000000 0.00000000000 0.00000000000 0.00000000000 0.00000000000 0.00000000000 0.00000000000 0.00000000000 0.00000000000 0.00000000000 0.00000000000 0.00000000000
# SelPars50:
2.27972193665
# SelPars95:
4.18482225141
# SelPars_dev50:
 0.00000000000 0.00000000000 0.00000000000 0.00000000000 0.00000000000 0.00000000000 0.00000000000 0.00000000000 0.00000000000 0.00000000000 0.00000000000 0.00000000000 0.00000000000 0.00000000000 0.00000000000 0.00000000000 0.00000000000 0.00000000000 0.00000000000 0.00000000000 0.00000000000 0.00000000000 0.00000000000 0.00000000000 0.00000000000 0.00000000000 0.00000000000 0.00000000000 0.00000000000 0.00000000000 0.00000000000 0.00000000000 0.00000000000 0.00000000000 0.00000000000 0.00000000000 0.00000000000 0.00000000000 0.00000000000 0.00000000000 0.00000000000 0.00000000000 0.00000000000 0.00000000000 0.00000000000 0.00000000000 0.00000000000 0.00000000000 0.00000000000 0.00000000000 0.00000000000 0.00000000000 0.00000000000 0.00000000000 0.00000000000 0.00000000000 0.00000000000 0.00000000000 0.00000000000 0.00000000000 0.00000000000 0.00000000000 0.00000000000 0.00000000000
# SelPars_dev95:
 0.00000000000 0.00000000000 0.00000000000 0.00000000000 0.00000000000 0.00000000000 0.00000000000 0.00000000000 0.00000000000 0.00000000000 0.00000000000 0.00000000000 0.00000000000 0.00000000000 0.00000000000 0.00000000000 0.00000000000 0.00000000000 0.00000000000 0.00000000000 0.00000000000 0.00000000000 0.00000000000 0.00000000000 0.00000000000 0.00000000000 0.00000000000 0.00000000000 0.00000000000 0.00000000000 0.00000000000 0.00000000000 0.00000000000 0.00000000000 0.00000000000 0.00000000000 0.00000000000 0.00000000000 0.00000000000 0.00000000000 0.00000000000 0.00000000000 0.00000000000 0.00000000000 0.00000000000 0.00000000000 0.00000000000 0.00000000000 0.00000000000 0.00000000000 0.00000000000 0.00000000000 0.00000000000 0.00000000000 0.00000000000 0.00000000000 0.00000000000 0.00000000000 0.00000000000 0.00000000000 0.00000000000 0.00000000000 0.00000000000 0.00000000000
