# Number of parameters = 137 Objective function value = 63545.3  Maximum gradient component = 0.000934316
# srv_sel50:
1.47589058195
# srv_sel95:
2.43024726716
# stNatLen:
 11.4529819397 11.3082571973 11.1131049990 10.9286101491 10.7399527401 10.5265405629 10.2894174332 10.0431031466 9.80233074779 9.57658001215 9.37032167251 9.18479039251 9.01951632542 8.87328126572 8.74463927355 8.63220181262 8.53465950723 8.45089252256 8.37987165090 8.32065207867 8.27240753350 8.23451202060 8.20652336758 8.18800309132 8.17887712887
# log_avg_fmort_dir:
-1.68292530831
# fmort_dir_dev:
 -1.83995966286 -1.89241244083 -1.38442022213 -0.944857868347 -0.638351858098 -0.415867443251 -0.318441389575 -0.212313077342 -0.0529091949793 0.185430686281 0.177137056439 0.240601385760 0.297819341391 0.424931322794 0.470659734619 0.520622100853 0.474465801552 0.392251544462 0.411427718049 0.395297902592 0.333583336950 0.353926840339 0.284046173946 0.343971416159 0.338311981187 0.256312345892 0.217765850962 0.249642054506 0.207240844478 0.162003091826 0.128850222579 0.143688003682 0.0768410137284 0.110356851188 0.115019297082 0.0389064092379 0.0876686785625 0.0787436347605 0.0309376205503 -0.0468021232967 0.114283013557 0.107206241248 0.131843465619 0.00517184039584 -0.0102016676648 0.0845979697937 0.166204169531 0.0781406998402 -0.0398049099572 0.127782920842 0.0230185574363 -0.340144728859 -0.250222553477
# mean_log_rec:
11.1202460952
# rec_dev:
 0.394276567234 0.372329800266 0.372346889418 0.367448527625 0.366051088236 0.366045651815 0.362538304555 0.342495193063 0.312093491983 0.282018545714 0.254374840527 0.236266006042 0.210746396984 0.175875959930 0.123985336411 0.0774326288800 0.0253264788518 -0.0136301609239 -0.0502825974814 -0.0796949942115 -0.108230415719 -0.144125646513 -0.172350754863 -0.197946950893 -0.205063337286 -0.202345400120 -0.203699168433 -0.201733955531 -0.205400464080 -0.199191848910 -0.199358983708 -0.191923639668 -0.181805255064 -0.179483054639 -0.151172032471 -0.124429284246 -0.0970221194169 -0.0788653695466 -0.0848436124216 -0.0876858451607 -0.0853735421418 -0.0773965374526 -0.0767906944073 -0.0782268099291 -0.0761935038072 -0.103279276629 -0.123608152995 -0.114261067030 -0.109904549064 -0.108683992856 -0.110866741973 -0.108390993216 -0.108390954727
# log_avg_NatM:
-1.63612700000
# m_dev:
 0.00000000000 0.00000000000 0.00000000000 0.00000000000 0.00000000000 0.00000000000 0.00000000000 0.00000000000 0.00000000000 0.00000000000 0.00000000000 0.00000000000 0.00000000000 0.00000000000 0.00000000000 0.00000000000 0.00000000000 0.00000000000 0.00000000000 0.00000000000 0.00000000000 0.00000000000 0.00000000000 0.00000000000 0.00000000000 0.00000000000 0.00000000000 0.00000000000 0.00000000000 0.00000000000 0.00000000000 0.00000000000 0.00000000000 0.00000000000 0.00000000000 0.00000000000 0.00000000000 0.00000000000 0.00000000000 0.00000000000 0.00000000000 0.00000000000 0.00000000000 0.00000000000 0.00000000000 0.00000000000 0.00000000000 0.00000000000 0.00000000000 0.00000000000 0.00000000000 0.00000000000 0.00000000000
# log_avg_GrowthK:
-1.64589000000
# log_avg_Linf:
4.79910000000
# GrowthK_dev:
 0.00000000000 0.00000000000 0.00000000000 0.00000000000 0.00000000000 0.00000000000 0.00000000000 0.00000000000 0.00000000000 0.00000000000 0.00000000000 0.00000000000 0.00000000000 0.00000000000 0.00000000000 0.00000000000 0.00000000000 0.00000000000 0.00000000000 0.00000000000 0.00000000000 0.00000000000 0.00000000000 0.00000000000 0.00000000000 0.00000000000 0.00000000000 0.00000000000 0.00000000000 0.00000000000 0.00000000000 0.00000000000 0.00000000000 0.00000000000 0.00000000000 0.00000000000 0.00000000000 0.00000000000 0.00000000000 0.00000000000 0.00000000000 0.00000000000 0.00000000000 0.00000000000 0.00000000000 0.00000000000 0.00000000000 0.00000000000 0.00000000000 0.00000000000 0.00000000000 0.00000000000 0.00000000000
# Linf_dev:
 0.00000000000 0.00000000000 0.00000000000 0.00000000000 0.00000000000 0.00000000000 0.00000000000 0.00000000000 0.00000000000 0.00000000000 0.00000000000 0.00000000000 0.00000000000 0.00000000000 0.00000000000 0.00000000000 0.00000000000 0.00000000000 0.00000000000 0.00000000000 0.00000000000 0.00000000000 0.00000000000 0.00000000000 0.00000000000 0.00000000000 0.00000000000 0.00000000000 0.00000000000 0.00000000000 0.00000000000 0.00000000000 0.00000000000 0.00000000000 0.00000000000 0.00000000000 0.00000000000 0.00000000000 0.00000000000 0.00000000000 0.00000000000 0.00000000000 0.00000000000 0.00000000000 0.00000000000 0.00000000000 0.00000000000 0.00000000000 0.00000000000 0.00000000000 0.00000000000 0.00000000000 0.00000000000
# SelPars50:
2.01144981785
# SelPars95:
3.55855420003
# SelPars_dev50:
 0.00000000000 0.00000000000 0.00000000000 0.00000000000 0.00000000000 0.00000000000 0.00000000000 0.00000000000 0.00000000000 0.00000000000 0.00000000000 0.00000000000 0.00000000000 0.00000000000 0.00000000000 0.00000000000 0.00000000000 0.00000000000 0.00000000000 0.00000000000 0.00000000000 0.00000000000 0.00000000000 0.00000000000 0.00000000000 0.00000000000 0.00000000000 0.00000000000 0.00000000000 0.00000000000 0.00000000000 0.00000000000 0.00000000000 0.00000000000 0.00000000000 0.00000000000 0.00000000000 0.00000000000 0.00000000000 0.00000000000 0.00000000000 0.00000000000 0.00000000000 0.00000000000 0.00000000000 0.00000000000 0.00000000000 0.00000000000 0.00000000000 0.00000000000 0.00000000000 0.00000000000 0.00000000000
# SelPars_dev95:
 0.00000000000 0.00000000000 0.00000000000 0.00000000000 0.00000000000 0.00000000000 0.00000000000 0.00000000000 0.00000000000 0.00000000000 0.00000000000 0.00000000000 0.00000000000 0.00000000000 0.00000000000 0.00000000000 0.00000000000 0.00000000000 0.00000000000 0.00000000000 0.00000000000 0.00000000000 0.00000000000 0.00000000000 0.00000000000 0.00000000000 0.00000000000 0.00000000000 0.00000000000 0.00000000000 0.00000000000 0.00000000000 0.00000000000 0.00000000000 0.00000000000 0.00000000000 0.00000000000 0.00000000000 0.00000000000 0.00000000000 0.00000000000 0.00000000000 0.00000000000 0.00000000000 0.00000000000 0.00000000000 0.00000000000 0.00000000000 0.00000000000 0.00000000000 0.00000000000 0.00000000000 0.00000000000
