# Number of parameters = 236 Objective function value = 81519.5  Maximum gradient component = 0.000734426
# srv_sel50:
1.45863617937
# srv_sel95:
2.39069304945
# stNatLen:
 11.6866059036 11.5353999186 11.3311809057 11.1401399030 10.9538220657 10.7507207316 10.5248103498 10.2842945378 10.0415610014 9.80676918114 9.58625054521 9.38318643184 9.19869801544 9.03272947138 8.88463311057 8.75350333598 8.63836836661 8.53830865951 8.45249458334 8.38021360358 8.32087170510 8.27396059917 8.23916106306 8.21615527075 8.20471300974
# log_avg_fmort_dir:
-1.60038050339
# fmort_dir_dev:
 -1.95060630411 -1.95205966646 -1.28672771511 -1.03800473102 -0.768207004951 -0.532413311060 -0.381301187120 -0.118514412176 0.0126308671666 0.118162272639 0.210022633944 0.307978883708 0.362882682814 0.359127655737 0.473091438388 0.569865651803 0.574396104119 0.524384923823 0.510829930895 0.540980871359 0.504858566758 0.471808962968 0.489522917800 0.331170792579 0.404970054605 0.295809391720 0.348360463490 0.216082510756 0.312770267941 0.153506835075 0.125007797422 0.0695669336265 0.0955745354527 0.103323518884 -0.00383730443474 0.0358240561566 -0.0223117576397 0.00504582541702 -0.0602855039393 -0.0761679130843 -0.0273852759664 0.00983194704998 0.0404839394892 0.0272759220046 0.0758820920579 -0.0825241170669 0.00923451488176 0.0693232433244 0.0596395033581 0.126468928667 -0.0466240615642 -0.220292163320 0.308841554989 -0.145103954901 -0.0894003686684 0.00980341077426 0.202794783363 0.235713740764 -0.447758108598 -0.153583954335 0.206464426621 0.0901510497188 0.0409027122245 -1.00053005736 -0.0592060846204 0.0810377818970 0.142542505271 0.198895554007
# mean_log_rec:
11.0996700856
# rec_dev:
 0.528294001262 0.438324175318 0.382978604866 0.374009620231 0.360409658690 0.333892459259 0.292110468130 0.230969276599 0.165631488399 0.104420558308 0.0562431779580 0.0419592619539 0.0347060603597 0.00593348658518 -0.0633637277026 -0.146960796101 -0.204061633870 -0.237378125121 -0.256174918500 -0.273296043624 -0.286544721782 -0.280231900443 -0.262369405855 -0.265909435378 -0.269714121028 -0.269826600727 -0.270275847468 -0.278221807044 -0.250445398667 -0.210976201760 -0.213297207958 -0.218842685603 -0.221916508785 -0.169103947317 -0.0132730179006 0.111844069872 0.130381871591 0.116830667578 0.104268389310 0.0884376759970 0.0404791878682 -0.00328591183546 -0.0150756355205 0.0153790251975 0.0709339411571 0.120705529870 0.0998054969982 0.0186932976141 -0.0178040498818 -0.0105829851163 0.0173038077335 0.0168198471875 0.0255378296540 0.0427548694645 0.0576178350651 0.0476530615572 0.0219501519938 0.0201391041010 0.0372491789673 0.0389498981425 0.00422548769734 -0.0520943787972 -0.0435618374510 0.00465728146551 0.0594702920628 0.0648175480184 0.0389005858799 0.0389006212744
# log_avg_NatM:
-1.56715410562
# m_dev:
 0.340417490003 0.371963611930 0.175339762270 -0.0582721868172 0.00977340215308 -0.0322831176902 -0.00432823371390 0.0321503029098 0.0415716729982 0.0131110279865 -0.154227310809 -0.305695555885 -0.348841736872 -0.313736944256 -0.198449473209 -0.0699912646056 -0.253728428214 -0.421923014758 -0.445263267458 -0.359777260710 -0.477539395469 -0.539178191603 -0.400353803874 -0.249841905822 -0.293242058788 -0.231781757009 -0.107379121092 -0.158678071890 -0.364745945599 -0.264313864753 0.0248062453750 -0.0300750747397 -0.0608134072961 -0.252503304936 -0.153897701557 -0.00458699302929 0.169109351562 0.244582613840 0.244082494215 0.284638500536 0.396116475600 0.350782967578 0.243176165633 0.0554655809702 -0.0713497239702 -0.0150600894159 0.221734690274 0.495864441571 0.240187657094 0.118487634643 0.0124050276939 0.236309656719 0.0979971361278 0.0998137997913 0.0848736189038 0.167194730043 0.299662877068 0.0609167792201 0.00747607792288 0.255115138526 0.324160862255 0.344893378388 -0.0233329219340 0.0387184290891 0.0188351120276 0.0556454469539 0.247622592715 0.240188375188
# log_avg_GrowthK:
-1.60943800000
# log_avg_Linf:
4.88280200000
# GrowthK_dev:
 0.00000000000 0.00000000000 0.00000000000 0.00000000000 0.00000000000 0.00000000000 0.00000000000 0.00000000000 0.00000000000 0.00000000000 0.00000000000 0.00000000000 0.00000000000 0.00000000000 0.00000000000 0.00000000000 0.00000000000 0.00000000000 0.00000000000 0.00000000000 0.00000000000 0.00000000000 0.00000000000 0.00000000000 0.00000000000 0.00000000000 0.00000000000 0.00000000000 0.00000000000 0.00000000000 0.00000000000 0.00000000000 0.00000000000 0.00000000000 0.00000000000 0.00000000000 0.00000000000 0.00000000000 0.00000000000 0.00000000000 0.00000000000 0.00000000000 0.00000000000 0.00000000000 0.00000000000 0.00000000000 0.00000000000 0.00000000000 0.00000000000 0.00000000000 0.00000000000 0.00000000000 0.00000000000 0.00000000000 0.00000000000 0.00000000000 0.00000000000 0.00000000000 0.00000000000 0.00000000000 0.00000000000 0.00000000000 0.00000000000 0.00000000000 0.00000000000 0.00000000000 0.00000000000 0.00000000000
# Linf_dev:
 0.00000000000 0.00000000000 0.00000000000 0.00000000000 0.00000000000 0.00000000000 0.00000000000 0.00000000000 0.00000000000 0.00000000000 0.00000000000 0.00000000000 0.00000000000 0.00000000000 0.00000000000 0.00000000000 0.00000000000 0.00000000000 0.00000000000 0.00000000000 0.00000000000 0.00000000000 0.00000000000 0.00000000000 0.00000000000 0.00000000000 0.00000000000 0.00000000000 0.00000000000 0.00000000000 0.00000000000 0.00000000000 0.00000000000 0.00000000000 0.00000000000 0.00000000000 0.00000000000 0.00000000000 0.00000000000 0.00000000000 0.00000000000 0.00000000000 0.00000000000 0.00000000000 0.00000000000 0.00000000000 0.00000000000 0.00000000000 0.00000000000 0.00000000000 0.00000000000 0.00000000000 0.00000000000 0.00000000000 0.00000000000 0.00000000000 0.00000000000 0.00000000000 0.00000000000 0.00000000000 0.00000000000 0.00000000000 0.00000000000 0.00000000000 0.00000000000 0.00000000000 0.00000000000 0.00000000000
# SelPars50:
2.04063626173
# SelPars95:
3.66570855930
# SelPars_dev50:
 0.00000000000 0.00000000000 0.00000000000 0.00000000000 0.00000000000 0.00000000000 0.00000000000 0.00000000000 0.00000000000 0.00000000000 0.00000000000 0.00000000000 0.00000000000 0.00000000000 0.00000000000 0.00000000000 0.00000000000 0.00000000000 0.00000000000 0.00000000000 0.00000000000 0.00000000000 0.00000000000 0.00000000000 0.00000000000 0.00000000000 0.00000000000 0.00000000000 0.00000000000 0.00000000000 0.00000000000 0.00000000000 0.00000000000 0.00000000000 0.00000000000 0.00000000000 0.00000000000 0.00000000000 0.00000000000 0.00000000000 0.00000000000 0.00000000000 0.00000000000 0.00000000000 0.00000000000 0.00000000000 0.00000000000 0.00000000000 0.00000000000 0.00000000000 0.00000000000 0.00000000000 0.00000000000 0.00000000000 0.00000000000 0.00000000000 0.00000000000 0.00000000000 0.00000000000 0.00000000000 0.00000000000 0.00000000000 0.00000000000 0.00000000000 0.00000000000 0.00000000000 0.00000000000 0.00000000000
# SelPars_dev95:
 0.00000000000 0.00000000000 0.00000000000 0.00000000000 0.00000000000 0.00000000000 0.00000000000 0.00000000000 0.00000000000 0.00000000000 0.00000000000 0.00000000000 0.00000000000 0.00000000000 0.00000000000 0.00000000000 0.00000000000 0.00000000000 0.00000000000 0.00000000000 0.00000000000 0.00000000000 0.00000000000 0.00000000000 0.00000000000 0.00000000000 0.00000000000 0.00000000000 0.00000000000 0.00000000000 0.00000000000 0.00000000000 0.00000000000 0.00000000000 0.00000000000 0.00000000000 0.00000000000 0.00000000000 0.00000000000 0.00000000000 0.00000000000 0.00000000000 0.00000000000 0.00000000000 0.00000000000 0.00000000000 0.00000000000 0.00000000000 0.00000000000 0.00000000000 0.00000000000 0.00000000000 0.00000000000 0.00000000000 0.00000000000 0.00000000000 0.00000000000 0.00000000000 0.00000000000 0.00000000000 0.00000000000 0.00000000000 0.00000000000 0.00000000000 0.00000000000 0.00000000000 0.00000000000 0.00000000000
