# Number of parameters = 145 Objective function value = 68352.9  Maximum gradient component = 0.000759152
# srv_sel50:
1.54421113336
# srv_sel95:
2.63119724098
# stNatLen:
 11.4550619751 11.2733282673 11.0182856819 10.7817448299 10.5630777511 10.3412870268 10.1053622401 9.85755221471 9.60660914953 9.36156918998 9.12904771746 8.91295319970 8.71513095049 8.53608739769 8.37556530036 8.23291943667 8.10732459644 7.99793581081 7.90395301182 7.82467835319 7.75946893117 7.70773882254 7.66903800326 7.64325357379 7.63039257875
# log_avg_fmort_dir:
-1.55626539090
# fmort_dir_dev:
 -0.661684700086 -0.553219079014 -0.442419167683 -0.264174599811 -0.122185986794 -0.0706827840047 0.111216198117 0.258511766041 0.319816892620 0.322347586643 0.325584226964 0.364797819843 0.365771410972 0.398553378156 0.352401780212 0.369822433014 0.307407545079 0.256315890302 0.302275205795 0.229127487371 0.282500092382 0.181623634638 0.104796213501 0.179787107021 0.158966050922 0.167210858382 0.116133193066 0.0655862757714 0.0669067792888 0.0403331171699 0.0708453587425 -0.0229875211340 0.0644461009647 -0.0425559806979 0.00936037661853 -0.0197816051675 0.0532294433717 -0.0159759425077 0.0455438917557 -0.0438575337708 -0.118549289308 -0.0466839115140 0.0192806302553 0.0187937601691 0.000462378516375 -0.0203710545716 -0.438393492075 -0.293633129876 -0.446503706994 -0.379218506818 -0.265021061868 -0.389922433797 -0.276093259586 -0.289592659995 -0.191320081329 -0.177244782325 -0.337682612937
# mean_log_rec:
11.1273807969
# rec_dev:
 0.352959611789 0.320641512408 0.321353708776 0.321708294719 0.311827220539 0.285852548903 0.246393866036 0.204424105283 0.177855007723 0.135292221487 0.0861471405439 0.0433624617430 -0.00669741749281 -0.0334347948630 -0.0666399177006 -0.102708343464 -0.119873965645 -0.128294797286 -0.144918597981 -0.181784052186 -0.183746349902 -0.174833910251 -0.176239716323 -0.169752313500 -0.175652589072 -0.167485310854 -0.148838229962 -0.141051508154 -0.142601791877 -0.160433166175 -0.166555157367 -0.157123792533 -0.132219206786 -0.117368227435 -0.123780865058 -0.122716635670 -0.123482473732 -0.115549927359 -0.0876794915685 -0.0673688355942 -0.0737471127558 -0.0864804338311 -0.0850559160590 -0.0833148763027 -0.0720625321170 -0.0520988285369 -0.0343233774970 0.00592801856063 0.0447083115225 0.0714338971445 0.0994129237823 0.133219170684 0.158626054141 0.189666910990 0.209368535118 0.202866472438 0.202866468561
# log_avg_NatM:
-1.60943800000
# m_dev:
 0.00000000000 0.00000000000 0.00000000000 0.00000000000 0.00000000000 0.00000000000 0.00000000000 0.00000000000 0.00000000000 0.00000000000 0.00000000000 0.00000000000 0.00000000000 0.00000000000 0.00000000000 0.00000000000 0.00000000000 0.00000000000 0.00000000000 0.00000000000 0.00000000000 0.00000000000 0.00000000000 0.00000000000 0.00000000000 0.00000000000 0.00000000000 0.00000000000 0.00000000000 0.00000000000 0.00000000000 0.00000000000 0.00000000000 0.00000000000 0.00000000000 0.00000000000 0.00000000000 0.00000000000 0.00000000000 0.00000000000 0.00000000000 0.00000000000 0.00000000000 0.00000000000 0.00000000000 0.00000000000 0.00000000000 0.00000000000 0.00000000000 0.00000000000 0.00000000000 0.00000000000 0.00000000000 0.00000000000 0.00000000000 0.00000000000 0.00000000000
# log_avg_GrowthK:
-1.60943800000
# log_avg_Linf:
4.88280200000
# GrowthK_dev:
 0.00000000000 0.00000000000 0.00000000000 0.00000000000 0.00000000000 0.00000000000 0.00000000000 0.00000000000 0.00000000000 0.00000000000 0.00000000000 0.00000000000 0.00000000000 0.00000000000 0.00000000000 0.00000000000 0.00000000000 0.00000000000 0.00000000000 0.00000000000 0.00000000000 0.00000000000 0.00000000000 0.00000000000 0.00000000000 0.00000000000 0.00000000000 0.00000000000 0.00000000000 0.00000000000 0.00000000000 0.00000000000 0.00000000000 0.00000000000 0.00000000000 0.00000000000 0.00000000000 0.00000000000 0.00000000000 0.00000000000 0.00000000000 0.00000000000 0.00000000000 0.00000000000 0.00000000000 0.00000000000 0.00000000000 0.00000000000 0.00000000000 0.00000000000 0.00000000000 0.00000000000 0.00000000000 0.00000000000 0.00000000000 0.00000000000 0.00000000000
# Linf_dev:
 0.00000000000 0.00000000000 0.00000000000 0.00000000000 0.00000000000 0.00000000000 0.00000000000 0.00000000000 0.00000000000 0.00000000000 0.00000000000 0.00000000000 0.00000000000 0.00000000000 0.00000000000 0.00000000000 0.00000000000 0.00000000000 0.00000000000 0.00000000000 0.00000000000 0.00000000000 0.00000000000 0.00000000000 0.00000000000 0.00000000000 0.00000000000 0.00000000000 0.00000000000 0.00000000000 0.00000000000 0.00000000000 0.00000000000 0.00000000000 0.00000000000 0.00000000000 0.00000000000 0.00000000000 0.00000000000 0.00000000000 0.00000000000 0.00000000000 0.00000000000 0.00000000000 0.00000000000 0.00000000000 0.00000000000 0.00000000000 0.00000000000 0.00000000000 0.00000000000 0.00000000000 0.00000000000 0.00000000000 0.00000000000 0.00000000000 0.00000000000
# SelPars50:
2.09091918289
# SelPars95:
3.74731007096
# SelPars_dev50:
 0.00000000000 0.00000000000 0.00000000000 0.00000000000 0.00000000000 0.00000000000 0.00000000000 0.00000000000 0.00000000000 0.00000000000 0.00000000000 0.00000000000 0.00000000000 0.00000000000 0.00000000000 0.00000000000 0.00000000000 0.00000000000 0.00000000000 0.00000000000 0.00000000000 0.00000000000 0.00000000000 0.00000000000 0.00000000000 0.00000000000 0.00000000000 0.00000000000 0.00000000000 0.00000000000 0.00000000000 0.00000000000 0.00000000000 0.00000000000 0.00000000000 0.00000000000 0.00000000000 0.00000000000 0.00000000000 0.00000000000 0.00000000000 0.00000000000 0.00000000000 0.00000000000 0.00000000000 0.00000000000 0.00000000000 0.00000000000 0.00000000000 0.00000000000 0.00000000000 0.00000000000 0.00000000000 0.00000000000 0.00000000000 0.00000000000 0.00000000000
# SelPars_dev95:
 0.00000000000 0.00000000000 0.00000000000 0.00000000000 0.00000000000 0.00000000000 0.00000000000 0.00000000000 0.00000000000 0.00000000000 0.00000000000 0.00000000000 0.00000000000 0.00000000000 0.00000000000 0.00000000000 0.00000000000 0.00000000000 0.00000000000 0.00000000000 0.00000000000 0.00000000000 0.00000000000 0.00000000000 0.00000000000 0.00000000000 0.00000000000 0.00000000000 0.00000000000 0.00000000000 0.00000000000 0.00000000000 0.00000000000 0.00000000000 0.00000000000 0.00000000000 0.00000000000 0.00000000000 0.00000000000 0.00000000000 0.00000000000 0.00000000000 0.00000000000 0.00000000000 0.00000000000 0.00000000000 0.00000000000 0.00000000000 0.00000000000 0.00000000000 0.00000000000 0.00000000000 0.00000000000 0.00000000000 0.00000000000 0.00000000000 0.00000000000
