# Number of parameters = 185 Objective function value = 60978.6779249228  Maximum gradient component = 0.00134230782859324
# srv_sel50:
1.47266180302
# srv_sel95:
2.42809839499
# stNatLen:
 11.7132687683 11.5644113991 11.3615652461 11.1716664407 10.9864745941 10.7844609042 10.5592490134 10.3187341717 10.0752580774 9.83913812445 9.61691343995 9.41193632980 9.22546719208 9.05753795228 8.90755250531 8.77463230988 8.65786620597 8.55636137999 8.46931776505 8.39597697292 8.33566406428 8.28796978846 8.25245082864 8.22895997749 8.21734769230
# log_avg_fmort_dir:
-1.61982540488
# fmort_dir_dev:
 -1.76092548602 -1.81215923262 -1.31316979755 -0.944180193834 -0.756057924972 -0.472683258570 -0.279481060947 -0.143014613595 -0.0867544771002 0.0853311141793 0.157936330190 0.261362853116 0.375889635646 0.523133787894 0.535182312799 0.627112596214 0.547936125866 0.569209056188 0.469777752428 0.238893465867 0.280192555545 0.332755272989 0.359124553672 0.401705462288 0.295518656636 0.338346684062 0.208014469625 0.243819964089 0.123580097460 0.0968014603851 0.0999590526657 0.146940365808 0.194166384880 0.0278193842850 -0.000864637737106 0.0749923393392 -0.0301961479315 -0.139431005047 -0.115352462433 -0.0742851540063 0.00218235398318 0.0617436799160 0.126776488806 0.148329232005 0.112367393185 -0.0114248245490 -0.130550438377 -0.0868052275300 -0.154427579228 -0.0810945833360 0.325957223373
# mean_log_rec:
11.1416455627
# rec_dev:
 0.365915316417 0.320113953945 0.323939638841 0.320583242510 0.292849220547 0.228887905971 0.188402627711 0.207392036190 0.231062473915 0.226616800073 0.164528757196 0.0756345020019 -0.0153919670105 -0.0745945470674 -0.122774827902 -0.138571503421 -0.118325823762 -0.0707182001615 -0.00781428953929 -0.00378271432053 -0.102107262882 -0.219974967928 -0.309281727587 -0.342042483291 -0.330208418593 -0.292561642971 -0.256498445223 -0.209176745814 -0.178007860491 -0.183495639626 -0.220417996649 -0.229757543428 -0.205539672077 -0.184017491049 -0.0673208793724 0.0704415110852 0.128302118728 0.142250954004 0.112444065130 0.0647726630223 -0.0127068290282 -0.0839261634426 -0.106623276440 -0.0984634107460 -0.0286839921978 0.0755099313270 0.158251781758 0.186532959125 0.150679878288 0.0888370089496 0.0888369752867
# log_avg_NatM:
-1.58817945005
# m_dev:
 0.797072568830 0.176872405259 -0.141629161473 0.0409953345329 -0.0490835148303 0.271588988501 0.00728933580416 -0.351366621984 -0.398355103182 -0.275797939882 0.0759280021883 0.0982669457745 0.0210451542567 -0.133618283177 -0.202530511636 -0.523696635142 -0.843813575057 -0.882278152807 -0.671149627616 -0.107878265942 0.299245128418 0.334671433281 0.218674095412 -0.0596000525511 -0.218547349842 -0.326970647902 -0.277419550398 -0.296280347457 -0.173685162818 0.0440578486654 0.161665692496 -0.132141715843 -0.160097348005 0.0454382563459 0.121086764668 -0.0490664854671 0.0637709727701 0.178488412748 0.391163618063 0.383475188010 0.467531032846 0.437197923158 0.234350673275 0.164201130134 -0.0608131818165 -0.245106036703 -0.0953292202828 0.208335248322 0.378539379372 0.562312359523 0.492990599164
# log_avg_GrowthK:
-1.60943800000
# log_avg_Linf:
4.88280200000
# GrowthK_dev:
 0.00000000000 0.00000000000 0.00000000000 0.00000000000 0.00000000000 0.00000000000 0.00000000000 0.00000000000 0.00000000000 0.00000000000 0.00000000000 0.00000000000 0.00000000000 0.00000000000 0.00000000000 0.00000000000 0.00000000000 0.00000000000 0.00000000000 0.00000000000 0.00000000000 0.00000000000 0.00000000000 0.00000000000 0.00000000000 0.00000000000 0.00000000000 0.00000000000 0.00000000000 0.00000000000 0.00000000000 0.00000000000 0.00000000000 0.00000000000 0.00000000000 0.00000000000 0.00000000000 0.00000000000 0.00000000000 0.00000000000 0.00000000000 0.00000000000 0.00000000000 0.00000000000 0.00000000000 0.00000000000 0.00000000000 0.00000000000 0.00000000000 0.00000000000 0.00000000000
# Linf_dev:
 0.00000000000 0.00000000000 0.00000000000 0.00000000000 0.00000000000 0.00000000000 0.00000000000 0.00000000000 0.00000000000 0.00000000000 0.00000000000 0.00000000000 0.00000000000 0.00000000000 0.00000000000 0.00000000000 0.00000000000 0.00000000000 0.00000000000 0.00000000000 0.00000000000 0.00000000000 0.00000000000 0.00000000000 0.00000000000 0.00000000000 0.00000000000 0.00000000000 0.00000000000 0.00000000000 0.00000000000 0.00000000000 0.00000000000 0.00000000000 0.00000000000 0.00000000000 0.00000000000 0.00000000000 0.00000000000 0.00000000000 0.00000000000 0.00000000000 0.00000000000 0.00000000000 0.00000000000 0.00000000000 0.00000000000 0.00000000000 0.00000000000 0.00000000000 0.00000000000
# SelPars50:
2.03113367516
# SelPars95:
3.61682133961
# SelPars_dev50:
 0.00000000000 0.00000000000 0.00000000000 0.00000000000 0.00000000000 0.00000000000 0.00000000000 0.00000000000 0.00000000000 0.00000000000 0.00000000000 0.00000000000 0.00000000000 0.00000000000 0.00000000000 0.00000000000 0.00000000000 0.00000000000 0.00000000000 0.00000000000 0.00000000000 0.00000000000 0.00000000000 0.00000000000 0.00000000000 0.00000000000 0.00000000000 0.00000000000 0.00000000000 0.00000000000 0.00000000000 0.00000000000 0.00000000000 0.00000000000 0.00000000000 0.00000000000 0.00000000000 0.00000000000 0.00000000000 0.00000000000 0.00000000000 0.00000000000 0.00000000000 0.00000000000 0.00000000000 0.00000000000 0.00000000000 0.00000000000 0.00000000000 0.00000000000 0.00000000000
# SelPars_dev95:
 0.00000000000 0.00000000000 0.00000000000 0.00000000000 0.00000000000 0.00000000000 0.00000000000 0.00000000000 0.00000000000 0.00000000000 0.00000000000 0.00000000000 0.00000000000 0.00000000000 0.00000000000 0.00000000000 0.00000000000 0.00000000000 0.00000000000 0.00000000000 0.00000000000 0.00000000000 0.00000000000 0.00000000000 0.00000000000 0.00000000000 0.00000000000 0.00000000000 0.00000000000 0.00000000000 0.00000000000 0.00000000000 0.00000000000 0.00000000000 0.00000000000 0.00000000000 0.00000000000 0.00000000000 0.00000000000 0.00000000000 0.00000000000 0.00000000000 0.00000000000 0.00000000000 0.00000000000 0.00000000000 0.00000000000 0.00000000000 0.00000000000 0.00000000000 0.00000000000
