#Simulated generalized assessment 
# 
#start/end year 
1 56 
#number of ages 
25 
#ages 
1 2 3 4 5 6 7 8 9 10 11 12 13 14 15 16 17 18 19 20 21 22 23 24 25 
#Number of length bins 
25 
#CPUE years 
56 
#years for CPUE 
1 2 3 4 5 6 7 8 9 10 11 12 13 14 15 16 17 18 19 20 21 22 23 24 25 26 27 28 29 30 31 32 33 34 35 36 37 38 39 40 41 42 43 44 45 46 47 48 49 50 51 52 53 54 55 56 
#survey years 
56 
#years for survey 
1 2 3 4 5 6 7 8 9 10 11 12 13 14 15 16 17 18 19 20 21 22 23 24 25 26 27 28 29 30 31 32 33 34 35 36 37 38 39 40 41 42 43 44 45 46 47 48 49 50 51 52 53 54 55 56 
#length freq from catch years 
56 
#years for length freq catch 
1 2 3 4 5 6 7 8 9 10 11 12 13 14 15 16 17 18 19 20 21 22 23 24 25 26 27 28 29 30 31 32 33 34 35 36 37 38 39 40 41 42 43 44 45 46 47 48 49 50 51 52 53 54 55 56 
#catch length sample sizes 
200 200 200 200 200 200 200 200 200 200 200 200 200 200 200 200 200 200 200 200 200 200 200 200 200 200 200 200 200 200 200 200 200 200 200 200 200 200 200 200 200 200 200 200 200 200 200 200 200 200 200 200 200 200 200 200 
#length freq from survey years 
56 
#years for length freq survey 
1 2 3 4 5 6 7 8 9 10 11 12 13 14 15 16 17 18 19 20 21 22 23 24 25 26 27 28 29 30 31 32 33 34 35 36 37 38 39 40 41 42 43 44 45 46 47 48 49 50 51 52 53 54 55 56 
#survey sample sizes 
200 200 200 200 200 200 200 200 200 200 200 200 200 200 200 200 200 200 200 200 200 200 200 200 200 200 200 200 200 200 200 200 200 200 200 200 200 200 200 200 200 200 200 200 200 200 200 200 200 200 200 200 200 200 200 200 
#total survey biomass 
3943077 3041056 3751724 3091003 2104613 2768420 1809421 1897475 2003410 1526788 1369962 1523190 833764.1 755470.7 945990.4 732165 887581.7 663307.9 666832 732518.7 722573.1 535507.6 600023.7 824986.8 481341.7 494357 542445.2 737014.4 547171 509289 506212.9 531993.6 489146.1 557186.9 642072.9 508569.6 723959.6 619720.4 877434.4 691507.8 540512.4 500507.3 509882.8 565151.8 818034.4 662693.6 552411 477956.5 429215.8 643217.9 585852.5 546981.9 651652.3 496606.3 732063.3 625217.3 
#survey CV 
0.2 0.2 0.2 0.2 0.2 0.2 0.2 0.2 0.2 0.2 0.2 0.2 0.2 0.2 0.2 0.2 0.2 0.2 0.2 0.2 0.2 0.2 0.2 0.2 0.2 0.2 0.2 0.2 0.2 0.2 0.2 0.2 0.2 0.2 0.2 0.2 0.2 0.2 0.2 0.2 0.2 0.2 0.2 0.2 0.2 0.2 0.2 0.2 0.2 0.2 0.2 0.2 0.2 0.2 0.2 0.2 
#total CPUE 
6253306 2829982 4830936 3050001 3115612 1672949 2977772 3176460 1515706 1738787 1553376 1133726 952433.1 1301605 695690.5 580127.9 500994.4 912004.6 553398.7 560319.6 509415.7 530158.5 585441.7 413074.8 415544.7 795981 552730.4 741523.4 590324.8 372134.2 624558.3 441880.5 444420.7 967146.5 607959.2 581478 639773.7 517048.2 483555.8 506746.9 792943.6 449348.3 510963.6 544424.4 468437.4 412625.1 380414.2 572640.5 631285.1 398385.9 684892.8 477713.8 665018.3 560048.3 433131.3 525680.3 
#CPUE CV 
0.2 0.2 0.2 0.2 0.2 0.2 0.2 0.2 0.2 0.2 0.2 0.2 0.2 0.2 0.2 0.2 0.2 0.2 0.2 0.2 0.2 0.2 0.2 0.2 0.2 0.2 0.2 0.2 0.2 0.2 0.2 0.2 0.2 0.2 0.2 0.2 0.2 0.2 0.2 0.2 0.2 0.2 0.2 0.2 0.2 0.2 0.2 0.2 0.2 0.2 0.2 0.2 0.2 0.2 0.2 0.2 
#total catch biomass 
0 87972.12 153101.6 202311.4 249649.7 258829.7 296391.1 323164.1 308910.6 314775 275035.9 287632.2 278710.9 255318.6 236637.1 212632.6 186336.1 156929.3 144307.2 139289.9 141392.3 117134.2 125808.6 108039.3 114700.7 120149.8 102723.6 105873.1 105236.6 96493.24 93393.28 95991.83 98120.5 98033.19 102483.9 85689.29 91201.03 82692.45 84731.24 75121.07 85862.44 85295.39 88775.21 83451.34 85591.48 88077.96 93978.35 86100.7 90471.64 89474.81 90029.59 104790.5 92610.9 110116.8 98193.91 87767.72 
#catch CV 
0.05 0.05 0.05 0.05 0.05 0.05 0.05 0.05 0.05 0.05 0.05 0.05 0.05 0.05 0.05 0.05 0.05 0.05 0.05 0.05 0.05 0.05 0.05 0.05 0.05 0.05 0.05 0.05 0.05 0.05 0.05 0.05 0.05 0.05 0.05 0.05 0.05 0.05 0.05 0.05 0.05 0.05 0.05 0.05 0.05 0.05 0.05 0.05 0.05 0.05 0.05 0.05 0.05 0.05 0.05 0.05 
#Length Bins 
2.752644 8.257932 13.76322 19.26851 24.7738 30.27908 35.78437 41.28966 46.79495 52.30024 57.80552 63.31081 68.8161 74.32139 79.82667 85.33196 90.83725 96.34254 101.8478 107.3531 112.8584 118.3637 123.869 129.3743 134.8796 
#catch length counts 
0 0 0 0 0 0 0 0 0 0 0 0 0 0 0 0 0 0 0 0 0 0 0 0 0 
35.09597 57.29447 87.01177 124.8231 171.0271 225.0365 284.8054 347.0006 407.8753 464.1306 513.3279 554.0367 585.9506 609.8667 627.3918 640.4501 650.6989 658.7797 663.3338 660.117 642.1168 601.6399 534.2612 442.6818 337.6256 
58.8046 95.92627 145.5264 208.4732 285.1409 374.3994 472.679 574.302 672.9984 763.3823 841.6288 905.6604 955.2623 991.9855 1018.622 1038.385 1053.966 1066.357 1073.286 1067.819 1038.556 973.0127 864.0062 715.8872 545.9873 
81.13125 132.2663 200.482 286.8606 391.755 513.3931 646.6011 783.3006 914.6675 1033.245 1133.929 1214.23 1274.373 1317.066 1346.648 1367.859 1384.522 1397.993 1405.2 1396.887 1357.954 1271.917 1129.264 935.5999 713.527 
103.8563 169.2537 256.4056 366.5866 500.0722 654.3415 822.4525 993.7206 1156.55 1301.206 1421.134 1513.317 1578.435 1620.55 1645.949 1661.44 1672.536 1681.454 1684.721 1671.156 1622.416 1518.453 1347.578 1116.222 851.1739 
124.4827 202.7621 306.9437 438.4185 597.3321 780.429 979.1075 1180.248 1369.645 1535.376 1669.425 1768.152 1832.507 1867.693 1881.802 1883.766 1881.131 1877.61 1870.256 1847.139 1787.987 1670.332 1480.763 1225.795 934.417 
146.9575 239.3056 362.109 516.8756 703.5573 917.9941 1149.644 1382.631 1599.884 1787.166 1934.967 2038.997 2100.393 2125.35 2123.601 2106.122 2082.627 2058.799 2033.033 1993.715 1919.717 1786.954 1580.532 1306.583 995.2016 
164.6241 267.9098 405.054 577.5595 785.1426 1022.879 1278.667 1534.412 1770.704 1971.396 2125.764 2229.053 2282.646 2293.56 2272.724 2232.496 2184.112 2134.935 2085.16 2024.887 1934.307 1789.967 1576.802 1300.077 988.6222 
181.8891 295.9661 447.354 637.5727 866.0517 1126.96 1406.444 1684.053 1938.037 2150.477 2309.634 2410.433 2454.545 2449.771 2408.128 2343.178 2267.414 2189.623 2111.779 2026.161 1915.272 1757.537 1538.658 1263.16 957.7844 
201.4285 327.5025 494.5066 703.8762 954.7164 1240.32 1545.108 1846.186 2119.23 2344.231 2508.181 2605.637 2638.733 2616.352 2551.856 2460.102 2354.739 2245.76 2136.738 2022.183 1887.348 1713.276 1487.188 1213.228 915.8208 
218.2705 354.812 535.5429 761.8084 1032.273 1339.14 1664.916 1984.289 2270.695 2502.634 2666.47 2756.824 2776.412 2735.069 2647.287 2528.995 2394.751 2255.46 2116.019 1973.133 1815.172 1626.552 1396.783 1129.924 847.5911 
230.9559 375.3165 566.2363 804.9623 1089.818 1412.188 1753.093 2085.227 2380.021 2614.481 2774.283 2854.221 2857.899 2796.447 2685.648 2542.41 2381.905 2215.558 2049.222 1881.549 1704.023 1504.685 1275.695 1021.204 759.7784 
244.2462 396.7384 598.1821 849.669 1149.126 1487.081 1843.08 2187.897 2491.09 2728.288 2884.473 2954.423 2942.362 2860.56 2726.208 2557.532 2370.701 2177.872 1985.791 1794.735 1598.847 1389.38 1160.958 917.9119 676.0726 
250.6674 407.1378 613.7556 871.4892 1177.919 1522.866 1884.77 2233.101 2536.3 2769.371 2917.238 2975.065 2947.74 2848.339 2694.867 2506.269 2299.286 2086.604 1875.75 1668.482 1461.346 1248.509 1026.783 800.497 582.646 
257.6461 418.3675 630.4565 894.7585 1208.571 1561.143 1929.954 2283.232 2588.189 2818.941 2960.05 3006.887 2965.045 2848.608 2676.634 2468.945 2242.912 2011.746 1783.702 1561.828 1344.686 1128.812 912.7357 700.682 503.1942 
255.5264 414.6407 624.2716 884.9903 1193.848 1539.963 1900.856 2244.95 2539.738 2759.655 2889.582 2925.199 2872.364 2745.387 2563.512 2346.686 2112.352 1873.824 1639.734 1414.081 1197.072 987.1925 784.294 592.2319 419.0834 
242.9016 394.4252 594.3095 843.1681 1138.063 1468.221 1811.61 2137.526 2414.623 2618.526 2735.111 2760.674 2701.197 2570.639 2387.6 2171.322 1938.665 1702.632 1471.963 1251.339 1042.226 844.5829 659.1573 489.2819 340.823 
226.1052 367.0555 552.9231 784.306 1058.609 1366.058 1686.392 1991.052 2250.468 2441.167 2549.117 2570.253 2510.031 2381.79 2203.409 1993.367 1767.839 1539.38 1316.683 1104.904 906.4576 722.3817 554.0163 404.1833 276.9839 
215.0887 349.2259 526.1647 746.503 1007.786 1300.719 1606.056 1896.72 2144.717 2327.783 2432.37 2454.054 2397.213 2273.775 2100.366 1894.69 1672.676 1447.036 1226.911 1018.165 824.1277 646.7447 487.8491 349.9417 235.9055 
203.5319 330.1354 496.7992 703.918 949.1462 1223.902 1510.387 1783.445 2016.927 2189.904 2289.527 2311.44 2259.455 2144.323 1981.094 1785.889 1573.461 1355.978 1142.699 940.1176 752.4828 582.6363 432.9144 305.6331 202.7766 
192.9674 313.0255 471.076 667.4447 899.789 1159.79 1430.403 1687.756 1907.297 2069.657 2163.172 2184.031 2135.815 2028.337 1875.27 1691.239 1489.672 1281.817 1076.573 880.6791 699.0856 535.4797 392.7943 273.394 178.7214 
188.3958 305.3897 459.1793 649.968 875.4498 1127.626 1390.08 1639.711 1852.632 2009.907 2100.145 2119.757 2072.49 1968.134 1820 1642.019 1446.727 1244.531 1043.792 851.1794 672.0496 510.7766 370.9282 255.1393 164.6421 
181.3426 293.8534 441.6207 624.7268 840.8282 1082.126 1332.793 1570.695 1773.093 1922.117 2007.135 2024.891 1979.017 1878.865 1737.162 1567.201 1380.834 1187.736 995.5815 810.579 637.9898 482.4292 347.84 237.0997 151.3984 
174.7681 283.2519 425.7818 602.4568 811.0029 1043.833 1285.568 1514.73 1709.29 1852.003 1932.724 1948.519 1903.139 1805.796 1668.848 1505.086 1325.818 1140.182 955.3524 777.1324 610.5547 460.2298 330.2546 223.6666 141.6899 
169.7658 275.0789 413.3828 584.7601 787.039 1012.951 1247.693 1470.497 1659.941 1799.109 1877.914 1893.313 1848.894 1753.706 1619.954 1460.264 1285.737 1105.247 925.6599 752.4731 590.4905 444.2211 317.7817 214.2805 134.9782 
165.2315 267.6546 402.0776 568.5276 764.8626 984.0327 1211.723 1427.869 1611.795 1747.183 1824.253 1839.943 1797.515 1705.52 1575.671 1420.251 1250.183 1074.255 899.2488 730.5314 572.7495 430.2816 307.1751 206.5222 129.5859 
157.0652 254.4773 382.3775 540.8202 727.7766 936.5191 1153.387 1359.257 1534.458 1663.505 1737.169 1752.587 1712.851 1625.994 1502.99 1355.358 1193.408 1025.536 858.3114 696.9772 546.0648 409.8159 292.1383 196.0169 122.6663 
153.4186 248.5098 373.3116 527.8746 710.2711 914.0564 1126.057 1327.726 1499.873 1627.257 1700.656 1717.079 1679.416 1595.457 1475.892 1331.934 1173.605 1009.082 844.8216 686.0556 537.3612 403.0356 287.0218 192.3152 120.1276 
151.2382 244.8776 367.6638 519.5798 698.6935 898.6907 1106.711 1304.671 1473.883 1599.525 1672.601 1690.1 1654.659 1573.663 1457.384 1316.694 1161.387 999.503 837.4323 680.4033 533.0465 399.7473 284.54 190.4886 118.8407 
148.8366 240.9744 361.7697 511.1791 687.2629 883.7619 1087.987 1282.153 1447.957 1570.978 1642.584 1659.997 1625.888 1547.449 1434.566 1297.654 1146.088 987.6061 828.4292 673.7346 528.1841 396.2448 282.0512 188.7589 117.6819 
145.682 235.9522 354.3931 501.0214 673.972 867.1017 1067.915 1258.889 1421.981 1542.975 1613.384 1630.54 1597.187 1520.516 1410.305 1276.728 1128.828 973.9841 818.1173 666.2148 522.8721 392.5897 279.5934 187.1464 116.658 
141.743 229.5993 344.915 487.7588 656.3957 844.9495 1041.355 1228.596 1389.036 1508.645 1578.886 1596.912 1565.255 1490.926 1383.574 1253.273 1108.939 957.7744 805.4704 656.7861 516.1521 388.0016 276.5855 185.2518 115.5148 
138.5724 224.4317 337.1003 476.6473 641.4165 825.757 1018.016 1201.71 1359.708 1478.299 1549.016 1568.826 1539.887 1468.764 1364.714 1237.574 1096.176 947.7217 797.8933 651.3956 512.5761 385.8081 275.3451 184.6014 115.1929 
138.782 224.7417 337.5101 477.1393 641.9673 826.3606 1018.714 1202.626 1361.081 1480.488 1552.465 1573.969 1547.017 1477.909 1375.585 1249.614 1108.69 960.0194 809.4017 661.6908 521.3729 392.9454 280.7922 188.4694 117.7218 
135.1672 218.8522 328.5986 464.436 624.7398 804.0419 991.0849 1169.959 1324.163 1440.542 1511.017 1532.707 1507.617 1441.84 1343.931 1222.955 1087.103 943.175 796.7173 652.4849 514.9658 388.705 278.1498 186.9335 116.8949 
129.7563 210.2497 315.9825 447.0856 602.0499 775.5858 956.7591 1130.133 1279.725 1392.823 1461.639 1483.409 1460.091 1397.581 1304.124 1188.41 1058.212 919.9174 778.7124 639.0965 505.4252 382.2179 273.9683 184.3985 115.4614 
159.2596 251.891 366.9808 500.9685 650.59 811.8776 977.6241 1136.535 1275.339 1382.001 1447.962 1469.227 1446.729 1385.748 1294.224 1180.689 1052.784 916.7324 777.527 639.483 506.8394 384.1043 275.8653 186.0053 116.6493 
157.621 253.9539 378.3696 528.6284 699.5028 880.6837 1055.94 1206.703 1318.697 1386.312 1411.589 1400.006 1357.217 1288.244 1197.939 1091.292 973.2464 848.3555 720.6465 593.8153 471.6254 358.1908 257.8 174.1698 109.4231 
158.5982 255.9832 382.7214 538.0249 718.9908 917.9554 1120.004 1304.243 1449.15 1538.679 1566.107 1534.937 1457.09 1348.63 1224.483 1094.81 964.5645 835.3882 707.9227 583.3241 463.8687 352.9416 254.5379 172.3161 108.467 
159.148 256.6761 383.4214 538.5918 719.5691 919.5268 1125.13 1317.635 1477.347 1588.123 1639.702 1628.736 1559.638 1444.356 1299.706 1142.773 986.6341 838.4517 700.3497 571.9389 452.8495 344.1444 248.3361 168.3563 106.1573 
159.2596 256.7266 383.2317 537.8535 717.852 916.3621 1120.226 1311.289 1471.029 1584.977 1644.414 1646.23 1592.67 1491.157 1353.408 1193.592 1025.838 861.7144 708.5883 569.6102 445.2771 335.5156 240.9998 163.1006 102.8457 
158.315 255.1169 380.6531 533.9235 712.1166 908.335 1109.462 1297.494 1454.237 1565.835 1624.543 1628.439 1580.641 1488.311 1361.23 1210.338 1046.704 880.7269 721.1652 574.2203 443.3339 329.9413 234.6083 157.67 99.02084 
158.9766 256.202 382.3003 536.2582 715.2131 912.1592 1113.815 1301.994 1458.38 1569.125 1626.708 1629.696 1581.932 1491.313 1367.905 1222 1063.051 899.5279 739.0315 588.1022 451.7885 333.4129 234.7373 156.2732 97.39283 
157.0633 253.1159 377.6937 529.8015 706.6246 901.2573 1100.581 1286.595 1441.12 1550.358 1606.79 1609.034 1561.124 1471.306 1350.04 1207.789 1053.646 895.1026 738.5103 589.5294 453.1946 333.6218 233.6187 154.4012 95.47919 
160.6294 258.9102 386.429 542.1963 723.3448 922.7951 1127.091 1317.777 1476.22 1588.276 1646.201 1648.517 1599.311 1507.084 1382.756 1237.351 1080.404 919.4987 760.664 609.0402 469.3378 345.8234 241.864 159.3018 98.00457 
158.2606 255.0482 380.5861 533.8833 712.1254 908.3851 1109.476 1297.275 1453.442 1563.999 1621.252 1623.679 1575.269 1484.399 1361.877 1218.681 1064.35 906.4487 750.836 602.297 465.1274 343.3354 240.3204 158.1865 97.1047 
160.8622 259.3052 387.0562 543.1375 724.6851 924.609 1129.427 1320.655 1479.637 1592.212 1650.613 1653.31 1604.315 1512.071 1387.517 1241.824 1084.772 924.1594 765.9984 615.1023 475.6878 351.6777 246.4861 162.3554 99.63566 
161.8701 260.8829 389.3272 546.2031 728.6414 929.558 1135.457 1327.789 1487.777 1601.116 1659.929 1662.658 1613.375 1520.628 1395.444 1249.053 1091.269 929.9285 771.0878 619.5756 479.5757 354.9492 249.0748 164.2273 100.8431 
159.0364 256.3973 382.783 537.2506 716.9811 914.9567 1117.818 1307.248 1464.76 1576.319 1634.229 1636.98 1588.558 1497.34 1374.165 1230.095 1074.816 916.0605 759.7933 610.755 473.0326 350.3831 246.0988 162.4196 99.81518 
160.7347 259.0797 386.6924 542.6111 724.0243 923.934 1128.963 1320.685 1480.407 1593.829 1653.015 1656.313 1607.707 1515.679 1391.225 1245.559 1088.497 927.881 769.7669 618.961 479.5927 355.4442 249.8285 165.0108 101.488 
146.7112 236.5566 353.2275 495.8959 662.0179 845.185 1033.134 1208.995 1355.682 1460.14 1515.101 1518.977 1475.28 1391.636 1278.022 1144.696 1000.699 853.2865 708.0749 569.5202 441.4376 327.3082 230.1756 152.1246 93.62567 
171.1941 276.0426 412.2142 578.7676 772.7762 986.8202 1206.65 1412.624 1584.802 1707.903 1773.357 1779.211 1729.451 1632.85 1500.923 1345.544 1177.231 1004.502 834.0276 671.1429 520.4263 386.0384 271.6012 179.5946 110.5938 
151.8541 244.6612 364.9755 511.8293 682.5525 870.5991 1063.48 1243.987 1394.657 1502.129 1558.964 1563.556 1519.51 1434.597 1318.925 1182.838 1035.44 884.0771 734.5179 591.429 458.8657 340.5433 239.7047 158.577 97.69821 
180.8522 291.6163 435.4408 611.2516 815.7958 1040.997 1271.563 1486.645 1665.357 1792.025 1858.221 1862.428 1809.163 1707.712 1570.036 1408.335 1233.322 1053.614 875.9551 705.8169 548.0003 406.9599 286.6239 189.718 116.9421 
160.238 258.1445 385.0343 539.8452 719.6936 917.5715 1120.161 1309.14 1465.949 1576.47 1633.045 1634.403 1584.932 1493.392 1370.796 1228.096 1074.64 917.7488 763.0417 615.0462 477.7764 355.0267 250.2032 165.7095 102.1994 
160.2168 258.4998 386.2899 542.7334 724.9881 925.8298 1131.523 1323.32 1482.409 1594.615 1652.266 1653.973 1603.931 1510.811 1385.806 1240.297 1084.127 924.9698 768.5572 619.3356 481.155 357.6641 252.1899 167.1207 103.1289 
#survey length counts 
0 0 0 0 0 0 0 0 0 0 0 0 0 0 0 0 0 0 0 0 0 0 0 0 0 
1990.384 3260.824 4961.872 7101.691 9635.105 12424.49 15231.29 17779.13 19859.48 21399.37 22447.66 23112.74 23509.53 23737.45 23877.29 23990.69 24114.59 24244.74 24306.43 24125.1 23430.97 21934.28 19467.72 16125.8 12296.63 
1983.908 3249.578 4943.243 7071.728 9587.823 12351.14 15119.84 17614.2 19623.14 21072.98 22014.57 22561.38 22835.82 22945.79 22979.48 23003.27 23055.75 23132.6 23159.97 22968.02 22296.48 20866.76 18517.66 15337.7 11695.21 
1970.992 3228.651 4911.546 7025.778 9522.711 12259.7 14991.95 17436.48 19378.97 20743.13 21578.6 21999.79 22132.92 22092.57 21975.73 21857.96 21785.75 21760.93 21715.65 21488.68 20832.32 19481.38 17280.89 14310.07 10910.32 
1953.818 3200.098 4867.113 6960.059 9429.287 12131.19 14820.08 17211.75 19089.84 20375.17 21114.29 21419.51 21416.81 21223.18 20940.84 20653.24 20416.79 20244.76 20082.58 19785.17 19123.74 17850.38 15816.88 13089.75 9976.586 
1928.812 3159.719 4806.512 6873.941 9311.549 11974.69 14616.73 16952.65 18765.22 19973.98 20623.79 20825.01 20701.76 20369.85 19931.96 19474.74 19061.58 18717.57 18405.52 18003.51 17309.33 16098.37 14231.72 11761.61 8957.1 
1900.928 3113.268 4734.233 6767.524 9162.083 11773.62 14356.85 16628.24 18370.85 19502.91 20067.02 20171.34 19938.45 19482.9 18906.23 18294.75 17714.21 17197.61 16724.19 16198 15449.37 14283.7 12576.22 10366.06 7881.325 
1865.178 3055.523 4647.645 6644.902 8995.765 11555.67 14079.75 16285.5 17957.01 19012.91 19495.37 19511.54 19182.41 18620.61 17925.43 17181.16 16453.27 15779.16 15151.07 14497.35 13681.83 12543.29 10975.29 9007.37 6828.554 
1829.055 2995.274 4553.891 6507.211 8803.666 11300.45 13756.2 15892.16 17494.34 18480.55 18890.52 18829.03 18415.72 17762.41 16967.18 16112.27 15261.42 14453.55 13690.11 12920.04 12038.4 10917.42 9471.391 7724.125 5829.547 
1785.336 2924.377 4447.07 6355.193 8596.689 11028.89 13411.86 15469.53 16990.97 17896.43 18226.92 18087.39 17596.56 16864.55 15987.11 15043.78 14095.91 13182.4 12310.9 11446.78 10512.18 9410.221 8076.136 6530.929 4898.065 
1735.339 2842.686 4323.07 6177.896 8355.597 10715.58 13021.72 15002.14 16448.43 17280.84 17538.99 17326.88 16763.58 15960.03 15011.99 13997.48 12975.27 11982.94 11031.74 10099.4 9130.142 8053.498 6823.625 5460.38 4061.665 
1681.899 2755.095 4189.606 5986.305 8094.207 10375.39 12598.78 14498.5 15870.53 16636.28 16833.83 16564.51 15945.29 15086.1 14082.49 13012.3 11933.68 10883.96 9877.112 8900.044 7913.989 6869.535 5736.379 4533.724 3338.476 
1621.468 2656.821 4041.282 5775.54 7809.352 10007.39 12143.53 13958.04 15251.95 15949.09 16087.42 15766.94 15102.89 14203.49 13162.67 12056.8 10942.93 9858.326 8819.535 7820.891 6836.886 5834.372 4794.914 3736.666 2719.088 
1557.015 2551.543 3881.665 5547.974 7501.686 9611.603 11658.58 13390.71 14614.45 15254.84 15347.74 14990.09 14294.83 13368.85 12305.18 11179.2 10046.88 8945.193 7892.577 6889.176 5919.736 4963.417 4010.418 3077.352 2209.422 
1496.403 2450.948 3726.161 5321.533 7189.215 9202.503 11150.56 12791.25 13938.63 14520.72 14572.18 14186.64 13473.48 12536.63 11466.94 10338.23 9205.464 8105.331 7057.67 6066.938 5125.508 4221.584 3351.367 2529.501 1789.462 
1429.438 2342.92 3564.796 5095.021 6887.102 8817.491 10680.96 12242.49 13322.38 13852.21 13867.27 13459.77 12736.5 11798.34 10733.08 9612.03 8488.562 7398.97 6364.362 5392.708 4482.165 3627.465 2828.802 2098.748 1461.504 
1368.963 2242.775 3410.685 4872.454 6584.133 8428.895 10211.99 11709.15 12746.93 13256.3 13266.87 12864.01 12149.54 11221.73 10167.29 9057.004 7943.949 6864.627 5841.486 4885.508 3999.451 3182.978 2439.076 1778.51 1218.41 
1312.519 2150.562 3270.907 4673.426 6315.971 8086.431 9798.096 11236.3 12235.47 12729.92 12747.42 12367.51 11684.19 10788.23 9760.938 8670.699 7570.792 6499.63 5482.588 4534.405 3662.261 2870.033 2163.03 1550.735 1045.04 
1269.934 2078.372 3156.698 4503.554 6078.049 7773.371 9412.011 10789.69 11748.5 12225.54 12246.92 11888.11 11237.98 10381.57 9394.342 8339.529 7267.202 6215.168 5210.729 4272.438 3412.212 2638.317 1958.597 1381.973 916.5637 
1232.394 2016.887 3063.079 4369.233 5894.899 7535.387 9117.582 10443.31 11360.91 11812.23 11825.73 11476.55 10850.79 10028.9 9080.838 8064.53 7025.712 5999.595 5013.183 4087.137 3237.265 2476.157 1814.718 1262.36 824.9188 
1204.204 1969.255 2988.019 4258.076 5739.899 7332.244 8867.762 10154.47 11044.86 11481.71 11492.21 11149.77 10539.34 9740.363 8821.107 7836.626 6829.038 5830.143 4864.853 3953.816 3114.934 2364.114 1715.284 1179.159 760.63 
1182.323 1932.592 2930.646 4173.31 5621.05 7174.09 8668.364 9916.398 10775.11 11190.48 11191.04 10849.81 10250.07 9469.105 8573.138 7615.398 6636.075 5664.72 4724.024 3833.27 3010.516 2273.274 1637.596 1115.594 712.087 
1161.694 1899.051 2880.078 4101.655 5524.746 7050.852 8518.08 9741.535 10580.26 10981.37 10973.8 10630.61 10035.01 9263.88 8382.578 7443.084 6484.125 5533.682 4612.877 3739.712 2931.7 2206.789 1582.137 1070.889 678.138 
1145.09 1871.289 2836.878 4038.566 5438.045 6938.923 8382.663 9587.861 10415.67 10813.17 10807.55 10469.73 9881.339 9118.651 8247.088 7318.875 6372.73 5436.166 4529.436 3669.554 2873.324 2158.545 1542.765 1039.684 654.6639 
1133.372 1851.433 2805.446 3991.697 5372.066 6851.425 8273.671 9460.437 10275.53 10667.48 10663.4 10332.88 9755.388 9004.943 8145.312 7228.036 6291.974 5365.095 4467.918 3617.347 2829.845 2122.946 1514.19 1017.44 638.1684 
1123.084 1834.642 2780 3955.408 5322.934 6788.073 8195.908 9369.64 10174.61 10560.49 10555.04 10227.88 9657.879 8917.817 8069.794 7163.772 6237.588 5318.933 4428.602 3583.945 2801.753 2099.713 1495.429 1002.807 627.3121 
1117.646 1825.126 2764.478 3931.793 5289.598 6744.734 8144.328 9313.56 10118.76 10509.2 10511.25 10192.94 9632.001 8900.553 8060.292 7160.761 6239.341 5323.42 4433.836 3588.364 2804.447 2100.44 1494.473 1000.767 624.8799 
1117.939 1824.711 2762.171 3925.858 5278.082 6726.083 8118.064 9280.732 10081.99 10472.3 10478.43 10167.89 9617.021 8896.172 8065.477 7173.465 6257.069 5343.599 4454.059 3606.613 2819.322 2111.313 1501.473 1004.592 626.4993 
1120.899 1829.284 2768.567 3933.995 5287.476 6735.754 8126.564 9286.421 10083.62 10469.69 10472.89 10162.05 9614.094 8898.99 8075.645 7190.987 6280.497 5370.54 4481.782 3632.581 2841.591 2128.774 1513.918 1012.579 631.0536 
1122.414 1832.254 2773.986 3943.139 5301.65 6755.868 8152.704 9317.665 10118.22 10505.51 10508.03 10195.36 9645.498 8929.452 8106.692 7223.97 6315.904 5407.671 4518.905 3667.449 2872.084 2153.437 1532.251 1025.021 638.7065 
1124.509 1835.64 2779.122 3950.653 5312.486 6771.406 8174.694 9347.887 10157.9 10554.73 10565.45 10258.42 9711.138 8994.92 8170.163 7284.662 6373.695 5462.475 4570.146 3713.936 2912.324 2186.189 1557.02 1042.26 649.6621 
1130.186 1844.411 2791.521 3967.022 5333.148 6796.904 8205.953 9386.233 10204.91 10611.93 10633.74 10337.55 9799.306 9088.932 8266.064 7378.62 6462.69 5544.488 4643.89 3778.442 2966.732 2229.893 1590.015 1065.389 664.5623 
1138.859 1858.265 2811.931 3995.157 5369.856 6842.545 8260.26 9448.411 10274.1 10687.75 10716.58 10428.16 9898.086 9195.11 8377.343 7491.399 6572.765 5647.872 4737.391 3859.846 3034.733 2284.022 1630.67 1093.888 683.009 
1151.005 1877.487 2839.897 4033.112 5418.481 6901.748 8328.927 9524.406 10354.74 10770.62 10800.24 10512.48 9983.915 9283.649 8469.284 7586.231 6668.512 5741.392 4825.066 3938.344 3101.576 2337.881 1671.458 1122.679 701.7817 
1159.145 1892.006 2864.155 4071.117 5474.128 6977.58 8425.009 9638.044 10481.32 10905.07 10938.2 10650.81 10120.74 9418.035 8600.861 7714.665 6792.932 5859.999 4935.162 4036.809 3185.613 2405.739 1722.878 1158.95 725.4091 
1372.333 2184.673 3205.076 4398.069 5711.626 7065.019 8339.044 9396.488 10128.96 10492.92 10508.34 10231.27 9727.611 9059.84 8282.063 7437.561 6558.351 5667.365 4782.377 3920.266 3100.484 2346.474 1683.778 1134.669 711.3237 
1416.027 2298.874 3452.867 4854.52 6432.621 8045.088 9484.201 10538.78 11084.72 11133.39 10800.39 10228.76 9528.692 8762.016 7956.89 7126.91 6282.242 5433.312 4591.648 3770.917 2988.57 2266.671 1629.968 1100.592 691.2007 
1401.767 2279.09 3432.841 4850.357 6478.114 8194.952 9805.502 11085.05 11859.66 12066.2 11756.06 11055.85 10118.42 9082.981 8048.824 7066.176 6145.29 5275.953 4445.696 3650.165 2896.206 2200.558 1585.631 1072.836 675.0689 
1394.364 2265.315 3409.071 4812.846 6425.409 8132.344 9750.66 11071.92 11935.71 12278.67 12128.66 11566.74 10695.82 9627.247 8471.459 7322.68 6243.299 5258.746 4366.313 3551.911 2805.477 2128.822 1534.742 1039.856 655.4416 
1394.027 2263.632 3404.285 4802.214 6405.411 8099.466 9703.025 11011.99 11873.86 12236.08 12136.18 11656.44 10885.79 9906.718 8797.324 7633.29 6483.436 5400.779 4415.489 3535.736 2756.996 2074.065 1488.303 1006.606 634.483 
1398.984 2270.82 3413.408 4812.215 6414.446 8104.986 9701.968 11001.29 11851.63 12203.75 12101.11 11633.54 10895.6 9968.531 8918.765 7802.365 6669.65 5566.846 4533.199 3596.144 2769.636 2057.941 1461.815 981.7771 616.3239 
1404.155 2279.406 3426.616 4831.162 6439.764 8136.273 9737.307 11037.23 11883.85 12228.32 12116.07 11640.5 10901.09 9983.731 8956.529 7871.355 6768.258 5681.29 4642.379 3681.005 2821.104 2078.703 1462.017 972.6771 605.9332 
1409.974 2288.682 3440.263 4849.972 6464.351 8166.917 9773.678 11078.1 11926.98 12270.61 12154.11 11671.54 10924.3 10001.5 8974.743 7897.935 6809.638 5738.415 4708.9 3745.553 2872.649 2111.514 1477.128 975.6197 603.0501 
1413.604 2295.18 3451.163 4867.13 6489.609 8201.561 9817.934 11130.97 11986.52 12334.38 12219.43 11735.66 10984.6 10056.09 9023.469 7942.878 6854.543 5786.692 4761.185 3798.563 2920.477 2148.688 1501.308 988.1997 607.6997 
1418.756 2302.969 3461.821 4880.574 6505.593 8219.889 9838.539 11153.8 12011.33 12360.55 12246.03 11761.54 11008.66 10077.51 9041.938 7958.957 6869.815 5803.358 4780.963 3821.438 2944.295 2170.1 1517.518 998.2543 612.5382 
1421.602 2308.312 3471.179 4895.78 6528.366 8251.182 9878.028 11199.91 12061.83 12413.4 12299.77 11815.23 11061.43 10128.29 9089.548 8002.446 6908.876 5838.456 4813.009 3851.09 2971.344 2193.456 1535.892 1011.034 620.2071 
1425.223 2313.782 3478.681 4905.332 6539.984 8265.066 9894.578 11219.49 12084.4 12438.25 12325.66 11840.8 11085.68 10150.79 9110.304 8021.603 6926.581 5854.906 4828.503 3865.904 2985.443 2206.336 1546.749 1019.218 625.593 
1426 2315.656 3482.598 4912.464 6551.353 8281.012 9914.4 11241.58 12106.88 12459.7 12345.46 11858.94 11102.36 10166.1 9124.247 8034.223 6938.046 5865.483 4838.479 3875.479 2994.624 2214.864 1554.167 1025.08 629.7096 
1429.304 2320.558 3489.183 4920.728 6561.503 8293.808 9931.239 11264.12 12136.3 12496.01 12387.32 11904.07 11148.32 10210.84 9166.338 8072.765 6972.539 5895.733 4864.539 3897.558 3012.978 2229.709 1565.682 1033.489 635.3786 
1432.502 2325.795 3497.095 4931.818 6575.923 8311.119 9950.335 11283.53 12154.86 12513.45 12404.37 11921.91 11167.75 10231.89 9188.258 8094.499 6993.119 5914.494 4881.132 3911.875 3025.038 2239.579 1573.439 1039.249 639.3495 
1432.502 2325.795 3497.095 4931.818 6575.923 8311.119 9950.335 11283.53 12154.86 12513.45 12404.37 11921.91 11167.75 10231.89 9188.258 8094.499 6993.119 5914.494 4881.132 3911.875 3025.038 2239.579 1573.439 1039.249 639.3495 
1432.41 2327.043 3501.698 4942.907 6597.504 8347.462 10005.19 11359.43 12252.56 12631.7 12540 12070.3 11323.49 10389.41 9342.244 8240.125 7126.327 6032.271 4981.683 3994.621 3090.472 2289.053 1608.961 1063.264 654.4931 
1439.808 2336.036 3509.503 4944.727 6587.334 8319.57 9955.569 11286.58 12157.57 12517.92 12412.57 11935.59 11188.41 10260.44 9224.675 8137.477 7040.175 5962.477 4926.92 3952.965 3059.85 2267.462 1594.515 1054.201 649.2236 
1437.311 2335.555 3515.358 4963.065 6624.506 8379.64 10038.32 11387.41 12269.36 12633.71 12527.33 12046.52 11294.16 10360.3 9318.109 8224.019 7119.375 6033.8 4989.691 4006.472 3103.6 2301.46 1619.412 1071.249 660.0563 
1440.505 2337.401 3511.952 4948.684 6592.946 8326.249 9961.476 11288.3 12150.3 12496.27 12372.04 11874.28 11108.13 10166.76 9125.569 8041.362 6954.018 5890.672 4871.058 3912.3 3032.127 2249.786 1584.021 1048.454 646.3628 
1433.707 2330.07 3507.737 4953.133 6611.933 8363.626 10017.37 11359.27 12231.24 12582.53 12460.13 11961.08 11189.81 10238.85 9184.327 8085.309 6984.419 5910.724 4884.446 3921.999 3039.905 2256.344 1589.441 1052.642 649.3176 
