# Number of parameters = 155 Objective function value = 74342.3  Maximum gradient component = 0.000384462
# srv_sel50:
1.66771734380
# srv_sel95:
2.97521558861
# stNatLen:
 11.8828041975 11.7007366008 11.4326730181 11.2071647089 11.0282921314 10.8573359477 10.6605315097 10.4261150357 10.1619106049 9.88402985311 9.60768532587 9.34359918444 9.09800041008 8.87385778098 8.67208563615 8.49246509602 8.33422783517 8.19640827564 8.07805924088 7.97826000819 7.89620329709 7.83127189121 7.78291036762 7.75079150843 7.73476775484
# log_avg_fmort_dir:
-1.60984038563
# fmort_dir_dev:
 -2.07212863150 -2.00361871413 -1.46716926671 -1.05846685172 -0.938214760316 -0.583509844452 -0.383614397462 -0.261761296727 -0.0975597946126 0.00734011308488 0.134557891988 0.215939939014 0.238907535704 0.367120604975 0.506280501497 0.488304867248 0.382236964043 0.498219163086 0.371515634834 0.423711701559 0.358892885841 0.245143772299 0.294153752024 0.258470160980 0.255768943496 0.133720458629 0.174691978596 0.198637469382 0.0969097632333 0.170231558970 0.136326936912 0.101149250021 0.146644598198 0.0709317586257 0.117912861624 0.183760705399 0.126764115354 0.195800127969 0.0872340756425 0.114474114178 0.0700265198249 0.113002233187 0.145522311713 0.101082624782 -0.0158982328342 0.0643514055874 0.00421765574058 0.0470655119586 0.0525337982569 0.0112399049245 0.467073344495 0.569298929222 0.363535076985 0.180330381997 -0.0559752815447 -0.110254627153 -0.117707111837 -0.123736855186 0.0485139633484 -0.0873093945289 -0.0536398251316 0.0910170194157
# mean_log_rec:
11.3395998051
# rec_dev:
 0.586259674124 0.560553367749 0.562264193959 0.558279638518 0.549331521590 0.537170728064 0.508991381062 0.481209917238 0.462827422660 0.441111089005 0.412862026017 0.373828621011 0.320908364112 0.255332706697 0.190134497525 0.125736787293 0.0801371532387 0.0361964648999 0.0149654089721 -0.00456458281978 -0.0393378607409 -0.0584895235784 -0.0701006546763 -0.0871932230210 -0.104156663526 -0.129185266595 -0.170401831733 -0.187705942503 -0.203598759147 -0.236543372998 -0.265229190138 -0.317079594523 -0.365163171008 -0.368229829101 -0.288640073141 -0.210899215899 -0.220608338151 -0.220539515060 -0.195274309192 -0.196034149968 -0.199985774436 -0.202798212948 -0.217192030157 -0.228686048600 -0.218122097696 -0.216531166693 -0.242174327553 -0.239915390434 -0.229066720549 -0.220074299310 -0.206230575105 -0.214735538244 -0.227045338595 -0.215824028911 -0.172122904424 -0.117523100842 -0.0588485909424 -0.00834332327992 0.0440425146135 0.0950220354151 0.0885145112611 0.0885145112131
# log_avg_NatM:
-1.47890400000
# m_dev:
 0.00000000000 0.00000000000 0.00000000000 0.00000000000 0.00000000000 0.00000000000 0.00000000000 0.00000000000 0.00000000000 0.00000000000 0.00000000000 0.00000000000 0.00000000000 0.00000000000 0.00000000000 0.00000000000 0.00000000000 0.00000000000 0.00000000000 0.00000000000 0.00000000000 0.00000000000 0.00000000000 0.00000000000 0.00000000000 0.00000000000 0.00000000000 0.00000000000 0.00000000000 0.00000000000 0.00000000000 0.00000000000 0.00000000000 0.00000000000 0.00000000000 0.00000000000 0.00000000000 0.00000000000 0.00000000000 0.00000000000 0.00000000000 0.00000000000 0.00000000000 0.00000000000 0.00000000000 0.00000000000 0.00000000000 0.00000000000 0.00000000000 0.00000000000 0.00000000000 0.00000000000 0.00000000000 0.00000000000 0.00000000000 0.00000000000 0.00000000000 0.00000000000 0.00000000000 0.00000000000 0.00000000000 0.00000000000
# log_avg_GrowthK:
-1.60943800000
# log_avg_Linf:
4.88280200000
# GrowthK_dev:
 0.00000000000 0.00000000000 0.00000000000 0.00000000000 0.00000000000 0.00000000000 0.00000000000 0.00000000000 0.00000000000 0.00000000000 0.00000000000 0.00000000000 0.00000000000 0.00000000000 0.00000000000 0.00000000000 0.00000000000 0.00000000000 0.00000000000 0.00000000000 0.00000000000 0.00000000000 0.00000000000 0.00000000000 0.00000000000 0.00000000000 0.00000000000 0.00000000000 0.00000000000 0.00000000000 0.00000000000 0.00000000000 0.00000000000 0.00000000000 0.00000000000 0.00000000000 0.00000000000 0.00000000000 0.00000000000 0.00000000000 0.00000000000 0.00000000000 0.00000000000 0.00000000000 0.00000000000 0.00000000000 0.00000000000 0.00000000000 0.00000000000 0.00000000000 0.00000000000 0.00000000000 0.00000000000 0.00000000000 0.00000000000 0.00000000000 0.00000000000 0.00000000000 0.00000000000 0.00000000000 0.00000000000 0.00000000000
# Linf_dev:
 0.00000000000 0.00000000000 0.00000000000 0.00000000000 0.00000000000 0.00000000000 0.00000000000 0.00000000000 0.00000000000 0.00000000000 0.00000000000 0.00000000000 0.00000000000 0.00000000000 0.00000000000 0.00000000000 0.00000000000 0.00000000000 0.00000000000 0.00000000000 0.00000000000 0.00000000000 0.00000000000 0.00000000000 0.00000000000 0.00000000000 0.00000000000 0.00000000000 0.00000000000 0.00000000000 0.00000000000 0.00000000000 0.00000000000 0.00000000000 0.00000000000 0.00000000000 0.00000000000 0.00000000000 0.00000000000 0.00000000000 0.00000000000 0.00000000000 0.00000000000 0.00000000000 0.00000000000 0.00000000000 0.00000000000 0.00000000000 0.00000000000 0.00000000000 0.00000000000 0.00000000000 0.00000000000 0.00000000000 0.00000000000 0.00000000000 0.00000000000 0.00000000000 0.00000000000 0.00000000000 0.00000000000 0.00000000000
# SelPars50:
2.28647870563
# SelPars95:
4.19919245336
# SelPars_dev50:
 0.00000000000 0.00000000000 0.00000000000 0.00000000000 0.00000000000 0.00000000000 0.00000000000 0.00000000000 0.00000000000 0.00000000000 0.00000000000 0.00000000000 0.00000000000 0.00000000000 0.00000000000 0.00000000000 0.00000000000 0.00000000000 0.00000000000 0.00000000000 0.00000000000 0.00000000000 0.00000000000 0.00000000000 0.00000000000 0.00000000000 0.00000000000 0.00000000000 0.00000000000 0.00000000000 0.00000000000 0.00000000000 0.00000000000 0.00000000000 0.00000000000 0.00000000000 0.00000000000 0.00000000000 0.00000000000 0.00000000000 0.00000000000 0.00000000000 0.00000000000 0.00000000000 0.00000000000 0.00000000000 0.00000000000 0.00000000000 0.00000000000 0.00000000000 0.00000000000 0.00000000000 0.00000000000 0.00000000000 0.00000000000 0.00000000000 0.00000000000 0.00000000000 0.00000000000 0.00000000000 0.00000000000 0.00000000000
# SelPars_dev95:
 0.00000000000 0.00000000000 0.00000000000 0.00000000000 0.00000000000 0.00000000000 0.00000000000 0.00000000000 0.00000000000 0.00000000000 0.00000000000 0.00000000000 0.00000000000 0.00000000000 0.00000000000 0.00000000000 0.00000000000 0.00000000000 0.00000000000 0.00000000000 0.00000000000 0.00000000000 0.00000000000 0.00000000000 0.00000000000 0.00000000000 0.00000000000 0.00000000000 0.00000000000 0.00000000000 0.00000000000 0.00000000000 0.00000000000 0.00000000000 0.00000000000 0.00000000000 0.00000000000 0.00000000000 0.00000000000 0.00000000000 0.00000000000 0.00000000000 0.00000000000 0.00000000000 0.00000000000 0.00000000000 0.00000000000 0.00000000000 0.00000000000 0.00000000000 0.00000000000 0.00000000000 0.00000000000 0.00000000000 0.00000000000 0.00000000000 0.00000000000 0.00000000000 0.00000000000 0.00000000000 0.00000000000 0.00000000000
