# Number of parameters = 227 Objective function value = 77896.9  Maximum gradient component = 0.00116502
# srv_sel50:
1.47817229056
# srv_sel95:
2.44309600199
# stNatLen:
 11.4280050237 11.2886249575 11.0900104166 10.9004850125 10.7143548867 10.5112771114 10.2854073540 10.0448394481 9.80187594517 9.56668679493 9.34565177703 9.14200644794 8.95690730842 8.79032709367 8.64163244301 8.50993240808 8.39426321503 8.29375531273 8.20761057019 8.13508567678 8.07553033211 8.02845255847 7.99347115699 7.97026745974 7.95875950619
# log_avg_fmort_dir:
-1.64445070870
# fmort_dir_dev:
 -1.78395897084 -1.80703830471 -1.33431251149 -0.910122558308 -0.741998141220 -0.427911860142 -0.314989907393 -0.209440391996 -0.0479993121798 -0.0785762877983 0.0416023798314 0.203058260947 0.297277613616 0.361687980530 0.445384460615 0.549579340059 0.443601141226 0.423593370045 0.337304677209 0.315669931245 0.323285269386 0.283501832004 0.378583753875 0.328479991369 0.354098003223 0.301050017877 0.328648434074 0.299626781125 0.266205712018 0.274640660238 0.313541048780 0.204641833653 0.0903209678851 0.0701631816478 0.0735185621111 0.0685540745851 0.00378577237273 -0.0112576104728 0.0113108987319 0.0837141636589 0.0141253623627 -0.0478312229903 0.0960871188637 -0.0509397080590 -0.0170041588399 0.0752346307437 0.0597668493991 0.0834144034214 -0.0230969613365 0.0212519298342 0.0868811732398 0.315865213555 -0.337748773915 0.0320873729977 0.225064243279 -0.0644843344030 0.349237670963 0.244119255295 -0.319337647290 -0.257539141791 -0.0129658093866 0.205131414656 -0.154870715020 -0.111232292306 -0.220040130661
# mean_log_rec:
11.1539696429
# rec_dev:
 0.337469887314 0.318234196506 0.305950755999 0.283216415074 0.254015074935 0.235707422198 0.244381870378 0.281510027157 0.319182193880 0.305814592785 0.249399151672 0.185455804269 0.126656242512 0.0701117530378 0.0177341289616 -0.0248953031488 -0.0399828495396 -0.0397110000895 -0.0232457079935 -0.0456668716242 -0.139373358479 -0.225569818118 -0.248589707349 -0.246108499995 -0.239188004345 -0.252107409178 -0.278321298430 -0.324953396894 -0.334063793079 -0.331676151031 -0.294125619878 -0.250224255471 -0.237281091337 -0.198412990406 -0.0827009349369 0.0366793775033 0.0840960062203 0.00696418893015 -0.0517548238889 -0.0440005361748 -0.00628396673878 0.0259743549304 0.0680624269153 0.0741084469041 -0.0222917995317 -0.0576841319743 -0.0277262874142 -0.0239085775891 0.00409036808658 0.0300784297196 0.0155246808844 0.0114655360382 0.0214567804057 0.0446298890056 0.0495732476498 0.0174231302257 -0.0334194623981 -0.0820245685493 -0.0931049327728 -0.0695788130563 -0.0477540392634 2.69280468796e-006 0.0910302078655 0.149865331812 0.149865388094
# log_avg_NatM:
-1.55090648402
# m_dev:
 -0.00652064911118 -0.126210612372 0.0434958017958 0.0190835536382 0.0214244153087 0.00210323058707 -0.226047995557 -0.448749742012 -0.392495439236 -0.0194090385419 0.0831540668681 0.0762521570664 0.0217878679074 -0.0326067577082 -0.121770689563 -0.101322085564 -0.258094644337 -0.268070268570 -0.334005664507 -0.0479913544138 0.322013144388 0.176083055017 -0.152240262054 -0.201175969064 -0.299466064971 -0.146039194562 0.000558779578758 0.0762791220488 -0.165001839141 -0.234502526189 -0.379578991867 -0.252564947732 -0.159954264250 -0.164496682368 0.102256856119 -0.0595299886856 -0.0272183313267 0.491894240923 0.356159741098 0.183251089097 0.0650579005581 0.0766117246983 -0.0209609097753 0.150844068031 0.599412254766 0.207988261072 0.00739591436073 0.235848450346 0.0379451096807 0.0980882206029 0.260792274379 0.0979928550657 0.126569865476 0.161405973045 0.0663376648615 0.241154463283 0.319619051589 0.261611663614 0.185205421443 0.125792956026 0.136905034855 -0.0857136935646 -0.147794175608 -0.284041240394 -0.274802226151
# log_avg_GrowthK:
-1.60943800000
# log_avg_Linf:
4.88280200000
# GrowthK_dev:
 0.00000000000 0.00000000000 0.00000000000 0.00000000000 0.00000000000 0.00000000000 0.00000000000 0.00000000000 0.00000000000 0.00000000000 0.00000000000 0.00000000000 0.00000000000 0.00000000000 0.00000000000 0.00000000000 0.00000000000 0.00000000000 0.00000000000 0.00000000000 0.00000000000 0.00000000000 0.00000000000 0.00000000000 0.00000000000 0.00000000000 0.00000000000 0.00000000000 0.00000000000 0.00000000000 0.00000000000 0.00000000000 0.00000000000 0.00000000000 0.00000000000 0.00000000000 0.00000000000 0.00000000000 0.00000000000 0.00000000000 0.00000000000 0.00000000000 0.00000000000 0.00000000000 0.00000000000 0.00000000000 0.00000000000 0.00000000000 0.00000000000 0.00000000000 0.00000000000 0.00000000000 0.00000000000 0.00000000000 0.00000000000 0.00000000000 0.00000000000 0.00000000000 0.00000000000 0.00000000000 0.00000000000 0.00000000000 0.00000000000 0.00000000000 0.00000000000
# Linf_dev:
 0.00000000000 0.00000000000 0.00000000000 0.00000000000 0.00000000000 0.00000000000 0.00000000000 0.00000000000 0.00000000000 0.00000000000 0.00000000000 0.00000000000 0.00000000000 0.00000000000 0.00000000000 0.00000000000 0.00000000000 0.00000000000 0.00000000000 0.00000000000 0.00000000000 0.00000000000 0.00000000000 0.00000000000 0.00000000000 0.00000000000 0.00000000000 0.00000000000 0.00000000000 0.00000000000 0.00000000000 0.00000000000 0.00000000000 0.00000000000 0.00000000000 0.00000000000 0.00000000000 0.00000000000 0.00000000000 0.00000000000 0.00000000000 0.00000000000 0.00000000000 0.00000000000 0.00000000000 0.00000000000 0.00000000000 0.00000000000 0.00000000000 0.00000000000 0.00000000000 0.00000000000 0.00000000000 0.00000000000 0.00000000000 0.00000000000 0.00000000000 0.00000000000 0.00000000000 0.00000000000 0.00000000000 0.00000000000 0.00000000000 0.00000000000 0.00000000000
# SelPars50:
2.01655278692
# SelPars95:
3.57490225080
# SelPars_dev50:
 0.00000000000 0.00000000000 0.00000000000 0.00000000000 0.00000000000 0.00000000000 0.00000000000 0.00000000000 0.00000000000 0.00000000000 0.00000000000 0.00000000000 0.00000000000 0.00000000000 0.00000000000 0.00000000000 0.00000000000 0.00000000000 0.00000000000 0.00000000000 0.00000000000 0.00000000000 0.00000000000 0.00000000000 0.00000000000 0.00000000000 0.00000000000 0.00000000000 0.00000000000 0.00000000000 0.00000000000 0.00000000000 0.00000000000 0.00000000000 0.00000000000 0.00000000000 0.00000000000 0.00000000000 0.00000000000 0.00000000000 0.00000000000 0.00000000000 0.00000000000 0.00000000000 0.00000000000 0.00000000000 0.00000000000 0.00000000000 0.00000000000 0.00000000000 0.00000000000 0.00000000000 0.00000000000 0.00000000000 0.00000000000 0.00000000000 0.00000000000 0.00000000000 0.00000000000 0.00000000000 0.00000000000 0.00000000000 0.00000000000 0.00000000000 0.00000000000
# SelPars_dev95:
 0.00000000000 0.00000000000 0.00000000000 0.00000000000 0.00000000000 0.00000000000 0.00000000000 0.00000000000 0.00000000000 0.00000000000 0.00000000000 0.00000000000 0.00000000000 0.00000000000 0.00000000000 0.00000000000 0.00000000000 0.00000000000 0.00000000000 0.00000000000 0.00000000000 0.00000000000 0.00000000000 0.00000000000 0.00000000000 0.00000000000 0.00000000000 0.00000000000 0.00000000000 0.00000000000 0.00000000000 0.00000000000 0.00000000000 0.00000000000 0.00000000000 0.00000000000 0.00000000000 0.00000000000 0.00000000000 0.00000000000 0.00000000000 0.00000000000 0.00000000000 0.00000000000 0.00000000000 0.00000000000 0.00000000000 0.00000000000 0.00000000000 0.00000000000 0.00000000000 0.00000000000 0.00000000000 0.00000000000 0.00000000000 0.00000000000 0.00000000000 0.00000000000 0.00000000000 0.00000000000 0.00000000000 0.00000000000 0.00000000000 0.00000000000 0.00000000000
