# Number of parameters = 206 Objective function value = 69405.2  Maximum gradient component = 0.00178298
# srv_sel50:
1.45474740941
# srv_sel95:
2.37915574748
# stNatLen:
 11.6867621186 11.5361644312 11.3315652816 11.1400751869 10.9535715203 10.7504686833 10.5246287415 10.2841929808 10.0415263001 9.80678430671 9.58630072514 9.38326041545 9.19878739299 9.03282813458 8.88473661704 8.75360846830 8.63847278964 8.53841071920 8.45259333058 8.38030841515 8.32096242701 8.27404745421 8.23924476760 8.21623677138 8.20479335279
# log_avg_fmort_dir:
-1.58113925101
# fmort_dir_dev:
 -1.96967079408 -1.97111241591 -1.30578434252 -1.05705292614 -0.787241473689 -0.551430632101 -0.400302338670 -0.137491704879 -0.00631608628265 0.0992561343794 0.191161481576 0.289149685262 0.344073579713 0.340328083485 0.454313470412 0.551147572324 0.555749225679 0.505761049002 0.492205233203 0.522373732258 0.486273530177 0.453208256825 0.470901351409 0.312548888389 0.386359212135 0.277189331260 0.329750893431 0.197492973343 0.294171965151 0.134862276600 0.106351601946 0.0509307547201 0.0769547355959 0.0847022355504 -0.0224896315096 0.0171512208325 -0.0409755560562 -0.0135669846833 -0.0788624665628 -0.0947514552616 -0.0459773286891 -0.00875317695878 0.0219102824425 0.00870446206393 0.0572938732965 -0.101145076407 -0.00939163550834 0.0507778260521 0.0412432732533 0.108195616240 -0.0649600130353 -0.239397241406 0.287576508696 -0.170296186004 -0.118361112129 -0.0141816253152 0.224432588148 0.385009298952
# mean_log_rec:
11.0943452790
# rec_dev:
 0.533742641290 0.443865389072 0.388504103607 0.379481136645 0.365829436726 0.339262869222 0.297474944209 0.236330717342 0.170999005986 0.109769668797 0.0615898310428 0.0473962151804 0.0401646268547 0.0114648720472 -0.0579035079915 -0.141482604798 -0.198567013376 -0.231798639867 -0.250593639132 -0.267766984396 -0.280980123548 -0.274547273487 -0.256713974964 -0.260287393811 -0.264065167551 -0.264162922999 -0.264691442854 -0.272677724777 -0.244763413820 -0.205330900966 -0.207630345949 -0.213291076076 -0.216305815437 -0.163444816750 -0.00758767184680 0.117464686811 0.136058415559 0.122497769442 0.109892059023 0.0941001960379 0.0461349937115 0.00230046404034 -0.00951480733391 0.0209582427711 0.0765291280040 0.126471284036 0.105452499888 0.0243458581933 -0.0122043948196 -0.00476692913639 0.0239967114488 0.0259279496128 0.0383470035707 0.0604307676620 0.0755352880853 0.0279134384203 -0.0445768089727 -0.0445768196763
# log_avg_NatM:
-1.58030028522
# m_dev:
 0.353473504279 0.385164409115 0.188630712893 -0.0449392634833 0.0231719759562 -0.0188641007542 0.00912550185581 0.0456517014751 0.0551483189512 0.0268040246088 -0.140442854613 -0.291820540866 -0.334870410198 -0.299674102645 -0.184253258741 -0.0555624243724 -0.239320453487 -0.407495994125 -0.430695502542 -0.344972447811 -0.462869833404 -0.524643760254 -0.385780139558 -0.235253856159 -0.278884618961 -0.217505679082 -0.0930626933858 -0.144429704359 -0.350711950956 -0.250302111734 0.0389364543010 -0.0160686683019 -0.0468058127956 -0.238624370838 -0.140014643546 0.00925150577116 0.182890628804 0.258280117639 0.257725073626 0.298275385343 0.409779724159 0.364455188773 0.256901867126 0.0692122798330 -0.0576214282390 -0.00133463717526 0.235504180639 0.509865953776 0.254263799611 0.132454964449 0.0251057730690 0.245459183152 0.101806015055 0.0988030481279 0.0963494491332 0.239853817728 0.546577948751 0.517902754385
# log_avg_GrowthK:
-1.60943800000
# log_avg_Linf:
4.88280200000
# GrowthK_dev:
 0.00000000000 0.00000000000 0.00000000000 0.00000000000 0.00000000000 0.00000000000 0.00000000000 0.00000000000 0.00000000000 0.00000000000 0.00000000000 0.00000000000 0.00000000000 0.00000000000 0.00000000000 0.00000000000 0.00000000000 0.00000000000 0.00000000000 0.00000000000 0.00000000000 0.00000000000 0.00000000000 0.00000000000 0.00000000000 0.00000000000 0.00000000000 0.00000000000 0.00000000000 0.00000000000 0.00000000000 0.00000000000 0.00000000000 0.00000000000 0.00000000000 0.00000000000 0.00000000000 0.00000000000 0.00000000000 0.00000000000 0.00000000000 0.00000000000 0.00000000000 0.00000000000 0.00000000000 0.00000000000 0.00000000000 0.00000000000 0.00000000000 0.00000000000 0.00000000000 0.00000000000 0.00000000000 0.00000000000 0.00000000000 0.00000000000 0.00000000000 0.00000000000
# Linf_dev:
 0.00000000000 0.00000000000 0.00000000000 0.00000000000 0.00000000000 0.00000000000 0.00000000000 0.00000000000 0.00000000000 0.00000000000 0.00000000000 0.00000000000 0.00000000000 0.00000000000 0.00000000000 0.00000000000 0.00000000000 0.00000000000 0.00000000000 0.00000000000 0.00000000000 0.00000000000 0.00000000000 0.00000000000 0.00000000000 0.00000000000 0.00000000000 0.00000000000 0.00000000000 0.00000000000 0.00000000000 0.00000000000 0.00000000000 0.00000000000 0.00000000000 0.00000000000 0.00000000000 0.00000000000 0.00000000000 0.00000000000 0.00000000000 0.00000000000 0.00000000000 0.00000000000 0.00000000000 0.00000000000 0.00000000000 0.00000000000 0.00000000000 0.00000000000 0.00000000000 0.00000000000 0.00000000000 0.00000000000 0.00000000000 0.00000000000 0.00000000000 0.00000000000
# SelPars50:
2.04676581966
# SelPars95:
3.68328020225
# SelPars_dev50:
 0.00000000000 0.00000000000 0.00000000000 0.00000000000 0.00000000000 0.00000000000 0.00000000000 0.00000000000 0.00000000000 0.00000000000 0.00000000000 0.00000000000 0.00000000000 0.00000000000 0.00000000000 0.00000000000 0.00000000000 0.00000000000 0.00000000000 0.00000000000 0.00000000000 0.00000000000 0.00000000000 0.00000000000 0.00000000000 0.00000000000 0.00000000000 0.00000000000 0.00000000000 0.00000000000 0.00000000000 0.00000000000 0.00000000000 0.00000000000 0.00000000000 0.00000000000 0.00000000000 0.00000000000 0.00000000000 0.00000000000 0.00000000000 0.00000000000 0.00000000000 0.00000000000 0.00000000000 0.00000000000 0.00000000000 0.00000000000 0.00000000000 0.00000000000 0.00000000000 0.00000000000 0.00000000000 0.00000000000 0.00000000000 0.00000000000 0.00000000000 0.00000000000
# SelPars_dev95:
 0.00000000000 0.00000000000 0.00000000000 0.00000000000 0.00000000000 0.00000000000 0.00000000000 0.00000000000 0.00000000000 0.00000000000 0.00000000000 0.00000000000 0.00000000000 0.00000000000 0.00000000000 0.00000000000 0.00000000000 0.00000000000 0.00000000000 0.00000000000 0.00000000000 0.00000000000 0.00000000000 0.00000000000 0.00000000000 0.00000000000 0.00000000000 0.00000000000 0.00000000000 0.00000000000 0.00000000000 0.00000000000 0.00000000000 0.00000000000 0.00000000000 0.00000000000 0.00000000000 0.00000000000 0.00000000000 0.00000000000 0.00000000000 0.00000000000 0.00000000000 0.00000000000 0.00000000000 0.00000000000 0.00000000000 0.00000000000 0.00000000000 0.00000000000 0.00000000000 0.00000000000 0.00000000000 0.00000000000 0.00000000000 0.00000000000 0.00000000000 0.00000000000
