# Number of parameters = 143 Objective function value = 67225.0  Maximum gradient component = 3.71436e-005
# srv_sel50:
1.49643860776
# srv_sel95:
2.49466525121
# stNatLen:
 11.4160131922 11.2733560270 11.0750200833 10.8887634743 10.7016758489 10.4923099576 10.2593483443 10.0154046030 9.77454351193 9.54646013140 9.33617486670 9.14550038707 8.97444536223 8.82215635473 8.68748150946 8.56914020492 8.46599737969 8.37703073959 8.30134924546 8.23810848464 8.18658372640 8.14619376838 8.11643316906 8.09677310245 8.08694501784
# log_avg_fmort_dir:
-1.68602635003
# fmort_dir_dev:
 -1.69544342624 -1.67147501754 -1.37970856233 -1.02265724299 -0.589113496941 -0.501203177312 -0.351636219219 -0.199821009085 -0.0767948167297 0.0584483227540 0.154153991165 0.278715624245 0.300879818279 0.473293338496 0.446829274364 0.539809143208 0.489968122542 0.382645915746 0.449791044379 0.437720868936 0.485943304421 0.445780557860 0.401658447656 0.389025094328 0.414710754579 0.276146028704 0.361006842233 0.268802884969 0.306876849023 0.239807228066 0.196703320614 0.199998644675 0.115666176813 0.113595764932 -0.0252721228099 -0.0457122222156 0.0378657857002 0.0914595958711 0.146476822705 0.0634545290452 0.0153225649067 0.00547440398171 0.0385616523638 0.100422239257 0.0705147900907 0.0324190492551 0.121227263308 0.161238312923 0.113483625083 -0.0164057703342 -0.460295379539 -0.111353042766 -0.218503525548 -0.285417913601 -0.335080411340 -0.240004640933
# mean_log_rec:
11.1142840285
# rec_dev:
 0.365352149611 0.351579288481 0.361779406712 0.357649404358 0.357371830467 0.363281871710 0.354016254088 0.335659433853 0.318242507318 0.301678966898 0.265369738824 0.230844325112 0.197857225803 0.170815566000 0.136981262633 0.103173832389 0.0718827925716 0.0350223715606 -0.00888564544910 -0.0492074093241 -0.0646536301336 -0.0802512097323 -0.0798990506223 -0.0932187427096 -0.100765998167 -0.138413575111 -0.160203260107 -0.149494674182 -0.151491203528 -0.156251636661 -0.155823828104 -0.144382376023 -0.143373243391 -0.147212795074 -0.145842972391 -0.137239712189 -0.139833365684 -0.151311450786 -0.135645553306 -0.123533686416 -0.127180041325 -0.127376621195 -0.132512334870 -0.130986818490 -0.128146969495 -0.133719431452 -0.149288920147 -0.149923647209 -0.141625291055 -0.145105419174 -0.143152703582 -0.124270343278 -0.105689233203 -0.0945828201468 -0.0940313083191 -0.0940313063565
# log_avg_NatM:
-1.58199700000
# m_dev:
 0.00000000000 0.00000000000 0.00000000000 0.00000000000 0.00000000000 0.00000000000 0.00000000000 0.00000000000 0.00000000000 0.00000000000 0.00000000000 0.00000000000 0.00000000000 0.00000000000 0.00000000000 0.00000000000 0.00000000000 0.00000000000 0.00000000000 0.00000000000 0.00000000000 0.00000000000 0.00000000000 0.00000000000 0.00000000000 0.00000000000 0.00000000000 0.00000000000 0.00000000000 0.00000000000 0.00000000000 0.00000000000 0.00000000000 0.00000000000 0.00000000000 0.00000000000 0.00000000000 0.00000000000 0.00000000000 0.00000000000 0.00000000000 0.00000000000 0.00000000000 0.00000000000 0.00000000000 0.00000000000 0.00000000000 0.00000000000 0.00000000000 0.00000000000 0.00000000000 0.00000000000 0.00000000000 0.00000000000 0.00000000000 0.00000000000
# log_avg_GrowthK:
-1.57617200000
# log_avg_Linf:
4.89228800000
# GrowthK_dev:
 0.00000000000 0.00000000000 0.00000000000 0.00000000000 0.00000000000 0.00000000000 0.00000000000 0.00000000000 0.00000000000 0.00000000000 0.00000000000 0.00000000000 0.00000000000 0.00000000000 0.00000000000 0.00000000000 0.00000000000 0.00000000000 0.00000000000 0.00000000000 0.00000000000 0.00000000000 0.00000000000 0.00000000000 0.00000000000 0.00000000000 0.00000000000 0.00000000000 0.00000000000 0.00000000000 0.00000000000 0.00000000000 0.00000000000 0.00000000000 0.00000000000 0.00000000000 0.00000000000 0.00000000000 0.00000000000 0.00000000000 0.00000000000 0.00000000000 0.00000000000 0.00000000000 0.00000000000 0.00000000000 0.00000000000 0.00000000000 0.00000000000 0.00000000000 0.00000000000 0.00000000000 0.00000000000 0.00000000000 0.00000000000 0.00000000000
# Linf_dev:
 0.00000000000 0.00000000000 0.00000000000 0.00000000000 0.00000000000 0.00000000000 0.00000000000 0.00000000000 0.00000000000 0.00000000000 0.00000000000 0.00000000000 0.00000000000 0.00000000000 0.00000000000 0.00000000000 0.00000000000 0.00000000000 0.00000000000 0.00000000000 0.00000000000 0.00000000000 0.00000000000 0.00000000000 0.00000000000 0.00000000000 0.00000000000 0.00000000000 0.00000000000 0.00000000000 0.00000000000 0.00000000000 0.00000000000 0.00000000000 0.00000000000 0.00000000000 0.00000000000 0.00000000000 0.00000000000 0.00000000000 0.00000000000 0.00000000000 0.00000000000 0.00000000000 0.00000000000 0.00000000000 0.00000000000 0.00000000000 0.00000000000 0.00000000000 0.00000000000 0.00000000000 0.00000000000 0.00000000000 0.00000000000 0.00000000000
# SelPars50:
2.02885439246
# SelPars95:
3.59645299994
# SelPars_dev50:
 0.00000000000 0.00000000000 0.00000000000 0.00000000000 0.00000000000 0.00000000000 0.00000000000 0.00000000000 0.00000000000 0.00000000000 0.00000000000 0.00000000000 0.00000000000 0.00000000000 0.00000000000 0.00000000000 0.00000000000 0.00000000000 0.00000000000 0.00000000000 0.00000000000 0.00000000000 0.00000000000 0.00000000000 0.00000000000 0.00000000000 0.00000000000 0.00000000000 0.00000000000 0.00000000000 0.00000000000 0.00000000000 0.00000000000 0.00000000000 0.00000000000 0.00000000000 0.00000000000 0.00000000000 0.00000000000 0.00000000000 0.00000000000 0.00000000000 0.00000000000 0.00000000000 0.00000000000 0.00000000000 0.00000000000 0.00000000000 0.00000000000 0.00000000000 0.00000000000 0.00000000000 0.00000000000 0.00000000000 0.00000000000 0.00000000000
# SelPars_dev95:
 0.00000000000 0.00000000000 0.00000000000 0.00000000000 0.00000000000 0.00000000000 0.00000000000 0.00000000000 0.00000000000 0.00000000000 0.00000000000 0.00000000000 0.00000000000 0.00000000000 0.00000000000 0.00000000000 0.00000000000 0.00000000000 0.00000000000 0.00000000000 0.00000000000 0.00000000000 0.00000000000 0.00000000000 0.00000000000 0.00000000000 0.00000000000 0.00000000000 0.00000000000 0.00000000000 0.00000000000 0.00000000000 0.00000000000 0.00000000000 0.00000000000 0.00000000000 0.00000000000 0.00000000000 0.00000000000 0.00000000000 0.00000000000 0.00000000000 0.00000000000 0.00000000000 0.00000000000 0.00000000000 0.00000000000 0.00000000000 0.00000000000 0.00000000000 0.00000000000 0.00000000000 0.00000000000 0.00000000000 0.00000000000 0.00000000000
