# Number of parameters = 233 Objective function value = 80341.5  Maximum gradient component = 0.00160487
# srv_sel50:
1.47667870051
# srv_sel95:
2.44434034874
# stNatLen:
 11.5292244907 11.3874537282 11.1881810279 10.9984315404 10.8120876928 10.6087881879 10.3827379013 10.1420686289 9.89908351560 9.66392747359 9.44297527078 9.23944301739 9.05449088447 8.88808591623 8.73957029557 8.60803511974 8.49252000952 8.39215419626 8.30610973132 8.23361286494 8.17407485260 8.12705879203 8.09217095160 8.06904881250 8.05756977513
# log_avg_fmort_dir:
-1.61949765896
# fmort_dir_dev:
 -1.86729591325 -1.88182394624 -1.31024659396 -0.986200005522 -0.824609489220 -0.631570881435 -0.393082547924 -0.230964831197 -0.117555642922 0.0751306772907 0.196719905178 0.332261379650 0.475686224680 0.470440671010 0.543986464466 0.576674230793 0.563411565530 0.574024244467 0.550732898954 0.518435162062 0.462924654355 0.421803249617 0.377518148947 0.269589935148 0.256319361194 0.170594499115 0.144253624499 0.339918216992 0.317356330352 0.280036368805 0.158485531256 0.0824080415144 0.109287226962 0.0614784707307 -0.0943246178914 0.00992403883471 0.0188585174297 0.0692630101010 0.149708326805 -0.0304298836346 0.0108092130286 0.00307903753370 0.0119478462684 -0.0545799031958 0.150043909527 0.0109138902445 0.0675406363240 -0.000963479776364 -0.0487202359840 -0.0128831194348 0.169720064579 0.0372192871449 0.102657764033 -0.319988026215 0.0270762713727 0.0505620569588 0.217910161370 0.0195904294751 -0.0742104412761 0.0933144189619 -0.0230823565790 0.149570582248 -0.475901076642 -0.0271858199380 0.477296265002 0.112887047727 -0.883751046304
# mean_log_rec:
11.1270556002
# rec_dev:
 0.434084119592 0.393811632773 0.363746982705 0.360023706291 0.373840141422 0.364934868771 0.319082778294 0.287074796708 0.268127833272 0.197910411151 0.0899665771091 0.00296292366932 -0.0275754170755 -0.0354762525177 -0.0806348104484 -0.140042835221 -0.222575207737 -0.281177521297 -0.278937875496 -0.251443386959 -0.231298336145 -0.206381969769 -0.185385101770 -0.167566728496 -0.138312581412 -0.174938936078 -0.300666063249 -0.384718676497 -0.381212797801 -0.336472654471 -0.257834285265 -0.197336795746 -0.142390759921 -0.0705922094708 0.0379672600303 0.0665596523577 -0.0204910327863 -0.0467277446392 -0.0602444403114 -0.0245477404096 0.0398070927814 0.0778859716946 0.0991156830360 0.0374915303213 -0.0307397945093 -0.0324498618796 0.0121162090972 0.0744872431478 0.103691810216 0.0892407576456 0.0505294314000 0.000217886437716 -0.00907162183887 0.0143184504927 0.0593207036799 0.0649030304359 0.0552168275638 0.0482390083194 0.0566226096367 0.0809097316669 0.0964509456082 0.122914427834 0.131856329225 0.0739169048098 -0.0406746001331 -0.0957140844542 -0.0957141453915
# log_avg_NatM:
-1.55677105050
# m_dev:
 0.110538029429 0.0334501452723 0.146556815300 -0.0513641559142 -0.187780277079 -0.0401681004892 0.152456425855 -0.0960930584313 -0.202746416077 0.0780040465904 0.175098403660 -0.0233578430080 -0.387312814725 -0.510010212055 -0.374153560879 -0.212731631867 -0.0309926392117 -0.292769164776 -0.708087358159 -0.679332571689 -0.491305664149 -0.370993449266 -0.252483422176 -0.276160436150 -0.330021969371 0.105295926000 0.425156965320 0.128413194657 -0.239292052374 -0.374325062759 -0.470894086472 -0.400250533632 -0.462536707449 -0.317363960796 0.145265059705 0.359877095842 0.507116234005 0.0698538851252 0.331232816083 0.0199673126363 -0.122924947449 0.00258987218206 0.0635979561435 0.429561927872 0.397191268718 0.197267793431 -0.0275554279615 -0.0927577244445 0.100510743641 0.257684944804 0.302466660171 0.368335280657 0.142305242909 0.0521306473658 0.0299266637093 0.201120610921 0.173488433740 0.150405362186 0.150589568320 0.127086743781 0.228171812030 0.00906566137294 0.118571953755 0.471071134224 0.525245597238 0.289947995827 0.449149018328
# log_avg_GrowthK:
-1.60587900000
# log_avg_Linf:
4.87012800000
# GrowthK_dev:
 0.00000000000 0.00000000000 0.00000000000 0.00000000000 0.00000000000 0.00000000000 0.00000000000 0.00000000000 0.00000000000 0.00000000000 0.00000000000 0.00000000000 0.00000000000 0.00000000000 0.00000000000 0.00000000000 0.00000000000 0.00000000000 0.00000000000 0.00000000000 0.00000000000 0.00000000000 0.00000000000 0.00000000000 0.00000000000 0.00000000000 0.00000000000 0.00000000000 0.00000000000 0.00000000000 0.00000000000 0.00000000000 0.00000000000 0.00000000000 0.00000000000 0.00000000000 0.00000000000 0.00000000000 0.00000000000 0.00000000000 0.00000000000 0.00000000000 0.00000000000 0.00000000000 0.00000000000 0.00000000000 0.00000000000 0.00000000000 0.00000000000 0.00000000000 0.00000000000 0.00000000000 0.00000000000 0.00000000000 0.00000000000 0.00000000000 0.00000000000 0.00000000000 0.00000000000 0.00000000000 0.00000000000 0.00000000000 0.00000000000 0.00000000000 0.00000000000 0.00000000000 0.00000000000
# Linf_dev:
 0.00000000000 0.00000000000 0.00000000000 0.00000000000 0.00000000000 0.00000000000 0.00000000000 0.00000000000 0.00000000000 0.00000000000 0.00000000000 0.00000000000 0.00000000000 0.00000000000 0.00000000000 0.00000000000 0.00000000000 0.00000000000 0.00000000000 0.00000000000 0.00000000000 0.00000000000 0.00000000000 0.00000000000 0.00000000000 0.00000000000 0.00000000000 0.00000000000 0.00000000000 0.00000000000 0.00000000000 0.00000000000 0.00000000000 0.00000000000 0.00000000000 0.00000000000 0.00000000000 0.00000000000 0.00000000000 0.00000000000 0.00000000000 0.00000000000 0.00000000000 0.00000000000 0.00000000000 0.00000000000 0.00000000000 0.00000000000 0.00000000000 0.00000000000 0.00000000000 0.00000000000 0.00000000000 0.00000000000 0.00000000000 0.00000000000 0.00000000000 0.00000000000 0.00000000000 0.00000000000 0.00000000000 0.00000000000 0.00000000000 0.00000000000 0.00000000000 0.00000000000 0.00000000000
# SelPars50:
2.01503579288
# SelPars95:
3.57434033204
# SelPars_dev50:
 0.00000000000 0.00000000000 0.00000000000 0.00000000000 0.00000000000 0.00000000000 0.00000000000 0.00000000000 0.00000000000 0.00000000000 0.00000000000 0.00000000000 0.00000000000 0.00000000000 0.00000000000 0.00000000000 0.00000000000 0.00000000000 0.00000000000 0.00000000000 0.00000000000 0.00000000000 0.00000000000 0.00000000000 0.00000000000 0.00000000000 0.00000000000 0.00000000000 0.00000000000 0.00000000000 0.00000000000 0.00000000000 0.00000000000 0.00000000000 0.00000000000 0.00000000000 0.00000000000 0.00000000000 0.00000000000 0.00000000000 0.00000000000 0.00000000000 0.00000000000 0.00000000000 0.00000000000 0.00000000000 0.00000000000 0.00000000000 0.00000000000 0.00000000000 0.00000000000 0.00000000000 0.00000000000 0.00000000000 0.00000000000 0.00000000000 0.00000000000 0.00000000000 0.00000000000 0.00000000000 0.00000000000 0.00000000000 0.00000000000 0.00000000000 0.00000000000 0.00000000000 0.00000000000
# SelPars_dev95:
 0.00000000000 0.00000000000 0.00000000000 0.00000000000 0.00000000000 0.00000000000 0.00000000000 0.00000000000 0.00000000000 0.00000000000 0.00000000000 0.00000000000 0.00000000000 0.00000000000 0.00000000000 0.00000000000 0.00000000000 0.00000000000 0.00000000000 0.00000000000 0.00000000000 0.00000000000 0.00000000000 0.00000000000 0.00000000000 0.00000000000 0.00000000000 0.00000000000 0.00000000000 0.00000000000 0.00000000000 0.00000000000 0.00000000000 0.00000000000 0.00000000000 0.00000000000 0.00000000000 0.00000000000 0.00000000000 0.00000000000 0.00000000000 0.00000000000 0.00000000000 0.00000000000 0.00000000000 0.00000000000 0.00000000000 0.00000000000 0.00000000000 0.00000000000 0.00000000000 0.00000000000 0.00000000000 0.00000000000 0.00000000000 0.00000000000 0.00000000000 0.00000000000 0.00000000000 0.00000000000 0.00000000000 0.00000000000 0.00000000000 0.00000000000 0.00000000000 0.00000000000 0.00000000000
