# Number of parameters = 131 Objective function value = 59841.5699142964  Maximum gradient component = 0.000613272805610214
# srv_sel50:
1.69753759879
# srv_sel95:
3.06772410585
# stNatLen:
 11.8831000437 11.6945280273 11.4262641805 11.2024078884 11.0203634397 10.8420185113 10.6398813516 10.4076994049 10.1543203609 9.89350267938 9.63731803396 9.39400186936 9.16827289921 8.96233669152 8.77682187453 8.61148273830 8.46564786733 8.33847672650 8.22913186151 8.13682807799 8.06087659841 8.00078013142 7.95612528752 7.92657157885 7.91184148303
# log_avg_fmort_dir:
-1.64237379768
# fmort_dir_dev:
 -2.03283548791 -1.99511339848 -1.52915520271 -1.13603858406 -0.836450451732 -0.524973823991 -0.442898111978 -0.361277077291 -0.196511447289 -0.0164831622882 0.238590102300 0.245531967255 0.345701421659 0.376956227103 0.461224225716 0.515578767556 0.507640075647 0.515977966209 0.475929557936 0.452867067673 0.383359846702 0.375950632629 0.237479152587 0.415552021571 0.274779385792 0.236605525661 0.130647974727 0.153217473758 0.226756519851 0.204694910022 0.144151051886 0.0891167230595 0.250998945033 0.109486344620 0.161141581488 0.151290601517 0.0420672751049 0.0412091027982 0.111293780166 0.0607308999130 0.0964888903034 0.170387809821 0.104768185110 0.0560895831088 0.176126301692 0.103431652238 0.130931149934 0.112856973952 0.100892115135 0.0832369584988
# mean_log_rec:
11.3954849425
# rec_dev:
 0.530116532949 0.502263908573 0.493230888914 0.478759525927 0.465575453341 0.454383506308 0.446229424300 0.433312456002 0.407112031411 0.369017882361 0.329004886570 0.285288048816 0.236064292731 0.202268181843 0.165914744647 0.130902552833 0.0789155276375 0.0156732474978 -0.0190044946894 -0.0438756263995 -0.0677711200678 -0.0962328682042 -0.115505394653 -0.127492513718 -0.137663440193 -0.132401950784 -0.146735193329 -0.172418370570 -0.188781673584 -0.213242792629 -0.246897191257 -0.300291575598 -0.367529041386 -0.395051655549 -0.317871121260 -0.219966090081 -0.219115626026 -0.245421324722 -0.243885615962 -0.250845094641 -0.263211865721 -0.263299539295 -0.261661519554 -0.250385492644 -0.216374560298 -0.154219581095 -0.0996300749757 -0.0701661376433 -0.0885422797158 -0.0885422664198
# log_avg_NatM:
-1.47890400000
# m_dev:
 0.00000000000 0.00000000000 0.00000000000 0.00000000000 0.00000000000 0.00000000000 0.00000000000 0.00000000000 0.00000000000 0.00000000000 0.00000000000 0.00000000000 0.00000000000 0.00000000000 0.00000000000 0.00000000000 0.00000000000 0.00000000000 0.00000000000 0.00000000000 0.00000000000 0.00000000000 0.00000000000 0.00000000000 0.00000000000 0.00000000000 0.00000000000 0.00000000000 0.00000000000 0.00000000000 0.00000000000 0.00000000000 0.00000000000 0.00000000000 0.00000000000 0.00000000000 0.00000000000 0.00000000000 0.00000000000 0.00000000000 0.00000000000 0.00000000000 0.00000000000 0.00000000000 0.00000000000 0.00000000000 0.00000000000 0.00000000000 0.00000000000 0.00000000000
# log_avg_GrowthK:
-1.60943800000
# log_avg_Linf:
4.88280200000
# GrowthK_dev:
 0.00000000000 0.00000000000 0.00000000000 0.00000000000 0.00000000000 0.00000000000 0.00000000000 0.00000000000 0.00000000000 0.00000000000 0.00000000000 0.00000000000 0.00000000000 0.00000000000 0.00000000000 0.00000000000 0.00000000000 0.00000000000 0.00000000000 0.00000000000 0.00000000000 0.00000000000 0.00000000000 0.00000000000 0.00000000000 0.00000000000 0.00000000000 0.00000000000 0.00000000000 0.00000000000 0.00000000000 0.00000000000 0.00000000000 0.00000000000 0.00000000000 0.00000000000 0.00000000000 0.00000000000 0.00000000000 0.00000000000 0.00000000000 0.00000000000 0.00000000000 0.00000000000 0.00000000000 0.00000000000 0.00000000000 0.00000000000 0.00000000000 0.00000000000
# Linf_dev:
 0.00000000000 0.00000000000 0.00000000000 0.00000000000 0.00000000000 0.00000000000 0.00000000000 0.00000000000 0.00000000000 0.00000000000 0.00000000000 0.00000000000 0.00000000000 0.00000000000 0.00000000000 0.00000000000 0.00000000000 0.00000000000 0.00000000000 0.00000000000 0.00000000000 0.00000000000 0.00000000000 0.00000000000 0.00000000000 0.00000000000 0.00000000000 0.00000000000 0.00000000000 0.00000000000 0.00000000000 0.00000000000 0.00000000000 0.00000000000 0.00000000000 0.00000000000 0.00000000000 0.00000000000 0.00000000000 0.00000000000 0.00000000000 0.00000000000 0.00000000000 0.00000000000 0.00000000000 0.00000000000 0.00000000000 0.00000000000 0.00000000000 0.00000000000
# SelPars50:
2.31259966762
# SelPars95:
4.24667300166
# SelPars_dev50:
 0.00000000000 0.00000000000 0.00000000000 0.00000000000 0.00000000000 0.00000000000 0.00000000000 0.00000000000 0.00000000000 0.00000000000 0.00000000000 0.00000000000 0.00000000000 0.00000000000 0.00000000000 0.00000000000 0.00000000000 0.00000000000 0.00000000000 0.00000000000 0.00000000000 0.00000000000 0.00000000000 0.00000000000 0.00000000000 0.00000000000 0.00000000000 0.00000000000 0.00000000000 0.00000000000 0.00000000000 0.00000000000 0.00000000000 0.00000000000 0.00000000000 0.00000000000 0.00000000000 0.00000000000 0.00000000000 0.00000000000 0.00000000000 0.00000000000 0.00000000000 0.00000000000 0.00000000000 0.00000000000 0.00000000000 0.00000000000 0.00000000000 0.00000000000
# SelPars_dev95:
 0.00000000000 0.00000000000 0.00000000000 0.00000000000 0.00000000000 0.00000000000 0.00000000000 0.00000000000 0.00000000000 0.00000000000 0.00000000000 0.00000000000 0.00000000000 0.00000000000 0.00000000000 0.00000000000 0.00000000000 0.00000000000 0.00000000000 0.00000000000 0.00000000000 0.00000000000 0.00000000000 0.00000000000 0.00000000000 0.00000000000 0.00000000000 0.00000000000 0.00000000000 0.00000000000 0.00000000000 0.00000000000 0.00000000000 0.00000000000 0.00000000000 0.00000000000 0.00000000000 0.00000000000 0.00000000000 0.00000000000 0.00000000000 0.00000000000 0.00000000000 0.00000000000 0.00000000000 0.00000000000 0.00000000000 0.00000000000 0.00000000000 0.00000000000
