# Number of parameters = 197 Objective function value = 65660.3  Maximum gradient component = 0.000956823
# srv_sel50:
1.47321954734
# srv_sel95:
2.42652162567
# stNatLen:
 11.6753967706 11.4999584248 11.2651829367 11.0355692640 10.8100679083 10.5751967233 10.3281995861 10.0763431532 9.82933722019 9.59471286429 9.37686892322 9.17772196256 8.99762507285 8.83608040285 8.69220077440 8.56496197563 8.45335307609 8.35644122115 8.27339044201 8.20346614852 8.14610298517 8.10079998307 8.06717457136 8.04492833695 8.03387828682
# log_avg_fmort_dir:
-1.50364269036
# fmort_dir_dev:
 -0.708855416817 -0.755076849152 -0.484874982851 -0.193963363823 -0.0414414683915 0.181196050112 0.195566499596 0.272842656085 0.252198053310 0.332709408927 0.443826970919 0.393851396539 0.313800786621 0.396139777344 0.244179114727 0.273830288843 0.298538611336 0.288457310624 0.185184764660 0.197642574865 0.180009778694 0.288235806508 0.163555841121 0.0587076386609 0.0634846810382 -0.0461359102306 -0.0958005271701 -0.121788542844 -0.186074595042 -0.208702183089 -0.137995579290 -0.0723339380590 -0.0225033788610 -0.0807003872155 -0.178227036589 -0.0976483713467 -0.0757856563151 -0.0351174813335 -0.118191361155 -0.0643033566517 -0.0890565592530 -0.0775365067659 -0.120651698455 -0.131754423815 -0.200220748615 -0.160187223537 0.258804487203 -0.963938317813 -0.216864453061 -0.149995072862 0.280273114135 -0.176370545632 -0.388409936602 0.141152322268 0.696317938501
# mean_log_rec:
11.1173920969
# rec_dev:
 0.448271506000 0.331115061217 0.207638796940 0.116519283967 0.0463220564067 0.0168068900431 0.00979481723481 0.0128641515672 0.0268526982330 0.0278522854351 0.0134414786525 -0.00896219051213 -0.0639343206994 -0.110672772941 -0.142474876666 -0.164451893268 -0.197031447004 -0.214760806352 -0.235966607148 -0.271389149961 -0.312530099781 -0.313543724422 -0.267434880720 -0.226609308944 -0.178424801969 -0.129319888123 -0.0743670136491 -0.0478454049209 -0.0635440125722 -0.0926104980165 -0.0356522720444 -0.0192725744562 0.00604308450448 0.0586541413907 0.0819234506710 0.0706089931519 0.0513549962626 0.0403771195334 -0.000789610318568 -0.0153008124023 0.0190442723026 0.0562787107838 0.0799512161017 0.0955321171562 0.0953544378465 0.0523253570346 0.0588369618274 0.112771708768 0.198452928927 0.234722707929 0.236638720138 0.221981795885 0.140123688314 0.00921665049777 0.00921688216843
# log_avg_NatM:
-1.53386278119
# m_dev:
 0.413751625549 0.334326205836 0.258026039237 0.0676496112803 -0.119442560927 -0.365924219029 -0.389756574502 -0.545228627054 -0.641467379797 -0.614322815900 -0.481679945541 -0.311882404341 -0.0994465000418 -0.107910794076 -0.196322682116 -0.236531893944 -0.0909129739298 -0.176601977788 -0.114883324230 -0.00959083879993 -0.0260266106397 -0.301022639373 -0.370037221099 -0.259577558917 -0.263152868103 -0.261383632288 -0.292776996972 -0.0686580683036 0.128234230481 0.148902700730 0.237293505663 0.463461848059 -0.0984315986996 -0.0764384806525 0.0971081789319 0.201879598780 0.200194220426 0.185597243442 0.370000808174 0.202377418756 -0.0423014842780 0.0436517082933 0.142466012832 0.102615770154 0.172824330443 0.454679472076 0.0227251206948 -0.0555280104917 -0.0639419311984 0.263213232317 0.180017468093 0.123312598609 0.302510166861 0.847276221875 0.717087275438
# log_avg_GrowthK:
-1.60943800000
# log_avg_Linf:
4.88280200000
# GrowthK_dev:
 0.00000000000 0.00000000000 0.00000000000 0.00000000000 0.00000000000 0.00000000000 0.00000000000 0.00000000000 0.00000000000 0.00000000000 0.00000000000 0.00000000000 0.00000000000 0.00000000000 0.00000000000 0.00000000000 0.00000000000 0.00000000000 0.00000000000 0.00000000000 0.00000000000 0.00000000000 0.00000000000 0.00000000000 0.00000000000 0.00000000000 0.00000000000 0.00000000000 0.00000000000 0.00000000000 0.00000000000 0.00000000000 0.00000000000 0.00000000000 0.00000000000 0.00000000000 0.00000000000 0.00000000000 0.00000000000 0.00000000000 0.00000000000 0.00000000000 0.00000000000 0.00000000000 0.00000000000 0.00000000000 0.00000000000 0.00000000000 0.00000000000 0.00000000000 0.00000000000 0.00000000000 0.00000000000 0.00000000000 0.00000000000
# Linf_dev:
 0.00000000000 0.00000000000 0.00000000000 0.00000000000 0.00000000000 0.00000000000 0.00000000000 0.00000000000 0.00000000000 0.00000000000 0.00000000000 0.00000000000 0.00000000000 0.00000000000 0.00000000000 0.00000000000 0.00000000000 0.00000000000 0.00000000000 0.00000000000 0.00000000000 0.00000000000 0.00000000000 0.00000000000 0.00000000000 0.00000000000 0.00000000000 0.00000000000 0.00000000000 0.00000000000 0.00000000000 0.00000000000 0.00000000000 0.00000000000 0.00000000000 0.00000000000 0.00000000000 0.00000000000 0.00000000000 0.00000000000 0.00000000000 0.00000000000 0.00000000000 0.00000000000 0.00000000000 0.00000000000 0.00000000000 0.00000000000 0.00000000000 0.00000000000 0.00000000000 0.00000000000 0.00000000000 0.00000000000 0.00000000000
# SelPars50:
2.01791004306
# SelPars95:
3.57974197040
# SelPars_dev50:
 0.00000000000 0.00000000000 0.00000000000 0.00000000000 0.00000000000 0.00000000000 0.00000000000 0.00000000000 0.00000000000 0.00000000000 0.00000000000 0.00000000000 0.00000000000 0.00000000000 0.00000000000 0.00000000000 0.00000000000 0.00000000000 0.00000000000 0.00000000000 0.00000000000 0.00000000000 0.00000000000 0.00000000000 0.00000000000 0.00000000000 0.00000000000 0.00000000000 0.00000000000 0.00000000000 0.00000000000 0.00000000000 0.00000000000 0.00000000000 0.00000000000 0.00000000000 0.00000000000 0.00000000000 0.00000000000 0.00000000000 0.00000000000 0.00000000000 0.00000000000 0.00000000000 0.00000000000 0.00000000000 0.00000000000 0.00000000000 0.00000000000 0.00000000000 0.00000000000 0.00000000000 0.00000000000 0.00000000000 0.00000000000
# SelPars_dev95:
 0.00000000000 0.00000000000 0.00000000000 0.00000000000 0.00000000000 0.00000000000 0.00000000000 0.00000000000 0.00000000000 0.00000000000 0.00000000000 0.00000000000 0.00000000000 0.00000000000 0.00000000000 0.00000000000 0.00000000000 0.00000000000 0.00000000000 0.00000000000 0.00000000000 0.00000000000 0.00000000000 0.00000000000 0.00000000000 0.00000000000 0.00000000000 0.00000000000 0.00000000000 0.00000000000 0.00000000000 0.00000000000 0.00000000000 0.00000000000 0.00000000000 0.00000000000 0.00000000000 0.00000000000 0.00000000000 0.00000000000 0.00000000000 0.00000000000 0.00000000000 0.00000000000 0.00000000000 0.00000000000 0.00000000000 0.00000000000 0.00000000000 0.00000000000 0.00000000000 0.00000000000 0.00000000000 0.00000000000 0.00000000000
