# Number of parameters = 163 Objective function value = 79463.9  Maximum gradient component = 0.000967816
# srv_sel50:
1.52780855981
# srv_sel95:
2.58033182750
# stNatLen:
 11.4139564376 11.2637092168 11.0534158749 10.8601011191 10.6715117297 10.4633645209 10.2319210846 9.98863809192 9.74736461051 9.51799351144 9.30584594808 9.11299373120 8.93962679343 8.78501464803 8.64805868664 8.52756616021 8.42240683809 8.33152943098 8.25403908487 8.18919154737 8.13630736727 8.09488416588 8.06447392566 8.04453969403 8.03471670420
# log_avg_fmort_dir:
-1.66880156066
# fmort_dir_dev:
 -1.69726067795 -1.76450179719 -1.27964183117 -1.00410990637 -0.673308178508 -0.441150882540 -0.337398109501 -0.223158516885 -0.00521725116573 0.0986260976060 0.0920550829448 0.329112835684 0.381683607970 0.503269305236 0.566431353630 0.513317089681 0.531546719969 0.492002960566 0.529100470114 0.530062549381 0.363315142472 0.350307230501 0.374891335562 0.407538145598 0.374094418145 0.244066590580 0.308261039193 0.287393505848 0.294876434137 0.239967440699 0.193937363745 0.170452046326 0.239941169648 0.0812384724041 0.159140131639 0.0703663735115 0.0312900148793 0.104423077661 0.177216290383 0.171708003540 0.0778870744948 0.105350246046 0.0650173063674 0.00292657635321 0.154733622589 0.0916344962459 0.0852665353812 0.0425038707870 0.0803575753230 0.0590210252894 -0.371133646776 -0.462220704426 -0.277375650648 -0.149034926556 -0.111908727212 -0.0377276036182 -0.191930285645 -0.192131801291 -0.235942110739 -0.108338478921 -0.0297419522634 -0.0287433332508 -0.0486226503046 -0.0756413873517 -0.225284086923 -0.00480613093288
# mean_log_rec:
11.1441807133
# rec_dev:
 0.345720279906 0.332005455236 0.342689186937 0.346505236778 0.347191003644 0.348253597255 0.347384511638 0.339871308641 0.321319468823 0.305583141963 0.272454178626 0.226630988145 0.180170434319 0.126421102934 0.0847547955835 0.0669703296661 0.0340633739058 -0.00108373064223 -0.0379471870473 -0.0520687627208 -0.0701701943634 -0.119801350016 -0.157783528870 -0.174606519483 -0.180069845509 -0.182547663439 -0.193785494368 -0.210076634177 -0.223322089051 -0.217309043439 -0.214470679260 -0.217297997849 -0.207164507296 -0.183132767333 -0.173005285266 -0.157699081208 -0.146740886801 -0.151658634529 -0.170700460826 -0.171438975691 -0.160295518886 -0.149502184836 -0.146630350172 -0.141430580360 -0.134721805620 -0.121828568335 -0.110103853824 -0.0974406337651 -0.0817911729800 -0.0781865280202 -0.0769413653222 -0.0562621946737 -0.0228463321487 0.0169987474327 0.0275129841920 0.0208619114453 0.0182088887749 0.0250590968333 0.0449334716744 0.0517415692438 0.0541758270702 0.0669184646306 0.0752749256502 0.0799114979554 0.0711383478207 0.0711382814026
# log_avg_NatM:
-1.55314700000
# m_dev:
 0.00000000000 0.00000000000 0.00000000000 0.00000000000 0.00000000000 0.00000000000 0.00000000000 0.00000000000 0.00000000000 0.00000000000 0.00000000000 0.00000000000 0.00000000000 0.00000000000 0.00000000000 0.00000000000 0.00000000000 0.00000000000 0.00000000000 0.00000000000 0.00000000000 0.00000000000 0.00000000000 0.00000000000 0.00000000000 0.00000000000 0.00000000000 0.00000000000 0.00000000000 0.00000000000 0.00000000000 0.00000000000 0.00000000000 0.00000000000 0.00000000000 0.00000000000 0.00000000000 0.00000000000 0.00000000000 0.00000000000 0.00000000000 0.00000000000 0.00000000000 0.00000000000 0.00000000000 0.00000000000 0.00000000000 0.00000000000 0.00000000000 0.00000000000 0.00000000000 0.00000000000 0.00000000000 0.00000000000 0.00000000000 0.00000000000 0.00000000000 0.00000000000 0.00000000000 0.00000000000 0.00000000000 0.00000000000 0.00000000000 0.00000000000 0.00000000000 0.00000000000
# log_avg_GrowthK:
-1.59927000000
# log_avg_Linf:
4.92825900000
# GrowthK_dev:
 0.00000000000 0.00000000000 0.00000000000 0.00000000000 0.00000000000 0.00000000000 0.00000000000 0.00000000000 0.00000000000 0.00000000000 0.00000000000 0.00000000000 0.00000000000 0.00000000000 0.00000000000 0.00000000000 0.00000000000 0.00000000000 0.00000000000 0.00000000000 0.00000000000 0.00000000000 0.00000000000 0.00000000000 0.00000000000 0.00000000000 0.00000000000 0.00000000000 0.00000000000 0.00000000000 0.00000000000 0.00000000000 0.00000000000 0.00000000000 0.00000000000 0.00000000000 0.00000000000 0.00000000000 0.00000000000 0.00000000000 0.00000000000 0.00000000000 0.00000000000 0.00000000000 0.00000000000 0.00000000000 0.00000000000 0.00000000000 0.00000000000 0.00000000000 0.00000000000 0.00000000000 0.00000000000 0.00000000000 0.00000000000 0.00000000000 0.00000000000 0.00000000000 0.00000000000 0.00000000000 0.00000000000 0.00000000000 0.00000000000 0.00000000000 0.00000000000 0.00000000000
# Linf_dev:
 0.00000000000 0.00000000000 0.00000000000 0.00000000000 0.00000000000 0.00000000000 0.00000000000 0.00000000000 0.00000000000 0.00000000000 0.00000000000 0.00000000000 0.00000000000 0.00000000000 0.00000000000 0.00000000000 0.00000000000 0.00000000000 0.00000000000 0.00000000000 0.00000000000 0.00000000000 0.00000000000 0.00000000000 0.00000000000 0.00000000000 0.00000000000 0.00000000000 0.00000000000 0.00000000000 0.00000000000 0.00000000000 0.00000000000 0.00000000000 0.00000000000 0.00000000000 0.00000000000 0.00000000000 0.00000000000 0.00000000000 0.00000000000 0.00000000000 0.00000000000 0.00000000000 0.00000000000 0.00000000000 0.00000000000 0.00000000000 0.00000000000 0.00000000000 0.00000000000 0.00000000000 0.00000000000 0.00000000000 0.00000000000 0.00000000000 0.00000000000 0.00000000000 0.00000000000 0.00000000000 0.00000000000 0.00000000000 0.00000000000 0.00000000000 0.00000000000 0.00000000000
# SelPars50:
2.10177559289
# SelPars95:
3.79185379032
# SelPars_dev50:
 0.00000000000 0.00000000000 0.00000000000 0.00000000000 0.00000000000 0.00000000000 0.00000000000 0.00000000000 0.00000000000 0.00000000000 0.00000000000 0.00000000000 0.00000000000 0.00000000000 0.00000000000 0.00000000000 0.00000000000 0.00000000000 0.00000000000 0.00000000000 0.00000000000 0.00000000000 0.00000000000 0.00000000000 0.00000000000 0.00000000000 0.00000000000 0.00000000000 0.00000000000 0.00000000000 0.00000000000 0.00000000000 0.00000000000 0.00000000000 0.00000000000 0.00000000000 0.00000000000 0.00000000000 0.00000000000 0.00000000000 0.00000000000 0.00000000000 0.00000000000 0.00000000000 0.00000000000 0.00000000000 0.00000000000 0.00000000000 0.00000000000 0.00000000000 0.00000000000 0.00000000000 0.00000000000 0.00000000000 0.00000000000 0.00000000000 0.00000000000 0.00000000000 0.00000000000 0.00000000000 0.00000000000 0.00000000000 0.00000000000 0.00000000000 0.00000000000 0.00000000000
# SelPars_dev95:
 0.00000000000 0.00000000000 0.00000000000 0.00000000000 0.00000000000 0.00000000000 0.00000000000 0.00000000000 0.00000000000 0.00000000000 0.00000000000 0.00000000000 0.00000000000 0.00000000000 0.00000000000 0.00000000000 0.00000000000 0.00000000000 0.00000000000 0.00000000000 0.00000000000 0.00000000000 0.00000000000 0.00000000000 0.00000000000 0.00000000000 0.00000000000 0.00000000000 0.00000000000 0.00000000000 0.00000000000 0.00000000000 0.00000000000 0.00000000000 0.00000000000 0.00000000000 0.00000000000 0.00000000000 0.00000000000 0.00000000000 0.00000000000 0.00000000000 0.00000000000 0.00000000000 0.00000000000 0.00000000000 0.00000000000 0.00000000000 0.00000000000 0.00000000000 0.00000000000 0.00000000000 0.00000000000 0.00000000000 0.00000000000 0.00000000000 0.00000000000 0.00000000000 0.00000000000 0.00000000000 0.00000000000 0.00000000000 0.00000000000 0.00000000000 0.00000000000 0.00000000000
