# Number of parameters = 145 Objective function value = 68420.4071990614  Maximum gradient component = 0.000250153703574971
# srv_sel50:
1.52180490446
# srv_sel95:
2.56543066953
# stNatLen:
 11.4199562003 11.2717347427 11.0665229574 10.8767782004 10.6882675727 10.4776039011 10.2432048972 9.99819890185 9.75701462397 9.52941476585 9.32029665551 9.13127430239 8.96219607731 8.81207134241 8.67960399224 8.56348561769 8.46251601965 8.37557814257 8.30170567927 8.24010061810 8.18996013048 8.15064090843 8.12174116191 8.10291468003 8.09364108535
# log_avg_fmort_dir:
-1.65358526024
# fmort_dir_dev:
 -1.64048248418 -1.71093107958 -1.30764421974 -0.979476628263 -0.714100506343 -0.517779649922 -0.380910316696 -0.198435937375 -0.0379955541128 0.104240873539 0.217844462959 0.199935409514 0.268100322746 0.452557407155 0.525829524955 0.549237108228 0.474200405842 0.524844257515 0.387833190364 0.480791098489 0.393682094071 0.407988353464 0.392275260907 0.336275065360 0.270495983202 0.352486364705 0.251592773741 0.219723832861 0.243421384204 0.166974027698 0.188211878439 0.145031439580 0.159198955569 0.102587822437 0.158794536482 0.152524930564 0.0517955492039 0.0361256916133 0.0347985100571 -0.0125568445685 0.0222432324170 0.0354110052909 0.0712622695589 0.0754590958684 0.0699808789219 0.109794755430 0.102363004693 0.0107981924939 0.0479235868399 -0.0193650672683 -0.377822759524 0.0756381772284 -0.100514630187 -0.127994941985 -0.261359475989 -0.248693727611 -0.234208890866
# mean_log_rec:
11.1384203965
# rec_dev:
 0.354347985320 0.333844639752 0.339212718290 0.349740010125 0.364900343075 0.370399529277 0.368354059784 0.359079107262 0.333728038784 0.308826271606 0.291605808457 0.264333920667 0.208014482638 0.156075994575 0.0907292654634 0.0302862041464 -0.000574823502077 -0.0270716968515 -0.0637070736117 -0.0994062411384 -0.128384064017 -0.153011462121 -0.165018124739 -0.176944606956 -0.182466823958 -0.190270970593 -0.191049935730 -0.193085922147 -0.200823192158 -0.197551099998 -0.192905269631 -0.196215293856 -0.200341709194 -0.199457415944 -0.197895293524 -0.180894134323 -0.169596370674 -0.161566669099 -0.139325024078 -0.122469606083 -0.111942030740 -0.0915278443662 -0.0826967661515 -0.0737524290375 -0.0640960103133 -0.0676948901382 -0.0664240658195 -0.0718646591441 -0.0727034178344 -0.0584528284518 -0.0487440801284 -0.0225446335191 -0.000571878601196 0.00477433917772 0.0128180501209 0.0109887939495 0.0109887956980
# log_avg_NatM:
-1.60943800000
# m_dev:
 0.00000000000 0.00000000000 0.00000000000 0.00000000000 0.00000000000 0.00000000000 0.00000000000 0.00000000000 0.00000000000 0.00000000000 0.00000000000 0.00000000000 0.00000000000 0.00000000000 0.00000000000 0.00000000000 0.00000000000 0.00000000000 0.00000000000 0.00000000000 0.00000000000 0.00000000000 0.00000000000 0.00000000000 0.00000000000 0.00000000000 0.00000000000 0.00000000000 0.00000000000 0.00000000000 0.00000000000 0.00000000000 0.00000000000 0.00000000000 0.00000000000 0.00000000000 0.00000000000 0.00000000000 0.00000000000 0.00000000000 0.00000000000 0.00000000000 0.00000000000 0.00000000000 0.00000000000 0.00000000000 0.00000000000 0.00000000000 0.00000000000 0.00000000000 0.00000000000 0.00000000000 0.00000000000 0.00000000000 0.00000000000 0.00000000000 0.00000000000
# log_avg_GrowthK:
-1.60943800000
# log_avg_Linf:
4.88280200000
# GrowthK_dev:
 0.00000000000 0.00000000000 0.00000000000 0.00000000000 0.00000000000 0.00000000000 0.00000000000 0.00000000000 0.00000000000 0.00000000000 0.00000000000 0.00000000000 0.00000000000 0.00000000000 0.00000000000 0.00000000000 0.00000000000 0.00000000000 0.00000000000 0.00000000000 0.00000000000 0.00000000000 0.00000000000 0.00000000000 0.00000000000 0.00000000000 0.00000000000 0.00000000000 0.00000000000 0.00000000000 0.00000000000 0.00000000000 0.00000000000 0.00000000000 0.00000000000 0.00000000000 0.00000000000 0.00000000000 0.00000000000 0.00000000000 0.00000000000 0.00000000000 0.00000000000 0.00000000000 0.00000000000 0.00000000000 0.00000000000 0.00000000000 0.00000000000 0.00000000000 0.00000000000 0.00000000000 0.00000000000 0.00000000000 0.00000000000 0.00000000000 0.00000000000
# Linf_dev:
 0.00000000000 0.00000000000 0.00000000000 0.00000000000 0.00000000000 0.00000000000 0.00000000000 0.00000000000 0.00000000000 0.00000000000 0.00000000000 0.00000000000 0.00000000000 0.00000000000 0.00000000000 0.00000000000 0.00000000000 0.00000000000 0.00000000000 0.00000000000 0.00000000000 0.00000000000 0.00000000000 0.00000000000 0.00000000000 0.00000000000 0.00000000000 0.00000000000 0.00000000000 0.00000000000 0.00000000000 0.00000000000 0.00000000000 0.00000000000 0.00000000000 0.00000000000 0.00000000000 0.00000000000 0.00000000000 0.00000000000 0.00000000000 0.00000000000 0.00000000000 0.00000000000 0.00000000000 0.00000000000 0.00000000000 0.00000000000 0.00000000000 0.00000000000 0.00000000000 0.00000000000 0.00000000000 0.00000000000 0.00000000000 0.00000000000 0.00000000000
# SelPars50:
2.07767954963
# SelPars95:
3.72248940626
# SelPars_dev50:
 0.00000000000 0.00000000000 0.00000000000 0.00000000000 0.00000000000 0.00000000000 0.00000000000 0.00000000000 0.00000000000 0.00000000000 0.00000000000 0.00000000000 0.00000000000 0.00000000000 0.00000000000 0.00000000000 0.00000000000 0.00000000000 0.00000000000 0.00000000000 0.00000000000 0.00000000000 0.00000000000 0.00000000000 0.00000000000 0.00000000000 0.00000000000 0.00000000000 0.00000000000 0.00000000000 0.00000000000 0.00000000000 0.00000000000 0.00000000000 0.00000000000 0.00000000000 0.00000000000 0.00000000000 0.00000000000 0.00000000000 0.00000000000 0.00000000000 0.00000000000 0.00000000000 0.00000000000 0.00000000000 0.00000000000 0.00000000000 0.00000000000 0.00000000000 0.00000000000 0.00000000000 0.00000000000 0.00000000000 0.00000000000 0.00000000000 0.00000000000
# SelPars_dev95:
 0.00000000000 0.00000000000 0.00000000000 0.00000000000 0.00000000000 0.00000000000 0.00000000000 0.00000000000 0.00000000000 0.00000000000 0.00000000000 0.00000000000 0.00000000000 0.00000000000 0.00000000000 0.00000000000 0.00000000000 0.00000000000 0.00000000000 0.00000000000 0.00000000000 0.00000000000 0.00000000000 0.00000000000 0.00000000000 0.00000000000 0.00000000000 0.00000000000 0.00000000000 0.00000000000 0.00000000000 0.00000000000 0.00000000000 0.00000000000 0.00000000000 0.00000000000 0.00000000000 0.00000000000 0.00000000000 0.00000000000 0.00000000000 0.00000000000 0.00000000000 0.00000000000 0.00000000000 0.00000000000 0.00000000000 0.00000000000 0.00000000000 0.00000000000 0.00000000000 0.00000000000 0.00000000000 0.00000000000 0.00000000000 0.00000000000 0.00000000000
