# Number of parameters = 224 Objective function value = 76709.8  Maximum gradient component = 0.00136619
# srv_sel50:
1.46848992005
# srv_sel95:
2.41798973119
# stNatLen:
 11.6200954504 11.4761606754 11.2732946463 11.0815142003 10.8949851476 10.6925511484 10.4675701000 10.2276413674 9.98490606290 9.74955026830 9.52806257536 9.32378400303 9.13796146861 8.97063072950 8.82119671628 8.68882749884 8.57259261782 8.47154891451 8.38482828279 8.31177050703 8.25180322113 8.20445557821 8.16928818220 8.14594242292 8.13432455032
# log_avg_fmort_dir:
-1.62295279166
# fmort_dir_dev:
 -1.99767694267 -1.99471082588 -1.42147198409 -0.922928443231 -0.490040633606 -0.477986353419 -0.215516138371 -0.135624663527 0.0465318465533 0.324118802040 0.289094034667 0.260753505422 0.320128097183 0.394403953097 0.449779901297 0.428738566955 0.489462332958 0.381471047389 0.410264198097 0.457071615581 0.467776186612 0.506945154045 0.484152008815 0.471459754915 0.416274193152 0.257391281380 0.285766898479 0.230424979353 0.240159071207 0.159923559561 0.0237128509825 0.133433634187 0.129434129008 0.0746491455859 0.105971908861 0.0287449776000 -0.0309068596053 0.158496492849 0.00760175442608 0.00645031072752 -0.0164057131018 0.0113786860851 -0.0543027185873 -0.0768817155994 -0.0505825808920 -0.0255523304324 0.0343644034739 0.0397327618513 -0.0372079536008 -0.0610406310695 0.258886845747 -0.00848402912224 0.0229560356747 0.202270159389 0.272941884378 0.0785587491120 -0.626247375058 -0.133671163608 -0.0628886833058 0.275595766150 0.420868132518 0.0690706150237 -0.572978835572 -0.714103658041
# mean_log_rec:
11.1075977493
# rec_dev:
 0.540260050187 0.460720857834 0.328384371523 0.220033846770 0.191772252682 0.196795157602 0.184028615447 0.111589840754 0.0346767846688 0.0309493354170 0.0715239182319 0.108771576779 0.136137059897 0.144606127927 0.128202954475 0.0650134608971 -0.0249362253171 -0.0951931084650 -0.159417996681 -0.247298377391 -0.323490097108 -0.350411700560 -0.344198913794 -0.324339231900 -0.281271009903 -0.240844490230 -0.220185435390 -0.198839171397 -0.181335276489 -0.170896208723 -0.185707973340 -0.202541897353 -0.235150838461 -0.217377727990 -0.0519644687302 0.0826744636946 0.0481395489939 -0.00163703889656 0.0277364336632 0.0770943807629 0.0915249000077 0.0829431863559 0.0833920885960 0.101504151429 0.120262974144 0.0685925967352 0.0506945650467 0.0851054389650 0.0915943155839 0.0442614409129 -0.00462645714415 -0.0279846970205 -0.0536155878385 -0.0989424353088 -0.121961341146 -0.0741553192692 0.0363054317415 0.160993226491 0.205337313886 0.138574039531 0.0226259113991 -0.0452042147373 -0.0446476701273 -0.0446477083208
# log_avg_NatM:
-1.57413944159
# m_dev:
 0.128867242725 0.192102241047 0.529048461561 0.324760139275 -0.0925180871848 -0.237084160449 -0.190549809314 0.166617183265 -0.0447221670547 -0.475393431405 -0.666669514464 -0.567335846436 -0.516775556114 -0.422014100024 -0.262037276236 -0.0101107659396 0.152922617707 -0.0219935901891 -0.0215186338498 0.136666834887 -0.0556129406901 -0.346219412860 -0.440081154638 -0.437078298861 -0.497457924900 -0.347308470357 -0.236519316223 -0.223775383253 -0.164710248621 -0.0782330569960 0.0656914598696 0.0626849709562 0.120296980402 -0.103535368900 -0.286354045913 -0.0742372894497 0.403045059965 0.302366424009 0.0163915717225 0.0302445280030 0.179168407022 0.314869356921 0.238196713890 0.190201699761 0.0890388851595 0.489996586026 0.193545508667 0.0596906775335 0.226346112407 0.399766238959 0.237980164168 0.193130290614 0.201938367383 0.343808757695 0.212052882745 -0.169011674524 -0.327621203785 -0.282006508650 0.0752943067729 0.433702696733 0.505160922700 0.325322085723 0.0212400623382 0.0363287986684
# log_avg_GrowthK:
-1.60943800000
# log_avg_Linf:
4.88280200000
# GrowthK_dev:
 0.00000000000 0.00000000000 0.00000000000 0.00000000000 0.00000000000 0.00000000000 0.00000000000 0.00000000000 0.00000000000 0.00000000000 0.00000000000 0.00000000000 0.00000000000 0.00000000000 0.00000000000 0.00000000000 0.00000000000 0.00000000000 0.00000000000 0.00000000000 0.00000000000 0.00000000000 0.00000000000 0.00000000000 0.00000000000 0.00000000000 0.00000000000 0.00000000000 0.00000000000 0.00000000000 0.00000000000 0.00000000000 0.00000000000 0.00000000000 0.00000000000 0.00000000000 0.00000000000 0.00000000000 0.00000000000 0.00000000000 0.00000000000 0.00000000000 0.00000000000 0.00000000000 0.00000000000 0.00000000000 0.00000000000 0.00000000000 0.00000000000 0.00000000000 0.00000000000 0.00000000000 0.00000000000 0.00000000000 0.00000000000 0.00000000000 0.00000000000 0.00000000000 0.00000000000 0.00000000000 0.00000000000 0.00000000000 0.00000000000 0.00000000000
# Linf_dev:
 0.00000000000 0.00000000000 0.00000000000 0.00000000000 0.00000000000 0.00000000000 0.00000000000 0.00000000000 0.00000000000 0.00000000000 0.00000000000 0.00000000000 0.00000000000 0.00000000000 0.00000000000 0.00000000000 0.00000000000 0.00000000000 0.00000000000 0.00000000000 0.00000000000 0.00000000000 0.00000000000 0.00000000000 0.00000000000 0.00000000000 0.00000000000 0.00000000000 0.00000000000 0.00000000000 0.00000000000 0.00000000000 0.00000000000 0.00000000000 0.00000000000 0.00000000000 0.00000000000 0.00000000000 0.00000000000 0.00000000000 0.00000000000 0.00000000000 0.00000000000 0.00000000000 0.00000000000 0.00000000000 0.00000000000 0.00000000000 0.00000000000 0.00000000000 0.00000000000 0.00000000000 0.00000000000 0.00000000000 0.00000000000 0.00000000000 0.00000000000 0.00000000000 0.00000000000 0.00000000000 0.00000000000 0.00000000000 0.00000000000 0.00000000000
# SelPars50:
2.03344421426
# SelPars95:
3.63363860893
# SelPars_dev50:
 0.00000000000 0.00000000000 0.00000000000 0.00000000000 0.00000000000 0.00000000000 0.00000000000 0.00000000000 0.00000000000 0.00000000000 0.00000000000 0.00000000000 0.00000000000 0.00000000000 0.00000000000 0.00000000000 0.00000000000 0.00000000000 0.00000000000 0.00000000000 0.00000000000 0.00000000000 0.00000000000 0.00000000000 0.00000000000 0.00000000000 0.00000000000 0.00000000000 0.00000000000 0.00000000000 0.00000000000 0.00000000000 0.00000000000 0.00000000000 0.00000000000 0.00000000000 0.00000000000 0.00000000000 0.00000000000 0.00000000000 0.00000000000 0.00000000000 0.00000000000 0.00000000000 0.00000000000 0.00000000000 0.00000000000 0.00000000000 0.00000000000 0.00000000000 0.00000000000 0.00000000000 0.00000000000 0.00000000000 0.00000000000 0.00000000000 0.00000000000 0.00000000000 0.00000000000 0.00000000000 0.00000000000 0.00000000000 0.00000000000 0.00000000000
# SelPars_dev95:
 0.00000000000 0.00000000000 0.00000000000 0.00000000000 0.00000000000 0.00000000000 0.00000000000 0.00000000000 0.00000000000 0.00000000000 0.00000000000 0.00000000000 0.00000000000 0.00000000000 0.00000000000 0.00000000000 0.00000000000 0.00000000000 0.00000000000 0.00000000000 0.00000000000 0.00000000000 0.00000000000 0.00000000000 0.00000000000 0.00000000000 0.00000000000 0.00000000000 0.00000000000 0.00000000000 0.00000000000 0.00000000000 0.00000000000 0.00000000000 0.00000000000 0.00000000000 0.00000000000 0.00000000000 0.00000000000 0.00000000000 0.00000000000 0.00000000000 0.00000000000 0.00000000000 0.00000000000 0.00000000000 0.00000000000 0.00000000000 0.00000000000 0.00000000000 0.00000000000 0.00000000000 0.00000000000 0.00000000000 0.00000000000 0.00000000000 0.00000000000 0.00000000000 0.00000000000 0.00000000000 0.00000000000 0.00000000000 0.00000000000 0.00000000000
