# Number of parameters = 151 Objective function value = 72077.7  Maximum gradient component = 0.000814955
# srv_sel50:
1.49805350692
# srv_sel95:
2.49440072233
# stNatLen:
 11.4531261205 11.3062906321 11.1001967316 10.9085524911 10.7244353269 10.5252242159 10.3029084518 10.0642400621 9.82120459713 9.58428226568 9.36037524344 9.15321481032 8.96432947731 8.79397109170 8.64168669139 8.50668847887 8.38805731194 8.28487892340 8.19626794736 8.12147289464 8.05993368449 8.01115777915 7.97477927366 7.95057361369 7.93852280453
# log_avg_fmort_dir:
-1.67178131471
# fmort_dir_dev:
 -1.80736791773 -1.79850683699 -1.36521110304 -0.889756883715 -0.645837908698 -0.451938947109 -0.307364305739 -0.148597636599 0.0151130191619 0.0324128879093 0.102515350010 0.255374823780 0.325125298014 0.342350836061 0.598073891670 0.410180833258 0.416534338220 0.514226823073 0.530731357658 0.407063485456 0.360411679259 0.511362708309 0.361583117822 0.405989229371 0.278055137260 0.339528273357 0.249427788597 0.267394403589 0.245647570393 0.254088809248 0.131073409061 0.0867740969448 0.128014410394 0.0788406107415 0.155268847437 0.0153256701723 0.0669128012119 0.0344682659345 0.0859587484737 0.102324148195 0.0673979264229 0.102626269330 0.134562339007 0.0290855559012 0.0347616068648 0.120219555896 0.0956395174803 -0.0534356693551 -0.0493255368637 0.110833387398 -0.425122184178 -0.126904735239 -0.176398950557 -0.100858725037 -0.301159966127 -0.0926290735203 0.0384162114002 -0.120614385541 0.0581285765978 -0.0387928503114
# mean_log_rec:
11.1194133863
# rec_dev:
 0.396580632377 0.373638427161 0.374473784688 0.367968006674 0.355257490476 0.345566105584 0.338289007572 0.325732906033 0.313975103485 0.303443979771 0.278132224978 0.248540241316 0.222469357410 0.166568789621 0.130750912748 0.0921960475608 0.0251180268795 -0.0336923869608 -0.0655902465129 -0.0989354610548 -0.126922388825 -0.142115147325 -0.138646379072 -0.143142662918 -0.159397899785 -0.168795164586 -0.171417514449 -0.179168957074 -0.179979497320 -0.180721659100 -0.183727403022 -0.193700273739 -0.191071690713 -0.186416164243 -0.178341578546 -0.173647521724 -0.152857258520 -0.138609985867 -0.124144624132 -0.104516362012 -0.101378076758 -0.108945219719 -0.100338175400 -0.0939765608896 -0.0997537622612 -0.0998016515637 -0.0783363241495 -0.0599865369526 -0.0678787417581 -0.0799772163077 -0.0747166063234 -0.0492098014986 -0.0446824638326 -0.0426049227913 -0.0294567524215 -0.0228650809077 -0.0138259294923 -0.0183133340988 -0.0285478530900 -0.0285478066192
# log_avg_NatM:
-1.62430600000
# m_dev:
 0.00000000000 0.00000000000 0.00000000000 0.00000000000 0.00000000000 0.00000000000 0.00000000000 0.00000000000 0.00000000000 0.00000000000 0.00000000000 0.00000000000 0.00000000000 0.00000000000 0.00000000000 0.00000000000 0.00000000000 0.00000000000 0.00000000000 0.00000000000 0.00000000000 0.00000000000 0.00000000000 0.00000000000 0.00000000000 0.00000000000 0.00000000000 0.00000000000 0.00000000000 0.00000000000 0.00000000000 0.00000000000 0.00000000000 0.00000000000 0.00000000000 0.00000000000 0.00000000000 0.00000000000 0.00000000000 0.00000000000 0.00000000000 0.00000000000 0.00000000000 0.00000000000 0.00000000000 0.00000000000 0.00000000000 0.00000000000 0.00000000000 0.00000000000 0.00000000000 0.00000000000 0.00000000000 0.00000000000 0.00000000000 0.00000000000 0.00000000000 0.00000000000 0.00000000000 0.00000000000
# log_avg_GrowthK:
-1.64139200000
# log_avg_Linf:
4.84918700000
# GrowthK_dev:
 0.00000000000 0.00000000000 0.00000000000 0.00000000000 0.00000000000 0.00000000000 0.00000000000 0.00000000000 0.00000000000 0.00000000000 0.00000000000 0.00000000000 0.00000000000 0.00000000000 0.00000000000 0.00000000000 0.00000000000 0.00000000000 0.00000000000 0.00000000000 0.00000000000 0.00000000000 0.00000000000 0.00000000000 0.00000000000 0.00000000000 0.00000000000 0.00000000000 0.00000000000 0.00000000000 0.00000000000 0.00000000000 0.00000000000 0.00000000000 0.00000000000 0.00000000000 0.00000000000 0.00000000000 0.00000000000 0.00000000000 0.00000000000 0.00000000000 0.00000000000 0.00000000000 0.00000000000 0.00000000000 0.00000000000 0.00000000000 0.00000000000 0.00000000000 0.00000000000 0.00000000000 0.00000000000 0.00000000000 0.00000000000 0.00000000000 0.00000000000 0.00000000000 0.00000000000 0.00000000000
# Linf_dev:
 0.00000000000 0.00000000000 0.00000000000 0.00000000000 0.00000000000 0.00000000000 0.00000000000 0.00000000000 0.00000000000 0.00000000000 0.00000000000 0.00000000000 0.00000000000 0.00000000000 0.00000000000 0.00000000000 0.00000000000 0.00000000000 0.00000000000 0.00000000000 0.00000000000 0.00000000000 0.00000000000 0.00000000000 0.00000000000 0.00000000000 0.00000000000 0.00000000000 0.00000000000 0.00000000000 0.00000000000 0.00000000000 0.00000000000 0.00000000000 0.00000000000 0.00000000000 0.00000000000 0.00000000000 0.00000000000 0.00000000000 0.00000000000 0.00000000000 0.00000000000 0.00000000000 0.00000000000 0.00000000000 0.00000000000 0.00000000000 0.00000000000 0.00000000000 0.00000000000 0.00000000000 0.00000000000 0.00000000000 0.00000000000 0.00000000000 0.00000000000 0.00000000000 0.00000000000 0.00000000000
# SelPars50:
2.05263588122
# SelPars95:
3.66742236089
# SelPars_dev50:
 0.00000000000 0.00000000000 0.00000000000 0.00000000000 0.00000000000 0.00000000000 0.00000000000 0.00000000000 0.00000000000 0.00000000000 0.00000000000 0.00000000000 0.00000000000 0.00000000000 0.00000000000 0.00000000000 0.00000000000 0.00000000000 0.00000000000 0.00000000000 0.00000000000 0.00000000000 0.00000000000 0.00000000000 0.00000000000 0.00000000000 0.00000000000 0.00000000000 0.00000000000 0.00000000000 0.00000000000 0.00000000000 0.00000000000 0.00000000000 0.00000000000 0.00000000000 0.00000000000 0.00000000000 0.00000000000 0.00000000000 0.00000000000 0.00000000000 0.00000000000 0.00000000000 0.00000000000 0.00000000000 0.00000000000 0.00000000000 0.00000000000 0.00000000000 0.00000000000 0.00000000000 0.00000000000 0.00000000000 0.00000000000 0.00000000000 0.00000000000 0.00000000000 0.00000000000 0.00000000000
# SelPars_dev95:
 0.00000000000 0.00000000000 0.00000000000 0.00000000000 0.00000000000 0.00000000000 0.00000000000 0.00000000000 0.00000000000 0.00000000000 0.00000000000 0.00000000000 0.00000000000 0.00000000000 0.00000000000 0.00000000000 0.00000000000 0.00000000000 0.00000000000 0.00000000000 0.00000000000 0.00000000000 0.00000000000 0.00000000000 0.00000000000 0.00000000000 0.00000000000 0.00000000000 0.00000000000 0.00000000000 0.00000000000 0.00000000000 0.00000000000 0.00000000000 0.00000000000 0.00000000000 0.00000000000 0.00000000000 0.00000000000 0.00000000000 0.00000000000 0.00000000000 0.00000000000 0.00000000000 0.00000000000 0.00000000000 0.00000000000 0.00000000000 0.00000000000 0.00000000000 0.00000000000 0.00000000000 0.00000000000 0.00000000000 0.00000000000 0.00000000000 0.00000000000 0.00000000000 0.00000000000 0.00000000000
