#True quantities 
# 
#recruitment 
NA 99971.02 99702.66 98908.74 98075.77 96789.4 95534.02 93606.55 91460.26 89497.26 86906.86 84206.13 81350.87 78305.94 74936.53 71538.35 68352.71 65661.05 63454.18 61727.08 60329.49 59082.29 58143.68 57405.94 56954.91 56497.46 56258.35 56308.63 56404.64 56437.71 56723.16 57016.47 57373.64 57838.16 58325.65 58899.6 59783.87 60106.52 60552.24 61064.22 61312.77 61685.1 62101.06 62427.02 62645.7 62885.46 63031 63154.82 63247.14 63672.88 63739.15 64689.24 65881.5 66916.84 67423.44 67760.84 67898.55 67966.65 68530.45 68855.82 68848.72 68463.59 68131.56 68388.25 68927.62 69209.04 69562.61 69577.79 69976.58 69620.93 
NA 100023.6 99661.86 99003.76 97933.13 97002.19 95287.28 93620.66 91586.14 89307.34 86959.03 84226.42 81251.15 78088.17 74909.51 71551.93 68475.09 65930.71 63881.15 62208.75 60715.32 59500.69 58494.88 57799.65 57273.88 56947.85 56702.51 56637.06 56449.3 56636.17 56878.46 56988.98 57336.46 57890.09 58329.39 58842.18 59618.33 60072.42 60592.31 61087.42 61462.77 61725.39 62028.57 62287.41 62585.52 62865.62 63280.85 63331.14 63579.78 63724.28 63879.98 64836.97 65901.12 67289.29 68128.95 68413.05 69055.26 69010.77 69483.3 69320.11 68961.26 68458.28 68351.14 68355.54 69197.75 69678.48 69640.85 69492.69 69279.97 69736.16 
NA 99998.77 99688.85 98940.31 98138.74 96933.54 95280.38 93459.11 91607.34 89251.74 86798.68 84150.2 81174.59 78193.06 74706.51 71480.92 68269.63 65740.97 63523.69 61918.23 60437.34 59337.59 58390.4 57550.67 57028.96 56519.07 56265.71 56273.03 56217.89 56545.11 56587.88 56990.38 57287.1 57788.93 58303.37 58802.49 59434.94 60050.09 60577.56 61044.55 61463.23 61857.44 62355.45 62561.94 62735.07 62960.53 63346.9 63351.62 63560.39 63696.3 63728.05 65319.21 66523.63 67215.2 68832.68 69845.98 71249.29 71941.02 72197.19 72142.9 72218.97 72235.59 72588.77 72619.64 72815.01 72573.02 72624.46 73236.68 73261.78 73836.02 
NA 99934.95 99732.01 98807.53 97993.4 96852.72 95330.42 93760.74 91826.03 89621.16 86874.75 84266.8 81409.94 78137.25 75134.89 71723.91 68497.74 65780.02 63512.44 61991.75 60474.75 59415.55 58346.7 57776.37 57156.28 56684.85 56312.4 56356.24 56303.72 56403.13 56748.01 56978.38 57292.57 57838.06 58336.26 59011.31 59671.24 60143.47 60591.09 60925.95 61299.56 61400.74 61976.16 62353.69 62595.85 62739.61 63105.45 63184.93 63540.91 63596.39 63940.37 64655.44 65713.27 66427.41 66880.7 67681.11 68405.67 68500.95 69207.13 69259.02 69143.47 68936.78 68792.07 69323.37 69555.01 70320.71 71732.99 72222.95 72348.33 72649.18 
NA 99960.24 99434.46 98956.6 97967.18 96734.34 95461.57 93623.91 91801.36 89513.25 86944.12 84285.62 81329.26 78144.41 75032.78 71428.52 68371.97 65927.02 63849.34 62044.44 60455.01 59180.92 58327.89 57697.61 57188.18 56668.63 56467.35 56501.36 56385.76 56545.82 56874.54 57205.81 57356.98 57972.71 58448.91 59045.74 59811.84 60244.58 60593.79 61060.55 61761.94 61865.4 62119.75 62423.37 62678.56 62975.13 63121.17 63409.11 63605.33 63746.7 63806.36 64620.5 66331.8 67743.29 68983.2 69339.86 70145.28 70723.19 71185.13 71536.14 72268.57 73278.21 73936.17 74272.89 74348.07 74277.44 73830.61 73637.1 73248.34 72473.4 
NA 99936.46 99769.56 98921.49 97952.47 96856.29 95497.33 93602.83 91780.3 89520.72 87008.73 84218.41 81122.15 78176.68 75043.08 71429.55 68266.48 65598.04 63598.01 62104.98 60381.29 59361.69 58425.83 57663.24 57058.66 56632.5 56336.1 56394.29 56375.68 56490.89 56693.56 57022.8 57479.32 58016.77 58414.24 58867.71 59641.63 60259.57 60700.91 61134.28 61423.05 61976.11 62101.83 62348.82 62728.26 63037.43 63314.96 63523.98 63535.31 63655.85 63996.09 66201.96 67510.84 68627.59 69867.72 71221.06 72153.46 72760.75 73498.98 74308.92 74584.35 74955.27 74676.51 75295.38 75515.57 75515.27 74782.48 74580.42 74683.44 74723.48 
NA 100079.5 99575 98843.96 98039.99 96692.1 95495.36 93862.68 91677.12 89484.44 86898.99 84262.32 81020.06 78184.57 74862.83 71775.35 68590.27 65936.06 63801.46 61901.61 60449.48 59309.48 58512.33 57859.12 57256.11 57109.98 56895.97 56640.34 56734.91 56868.76 57072.01 57480.15 57730.16 58077.82 58733.05 59316.42 59786.76 60389.79 60919 61152.34 61643.07 61961.78 62349.99 62508.12 62847.18 63056.79 63361.85 63393.08 63469.35 63767.83 63934.53 65992.51 67957.08 69285.23 69819.44 69722.94 69941.44 70686.84 71128.31 71956.72 71671.26 71538.71 71425.96 71116.09 71041.42 71466.87 71412.43 71193.49 71725.67 71767.62 
NA 100015.1 99490.99 99130.48 98230.19 96842.08 95517.15 93919.84 91755.23 89429.63 86972.76 84079.84 81259.25 78081.44 74562.12 71153.25 68181.39 65614.68 63330.03 61887.97 60379.6 59358.26 58375.64 57641.03 56989.28 56731.03 56572.52 56521.11 56413.07 56665.8 56593.3 57010.11 57410.88 57772.43 58266.57 58917.8 59467.2 60082.55 60622.48 61034.08 61504.54 61877.48 62236.03 62486.35 62680.14 62803.32 63147.06 63273.39 63529.43 63580.01 63810.77 66199.23 68004.38 69574.73 70284.82 71509.05 72244.21 73301.15 73644.68 73885.88 74098.01 73932.13 74124.45 74027.4 73707.1 73790.69 73672.89 74249.63 74795.23 75041.95 
NA 100092.7 99681.65 98856.46 98054.81 97061.86 95364.57 93648.73 91721.49 89382.81 86982.9 84307.44 81249.2 78131.28 74905.39 71514.78 68312.4 65569.57 63664.99 61696.48 60325.27 59183.46 58344.96 57647.08 57192.41 56487.96 56324.97 56443.29 56281.14 56319.56 56607.43 56886.25 57265.28 57678.57 58138.21 58818.07 59576.74 60061.37 60435.79 60875.23 61457.54 61781.14 62129.05 62362.01 62652.32 62930.12 63030.51 63342.69 63508.98 63712.24 63897.2 65694.3 66146.37 66956.63 67163.4 67030.68 66992.58 67989.59 69529.39 70516.65 71535.45 72288.33 72769.22 72893.84 72716.42 72360.68 72404.12 72297.15 72382.31 72148.84 
NA 100000.5 99515.07 98920.24 98013.93 96819.63 95276.34 93732.61 91849.43 89408.42 87152.01 84445.03 81458.21 78329.6 75109.16 71816.52 68409.24 65885.07 63690.15 61944.65 60473.72 59371.55 58536.9 57657.85 57187.65 56747.42 56473.16 56530.89 56539.03 56595.47 56810.2 57119.81 57522.5 57940.9 58417.82 58954.76 59508.48 60117.13 60634.16 61006.27 61449.59 61724.93 62163.81 62454.41 62851.32 63036.78 63125.98 63292.57 63412.11 63697.14 63740.05 65963.62 67010.8 67491.35 68442.69 69207.51 69414.95 69155.55 69206.54 69362.34 NA NA NA NA NA NA NA NA NA NA 
#Catch 
NA 96746.69 151651.9 205997.1 247503.3 271489.2 291736.3 303117.3 301251.5 301783.7 292651.3 273485.2 264575.8 252050.4 234074.2 215000.6 185198.4 166304.9 153971.1 139669.4 131980.4 123499.3 119340.5 112461.6 109514.3 106192.5 101445.7 99846.89 99947.78 98499.42 97041.05 96925.04 94107.8 94595.1 94553.86 93244.08 97493.72 97727.12 101057.6 101615.6 102833.2 103479.7 105136.9 108099.2 106953.9 108992.2 110118.6 108594.6 109992.4 111259.5 95129.6 89244.2 95692.5 106850 111012 120580 113926 110329 113789 125256 128694 130928 114394 107430 118627 115442 123024 114613 130630 126774 
NA 96304.51 155283.7 202282.2 240595.6 279409.8 296645.5 302192.2 305891.1 295649.9 286510.1 282496.5 262609.1 246614.7 233819 209762.7 187875.7 164308.9 151606.7 142775.3 133060 125387.1 118705.3 115372.3 110061.8 105815.5 104481.6 103228.8 99554.73 99505.89 98206.58 96417.52 94747.27 95178.93 96455.69 93144.27 95461.86 98884.27 98447.67 102179.3 104532.2 104482.5 105448.2 105450.2 106645.9 108440.2 109656.3 108607.6 111227.3 111626.1 96621.1 90665.2 87724 98739.4 112930 107017 118654 115008 126683 130719 133931 127818 123660 103052 111039 124728 123623 126761 118620 111393 
NA 94957.78 156418.4 203529.7 244660.5 272776.3 296261.5 304279.7 305629.3 299555.6 287453.9 274741 264101.4 253984 233479.5 209552.3 186017.1 166189.7 150861.3 140088.2 131316.1 126306.4 119259.5 114426.1 110335.5 106757.6 103397.5 100217.2 98442.46 98205.44 95888.38 97148.69 94111.13 95555.75 95552.92 93606.67 94942.09 99040.38 98605.11 100726.2 103370.5 102646.3 104117.9 108219.5 107364.9 107649.6 112115.9 110537 111275.9 112510.8 84134.8 88758.3 98780.2 86245.6 91928.8 89314.9 108046 113333 127171 124949 128903 117422 127059 125225 127166 128617 118173 125143 111037 108553 
NA 95547.99 153047.4 207275.7 243441.1 267920.7 289614.3 304069.5 305644.5 296434.8 290860.8 278262.4 264397.2 248513 236412.9 212814.8 188523 167321.4 150904.6 141458.5 130337.5 125739.5 118881.6 115086.8 110139.4 108212 103231.9 102042.2 98367.45 96549.35 97269.67 97335.8 94603.49 95064.62 93137.03 94030.74 97280.65 99360.15 100375.9 102257.3 103610.1 104612.3 104792 106244.8 105759.8 108465.2 109199 107539.5 112283.8 108422.2 98843.9 92906.1 103375 107069 98694.8 106956 114505 103471 121474 128339 128118 126509 107855 120299 102696 88220.3 109915 128081 116733 115056 
NA 96798.14 154763.4 205234.5 243561.6 275367.3 294527.8 296783.1 303289.5 300661.9 289419.6 277964.3 265289.3 251301.6 235209.9 209221.2 182773.2 167749.6 153333.4 141641 133456.3 124614.5 118489 115051.6 109261.1 105706.9 102412.9 102644.7 100654.8 96310.09 97120.72 97029.93 94142.44 95740.09 94778.15 93326.11 98711.33 98385.36 98305.24 100625.1 105636.2 105930.7 104696.4 106044.6 107995.3 108922.5 108550.6 110400.3 109599.6 111982.5 99984.6 81277 83250.9 90761.8 112311 104092 102269 116929 116826 102074 97565.4 112330 114676 125594 132252 141884 144030 136383 154909 149847 
NA 95768.99 153649.8 202224.1 244629.7 270670.2 293811.8 304212.5 299943.5 296716.3 300425 277610.6 262276.2 247886.5 238704.8 212338.5 185108.1 163982.3 151387.6 140568.9 132781.4 125325 119308.8 114313.7 110242.4 105877.2 102916.7 100450.8 100045.7 98653.96 96854.42 94877.06 94369.55 96829.97 93496.35 94105.96 95757.65 99280 99893.33 101361.4 103016.4 105518 105243.4 106393.9 107222.7 107206.9 107790.4 112755.8 112143.4 109816.2 66150.9 90636.7 89846.3 89153.5 89841 98830.8 106740 99734.5 110167 118275 123396 132903 111182 121850 135258 153864 131659 133205 130436 118993 
NA 95815.04 154723.7 202311.7 242528.5 275818.7 292644.3 310158.1 301505.1 300393.1 289975 277471.3 263070 247668 231888 208758.4 188513.7 166669.4 153408.3 144290.2 131561.5 123190.3 117925.7 112083.2 109860.3 105781.5 105308 101157.3 100650.9 98318.22 97204.77 98989.76 95327.06 94515.96 95855.9 95161.11 97813.43 98694.41 101000.4 102672.5 103467.7 104638.2 105941.6 107126.5 108225.3 107976.3 110712 111521.9 109611.1 111693.6 69856.3 74705.2 89370.6 106229 121632 120287 102582 112226 107553 130997 134561 126080 131256 131109 114843 131319 130233 113280 127913 120158 
NA 95994.01 153431.1 199306.9 244596.2 270323.9 291414.5 306648.6 308975.5 301466 293770.7 276507.4 265740.2 253051 232601.9 209232.5 184885 165263.4 148843.6 142335.1 129218.5 125913.3 117629.9 114785.5 109217.7 104570.3 103732.5 102177 101069.9 99812.27 96860.34 95031.76 96292.18 95055.57 94471.82 94142.94 96431.08 97476.39 98969.06 100271.9 103286.1 103360.9 106928.8 107755.1 108162.7 108583.3 107638.2 110587.2 110876.3 110448.1 62416.2 79715 84370.1 98828.6 93021.8 104201 95393.8 113339 120983 123956 135773 124943 133005 134987 133014 128704 112324 110967 125010 123276 
NA 96157.37 153339.7 203788.6 245476.5 275772.4 294215.7 300573.1 297962.3 301711.4 294907.4 277963.2 261471 249207.6 236856.2 213122.3 187334.4 163870.6 152594.6 139385 132358.6 124847.7 117196 112975.9 112278.3 106358.7 102023.8 101632.7 100956.2 97198.51 97269.3 96061.5 94978.77 96521.76 93039.79 93674.25 96455.53 98113.96 98841.05 100831.6 102413.3 103625.7 105808.7 106061.1 107417.8 109822.3 109317.8 108785 109368.1 109027.1 78974.3 108201 99870.4 110160 125434 119817 97058.5 81855.3 99619.4 97123.3 102854 109678 126290 130341 142427 126451 125830 129822 134938 136807 
NA 95573.96 153164.7 203838.5 242998 271021.4 291555.3 300965.9 303164.6 299886.1 284926.5 279415.8 267328.7 251211.5 235759.7 212811.2 185716.1 167044.5 153280.9 142594.9 131625.5 124712.4 119743.1 112711.6 110993.7 106489.9 102123.9 100639.1 100679.9 98616.48 96910.18 97164.99 95645.81 95540.11 93903.62 94645.73 96242.28 98974.41 102137.9 100137.1 104096.8 102526.2 105368.7 104230.7 109531.4 109373.6 110154.5 111438.4 108017.6 111341 68429.3 96145.5 102481 103378 101459 116404 126851 119635 124259 110376 NA NA NA NA NA NA NA NA NA NA 
#fishing mortality 
0.01 0.03 0.05 0.07 0.09 0.11 0.13 0.15 0.17 0.19 0.21 0.23 0.25 0.27 0.29 0.3 0.295 0.29 0.285 0.28 0.275 0.27 0.265 0.26 0.255 0.25 0.245 0.24 0.235 0.23 0.225 0.22 0.215 0.21 0.205 0.2 0.2 0.2 0.2 0.2 0.2 0.2 0.2 0.2 0.2 0.2 0.2 0.2 0.2 0.2 0.1682893 0.1515428 0.1556385 0.1687083 0.172313 0.1859404 0.1749667 0.1672448 0.1699057 0.1860706 0.1924631 0.1981601 0.1734806 0.1601149 0.1739004 0.1674817 0.1772054 0.1639143 0.1863133 0.1820412 
0.01 0.03 0.05 0.07 0.09 0.11 0.13 0.15 0.17 0.19 0.21 0.23 0.25 0.27 0.29 0.3 0.295 0.29 0.285 0.28 0.275 0.27 0.265 0.26 0.255 0.25 0.245 0.24 0.235 0.23 0.225 0.22 0.215 0.21 0.205 0.2 0.2 0.2 0.2 0.2 0.2 0.2 0.2 0.2 0.2 0.2 0.2 0.2 0.2 0.2 0.1705354 0.1539509 0.1419346 0.1529807 0.1708173 0.1592072 0.17415 0.1674508 0.1838466 0.1912827 0.1988391 0.192297 0.1870679 0.1538153 0.1615776 0.1795786 0.1779595 0.1828338 0.1708612 0.158359 
0.01 0.03 0.05 0.07 0.09 0.11 0.13 0.15 0.17 0.19 0.21 0.23 0.25 0.27 0.29 0.3 0.295 0.29 0.285 0.28 0.275 0.27 0.265 0.26 0.255 0.25 0.245 0.24 0.235 0.23 0.225 0.22 0.215 0.21 0.205 0.2 0.2 0.2 0.2 0.2 0.2 0.2 0.2 0.2 0.2 0.2 0.2 0.2 0.2 0.2 0.1475344 0.147681 0.1575462 0.1317547 0.1336748 0.1238789 0.1443993 0.1483739 0.1651282 0.1621884 0.1673591 0.151703 0.1629039 0.1600931 0.1621014 0.1638109 0.1495466 0.1568424 0.1372396 0.1308592 
0.01 0.03 0.05 0.07 0.09 0.11 0.13 0.15 0.17 0.19 0.21 0.23 0.25 0.27 0.29 0.3 0.295 0.29 0.285 0.28 0.275 0.27 0.265 0.26 0.255 0.25 0.245 0.24 0.235 0.23 0.225 0.22 0.215 0.21 0.205 0.2 0.2 0.2 0.2 0.2 0.2 0.2 0.2 0.2 0.2 0.2 0.2 0.2 0.2 0.2 0.1745838 0.1585051 0.1705741 0.1728178 0.1552946 0.1637454 0.1724524 0.1529375 0.1767519 0.1871867 0.1884312 0.1874566 0.1586147 0.1743191 0.1460807 0.1203392 0.1441376 0.1658264 0.1502132 0.1458941 
0.01 0.03 0.05 0.07 0.09 0.11 0.13 0.15 0.17 0.19 0.21 0.23 0.25 0.27 0.29 0.3 0.295 0.29 0.285 0.28 0.275 0.27 0.265 0.26 0.255 0.25 0.245 0.24 0.235 0.23 0.225 0.22 0.215 0.21 0.205 0.2 0.2 0.2 0.2 0.2 0.2 0.2 0.2 0.2 0.2 0.2 0.2 0.2 0.2 0.2 0.1766869 0.1375627 0.1326611 0.1370782 0.1643081 0.1492145 0.1425282 0.1595162 0.1575205 0.1346713 0.1241704 0.1385456 0.1385633 0.1498919 0.1576144 0.1705827 0.1761158 0.1692177 0.1963437 0.1961119 
0.01 0.03 0.05 0.07 0.09 0.11 0.13 0.15 0.17 0.19 0.21 0.23 0.25 0.27 0.29 0.3 0.295 0.29 0.285 0.28 0.275 0.27 0.265 0.26 0.255 0.25 0.245 0.24 0.235 0.23 0.225 0.22 0.215 0.21 0.205 0.2 0.2 0.2 0.2 0.2 0.2 0.2 0.2 0.2 0.2 0.2 0.2 0.2 0.2 0.2 0.1134443 0.1452111 0.1371291 0.1296234 0.1244434 0.1312116 0.1373407 0.1244838 0.1335053 0.140653 0.1451454 0.1559583 0.1293156 0.1393155 0.1539865 0.1777804 0.1544544 0.1567043 0.1536403 0.1391405 
0.01 0.03 0.05 0.07 0.09 0.11 0.13 0.15 0.17 0.19 0.21 0.23 0.25 0.27 0.29 0.3 0.295 0.29 0.285 0.28 0.275 0.27 0.265 0.26 0.255 0.25 0.245 0.24 0.235 0.23 0.225 0.22 0.215 0.21 0.205 0.2 0.2 0.2 0.2 0.2 0.2 0.2 0.2 0.2 0.2 0.2 0.2 0.2 0.2 0.2 0.1204246 0.1192388 0.133979 0.1533437 0.1732958 0.1710558 0.143614 0.1533238 0.1437217 0.1731348 0.1792893 0.1690384 0.1765691 0.1775183 0.1548225 0.1759854 0.1754018 0.1516507 0.1696597 0.1586595 
0.01 0.03 0.05 0.07 0.09 0.11 0.13 0.15 0.17 0.19 0.21 0.23 0.25 0.27 0.29 0.3 0.295 0.29 0.285 0.28 0.275 0.27 0.265 0.26 0.255 0.25 0.245 0.24 0.235 0.23 0.225 0.22 0.215 0.21 0.205 0.2 0.2 0.2 0.2 0.2 0.2 0.2 0.2 0.2 0.2 0.2 0.2 0.2 0.2 0.2 0.1070336 0.1262139 0.1255521 0.1403749 0.1271198 0.1373823 0.1215178 0.1400726 0.1473454 0.1497634 0.164143 0.1513286 0.1609948 0.164253 0.1627471 0.1577327 0.1361222 0.1313711 0.1454946 0.1421815 
0.01 0.03 0.05 0.07 0.09 0.11 0.13 0.15 0.17 0.19 0.21 0.23 0.25 0.27 0.29 0.3 0.295 0.29 0.285 0.28 0.275 0.27 0.265 0.26 0.255 0.25 0.245 0.24 0.235 0.23 0.225 0.22 0.215 0.21 0.205 0.2 0.2 0.2 0.2 0.2 0.2 0.2 0.2 0.2 0.2 0.2 0.2 0.2 0.2 0.2 0.1366573 0.1795558 0.1618564 0.1745663 0.1982228 0.1905065 0.1518405 0.1220041 0.1412238 0.132482 0.1353435 0.1403825 0.1595593 0.1648064 0.1821608 0.1633825 0.1623535 0.1674347 0.1749583 0.1792708 
0.01 0.03 0.05 0.07 0.09 0.11 0.13 0.15 0.17 0.19 0.21 0.23 0.25 0.27 0.29 0.3 0.295 0.29 0.285 0.28 0.275 0.27 0.265 0.26 0.255 0.25 0.245 0.24 0.235 0.23 0.225 0.22 0.215 0.21 0.205 0.2 0.2 0.2 0.2 0.2 0.2 0.2 0.2 0.2 0.2 0.2 0.2 0.2 0.2 0.2 0.1179171 0.1557962 0.1605574 0.1576997 0.1505637 0.1693772 0.1843169 0.1741254 0.1806426 0.1591211 NA NA NA NA NA NA NA NA NA NA 
#spawning biomass 
3634688 3530985 3373133 3165846 2926712 2677177 2422340 2171583 1938096 1716746 1515513 1343046 1184929 1042388 919439.1 815756.9 743179.6 689156.6 645662.4 615167.6 590385.9 572713.8 557481.8 548328.7 541126.7 536636.9 537090 539100.3 540751.9 544113 549493.3 555464 565558.3 576093.4 587700 602065.1 612526.2 623767.5 632218.8 640866.7 648994.1 657240.1 664252.8 668331.3 674347.2 678599.6 681966.7 687623.3 692115.1 695365.1 695365.1 718718 751303.8 777985.4 792399.9 802498.4 801884.6 809628.3 822847.3 832984.6 829767 822156.3 811651.8 820902.4 839568.6 845603.4 855289.2 856231.7 867266.8 859808.7 
3634688 3531459 3369710 3166584 2934942 2676612 2416323 2166696 1928147 1713865 1519882 1337384 1181424 1045236 922764 825342.8 749950.7 698493.9 658436.7 625092.2 599787.1 580683.5 567093.6 555386.9 548274.3 545108.1 542759.5 541276.9 543906.3 546626.2 550955.1 557871.5 567523.4 577465.4 586712.8 601015.3 613877.6 623749.6 635235.6 643320.4 649390.7 656300.5 662870.5 670166.6 676732.9 681696.9 685644.4 691382.2 694610.1 697667.6 697667.6 719550 750576.3 787154.2 812377.2 821486.1 838297.8 842495.2 851520.4 847399.8 838209.9 824985 818692.4 817377.5 841093.4 856688.2 856034.8 856321.4 852967.1 859336 
3634688 3532902 3369864 3165351 2929349 2678418 2418725 2166843 1928530 1709756 1514597 1340816 1183200 1038293 915720.2 818242.3 744752.2 690790.2 651082 620479.5 596898.7 576246.2 561316.3 550117 542143.5 537150.6 535286.7 536693.4 540084.5 543818.5 550600.1 556415.9 566462.7 575719.6 585838.7 599437.7 612782.4 622329.1 633398 643096.3 650613.4 659895.3 668403.3 672784.8 678777.4 685069.6 686442.2 689938.2 693050.2 694995.6 694995.6 732137.3 766586.8 790440.9 830721.3 866567.5 907264.7 927568 942262.6 941448.1 943577.1 941598.1 953593.2 955032.8 958638.2 960205.6 960138.8 972606.5 977303.8 998868.9 
3634688 3532269 3372852 3164158 2929417 2683544 2430651 2178362 1939464 1723831 1524720 1346905 1188860 1050413 924858.6 823727.6 747482.2 692349 652804.7 620691.7 598332.1 578571.9 564368.1 552607.1 545039.5 538546.6 537070.5 536460.1 539965.7 545886.2 551228.6 556802.7 566294.9 576139.7 589337.7 602774.7 613486.1 622749.9 631846.6 639685.1 646755.6 653375 660451.1 666410.2 673728 678572.8 683003.2 689933 691735.9 698432.9 698432.9 717632.2 745648.8 762672.7 775955.7 800383 816623.8 824618.1 846610.4 848534.6 842009.1 835586.9 831132.8 849414.3 854070.8 879867.8 924683.6 945373.3 944325.4 956499.1 
3634688 3530930 3369741 3163323 2928367 2674493 2416520 2172705 1936944 1716949 1519656 1342351 1183472 1041854 917569.4 820665.1 751435.5 696109.5 653709.9 621387.2 595353.6 576795.8 562998.1 551117.6 544494.2 541100.2 540953.6 539940 540883.1 547142.9 552837.9 559066.9 569515.9 578993.2 590468.1 604924.5 614115.2 624667.7 636612.5 646945.4 652033.7 657359.6 665053.3 671942.4 677106.8 681626.3 687083 690846.9 695975.4 698743 698743 716560.6 758825.4 801462.4 837076.3 848263.4 869779.6 895299.6 904856.9 915074.1 943847.5 979911.4 999848.7 1017287 1022302 1019477 1005120 987735.2 979088.4 948421.1 
3634688 3532032 3371980 3168764 2932648 2683722 2426208 2173896 1941530 1725667 1515750 1338474 1182916 1045245 916890.8 816070.8 743628.6 692388.2 652232.9 621051.8 595705.2 576230.8 561304.4 550313.4 542571.2 538849.1 537870.9 539332.5 541002.3 544296.3 549977 558601.3 568660.4 576601.1 589506 603048.2 615788.7 625321.4 635142.3 644311.9 652482.7 658448.8 665433.4 671858.5 677868.9 684483.8 691086.3 692256.4 694361.5 699660.1 699660.1 759178.7 793184.6 829115.9 867833.8 907794.5 938915.5 961970.5 994646.1 1016655 1029770 1037274 1033961 1056571 1068061 1063746 1036909 1035334 1032694 1033329 
3634688 3531983 3370830 3167635 2933752 2679168 2422995 2164205 1930410 1710986 1513295 1336747 1180581 1043293 923004.7 826880.5 750894 696775.4 654465.7 618982.3 595014.9 578175.9 565256.6 557426.1 550828.4 547934.9 544757.9 546079.7 547865.8 552408.3 558626.6 563092 572509.9 583976.3 594835.7 607535 618246.3 628945.2 637902.3 645827.9 653690 660945.6 667427.5 673181.9 678234.8 684120.8 687284.1 689819.2 695070.3 698244.1 698244.1 753129 806312.9 843954.1 862584.5 863485.1 866447.3 891714.5 907413.7 929485.1 924533.3 914705.8 914966.7 909532.5 904180.6 918242.9 913347 909030.4 924987.8 924431.2 
3634688 3531791 3372010 3171907 2935578 2686982 2432124 2177056 1934717 1713784 1511581 1335899 1176555 1032798 911372.8 814266.6 741936.2 688810.4 651365.2 617886.7 596461.1 576198.5 563260 551795.7 545334.6 543359.5 541603 541112.9 541624.2 543531.8 549204.6 557720.8 565357.5 575241.7 586836.9 599958 611527.2 622970.8 633765.9 644141.4 651910.2 660417.5 665477 670123.5 674895 679747 686276.3 689787 693278.6 697648.3 697648.3 761561 809048.9 852497.5 880380.9 916563.2 941569.7 978417.7 995930.8 1004944 1010958 1003333 1008440 1004718 998575.1 994762.5 996124.9 1017241 1041074 1048680 
3634688 3531616 3371967 3167192 2930248 2675940 2418437 2170692 1940940 1719838 1516239 1338667 1184081 1045006 918903.9 817247.7 742060.5 690779 649037 619121.7 594196.3 575022.1 562495.8 553137.6 542932.5 538446.8 538460.7 538386.1 538746.1 543636 548715 555618.6 564507.2 572327.3 585263.1 598743.1 610076.9 620563.6 631397.3 640952.1 649502.5 657470.2 663679.1 670285.4 675958.4 679252 683571 689072.4 694422.1 700738.5 700738.5 744562.1 755874.7 777175.6 787655.8 780241.2 779407.1 806857.3 855113.8 884458.4 917543.8 945176.6 965727.8 967276.7 963973.4 946392.4 947435.7 950025.2 948188.8 940086 
3634688 3532241 3372721 3167710 2933193 2683754 2428614 2179647 1943384 1723785 1531149 1351926 1190573 1049006 924203.7 823227.8 750499.1 696076.2 653866.5 620386.3 596410.6 577745.2 562448.4 553575.7 545245.3 540950.9 541151.4 542728.5 543961 547614.2 553586 559695.3 568223.8 577746.4 590291.3 603173.3 615285 625132.4 632041.3 642287.9 648886.3 658212.5 665080.5 674051.1 677420.6 681351 684893.5 687310.6 694225.2 697722.5 697722.5 754261.5 781128.8 800724.6 820353.8 843667.7 850490.2 845270.1 848908.9 847805.6 NA NA NA NA NA NA NA NA NA NA 
#survey index 
3643456 3539760 3381924 3174622 2935424 2685824 2430879 2180017 1946356 1724823 1523423 1350722 1192366 1049574 926354.3 822370.5 749495.1 695193.8 651472 620795.7 595871.5 578083.2 562745.4 553517 546255.1 541730.1 542145.1 544139.2 545800.8 549171.6 554556.1 560555.7 570677.4 581244.7 592894.2 607303.7 617819.5 629140.1 637611.4 646300.9 654471.8 662736.5 669783.9 673899.7 679943 684211.8 687599.4 693267.3 697767.7 701029.4 1402198 1566297 1749289 1931056 2102660 2270389 2426529 2588885 2753146 2909442 3046315 3171573 3285865 3411439 3537804 3642888 3743199 3826466 3912031 3971391 
3643456 3540234 3378506 3175356 2943662 2685246 2424883 2175104 1936413 1721953 1527771 1345067 1188864 1052410 929657.5 831956.7 756266.9 704546 664273.7 630759.8 605316.2 586085.8 572394.2 560604.4 553437.9 550229.9 547855.7 546355 548980.5 551684.5 556037 562974.9 572635.7 582613.4 591912.7 606253.9 619163.4 629105.5 640628.5 648758.4 654871.8 661812.2 668402.9 675725.5 682313.9 687304.8 691279.2 697052.5 700279.8 703361.4 1410170 1573297 1755099 1947004 2129532 2296309 2469805 2628365 2788188 2929887 3060455 3179778 3298158 3413165 3544683 3659250 3748932 3831197 3901812 3974823 
3643456 3541677 3378658 3174127 2938065 2687072 2427274 2175249 1936782 1717848 1522480 1348484 1190632 1045462 922625.5 824835.9 751062.7 696821.8 656901.5 626113.8 602401.9 581624.7 566606 555326 547282.8 542248.6 540342.3 541733.1 545128.1 548860.4 555674.3 561492.4 571579.8 580862.5 591029.8 604674.7 618063.2 627667.7 638791.8 648533.7 656090.3 665408.7 673951.4 678375.3 684382.2 690688 692082.8 695613.8 698721.4 700686.9 1403714 1581459 1766053 1944797 2142060 2335395 2532914 2707753 2873467 3018696 3160703 3291501 3428476 3546416 3657877 3758541 3849104 3944030 4023188 4111960 
3643456 3541044 3381640 3172936 2938118 2692184 2439194 2186776 1947747 1731944 1532634 1354575 1196305 1057601 931757.1 830364.7 753813.1 698398.8 658623.8 626324.1 603843.3 583953.4 569663.3 557812.7 550202.3 543655.1 542140.6 541502 545017.9 550933.2 556288.4 561896.8 571409.1 581283.8 594533.7 608015.1 618788.8 628110.1 637245.4 645121 652219.5 658869.1 665954.8 671970.5 679318.4 684179.5 688623.6 695586.4 697393.8 704124.9 1407623 1567499 1745775 1917703 2088052 2269951 2442705 2605003 2777760 2925505 3058730 3184876 3305166 3439904 3552345 3677473 3813174 3916368 3989818 4069096 
3643456 3539705 3378528 3172074 2937087 2683129 2425055 2181133 1945210 1725059 1527562 1350030 1190917 1049035 924470.3 827289.6 757737.3 702150.7 659549.2 627051.9 600864.3 582172.4 568270.5 556323.8 549651.2 546212.7 546022.3 544997.6 545947.6 552197.9 557911.1 564173.2 574649.9 584140.5 595676.5 610174.5 619420.3 630042.4 642018.3 652379.6 657514 662902.2 670596.5 677508.1 682700.1 687242.6 692724.7 696500 701655.7 704438.1 1410984 1569717 1762392 1960023 2152774 2321560 2499872 2679915 2840459 2996776 3165514 3334307 3479000 3612793 3725506 3821719 3897788 3962507 4028042 4063786 
3643456 3540807 3380769 3177547 2941358 2692357 2434755 2182325 1949794 1733775 1523657 1346161 1190351 1052407 923796.5 822697.4 749930.9 698417.5 658038.4 626697.5 601225.1 581602.3 566596.7 555527 547721 543949.4 542936.8 544377.9 546057.7 549351.2 555044.8 563689.4 573780.3 581764.2 594718 608291.2 621075.3 630681 640554.2 649758.7 657965.2 663957.5 670991.4 677421.2 683455.9 690106.5 696734.9 697927.6 700049.5 705346.3 1412093 1612572 1797101 1988229 2183920 2381175 2568734 2746059 2929434 3097287 3250174 3390337 3511733 3650766 3770037 3864983 3928768 4009637 4081434 4149063 
3643456 3540760 3379630 3176396 2942458 2687811 2431526 2172640 1938701 1719080 1521199 1344423 1188021 1050445 929910.5 833491.6 757232.8 702835.4 660301.1 624639.4 600514 583555.3 570543.3 562649.8 555996.2 553055.5 549871.7 551174.3 552938.9 557496.1 563727.7 568214 577671.1 589156.3 600049.9 612812.6 623573 634313.3 643325 651293.4 659173.7 666474.3 672983 678770 683835 689752.4 692933 695494.3 700744 703925.9 1410619 1606781 1810701 2003723 2179665 2338183 2497762 2677334 2843764 3011736 3146458 3269149 3393910 3504640 3606896 3719996 3805504 3883396 3973804 4040037 
3643456 3540567 3380803 3180664 2944315 2695641 2440664 2185489 1943012 1721885 1519479 1343581 1183980 1039976 918265 820843.9 748216.9 694837.2 657172.4 623503.3 601965.2 581572.2 568552.4 557003.3 550482.1 548454.1 546681.1 546181.2 546689 548590.2 554287.6 562796.4 570476.3 580396.9 592024 605192 616820.1 628312.2 639161.8 649582.3 657385.5 665934.9 671025.1 675702.7 680493.9 685360.5 691901.6 695443.2 698945.2 703337 1407479 1612045 1809716 2008143 2193054 2386756 2568360 2759719 2928037 3082854 3228477 3353370 3483171 3595757 3697460 3792896 3884999 3988782 4087393 4162210 
3643456 3540393 3380770 3175963 2938955 2684589 2427002 2179106 1949209 1727937 1524134 1346353 1191527 1052178 925801.8 823861.6 748373.5 696812.6 654840.2 624769.9 599675.3 580391.7 567772.2 558345.1 548083 543559.6 543511.2 543432.3 543806.2 548680 553765.8 560699.7 569614 577468.9 590443.2 603965.1 615363.7 625917.5 636788.2 646373.3 654965.3 662984.8 669218.3 675854.2 681546 684866.1 689208.5 694717.6 700095.9 706425.2 1410979 1595717 1757414 1933707 2101017 2250932 2406560 2588257 2787200 2962425 3135360 3295763 3441338 3559521 3664239 3745955 3837850 3922983 3995715 4054578 
3643456 3541017 3381513 3176467 2941908 2692394 2437154 2188056 1951664 1731897 1539045 1359626 1198032 1056199 931120.1 829860.5 756837.6 702116.1 659697.9 626034.6 601915 583127.1 567741.6 558799.5 550393.2 546064.6 546228.3 547786 549028.7 552683.5 558661.8 564793 573352.2 582911.7 595494.3 608418.7 620578.8 630476.4 637440.1 647730.7 654358.2 663723.7 670613.8 679624.8 683018 686984.8 690538.9 692962.2 699892.4 703399.6 1408215 1605672 1782904 1957632 2134375 2315255 2478793 2628021 2782502 2927327 NA NA NA NA NA NA NA NA NA NA 
#cpue index 
3591149 3488257 3331341 3125085 2887061 2638663 2385037 2135564 1903339 1683420 1483623 1312456 1155811 1014796 893302.6 791009.3 719494.1 666456.3 623924.4 594170.1 570036.6 552841.1 538039.6 529175.2 522220.6 517899.8 518395.9 520446.5 522133.5 525444.7 530729.1 536605.5 546496.4 556844.6 568246 582343.4 592636.6 603636 611877.8 620350.6 628304.5 636374.8 643265.3 647261.9 653122.4 657274.2 660567.6 666100.6 670521.2 673736.3 673736.3 696626.6 728706.5 755147.1 769426.8 779286.5 778575.5 786050.3 798981.7 809008.6 805928.6 798375.9 787927.8 796892.5 815306.3 821453.5 831039.9 831971.6 842759.1 835450.6 
3591149 3488728 3327943 3125801 2895213 2638127 2379095 2130697 1893500 1680515 1487888 1306906 1152336 1017563 896599.1 800477.4 726225.4 675681.1 636498.6 603955.3 579267.8 560650.6 547446.3 536096.9 529220.4 526187.9 523957.5 522558.2 525160.4 527869.4 532158.9 538942.6 548416.6 558212.9 567304.7 581309.1 593947.4 603641 614866.2 622791.3 628722.4 635456.9 641880.1 649034 655482.1 660361.2 664227.2 669822.7 672969.5 675972.1 675972.1 697408 727975.7 764103.8 789067.8 798075.3 814443.2 818509.1 827320.4 823246.5 814172.1 801047.1 794756.2 793448.8 816779.6 832306.6 831835.8 832037.3 828641.5 834844.4 
3591149 3490159 3328102 3124584 2889669 2639891 2381442 2130850 1893897 1676486 1482663 1310270 1154119 1010778 889653.1 793445.5 721080.4 668097.9 629259.5 599407 576447.6 556338.3 541810.7 530919 523192.2 518382.3 516622.2 518072.2 521450.8 525155.5 531826.1 537545.2 547411.9 556505.9 566444.3 579767.7 592866.4 602252.1 613080.2 622563.5 629917.2 638994 647331 651622.7 657461 663630.4 665000.8 668400 671418 673330.1 673330.1 709718.2 743779.5 767501.7 807071.4 842388.4 882514.6 902559.1 916983.3 916052.8 917989.1 915970.8 927726 929205.7 932773.8 934298.7 934221.7 946458.8 951189.8 972429.3 
3591149 3489531 3331069 3123416 2889741 2645000 2393309 2142328 1904766 1690410 1492679 1316288 1159720 1022712 898689.7 798901.2 723758.8 669603.7 630921.1 599618.7 577852.5 558614.4 544806.4 533380.4 526049.5 519747.4 518354.6 517833.6 521321.3 527154.7 532450 537944.6 547238.8 556913.6 569867.5 583056.9 593580.5 602640.8 611518.8 619182.2 626100.8 632582.5 639523.7 645383.7 652519 657254 661600.7 668393 670169.3 676725.5 676725.5 695545.7 723148.9 740051.5 753155.3 777072.3 793062.1 800967.7 822495.4 824426.7 818017.7 811564.7 807082.5 824977.8 829707.8 855139.9 899296.8 919950.2 919033 930809.3 
3591149 3488203 3327975 3122591 2888732 2636020 2379288 2136668 1902211 1683596 1487655 1311770 1154368 1014249 891468.4 795825 727612.3 673355.7 631875.7 600292.9 574895.8 556831.7 543450.9 531937.4 525515 522244.3 522170.6 521273.3 522237.3 528378 534014.1 540146.8 550377.6 559699.8 570984.8 585154.2 594196.7 604514.6 616176.2 626318.2 631339.3 636517.7 643990.1 650758.1 655841.1 660272.4 665610 669296.7 674322.4 677030 677030 694483.8 736043.3 778219.8 813465.3 824532.5 845523.8 870502.9 879968.6 889986.4 918217.8 953773.2 973606.9 990846 995755.1 992898.7 978684 961450.1 952807 922620 
3591149 3489296 3330204 3127979 2892943 2645176 2388918 2137883 1906764 1692238 1483859 1307948 1153786 1017586 890849.5 791328.3 719928.1 669639.2 630400.8 599999.2 575275.9 556291.4 541792.8 531106 523599.9 520028.4 519149.5 520660.3 522362.2 525612.9 531201.6 539674 549563.1 557377 570008.7 583288.5 595823.8 605197.4 614782.3 623734.4 631731 637579.6 644409.8 650683.5 656595.6 663087.5 669552.3 670699.7 672729.9 677900.5 677900.5 736273.1 770096 805688.2 843730.2 883046.3 913741.4 936442.2 968514.3 990208.7 1003179 1010537 1007199 1029322 1040698 1036587 1010123 1008326 1005645 1006344 
3591149 3489249 3329051 3126842 2894061 2640681 2385725 2128299 1895713 1677630 1481336 1306205 1151478 1015652 896847.1 801982.8 727153.6 673974.4 632577.1 597935.9 574559.9 558193.2 545669.1 538102.8 531730.6 528975.2 525940.2 527251 529050.5 533554.1 539676.3 544087.2 553309.6 564549 575242.1 587718.5 598218.2 608698.6 617475.6 625214.1 632899.8 640016.3 646356 651985 656927.6 662698.7 665796.9 668265.9 673387.7 676527.5 676527.5 730341.1 782914.3 820347.7 838741.3 839457.2 842099.7 866768 882331.3 904139.6 899363.6 889609.2 889652.2 884275.2 878998.7 892796.3 888128.9 883907.4 899490.4 899040.7 
3591149 3489058 3330225 3131101 2895890 2648386 2394740 2141024 1900028 1680428 1479665 1305368 1147511 1005315 885321.3 789514.7 718318.4 666180.7 629542.7 596899.8 576033.5 556295.5 543716.4 532577 526329.8 524478.8 522857.2 522430.7 522959.3 524849.7 530418.5 538779.2 546326.3 556021.5 567395.2 580282.1 591644.7 602856.7 613429.8 623581.2 631190.1 639517.7 644466.5 648996.9 653645.5 658390 664798.8 668264.2 671678.3 675955.8 675955.8 738605.7 785696.7 828808.3 856278.8 891730.6 916281.5 952526 969817.9 978691.8 984513.4 976965.5 981875.8 978184.8 972130.6 968311.6 969627.8 990423.1 1014016 1021721 
3591149 3488885 3330179 3126397 2890567 2637462 2381163 2134635 1906150 1686465 1484326 1308153 1154940 1017341 892808 792505.1 718422.9 668048.7 627249.5 598072.4 573784.6 555144.5 542975 533907.1 524003.5 519649.6 519716.4 519754.3 520153 524942.4 529971.8 536773.7 545496.5 553182.4 565856.7 579095 590237.1 600496.8 611072.7 620435.2 628830.8 636631.5 642691 649151.3 654707.4 657940.5 662152.4 667532.8 672789.3 678983.4 678983.4 721962.6 733389.6 754410.2 764629.1 757312.8 756312 783138.3 830697.7 859937.4 892627.1 919824.8 940054.4 941562.7 938201.4 920781.3 921623.7 924141.7 922402.4 914461.1 
3591149 3489504 3330933 3126941 2893522 2645220 2391297 2143601 1908656 1690389 1499045 1321289 1161410 1021317 898016.2 798373.4 726696.4 673265.6 632004.5 599322.9 575951.5 557787.5 542919.2 534300.8 526231.9 522109.6 522363.6 523990.6 525266.7 528863.7 534738.1 540761 549134.3 558477.6 570777.7 583430.3 595332.7 605003.6 611765.3 621755.6 628205.2 637328.6 644063.5 652859.8 656170 659999.6 663433.8 665793.5 672569.3 676027.2 676027.2 731461 758240.5 777760.1 796922.9 819751.1 826496.7 821286.8 824674.6 823534.2 NA NA NA NA NA NA NA NA NA NA 
# 
#BMSY begin 
1316458 
#FMSY begin 
0.1221643 
#BMSY end 
1316458 
#FMSY end 
0.1221643 
#B35in 
904643.8 
#F35in 
0.171722 
#B35out 
904643.8 
#F35out 
0.171722 
#OFL 
NA NA NA NA NA NA NA NA NA NA NA NA NA NA NA NA NA NA NA NA NA NA NA NA NA NA NA NA NA NA NA NA NA NA NA NA NA NA NA NA NA NA NA NA NA NA NA NA NA NA 74598.44 77257.81 83535.85 90481.7 95442.26 98437.36 99586.65 100467 103090.8 106060.1 106935.4 105533.5 103216.2 103076.7 106637.8 109838.2 111901 113282.4 114873.9 115312.7 
NA NA NA NA NA NA NA NA NA NA NA NA NA NA NA NA NA NA NA NA NA NA NA NA NA NA NA NA NA NA NA NA NA NA NA NA NA NA NA NA NA NA NA NA NA NA NA NA NA NA 92542.28 77602.28 83549.14 91465.81 99017.66 103314.5 106596.2 109281.5 110999.7 111612.9 109861.9 106945 104462.6 103508.3 106379.2 111486.1 113444.7 113388.5 112964.2 113373 
NA NA NA NA NA NA NA NA NA NA NA NA NA NA NA NA NA NA NA NA NA NA NA NA NA NA NA NA NA NA NA NA NA NA NA NA NA NA NA NA NA NA NA NA NA NA NA NA NA NA 92131.74 78666.44 86854.02 93819.72 101692.9 111465.1 121699.7 129780.5 131853.4 131721.5 132001.5 131712.4 133401.1 133612.9 134125.3 134344.5 134333.7 136091.1 136769.4 139819.7 
NA NA NA NA NA NA NA NA NA NA NA NA NA NA NA NA NA NA NA NA NA NA NA NA NA NA NA NA NA NA NA NA NA NA NA NA NA NA NA NA NA NA NA NA NA NA NA NA NA NA 97349.41 77480.48 82774.16 88010.48 91602.18 96142.07 101173 104224 108053.6 111140.5 110523.6 108827.9 107418.8 109223.3 112216.1 116271.4 125871 132279.7 132147.8 133841.4 
NA NA NA NA NA NA NA NA NA NA NA NA NA NA NA NA NA NA NA NA NA NA NA NA NA NA NA NA NA NA NA NA NA NA NA NA NA NA NA NA NA NA NA NA NA NA NA NA NA NA 97393.17 77397.01 84122.54 94171.73 103908 109923.6 114197.3 120482.3 125269.6 127978.7 132034 137139.3 139985.7 142461.2 143166.8 142757.7 140717.4 138244 137004 132669 
NA NA NA NA NA NA NA NA NA NA NA NA NA NA NA NA NA NA NA NA NA NA NA NA NA NA NA NA NA NA NA NA NA NA NA NA NA NA NA NA NA NA NA NA NA NA NA NA NA NA 97518.45 82157.36 93232.52 101865.5 111429.8 121946.3 131386.2 134646.9 139254 142369.3 144231.8 145289.3 144811 147989.5 149622.1 149030.8 145231.2 144975.9 144591.2 144690.7 
NA NA NA NA NA NA NA NA NA NA NA NA NA NA NA NA NA NA NA NA NA NA NA NA NA NA NA NA NA NA NA NA NA NA NA NA NA NA NA NA NA NA NA NA NA NA NA NA NA NA 97321.04 81330.34 94031.72 105410.5 112715.2 115250 115733.2 119519.7 125117.9 130011.5 129324.9 127925.7 127933.8 127162 126404.2 128322 127713.9 127107.8 129346.7 129280.9 
NA NA NA NA NA NA NA NA NA NA NA NA NA NA NA NA NA NA NA NA NA NA NA NA NA NA NA NA NA NA NA NA NA NA NA NA NA NA NA NA NA NA NA NA NA NA NA NA NA NA 97238.81 82179.04 95415.49 106852.1 116209.3 124880 131752 136957.9 139440.9 140715.9 141553.1 140469.9 141176.5 140646.6 139777.5 139229.7 139418.7 142404.9 145791.1 146895.8 
NA NA NA NA NA NA NA NA NA NA NA NA NA NA NA NA NA NA NA NA NA NA NA NA NA NA NA NA NA NA NA NA NA NA NA NA NA NA NA NA NA NA NA NA NA NA NA NA NA NA 97673.73 80686.88 87091.93 90941.03 94751.19 95099.53 94090.4 97321.43 106815.6 117059 125570 132261.1 135166.7 135384 134902.9 132402.7 132525.6 132887.2 132636.7 131496 
NA NA NA NA NA NA NA NA NA NA NA NA NA NA NA NA NA NA NA NA NA NA NA NA NA NA NA NA NA NA NA NA NA NA NA NA NA NA NA NA NA NA NA NA NA NA NA NA NA NA 97249 81393.6 91207.36 96859.77 101706.2 107143.8 111038.4 111214.5 111003.2 111317.7 NA NA NA NA NA NA NA NA NA NA 
