# Number of parameters = 137 Objective function value = 63475.3374507024  Maximum gradient component = 0.000931555622814041
# srv_sel50:
1.70686304564
# srv_sel95:
3.08640761332
# stNatLen:
 11.9007896474 11.7144773664 11.4289098499 11.1924035938 11.0157175211 10.8544244618 10.6645138326 10.4269228777 10.1487799867 9.84982557471 9.54951243916 9.26155406326 8.99378080846 8.74978358830 8.53061417352 8.33593130477 8.16474928017 8.01585900077 7.88808635959 7.78037390570 7.69180835301 7.62165601274 7.56941880832 7.53472330325 7.51737521218
# log_avg_fmort_dir:
-1.60589350598
# fmort_dir_dev:
 -2.10188268710 -1.97091332383 -1.36912047141 -1.03449012052 -0.785247336475 -0.582436392362 -0.491630510394 -0.241061071777 -0.0954126846576 -0.0359818838117 0.0136011521037 0.252495061861 0.175814577372 0.395719149079 0.437781899231 0.336275268490 0.441379705925 0.429526730246 0.446665555294 0.373630281644 0.314311247793 0.293967821873 0.382129110307 0.304802682218 0.255916167727 0.339400028491 0.252107316699 0.222387340244 0.320270083974 0.184836255301 0.167136608730 0.155499384961 0.0918772008248 0.127079805240 0.234132257079 0.142205085920 0.177310898691 0.139813722275 0.125541358798 0.115735661217 0.0999448907436 0.0785139450263 -0.0460435938654 0.0175290731169 0.0717596149853 0.0442405850388 0.0470868523691 -0.00169019761777 0.0584970882406 -0.0239695381686 0.203996391480 0.306407999535 0.202553951833
# mean_log_rec:
11.3999352657
# rec_dev:
 0.553316015982 0.532842237124 0.521142180057 0.509099731559 0.495707937837 0.473614802183 0.438840967676 0.402689880737 0.379262394017 0.345737088920 0.294065063507 0.268778350363 0.232845559121 0.174361803138 0.120864737439 0.0568563381403 -0.0183970011086 -0.0742086027842 -0.0963367120744 -0.0882743258315 -0.104759909711 -0.115999578126 -0.123423371385 -0.143992888855 -0.165970193923 -0.166785726148 -0.175684560841 -0.213737343787 -0.240236588975 -0.254224398368 -0.283075520987 -0.319794801051 -0.376721805738 -0.418333125298 -0.331072540502 -0.238479004571 -0.234402618640 -0.241981419152 -0.252512636129 -0.263957877199 -0.245440832550 -0.228866967306 -0.201692122279 -0.174116519072 -0.161647833121 -0.136997149608 -0.0940420663475 -0.0651748513578 -0.0176129981890 0.0658656498902 0.143157040369 0.129453012010 0.129453100943
# log_avg_NatM:
-1.47890400000
# m_dev:
 0.00000000000 0.00000000000 0.00000000000 0.00000000000 0.00000000000 0.00000000000 0.00000000000 0.00000000000 0.00000000000 0.00000000000 0.00000000000 0.00000000000 0.00000000000 0.00000000000 0.00000000000 0.00000000000 0.00000000000 0.00000000000 0.00000000000 0.00000000000 0.00000000000 0.00000000000 0.00000000000 0.00000000000 0.00000000000 0.00000000000 0.00000000000 0.00000000000 0.00000000000 0.00000000000 0.00000000000 0.00000000000 0.00000000000 0.00000000000 0.00000000000 0.00000000000 0.00000000000 0.00000000000 0.00000000000 0.00000000000 0.00000000000 0.00000000000 0.00000000000 0.00000000000 0.00000000000 0.00000000000 0.00000000000 0.00000000000 0.00000000000 0.00000000000 0.00000000000 0.00000000000 0.00000000000
# log_avg_GrowthK:
-1.60943800000
# log_avg_Linf:
4.88280200000
# GrowthK_dev:
 0.00000000000 0.00000000000 0.00000000000 0.00000000000 0.00000000000 0.00000000000 0.00000000000 0.00000000000 0.00000000000 0.00000000000 0.00000000000 0.00000000000 0.00000000000 0.00000000000 0.00000000000 0.00000000000 0.00000000000 0.00000000000 0.00000000000 0.00000000000 0.00000000000 0.00000000000 0.00000000000 0.00000000000 0.00000000000 0.00000000000 0.00000000000 0.00000000000 0.00000000000 0.00000000000 0.00000000000 0.00000000000 0.00000000000 0.00000000000 0.00000000000 0.00000000000 0.00000000000 0.00000000000 0.00000000000 0.00000000000 0.00000000000 0.00000000000 0.00000000000 0.00000000000 0.00000000000 0.00000000000 0.00000000000 0.00000000000 0.00000000000 0.00000000000 0.00000000000 0.00000000000 0.00000000000
# Linf_dev:
 0.00000000000 0.00000000000 0.00000000000 0.00000000000 0.00000000000 0.00000000000 0.00000000000 0.00000000000 0.00000000000 0.00000000000 0.00000000000 0.00000000000 0.00000000000 0.00000000000 0.00000000000 0.00000000000 0.00000000000 0.00000000000 0.00000000000 0.00000000000 0.00000000000 0.00000000000 0.00000000000 0.00000000000 0.00000000000 0.00000000000 0.00000000000 0.00000000000 0.00000000000 0.00000000000 0.00000000000 0.00000000000 0.00000000000 0.00000000000 0.00000000000 0.00000000000 0.00000000000 0.00000000000 0.00000000000 0.00000000000 0.00000000000 0.00000000000 0.00000000000 0.00000000000 0.00000000000 0.00000000000 0.00000000000 0.00000000000 0.00000000000 0.00000000000 0.00000000000 0.00000000000 0.00000000000
# SelPars50:
2.35981431289
# SelPars95:
4.37061338711
# SelPars_dev50:
 0.00000000000 0.00000000000 0.00000000000 0.00000000000 0.00000000000 0.00000000000 0.00000000000 0.00000000000 0.00000000000 0.00000000000 0.00000000000 0.00000000000 0.00000000000 0.00000000000 0.00000000000 0.00000000000 0.00000000000 0.00000000000 0.00000000000 0.00000000000 0.00000000000 0.00000000000 0.00000000000 0.00000000000 0.00000000000 0.00000000000 0.00000000000 0.00000000000 0.00000000000 0.00000000000 0.00000000000 0.00000000000 0.00000000000 0.00000000000 0.00000000000 0.00000000000 0.00000000000 0.00000000000 0.00000000000 0.00000000000 0.00000000000 0.00000000000 0.00000000000 0.00000000000 0.00000000000 0.00000000000 0.00000000000 0.00000000000 0.00000000000 0.00000000000 0.00000000000 0.00000000000 0.00000000000
# SelPars_dev95:
 0.00000000000 0.00000000000 0.00000000000 0.00000000000 0.00000000000 0.00000000000 0.00000000000 0.00000000000 0.00000000000 0.00000000000 0.00000000000 0.00000000000 0.00000000000 0.00000000000 0.00000000000 0.00000000000 0.00000000000 0.00000000000 0.00000000000 0.00000000000 0.00000000000 0.00000000000 0.00000000000 0.00000000000 0.00000000000 0.00000000000 0.00000000000 0.00000000000 0.00000000000 0.00000000000 0.00000000000 0.00000000000 0.00000000000 0.00000000000 0.00000000000 0.00000000000 0.00000000000 0.00000000000 0.00000000000 0.00000000000 0.00000000000 0.00000000000 0.00000000000 0.00000000000 0.00000000000 0.00000000000 0.00000000000 0.00000000000 0.00000000000 0.00000000000 0.00000000000 0.00000000000 0.00000000000
