# Number of parameters = 143 Objective function value = 67212.5  Maximum gradient component = 0.000691252
# srv_sel50:
1.50008889119
# srv_sel95:
2.49951700028
# stNatLen:
 11.4613727435 11.3168186294 11.1099926537 10.9179560541 10.7326288575 10.5309437890 10.3061284170 10.0662948299 9.82395725916 9.58940929433 9.36908081898 9.16619669894 8.98188440565 8.81608637051 8.66812758313 8.53710729806 8.42213219314 8.32228440955 8.23675200337 8.16477947015 8.10574073332 8.05907541738 8.02439961181 8.00143909038 7.98998172038
# log_avg_fmort_dir:
-1.66709592979
# fmort_dir_dev:
 -1.82664581050 -1.80463662968 -1.26770168748 -1.00220637777 -0.646287566280 -0.386354491417 -0.371550062035 -0.217745894847 -0.0582957228399 0.0233919269244 0.276080242302 0.220829824626 0.424091476125 0.510385858574 0.521157530071 0.530506041730 0.456350905858 0.450450231044 0.412157912806 0.449846421276 0.462762651312 0.424646347620 0.329231501046 0.323165757666 0.275806237719 0.237369214470 0.251927849002 0.287752160253 0.164960882814 0.150554334160 0.136796281727 0.176045960040 0.144849900434 0.135134703394 0.00491182251527 0.0797162681716 0.147606439229 0.0748466302630 0.0416378968623 0.0365663389085 0.0172616490610 0.0803151476816 0.0211526660313 -0.0309512140743 0.0648376890819 0.0396779984038 0.0582156735886 0.0525357904277 0.0785215578425 -0.0193344258522 -0.177433210936 -0.124474153313 -0.172105070095 -0.205676041721 -0.142755180974 -0.119902181257
# mean_log_rec:
11.1401958466
# rec_dev:
 0.390769692544 0.370868108077 0.373928898678 0.373926204874 0.367046921140 0.362444278420 0.354847178093 0.341405034968 0.309862590524 0.274575344051 0.260855765071 0.228014663091 0.188889560123 0.154607737074 0.102506032651 0.0558597275080 0.0116571191795 -0.0454838078464 -0.0846195171568 -0.109043615707 -0.149264188441 -0.182680967676 -0.192555202979 -0.199381790632 -0.216148111359 -0.221936712961 -0.234216730173 -0.228866271349 -0.215207532263 -0.184112866806 -0.184141132227 -0.188634030590 -0.172677677424 -0.161456947558 -0.148804114772 -0.138449079253 -0.132107065887 -0.123964612280 -0.0964653991950 -0.0789337502585 -0.0894423117529 -0.0916589063878 -0.0850820715332 -0.0827523357108 -0.0854642997456 -0.0932782525003 -0.0914513517373 -0.0836320134260 -0.0675916531900 -0.0428424603284 -0.0316776211812 -0.0243421634854 -0.00970177464968 0.0121577992323 0.0169228606150 0.0169228245080
# log_avg_NatM:
-1.60943800000
# m_dev:
 0.00000000000 0.00000000000 0.00000000000 0.00000000000 0.00000000000 0.00000000000 0.00000000000 0.00000000000 0.00000000000 0.00000000000 0.00000000000 0.00000000000 0.00000000000 0.00000000000 0.00000000000 0.00000000000 0.00000000000 0.00000000000 0.00000000000 0.00000000000 0.00000000000 0.00000000000 0.00000000000 0.00000000000 0.00000000000 0.00000000000 0.00000000000 0.00000000000 0.00000000000 0.00000000000 0.00000000000 0.00000000000 0.00000000000 0.00000000000 0.00000000000 0.00000000000 0.00000000000 0.00000000000 0.00000000000 0.00000000000 0.00000000000 0.00000000000 0.00000000000 0.00000000000 0.00000000000 0.00000000000 0.00000000000 0.00000000000 0.00000000000 0.00000000000 0.00000000000 0.00000000000 0.00000000000 0.00000000000 0.00000000000 0.00000000000
# log_avg_GrowthK:
-1.60943800000
# log_avg_Linf:
4.88280200000
# GrowthK_dev:
 0.00000000000 0.00000000000 0.00000000000 0.00000000000 0.00000000000 0.00000000000 0.00000000000 0.00000000000 0.00000000000 0.00000000000 0.00000000000 0.00000000000 0.00000000000 0.00000000000 0.00000000000 0.00000000000 0.00000000000 0.00000000000 0.00000000000 0.00000000000 0.00000000000 0.00000000000 0.00000000000 0.00000000000 0.00000000000 0.00000000000 0.00000000000 0.00000000000 0.00000000000 0.00000000000 0.00000000000 0.00000000000 0.00000000000 0.00000000000 0.00000000000 0.00000000000 0.00000000000 0.00000000000 0.00000000000 0.00000000000 0.00000000000 0.00000000000 0.00000000000 0.00000000000 0.00000000000 0.00000000000 0.00000000000 0.00000000000 0.00000000000 0.00000000000 0.00000000000 0.00000000000 0.00000000000 0.00000000000 0.00000000000 0.00000000000
# Linf_dev:
 0.00000000000 0.00000000000 0.00000000000 0.00000000000 0.00000000000 0.00000000000 0.00000000000 0.00000000000 0.00000000000 0.00000000000 0.00000000000 0.00000000000 0.00000000000 0.00000000000 0.00000000000 0.00000000000 0.00000000000 0.00000000000 0.00000000000 0.00000000000 0.00000000000 0.00000000000 0.00000000000 0.00000000000 0.00000000000 0.00000000000 0.00000000000 0.00000000000 0.00000000000 0.00000000000 0.00000000000 0.00000000000 0.00000000000 0.00000000000 0.00000000000 0.00000000000 0.00000000000 0.00000000000 0.00000000000 0.00000000000 0.00000000000 0.00000000000 0.00000000000 0.00000000000 0.00000000000 0.00000000000 0.00000000000 0.00000000000 0.00000000000 0.00000000000 0.00000000000 0.00000000000 0.00000000000 0.00000000000 0.00000000000 0.00000000000
# SelPars50:
2.05566478110
# SelPars95:
3.67356001309
# SelPars_dev50:
 0.00000000000 0.00000000000 0.00000000000 0.00000000000 0.00000000000 0.00000000000 0.00000000000 0.00000000000 0.00000000000 0.00000000000 0.00000000000 0.00000000000 0.00000000000 0.00000000000 0.00000000000 0.00000000000 0.00000000000 0.00000000000 0.00000000000 0.00000000000 0.00000000000 0.00000000000 0.00000000000 0.00000000000 0.00000000000 0.00000000000 0.00000000000 0.00000000000 0.00000000000 0.00000000000 0.00000000000 0.00000000000 0.00000000000 0.00000000000 0.00000000000 0.00000000000 0.00000000000 0.00000000000 0.00000000000 0.00000000000 0.00000000000 0.00000000000 0.00000000000 0.00000000000 0.00000000000 0.00000000000 0.00000000000 0.00000000000 0.00000000000 0.00000000000 0.00000000000 0.00000000000 0.00000000000 0.00000000000 0.00000000000 0.00000000000
# SelPars_dev95:
 0.00000000000 0.00000000000 0.00000000000 0.00000000000 0.00000000000 0.00000000000 0.00000000000 0.00000000000 0.00000000000 0.00000000000 0.00000000000 0.00000000000 0.00000000000 0.00000000000 0.00000000000 0.00000000000 0.00000000000 0.00000000000 0.00000000000 0.00000000000 0.00000000000 0.00000000000 0.00000000000 0.00000000000 0.00000000000 0.00000000000 0.00000000000 0.00000000000 0.00000000000 0.00000000000 0.00000000000 0.00000000000 0.00000000000 0.00000000000 0.00000000000 0.00000000000 0.00000000000 0.00000000000 0.00000000000 0.00000000000 0.00000000000 0.00000000000 0.00000000000 0.00000000000 0.00000000000 0.00000000000 0.00000000000 0.00000000000 0.00000000000 0.00000000000 0.00000000000 0.00000000000 0.00000000000 0.00000000000 0.00000000000 0.00000000000
