# Number of parameters = 163 Objective function value = 79067.4053419011  Maximum gradient component = 0.000775764997230597
# srv_sel50:
1.64397313317
# srv_sel95:
2.90758829941
# stNatLen:
 11.8847444315 11.7037229949 11.4451770356 11.2263001226 11.0482662903 10.8748106917 10.6752847559 10.4399215497 10.1769844163 9.90202650155 9.62948501411 9.36947053791 9.12783591309 8.90734340790 8.70882512481 8.53206393986 8.37630922250 8.24062670035 8.12405111007 8.02563872030 7.94460986654 7.88037092635 7.83251410585 7.80077234453 7.78497890477
# log_avg_fmort_dir:
-1.60120080322
# fmort_dir_dev:
 -2.13201010711 -2.10149098022 -1.54964026038 -1.11415218626 -0.884589835638 -0.623272225347 -0.348729839366 -0.274104546597 -0.199000132887 -0.114015820105 0.0516504866745 0.141100960419 0.295248471270 0.329881981385 0.334424987814 0.483139915253 0.352047115284 0.359415250812 0.280441819348 0.285576813642 0.255256376241 0.347507666456 0.307384092823 0.203768210301 0.239974532048 0.182620540511 0.104841833577 0.143798152361 0.223932755533 0.109492622250 0.0239289839192 0.212850427145 0.239853750310 0.0984776143527 0.0953264760916 0.0705291281060 0.140278922291 0.153621949616 0.130882504412 0.0261196355900 0.0273084004877 -0.00207168428075 0.00803010355938 0.0596382706858 0.0331675259452 0.0496419306718 0.0940161458338 -0.00582802325689 0.0505440506823 0.0641986580603 -0.0182407927383 0.298582607048 0.485843869568 0.233414023704 0.494765680792 0.212480012571 0.299572852357 0.325816735586 0.402540755432 -0.0742396086217 0.0272314771606 -0.0892718227856 0.103658154827 -0.00101974499287 0.0371659496894 0.000686430091158
# mean_log_rec:
11.3290768703
# rec_dev:
 0.599533353521 0.564431700192 0.547783639699 0.531507682386 0.511249002295 0.493710348415 0.473262183229 0.451357191595 0.427793026690 0.399862481524 0.373924063752 0.334562189510 0.287508768253 0.231888788669 0.166083886528 0.117552671236 0.0767170176335 0.0370196707033 0.0159357407010 -0.0110603690699 -0.0522334864563 -0.0804020366852 -0.100480651298 -0.109973991888 -0.101321511090 -0.110092772431 -0.107849904089 -0.115610459349 -0.139433115357 -0.147608048824 -0.175633503933 -0.220257825695 -0.277644407567 -0.308973743512 -0.232768927770 -0.172259486468 -0.196459508443 -0.198079782589 -0.192327060363 -0.186561863937 -0.168427617112 -0.165335521090 -0.155628992145 -0.144771752643 -0.130765978881 -0.123013035905 -0.113103972972 -0.101583042303 -0.126642823240 -0.150100672015 -0.145210010006 -0.155480702596 -0.182170719272 -0.232152731349 -0.253659415499 -0.255052268621 -0.221698836397 -0.200289859004 -0.185517666039 -0.185012559142 -0.136064646788 -0.0634394476769 0.00999958601985 0.0624087398754 0.0590315068019 0.0590314882826
# log_avg_NatM:
-1.47890400000
# m_dev:
 0.00000000000 0.00000000000 0.00000000000 0.00000000000 0.00000000000 0.00000000000 0.00000000000 0.00000000000 0.00000000000 0.00000000000 0.00000000000 0.00000000000 0.00000000000 0.00000000000 0.00000000000 0.00000000000 0.00000000000 0.00000000000 0.00000000000 0.00000000000 0.00000000000 0.00000000000 0.00000000000 0.00000000000 0.00000000000 0.00000000000 0.00000000000 0.00000000000 0.00000000000 0.00000000000 0.00000000000 0.00000000000 0.00000000000 0.00000000000 0.00000000000 0.00000000000 0.00000000000 0.00000000000 0.00000000000 0.00000000000 0.00000000000 0.00000000000 0.00000000000 0.00000000000 0.00000000000 0.00000000000 0.00000000000 0.00000000000 0.00000000000 0.00000000000 0.00000000000 0.00000000000 0.00000000000 0.00000000000 0.00000000000 0.00000000000 0.00000000000 0.00000000000 0.00000000000 0.00000000000 0.00000000000 0.00000000000 0.00000000000 0.00000000000 0.00000000000 0.00000000000
# log_avg_GrowthK:
-1.60943800000
# log_avg_Linf:
4.88280200000
# GrowthK_dev:
 0.00000000000 0.00000000000 0.00000000000 0.00000000000 0.00000000000 0.00000000000 0.00000000000 0.00000000000 0.00000000000 0.00000000000 0.00000000000 0.00000000000 0.00000000000 0.00000000000 0.00000000000 0.00000000000 0.00000000000 0.00000000000 0.00000000000 0.00000000000 0.00000000000 0.00000000000 0.00000000000 0.00000000000 0.00000000000 0.00000000000 0.00000000000 0.00000000000 0.00000000000 0.00000000000 0.00000000000 0.00000000000 0.00000000000 0.00000000000 0.00000000000 0.00000000000 0.00000000000 0.00000000000 0.00000000000 0.00000000000 0.00000000000 0.00000000000 0.00000000000 0.00000000000 0.00000000000 0.00000000000 0.00000000000 0.00000000000 0.00000000000 0.00000000000 0.00000000000 0.00000000000 0.00000000000 0.00000000000 0.00000000000 0.00000000000 0.00000000000 0.00000000000 0.00000000000 0.00000000000 0.00000000000 0.00000000000 0.00000000000 0.00000000000 0.00000000000 0.00000000000
# Linf_dev:
 0.00000000000 0.00000000000 0.00000000000 0.00000000000 0.00000000000 0.00000000000 0.00000000000 0.00000000000 0.00000000000 0.00000000000 0.00000000000 0.00000000000 0.00000000000 0.00000000000 0.00000000000 0.00000000000 0.00000000000 0.00000000000 0.00000000000 0.00000000000 0.00000000000 0.00000000000 0.00000000000 0.00000000000 0.00000000000 0.00000000000 0.00000000000 0.00000000000 0.00000000000 0.00000000000 0.00000000000 0.00000000000 0.00000000000 0.00000000000 0.00000000000 0.00000000000 0.00000000000 0.00000000000 0.00000000000 0.00000000000 0.00000000000 0.00000000000 0.00000000000 0.00000000000 0.00000000000 0.00000000000 0.00000000000 0.00000000000 0.00000000000 0.00000000000 0.00000000000 0.00000000000 0.00000000000 0.00000000000 0.00000000000 0.00000000000 0.00000000000 0.00000000000 0.00000000000 0.00000000000 0.00000000000 0.00000000000 0.00000000000 0.00000000000 0.00000000000 0.00000000000
# SelPars50:
2.21734500284
# SelPars95:
4.02462684397
# SelPars_dev50:
 0.00000000000 0.00000000000 0.00000000000 0.00000000000 0.00000000000 0.00000000000 0.00000000000 0.00000000000 0.00000000000 0.00000000000 0.00000000000 0.00000000000 0.00000000000 0.00000000000 0.00000000000 0.00000000000 0.00000000000 0.00000000000 0.00000000000 0.00000000000 0.00000000000 0.00000000000 0.00000000000 0.00000000000 0.00000000000 0.00000000000 0.00000000000 0.00000000000 0.00000000000 0.00000000000 0.00000000000 0.00000000000 0.00000000000 0.00000000000 0.00000000000 0.00000000000 0.00000000000 0.00000000000 0.00000000000 0.00000000000 0.00000000000 0.00000000000 0.00000000000 0.00000000000 0.00000000000 0.00000000000 0.00000000000 0.00000000000 0.00000000000 0.00000000000 0.00000000000 0.00000000000 0.00000000000 0.00000000000 0.00000000000 0.00000000000 0.00000000000 0.00000000000 0.00000000000 0.00000000000 0.00000000000 0.00000000000 0.00000000000 0.00000000000 0.00000000000 0.00000000000
# SelPars_dev95:
 0.00000000000 0.00000000000 0.00000000000 0.00000000000 0.00000000000 0.00000000000 0.00000000000 0.00000000000 0.00000000000 0.00000000000 0.00000000000 0.00000000000 0.00000000000 0.00000000000 0.00000000000 0.00000000000 0.00000000000 0.00000000000 0.00000000000 0.00000000000 0.00000000000 0.00000000000 0.00000000000 0.00000000000 0.00000000000 0.00000000000 0.00000000000 0.00000000000 0.00000000000 0.00000000000 0.00000000000 0.00000000000 0.00000000000 0.00000000000 0.00000000000 0.00000000000 0.00000000000 0.00000000000 0.00000000000 0.00000000000 0.00000000000 0.00000000000 0.00000000000 0.00000000000 0.00000000000 0.00000000000 0.00000000000 0.00000000000 0.00000000000 0.00000000000 0.00000000000 0.00000000000 0.00000000000 0.00000000000 0.00000000000 0.00000000000 0.00000000000 0.00000000000 0.00000000000 0.00000000000 0.00000000000 0.00000000000 0.00000000000 0.00000000000 0.00000000000 0.00000000000
