# Number of parameters = 151 Objective function value = 72035.7  Maximum gradient component = 0.000256254
# srv_sel50:
1.54387780808
# srv_sel95:
2.63362872562
# stNatLen:
 11.4847912544 11.3040070118 11.0466583832 10.8062473983 10.5855898437 10.3638371349 10.1282919819 9.87978374835 9.62663904317 9.37816333669 9.14145931938 8.92088599569 8.71859992465 8.53531353683 8.37086935528 8.22465215402 8.09585189645 7.98358376981 7.88700978128 7.80542334914 7.73824289417 7.68501302553 7.64533720113 7.61897663671 7.60586735084
# log_avg_fmort_dir:
-1.56406225531
# fmort_dir_dev:
 -0.697119683153 -0.679137832850 -0.332560675529 -0.201967022109 -0.152012768178 -0.00506463409846 0.108282198606 0.239665813680 0.254559118398 0.404679733148 0.495994567746 0.480540365446 0.502786199219 0.439316571762 0.379601687229 0.420456945771 0.285944651676 0.322785662165 0.273911253970 0.250193905300 0.295941330859 0.176044236961 0.230985502679 0.108072817101 0.126298162565 0.169404204518 0.0972908084297 0.0721913101713 0.00750757656874 0.0876832484209 -0.0670995708557 -0.0259183677643 0.0417113943629 0.0167581717322 -0.0850686368301 -0.0518411674872 -0.0925180601023 -0.0670835470874 -0.0360156588639 -0.00142378080812 -0.00132380401701 0.00517260479984 -0.0104214471770 -0.103080909835 -0.0662359448971 0.0509388532654 -0.237586728278 -0.211409150414 -0.157324804367 -0.324740352358 -0.275370554574 -0.115362718551 -0.169941738837 -0.428880558941 -0.325646291114 -0.319557957782 -0.425758888525 -0.249861293861 -0.195455198526 -0.231929148777
# mean_log_rec:
11.1315274337
# rec_dev:
 0.403419774405 0.372385229951 0.366314542292 0.355155001128 0.331444775945 0.306814247568 0.289888246063 0.277899219389 0.243759786524 0.194945535310 0.137795917756 0.0534182750363 0.00413823489655 -0.0295593999053 -0.0595286732163 -0.0916696154638 -0.116977732440 -0.125721284236 -0.124782138849 -0.148797504563 -0.164585761700 -0.172257434196 -0.182495798210 -0.198499577167 -0.210574404995 -0.204730295841 -0.201880755262 -0.196122033837 -0.188852673975 -0.158260712440 -0.131675466510 -0.135325582345 -0.139712222033 -0.137576775382 -0.147415534583 -0.127244290426 -0.100306725092 -0.0960300978521 -0.0865693863929 -0.0781581971724 -0.0912873227311 -0.0991641363026 -0.0881982267310 -0.0919217065366 -0.0951139621710 -0.0825079691903 -0.0624063724543 -0.0508812086602 -0.0405295024984 -0.0108344148783 0.0185294075472 0.0369323527165 0.0568803657314 0.0896066572381 0.120225595967 0.138990637363 0.154606814850 0.175728626337 0.169637824137 0.169637828082
# log_avg_NatM:
-1.60943800000
# m_dev:
 0.00000000000 0.00000000000 0.00000000000 0.00000000000 0.00000000000 0.00000000000 0.00000000000 0.00000000000 0.00000000000 0.00000000000 0.00000000000 0.00000000000 0.00000000000 0.00000000000 0.00000000000 0.00000000000 0.00000000000 0.00000000000 0.00000000000 0.00000000000 0.00000000000 0.00000000000 0.00000000000 0.00000000000 0.00000000000 0.00000000000 0.00000000000 0.00000000000 0.00000000000 0.00000000000 0.00000000000 0.00000000000 0.00000000000 0.00000000000 0.00000000000 0.00000000000 0.00000000000 0.00000000000 0.00000000000 0.00000000000 0.00000000000 0.00000000000 0.00000000000 0.00000000000 0.00000000000 0.00000000000 0.00000000000 0.00000000000 0.00000000000 0.00000000000 0.00000000000 0.00000000000 0.00000000000 0.00000000000 0.00000000000 0.00000000000 0.00000000000 0.00000000000 0.00000000000 0.00000000000
# log_avg_GrowthK:
-1.60943800000
# log_avg_Linf:
4.88280200000
# GrowthK_dev:
 0.00000000000 0.00000000000 0.00000000000 0.00000000000 0.00000000000 0.00000000000 0.00000000000 0.00000000000 0.00000000000 0.00000000000 0.00000000000 0.00000000000 0.00000000000 0.00000000000 0.00000000000 0.00000000000 0.00000000000 0.00000000000 0.00000000000 0.00000000000 0.00000000000 0.00000000000 0.00000000000 0.00000000000 0.00000000000 0.00000000000 0.00000000000 0.00000000000 0.00000000000 0.00000000000 0.00000000000 0.00000000000 0.00000000000 0.00000000000 0.00000000000 0.00000000000 0.00000000000 0.00000000000 0.00000000000 0.00000000000 0.00000000000 0.00000000000 0.00000000000 0.00000000000 0.00000000000 0.00000000000 0.00000000000 0.00000000000 0.00000000000 0.00000000000 0.00000000000 0.00000000000 0.00000000000 0.00000000000 0.00000000000 0.00000000000 0.00000000000 0.00000000000 0.00000000000 0.00000000000
# Linf_dev:
 0.00000000000 0.00000000000 0.00000000000 0.00000000000 0.00000000000 0.00000000000 0.00000000000 0.00000000000 0.00000000000 0.00000000000 0.00000000000 0.00000000000 0.00000000000 0.00000000000 0.00000000000 0.00000000000 0.00000000000 0.00000000000 0.00000000000 0.00000000000 0.00000000000 0.00000000000 0.00000000000 0.00000000000 0.00000000000 0.00000000000 0.00000000000 0.00000000000 0.00000000000 0.00000000000 0.00000000000 0.00000000000 0.00000000000 0.00000000000 0.00000000000 0.00000000000 0.00000000000 0.00000000000 0.00000000000 0.00000000000 0.00000000000 0.00000000000 0.00000000000 0.00000000000 0.00000000000 0.00000000000 0.00000000000 0.00000000000 0.00000000000 0.00000000000 0.00000000000 0.00000000000 0.00000000000 0.00000000000 0.00000000000 0.00000000000 0.00000000000 0.00000000000 0.00000000000 0.00000000000
# SelPars50:
2.09299428131
# SelPars95:
3.75683634458
# SelPars_dev50:
 0.00000000000 0.00000000000 0.00000000000 0.00000000000 0.00000000000 0.00000000000 0.00000000000 0.00000000000 0.00000000000 0.00000000000 0.00000000000 0.00000000000 0.00000000000 0.00000000000 0.00000000000 0.00000000000 0.00000000000 0.00000000000 0.00000000000 0.00000000000 0.00000000000 0.00000000000 0.00000000000 0.00000000000 0.00000000000 0.00000000000 0.00000000000 0.00000000000 0.00000000000 0.00000000000 0.00000000000 0.00000000000 0.00000000000 0.00000000000 0.00000000000 0.00000000000 0.00000000000 0.00000000000 0.00000000000 0.00000000000 0.00000000000 0.00000000000 0.00000000000 0.00000000000 0.00000000000 0.00000000000 0.00000000000 0.00000000000 0.00000000000 0.00000000000 0.00000000000 0.00000000000 0.00000000000 0.00000000000 0.00000000000 0.00000000000 0.00000000000 0.00000000000 0.00000000000 0.00000000000
# SelPars_dev95:
 0.00000000000 0.00000000000 0.00000000000 0.00000000000 0.00000000000 0.00000000000 0.00000000000 0.00000000000 0.00000000000 0.00000000000 0.00000000000 0.00000000000 0.00000000000 0.00000000000 0.00000000000 0.00000000000 0.00000000000 0.00000000000 0.00000000000 0.00000000000 0.00000000000 0.00000000000 0.00000000000 0.00000000000 0.00000000000 0.00000000000 0.00000000000 0.00000000000 0.00000000000 0.00000000000 0.00000000000 0.00000000000 0.00000000000 0.00000000000 0.00000000000 0.00000000000 0.00000000000 0.00000000000 0.00000000000 0.00000000000 0.00000000000 0.00000000000 0.00000000000 0.00000000000 0.00000000000 0.00000000000 0.00000000000 0.00000000000 0.00000000000 0.00000000000 0.00000000000 0.00000000000 0.00000000000 0.00000000000 0.00000000000 0.00000000000 0.00000000000 0.00000000000 0.00000000000 0.00000000000
