# Number of parameters = 159 Objective function value = 76590.3  Maximum gradient component = 0.000187729
# srv_sel50:
1.63218884158
# srv_sel95:
2.87133206690
# stNatLen:
 11.8126271575 11.6072569811 11.3157926213 11.0604386994 10.8424809818 10.6310372616 10.4037820769 10.1561694806 9.89588031219 9.63425149438 9.38098863624 9.14256803719 8.92256963630 8.72251876986 8.54267785214 8.38261076128 8.24154569993 8.11860630952 8.01296014616 7.92381895788 7.85052475501 7.79251106806 7.74932652658 7.72063100575 7.70636863829
# log_avg_fmort_dir:
-1.49936768083
# fmort_dir_dev:
 -0.801693686832 -0.778172454577 -0.656206852712 -0.465817052711 -0.271256218851 -0.0614421882814 -0.0302976263531 0.0585979037746 0.213433665336 0.213103945544 0.229406792423 0.334165334016 0.324516339749 0.219391256216 0.265095922121 0.251296304398 0.200806844774 0.180182053075 0.181573964417 0.196747805016 0.131964752850 -0.0428794882525 -0.0344948974058 -0.0726019792475 0.0262306408012 0.0220096623564 -0.00894013246977 -0.0147077476915 -0.0850705390382 0.0392486199429 0.0458173629161 0.00774432309491 0.0187157675013 -0.0805692041755 0.109086962557 -0.0153951348417 0.0216876072792 0.00165844019658 -0.0987106506121 0.0254988916647 -0.0447353893509 -0.0638754368026 -0.0250698081090 -0.135751741922 -0.0340739181502 0.0155625197637 0.211420165676 0.0468554480192 -0.00732643265727 -0.156243884252 0.151554639047 0.246503325906 0.0164670754214 -0.117570427989 -0.0181009850834 0.0998805659123 0.0454221206010 0.0588717148992 0.177621593406 0.231805894090 -0.128198515528 -0.148720925651 -0.0355015951086 -0.186521310106
# mean_log_rec:
11.2867078270
# rec_dev:
 0.545607235553 0.522477088497 0.514528281516 0.494908868225 0.468572083773 0.440061253221 0.391388217587 0.356347056237 0.336904431197 0.307357530654 0.261885448667 0.206480978472 0.150604621280 0.129822007365 0.106516679018 0.0590057828758 0.0266534822580 -0.00730701822876 -0.0259090035572 -0.0418642316126 -0.0594286229249 -0.0933739772947 -0.122891982131 -0.133229153137 -0.145319056569 -0.156718098232 -0.168963799238 -0.198535692430 -0.258817286182 -0.291366671002 -0.193574670113 -0.0898749147503 -0.0930136946866 -0.124831072299 -0.152071190991 -0.157951940277 -0.152081827123 -0.143612480221 -0.139705748778 -0.140887650432 -0.136972630801 -0.128595986644 -0.102525395952 -0.101494282778 -0.106276217853 -0.0960796223267 -0.0914166916066 -0.116504146143 -0.131208538474 -0.116307699003 -0.109115180672 -0.130608878161 -0.150425506421 -0.148229635537 -0.134091911663 -0.125346640728 -0.113958662872 -0.0902793705194 -0.0713608746149 -0.0642858511261 -0.0277893133677 0.0209218019709 0.0220799888189 0.0220799822841
# log_avg_NatM:
-1.47890400000
# m_dev:
 0.00000000000 0.00000000000 0.00000000000 0.00000000000 0.00000000000 0.00000000000 0.00000000000 0.00000000000 0.00000000000 0.00000000000 0.00000000000 0.00000000000 0.00000000000 0.00000000000 0.00000000000 0.00000000000 0.00000000000 0.00000000000 0.00000000000 0.00000000000 0.00000000000 0.00000000000 0.00000000000 0.00000000000 0.00000000000 0.00000000000 0.00000000000 0.00000000000 0.00000000000 0.00000000000 0.00000000000 0.00000000000 0.00000000000 0.00000000000 0.00000000000 0.00000000000 0.00000000000 0.00000000000 0.00000000000 0.00000000000 0.00000000000 0.00000000000 0.00000000000 0.00000000000 0.00000000000 0.00000000000 0.00000000000 0.00000000000 0.00000000000 0.00000000000 0.00000000000 0.00000000000 0.00000000000 0.00000000000 0.00000000000 0.00000000000 0.00000000000 0.00000000000 0.00000000000 0.00000000000 0.00000000000 0.00000000000 0.00000000000 0.00000000000
# log_avg_GrowthK:
-1.60943800000
# log_avg_Linf:
4.88280200000
# GrowthK_dev:
 0.00000000000 0.00000000000 0.00000000000 0.00000000000 0.00000000000 0.00000000000 0.00000000000 0.00000000000 0.00000000000 0.00000000000 0.00000000000 0.00000000000 0.00000000000 0.00000000000 0.00000000000 0.00000000000 0.00000000000 0.00000000000 0.00000000000 0.00000000000 0.00000000000 0.00000000000 0.00000000000 0.00000000000 0.00000000000 0.00000000000 0.00000000000 0.00000000000 0.00000000000 0.00000000000 0.00000000000 0.00000000000 0.00000000000 0.00000000000 0.00000000000 0.00000000000 0.00000000000 0.00000000000 0.00000000000 0.00000000000 0.00000000000 0.00000000000 0.00000000000 0.00000000000 0.00000000000 0.00000000000 0.00000000000 0.00000000000 0.00000000000 0.00000000000 0.00000000000 0.00000000000 0.00000000000 0.00000000000 0.00000000000 0.00000000000 0.00000000000 0.00000000000 0.00000000000 0.00000000000 0.00000000000 0.00000000000 0.00000000000 0.00000000000
# Linf_dev:
 0.00000000000 0.00000000000 0.00000000000 0.00000000000 0.00000000000 0.00000000000 0.00000000000 0.00000000000 0.00000000000 0.00000000000 0.00000000000 0.00000000000 0.00000000000 0.00000000000 0.00000000000 0.00000000000 0.00000000000 0.00000000000 0.00000000000 0.00000000000 0.00000000000 0.00000000000 0.00000000000 0.00000000000 0.00000000000 0.00000000000 0.00000000000 0.00000000000 0.00000000000 0.00000000000 0.00000000000 0.00000000000 0.00000000000 0.00000000000 0.00000000000 0.00000000000 0.00000000000 0.00000000000 0.00000000000 0.00000000000 0.00000000000 0.00000000000 0.00000000000 0.00000000000 0.00000000000 0.00000000000 0.00000000000 0.00000000000 0.00000000000 0.00000000000 0.00000000000 0.00000000000 0.00000000000 0.00000000000 0.00000000000 0.00000000000 0.00000000000 0.00000000000 0.00000000000 0.00000000000 0.00000000000 0.00000000000 0.00000000000 0.00000000000
# SelPars50:
2.22502546213
# SelPars95:
4.05213184111
# SelPars_dev50:
 0.00000000000 0.00000000000 0.00000000000 0.00000000000 0.00000000000 0.00000000000 0.00000000000 0.00000000000 0.00000000000 0.00000000000 0.00000000000 0.00000000000 0.00000000000 0.00000000000 0.00000000000 0.00000000000 0.00000000000 0.00000000000 0.00000000000 0.00000000000 0.00000000000 0.00000000000 0.00000000000 0.00000000000 0.00000000000 0.00000000000 0.00000000000 0.00000000000 0.00000000000 0.00000000000 0.00000000000 0.00000000000 0.00000000000 0.00000000000 0.00000000000 0.00000000000 0.00000000000 0.00000000000 0.00000000000 0.00000000000 0.00000000000 0.00000000000 0.00000000000 0.00000000000 0.00000000000 0.00000000000 0.00000000000 0.00000000000 0.00000000000 0.00000000000 0.00000000000 0.00000000000 0.00000000000 0.00000000000 0.00000000000 0.00000000000 0.00000000000 0.00000000000 0.00000000000 0.00000000000 0.00000000000 0.00000000000 0.00000000000 0.00000000000
# SelPars_dev95:
 0.00000000000 0.00000000000 0.00000000000 0.00000000000 0.00000000000 0.00000000000 0.00000000000 0.00000000000 0.00000000000 0.00000000000 0.00000000000 0.00000000000 0.00000000000 0.00000000000 0.00000000000 0.00000000000 0.00000000000 0.00000000000 0.00000000000 0.00000000000 0.00000000000 0.00000000000 0.00000000000 0.00000000000 0.00000000000 0.00000000000 0.00000000000 0.00000000000 0.00000000000 0.00000000000 0.00000000000 0.00000000000 0.00000000000 0.00000000000 0.00000000000 0.00000000000 0.00000000000 0.00000000000 0.00000000000 0.00000000000 0.00000000000 0.00000000000 0.00000000000 0.00000000000 0.00000000000 0.00000000000 0.00000000000 0.00000000000 0.00000000000 0.00000000000 0.00000000000 0.00000000000 0.00000000000 0.00000000000 0.00000000000 0.00000000000 0.00000000000 0.00000000000 0.00000000000 0.00000000000 0.00000000000 0.00000000000 0.00000000000 0.00000000000
