# Number of parameters = 167 Objective function value = 81898.8  Maximum gradient component = 0.00207888
# srv_sel50:
1.50733592349
# srv_sel95:
2.52109831693
# stNatLen:
 11.4458508841 11.3023308507 11.0936406539 10.8981652317 10.7127902324 10.5149167838 10.2942920944 10.0556800193 9.81040011251 9.56925930694 9.33982924015 9.12645121386 8.93112834007 8.75439701298 8.59595601034 8.45513091082 8.33110686237 8.22300473651 8.13005163212 8.05167673912 7.98736790833 7.93671448940 7.89917832110 7.87437775807 7.86202191938
# log_avg_fmort_dir:
-1.69732572781
# fmort_dir_dev:
 -1.79616635747 -1.77921149795 -1.28393764502 -0.861717087278 -0.759239779215 -0.387877632341 -0.224664335436 -0.122966051856 -0.0480330143851 0.0787296206698 0.166032869161 0.230553986010 0.359691113386 0.458267071541 0.558719609013 0.587273994446 0.490270083237 0.473391957530 0.420677306746 0.353628187463 0.398484250474 0.434331171843 0.458808603063 0.437538136512 0.343743624766 0.310006117565 0.265846471397 0.276637200607 0.313028552904 0.232128528841 0.112070358674 0.216995592677 0.187257023379 0.0853634951209 0.143698218230 0.143598330241 0.140257088533 0.158102902996 0.0508894576615 0.103458434690 0.0734793474380 0.116134376700 0.0887899669253 0.0796673123517 0.0408262701559 0.189690474449 0.0821114005840 0.0710946492624 0.0153131340919 0.0165244273387 -0.379406762571 -0.318536597823 -0.171901326031 -0.170185752268 -0.0595347272554 -0.164355316277 -0.268828924308 -0.118427360844 -0.0215947983293 -0.227518683458 -0.0486699555949 -0.0514559708593 0.0705933498600 -0.0875028790948 -0.106690565439 -0.0672005653901 -0.179603913452 -0.128476568585
# mean_log_rec:
11.1372863234
# rec_dev:
 0.395164615804 0.380955562387 0.395124158971 0.395306738696 0.377025810989 0.347682150003 0.327501790478 0.319036763043 0.297940201352 0.275384047958 0.261628058993 0.235174213109 0.198747732411 0.151398113532 0.0876699330681 0.0193508140797 -0.0332980060926 -0.0715821471466 -0.0881997572342 -0.112214195499 -0.134867396724 -0.171338098440 -0.207410797605 -0.220726092593 -0.226755477081 -0.216536017294 -0.197324818232 -0.183559913576 -0.168472438861 -0.154343162130 -0.158347746002 -0.164143586880 -0.164878510308 -0.163254683727 -0.155136498134 -0.159929941780 -0.158707470495 -0.136739387859 -0.135630397197 -0.139050385280 -0.130043284694 -0.132598397060 -0.130346585495 -0.134616478601 -0.133593335806 -0.131993481111 -0.124555418637 -0.100512192783 -0.0852430796316 -0.0967721271524 -0.0738703963816 -0.0369624371539 -0.0133541852268 0.00201355678809 0.00763168028509 0.0224916283456 0.0328842926997 0.0323977297664 0.0252226715727 0.0269086362581 0.0401119494888 0.0437947832084 0.0435438093549 0.0544015243857 0.0669151644564 0.0664739914165 0.0585130700089 0.0585131329947
# log_avg_NatM:
-1.60943800000
# m_dev:
 0.00000000000 0.00000000000 0.00000000000 0.00000000000 0.00000000000 0.00000000000 0.00000000000 0.00000000000 0.00000000000 0.00000000000 0.00000000000 0.00000000000 0.00000000000 0.00000000000 0.00000000000 0.00000000000 0.00000000000 0.00000000000 0.00000000000 0.00000000000 0.00000000000 0.00000000000 0.00000000000 0.00000000000 0.00000000000 0.00000000000 0.00000000000 0.00000000000 0.00000000000 0.00000000000 0.00000000000 0.00000000000 0.00000000000 0.00000000000 0.00000000000 0.00000000000 0.00000000000 0.00000000000 0.00000000000 0.00000000000 0.00000000000 0.00000000000 0.00000000000 0.00000000000 0.00000000000 0.00000000000 0.00000000000 0.00000000000 0.00000000000 0.00000000000 0.00000000000 0.00000000000 0.00000000000 0.00000000000 0.00000000000 0.00000000000 0.00000000000 0.00000000000 0.00000000000 0.00000000000 0.00000000000 0.00000000000 0.00000000000 0.00000000000 0.00000000000 0.00000000000 0.00000000000 0.00000000000
# log_avg_GrowthK:
-1.60943800000
# log_avg_Linf:
4.88280200000
# GrowthK_dev:
 0.00000000000 0.00000000000 0.00000000000 0.00000000000 0.00000000000 0.00000000000 0.00000000000 0.00000000000 0.00000000000 0.00000000000 0.00000000000 0.00000000000 0.00000000000 0.00000000000 0.00000000000 0.00000000000 0.00000000000 0.00000000000 0.00000000000 0.00000000000 0.00000000000 0.00000000000 0.00000000000 0.00000000000 0.00000000000 0.00000000000 0.00000000000 0.00000000000 0.00000000000 0.00000000000 0.00000000000 0.00000000000 0.00000000000 0.00000000000 0.00000000000 0.00000000000 0.00000000000 0.00000000000 0.00000000000 0.00000000000 0.00000000000 0.00000000000 0.00000000000 0.00000000000 0.00000000000 0.00000000000 0.00000000000 0.00000000000 0.00000000000 0.00000000000 0.00000000000 0.00000000000 0.00000000000 0.00000000000 0.00000000000 0.00000000000 0.00000000000 0.00000000000 0.00000000000 0.00000000000 0.00000000000 0.00000000000 0.00000000000 0.00000000000 0.00000000000 0.00000000000 0.00000000000 0.00000000000
# Linf_dev:
 0.00000000000 0.00000000000 0.00000000000 0.00000000000 0.00000000000 0.00000000000 0.00000000000 0.00000000000 0.00000000000 0.00000000000 0.00000000000 0.00000000000 0.00000000000 0.00000000000 0.00000000000 0.00000000000 0.00000000000 0.00000000000 0.00000000000 0.00000000000 0.00000000000 0.00000000000 0.00000000000 0.00000000000 0.00000000000 0.00000000000 0.00000000000 0.00000000000 0.00000000000 0.00000000000 0.00000000000 0.00000000000 0.00000000000 0.00000000000 0.00000000000 0.00000000000 0.00000000000 0.00000000000 0.00000000000 0.00000000000 0.00000000000 0.00000000000 0.00000000000 0.00000000000 0.00000000000 0.00000000000 0.00000000000 0.00000000000 0.00000000000 0.00000000000 0.00000000000 0.00000000000 0.00000000000 0.00000000000 0.00000000000 0.00000000000 0.00000000000 0.00000000000 0.00000000000 0.00000000000 0.00000000000 0.00000000000 0.00000000000 0.00000000000 0.00000000000 0.00000000000 0.00000000000 0.00000000000
# SelPars50:
2.05187216003
# SelPars95:
3.66032408417
# SelPars_dev50:
 0.00000000000 0.00000000000 0.00000000000 0.00000000000 0.00000000000 0.00000000000 0.00000000000 0.00000000000 0.00000000000 0.00000000000 0.00000000000 0.00000000000 0.00000000000 0.00000000000 0.00000000000 0.00000000000 0.00000000000 0.00000000000 0.00000000000 0.00000000000 0.00000000000 0.00000000000 0.00000000000 0.00000000000 0.00000000000 0.00000000000 0.00000000000 0.00000000000 0.00000000000 0.00000000000 0.00000000000 0.00000000000 0.00000000000 0.00000000000 0.00000000000 0.00000000000 0.00000000000 0.00000000000 0.00000000000 0.00000000000 0.00000000000 0.00000000000 0.00000000000 0.00000000000 0.00000000000 0.00000000000 0.00000000000 0.00000000000 0.00000000000 0.00000000000 0.00000000000 0.00000000000 0.00000000000 0.00000000000 0.00000000000 0.00000000000 0.00000000000 0.00000000000 0.00000000000 0.00000000000 0.00000000000 0.00000000000 0.00000000000 0.00000000000 0.00000000000 0.00000000000 0.00000000000 0.00000000000
# SelPars_dev95:
 0.00000000000 0.00000000000 0.00000000000 0.00000000000 0.00000000000 0.00000000000 0.00000000000 0.00000000000 0.00000000000 0.00000000000 0.00000000000 0.00000000000 0.00000000000 0.00000000000 0.00000000000 0.00000000000 0.00000000000 0.00000000000 0.00000000000 0.00000000000 0.00000000000 0.00000000000 0.00000000000 0.00000000000 0.00000000000 0.00000000000 0.00000000000 0.00000000000 0.00000000000 0.00000000000 0.00000000000 0.00000000000 0.00000000000 0.00000000000 0.00000000000 0.00000000000 0.00000000000 0.00000000000 0.00000000000 0.00000000000 0.00000000000 0.00000000000 0.00000000000 0.00000000000 0.00000000000 0.00000000000 0.00000000000 0.00000000000 0.00000000000 0.00000000000 0.00000000000 0.00000000000 0.00000000000 0.00000000000 0.00000000000 0.00000000000 0.00000000000 0.00000000000 0.00000000000 0.00000000000 0.00000000000 0.00000000000 0.00000000000 0.00000000000 0.00000000000 0.00000000000 0.00000000000 0.00000000000
