# Number of parameters = 230 Objective function value = 79116.7  Maximum gradient component = 0.00403372
# srv_sel50:
1.46594447695
# srv_sel95:
2.41874176559
# stNatLen:
 11.4907269424 11.3549906300 11.1536322683 10.9613771238 10.7744001972 10.5718579381 10.3469303171 10.1070216766 9.86419207439 9.62863158936 9.40686323113 9.20226399838 9.01610774944 8.84844877612 8.69871831449 8.56604482419 8.44953581084 8.34825613473 8.26137491350 8.18817732003 8.12805080735 8.08045197994 8.04508271557 8.02167515796 8.01001292332
# log_avg_fmort_dir:
-1.60194932990
# fmort_dir_dev:
 -2.04397918505 -2.03341282678 -1.45486624739 -1.06993981179 -0.775709047592 -0.492855384849 -0.314216411802 -0.102227330139 0.0712114645101 0.0635431555614 0.310512509799 0.299629543471 0.392146370574 0.299170924161 0.383395455289 0.451392745832 0.529585959118 0.481201544010 0.422837158684 0.419735179517 0.412031614382 0.327496504055 0.383773928921 0.363168874173 0.369151345844 0.366419701267 0.413571520845 0.407944358448 0.389984948058 0.378476534219 0.289331453834 0.285891579416 0.370550631809 0.195566572877 0.122824810135 0.0462150923212 0.0173349835337 -0.0772262747732 -0.135545043885 -0.0250768308785 -0.111227008647 -0.0216621556774 0.0275545192046 0.110652584744 -0.0305296236287 0.0202293733123 -0.0671314255043 -0.0431211332965 -0.0463657382812 0.00119495165684 0.292100569064 -0.273330350769 0.150923164118 -0.517337560113 0.138677058511 -0.0496707044973 0.112850768385 0.203023136363 0.208251182838 -0.629465842391 -0.225382375747 0.292432821345 0.321992417228 -0.193169571563 -0.543136195408 0.132605069008
# mean_log_rec:
11.0877995570
# rec_dev:
 0.505441734478 0.494059430432 0.504802595785 0.486547942021 0.397502843270 0.298020816917 0.226330557763 0.171052731251 0.131752364049 0.118238503258 0.112113871003 0.108575992624 0.118910847764 0.110456750757 0.0687476759612 -0.00288821002112 -0.0910436828999 -0.146662372841 -0.178515682501 -0.199487848426 -0.196010206800 -0.216344711494 -0.238502982491 -0.280413344955 -0.342645248354 -0.429681690196 -0.461944023316 -0.449829260146 -0.429935542435 -0.419325558464 -0.411024627025 -0.408856177277 -0.395045412529 -0.310360080204 -0.108961450377 0.0604330835722 0.119168379583 0.117718409931 0.0717857506111 0.0653056814587 0.0560947042591 0.0431541742356 -0.0196373698970 -0.0240607123070 0.0334767496759 0.0799173330405 0.109465862923 0.107594153833 0.108945414111 0.0854281273916 0.0615120976176 0.0391270948976 0.0693064567739 0.111638171133 0.155406381953 0.154724801292 0.111383543330 0.0484619658554 0.0389471178644 0.0639502677324 0.0803975689284 0.0264395454917 -0.0268537853874 -0.0347167144876 -0.0247953762954 -0.0247954237039
# log_avg_NatM:
-1.59540011172
# m_dev:
 -0.141789888731 -0.0428423294678 -0.0686661065040 -0.00944581909774 0.381270782603 0.266321081490 0.125440442845 0.0322156792828 -0.0967614551180 -0.377759640437 -0.290857585190 -0.367514995651 -0.324996488866 -0.256040142527 -0.184725985183 -0.0415122254042 0.0493437734454 -0.0953023393894 -0.146350909331 -0.205536513118 -0.253909277501 -0.139280917562 -0.192692922174 -0.0663604456196 0.0876321789640 0.182759970100 -0.315495380979 -0.510962350387 -0.487588362566 -0.359384138317 -0.292307807415 -0.224572990439 -0.346155038303 -0.643414110526 -0.532325289171 -0.212238824804 0.0334179932598 0.249412758688 0.445517158631 0.273162990057 0.245937695242 0.201485120434 0.518753767801 0.133275574056 -0.0372455758459 0.0693996616757 0.0983306664010 0.287375318512 0.140903145706 0.381254249178 0.247923123346 0.273579266888 -0.0203809190798 0.152965968278 0.0576779140816 0.208320663890 0.353795888843 0.440425804238 0.108380662752 0.0159769316155 0.239080364210 0.403468629736 0.295146050927 0.0771664625329 0.141392918552 0.0659061164429
# log_avg_GrowthK:
-1.60943800000
# log_avg_Linf:
4.88280200000
# GrowthK_dev:
 0.00000000000 0.00000000000 0.00000000000 0.00000000000 0.00000000000 0.00000000000 0.00000000000 0.00000000000 0.00000000000 0.00000000000 0.00000000000 0.00000000000 0.00000000000 0.00000000000 0.00000000000 0.00000000000 0.00000000000 0.00000000000 0.00000000000 0.00000000000 0.00000000000 0.00000000000 0.00000000000 0.00000000000 0.00000000000 0.00000000000 0.00000000000 0.00000000000 0.00000000000 0.00000000000 0.00000000000 0.00000000000 0.00000000000 0.00000000000 0.00000000000 0.00000000000 0.00000000000 0.00000000000 0.00000000000 0.00000000000 0.00000000000 0.00000000000 0.00000000000 0.00000000000 0.00000000000 0.00000000000 0.00000000000 0.00000000000 0.00000000000 0.00000000000 0.00000000000 0.00000000000 0.00000000000 0.00000000000 0.00000000000 0.00000000000 0.00000000000 0.00000000000 0.00000000000 0.00000000000 0.00000000000 0.00000000000 0.00000000000 0.00000000000 0.00000000000 0.00000000000
# Linf_dev:
 0.00000000000 0.00000000000 0.00000000000 0.00000000000 0.00000000000 0.00000000000 0.00000000000 0.00000000000 0.00000000000 0.00000000000 0.00000000000 0.00000000000 0.00000000000 0.00000000000 0.00000000000 0.00000000000 0.00000000000 0.00000000000 0.00000000000 0.00000000000 0.00000000000 0.00000000000 0.00000000000 0.00000000000 0.00000000000 0.00000000000 0.00000000000 0.00000000000 0.00000000000 0.00000000000 0.00000000000 0.00000000000 0.00000000000 0.00000000000 0.00000000000 0.00000000000 0.00000000000 0.00000000000 0.00000000000 0.00000000000 0.00000000000 0.00000000000 0.00000000000 0.00000000000 0.00000000000 0.00000000000 0.00000000000 0.00000000000 0.00000000000 0.00000000000 0.00000000000 0.00000000000 0.00000000000 0.00000000000 0.00000000000 0.00000000000 0.00000000000 0.00000000000 0.00000000000 0.00000000000 0.00000000000 0.00000000000 0.00000000000 0.00000000000 0.00000000000 0.00000000000
# SelPars50:
2.01651829896
# SelPars95:
3.58973039918
# SelPars_dev50:
 0.00000000000 0.00000000000 0.00000000000 0.00000000000 0.00000000000 0.00000000000 0.00000000000 0.00000000000 0.00000000000 0.00000000000 0.00000000000 0.00000000000 0.00000000000 0.00000000000 0.00000000000 0.00000000000 0.00000000000 0.00000000000 0.00000000000 0.00000000000 0.00000000000 0.00000000000 0.00000000000 0.00000000000 0.00000000000 0.00000000000 0.00000000000 0.00000000000 0.00000000000 0.00000000000 0.00000000000 0.00000000000 0.00000000000 0.00000000000 0.00000000000 0.00000000000 0.00000000000 0.00000000000 0.00000000000 0.00000000000 0.00000000000 0.00000000000 0.00000000000 0.00000000000 0.00000000000 0.00000000000 0.00000000000 0.00000000000 0.00000000000 0.00000000000 0.00000000000 0.00000000000 0.00000000000 0.00000000000 0.00000000000 0.00000000000 0.00000000000 0.00000000000 0.00000000000 0.00000000000 0.00000000000 0.00000000000 0.00000000000 0.00000000000 0.00000000000 0.00000000000
# SelPars_dev95:
 0.00000000000 0.00000000000 0.00000000000 0.00000000000 0.00000000000 0.00000000000 0.00000000000 0.00000000000 0.00000000000 0.00000000000 0.00000000000 0.00000000000 0.00000000000 0.00000000000 0.00000000000 0.00000000000 0.00000000000 0.00000000000 0.00000000000 0.00000000000 0.00000000000 0.00000000000 0.00000000000 0.00000000000 0.00000000000 0.00000000000 0.00000000000 0.00000000000 0.00000000000 0.00000000000 0.00000000000 0.00000000000 0.00000000000 0.00000000000 0.00000000000 0.00000000000 0.00000000000 0.00000000000 0.00000000000 0.00000000000 0.00000000000 0.00000000000 0.00000000000 0.00000000000 0.00000000000 0.00000000000 0.00000000000 0.00000000000 0.00000000000 0.00000000000 0.00000000000 0.00000000000 0.00000000000 0.00000000000 0.00000000000 0.00000000000 0.00000000000 0.00000000000 0.00000000000 0.00000000000 0.00000000000 0.00000000000 0.00000000000 0.00000000000 0.00000000000 0.00000000000
