# Number of parameters = 155 Objective function value = 74351.5  Maximum gradient component = 0.00191912
# srv_sel50:
1.64841525271
# srv_sel95:
2.91228789337
# stNatLen:
 11.8627465948 11.6853551147 11.4242820545 11.2012402422 11.0186067049 10.8403038074 10.6382684308 10.4052002728 10.1495909601 9.88549239083 9.62547714736 9.37821110188 9.14868701002 8.93924643031 8.75057760823 8.58245809406 8.43421806566 8.30500572202 8.19392282894 8.10015882594 8.02298390568 7.96186088103 7.91639117438 7.88631976787 7.87134580836
# log_avg_fmort_dir:
-1.62405581222
# fmort_dir_dev:
 -1.97368050662 -1.93996449383 -1.40959983093 -1.07542363017 -0.879073304147 -0.581578753154 -0.570709894688 -0.287851907689 -0.215824253711 -0.0817717424298 0.136957285886 0.191251512896 0.273417083101 0.409361836722 0.394499061347 0.467229922572 0.393557381012 0.412394245034 0.389144854898 0.355158628538 0.399142919403 0.320270360044 0.326344939487 0.271481221347 0.178280770940 0.240837305995 0.200289575132 0.102998330250 0.162069815882 0.0937992947590 0.142877069694 0.199199564327 0.0139122625141 0.121424775302 0.112398154805 0.135635683416 0.0489108694982 0.122476399560 0.229874838843 0.150708319128 0.112157564911 0.0623063053792 0.147629390385 0.120269682455 0.186923689037 0.0951291776609 0.100522817260 0.153826717436 0.126542366850 0.145517095036 0.100477460031 0.320190242661 -0.118327588380 0.204383929855 -0.130341053502 -0.152924562080 0.0302864164708 0.0899635540988 0.0965896086124 0.0728222804653 0.107292638448 0.148336301938
# mean_log_rec:
11.3415779514
# rec_dev:
 0.566568076213 0.531450092854 0.514542622125 0.504085873097 0.498609093846 0.491296017712 0.481701556996 0.466550278037 0.443547096644 0.414484294473 0.379460144475 0.335120838609 0.284828361857 0.231395190516 0.171410817292 0.119479316257 0.0732600749501 0.0310237122452 0.000244780197491 -0.0249845851623 -0.0513053850713 -0.0948611709120 -0.121773572454 -0.138468415192 -0.138200707143 -0.120894543691 -0.125597677257 -0.148884233747 -0.171092300402 -0.199558115388 -0.228706802248 -0.247633244384 -0.300314167039 -0.341471758167 -0.249013237626 -0.181106897347 -0.191844972966 -0.200362300387 -0.211007528667 -0.211491091848 -0.202696525736 -0.205661872196 -0.221329807777 -0.223786561889 -0.208859669685 -0.198098587030 -0.197724195857 -0.198164901881 -0.196851671684 -0.177696110778 -0.163350072627 -0.143571673242 -0.141809503987 -0.130572908727 -0.106534395259 -0.0815210862357 -0.0500433244234 -0.0268231356123 -0.00143605773550 0.0266987975474 0.00467384571100 0.00467388780661
# log_avg_NatM:
-1.51486500000
# m_dev:
 0.00000000000 0.00000000000 0.00000000000 0.00000000000 0.00000000000 0.00000000000 0.00000000000 0.00000000000 0.00000000000 0.00000000000 0.00000000000 0.00000000000 0.00000000000 0.00000000000 0.00000000000 0.00000000000 0.00000000000 0.00000000000 0.00000000000 0.00000000000 0.00000000000 0.00000000000 0.00000000000 0.00000000000 0.00000000000 0.00000000000 0.00000000000 0.00000000000 0.00000000000 0.00000000000 0.00000000000 0.00000000000 0.00000000000 0.00000000000 0.00000000000 0.00000000000 0.00000000000 0.00000000000 0.00000000000 0.00000000000 0.00000000000 0.00000000000 0.00000000000 0.00000000000 0.00000000000 0.00000000000 0.00000000000 0.00000000000 0.00000000000 0.00000000000 0.00000000000 0.00000000000 0.00000000000 0.00000000000 0.00000000000 0.00000000000 0.00000000000 0.00000000000 0.00000000000 0.00000000000 0.00000000000 0.00000000000
# log_avg_GrowthK:
-1.61351100000
# log_avg_Linf:
4.95050300000
# GrowthK_dev:
 0.00000000000 0.00000000000 0.00000000000 0.00000000000 0.00000000000 0.00000000000 0.00000000000 0.00000000000 0.00000000000 0.00000000000 0.00000000000 0.00000000000 0.00000000000 0.00000000000 0.00000000000 0.00000000000 0.00000000000 0.00000000000 0.00000000000 0.00000000000 0.00000000000 0.00000000000 0.00000000000 0.00000000000 0.00000000000 0.00000000000 0.00000000000 0.00000000000 0.00000000000 0.00000000000 0.00000000000 0.00000000000 0.00000000000 0.00000000000 0.00000000000 0.00000000000 0.00000000000 0.00000000000 0.00000000000 0.00000000000 0.00000000000 0.00000000000 0.00000000000 0.00000000000 0.00000000000 0.00000000000 0.00000000000 0.00000000000 0.00000000000 0.00000000000 0.00000000000 0.00000000000 0.00000000000 0.00000000000 0.00000000000 0.00000000000 0.00000000000 0.00000000000 0.00000000000 0.00000000000 0.00000000000 0.00000000000
# Linf_dev:
 0.00000000000 0.00000000000 0.00000000000 0.00000000000 0.00000000000 0.00000000000 0.00000000000 0.00000000000 0.00000000000 0.00000000000 0.00000000000 0.00000000000 0.00000000000 0.00000000000 0.00000000000 0.00000000000 0.00000000000 0.00000000000 0.00000000000 0.00000000000 0.00000000000 0.00000000000 0.00000000000 0.00000000000 0.00000000000 0.00000000000 0.00000000000 0.00000000000 0.00000000000 0.00000000000 0.00000000000 0.00000000000 0.00000000000 0.00000000000 0.00000000000 0.00000000000 0.00000000000 0.00000000000 0.00000000000 0.00000000000 0.00000000000 0.00000000000 0.00000000000 0.00000000000 0.00000000000 0.00000000000 0.00000000000 0.00000000000 0.00000000000 0.00000000000 0.00000000000 0.00000000000 0.00000000000 0.00000000000 0.00000000000 0.00000000000 0.00000000000 0.00000000000 0.00000000000 0.00000000000 0.00000000000 0.00000000000
# SelPars50:
2.29932101077
# SelPars95:
4.24573195068
# SelPars_dev50:
 0.00000000000 0.00000000000 0.00000000000 0.00000000000 0.00000000000 0.00000000000 0.00000000000 0.00000000000 0.00000000000 0.00000000000 0.00000000000 0.00000000000 0.00000000000 0.00000000000 0.00000000000 0.00000000000 0.00000000000 0.00000000000 0.00000000000 0.00000000000 0.00000000000 0.00000000000 0.00000000000 0.00000000000 0.00000000000 0.00000000000 0.00000000000 0.00000000000 0.00000000000 0.00000000000 0.00000000000 0.00000000000 0.00000000000 0.00000000000 0.00000000000 0.00000000000 0.00000000000 0.00000000000 0.00000000000 0.00000000000 0.00000000000 0.00000000000 0.00000000000 0.00000000000 0.00000000000 0.00000000000 0.00000000000 0.00000000000 0.00000000000 0.00000000000 0.00000000000 0.00000000000 0.00000000000 0.00000000000 0.00000000000 0.00000000000 0.00000000000 0.00000000000 0.00000000000 0.00000000000 0.00000000000 0.00000000000
# SelPars_dev95:
 0.00000000000 0.00000000000 0.00000000000 0.00000000000 0.00000000000 0.00000000000 0.00000000000 0.00000000000 0.00000000000 0.00000000000 0.00000000000 0.00000000000 0.00000000000 0.00000000000 0.00000000000 0.00000000000 0.00000000000 0.00000000000 0.00000000000 0.00000000000 0.00000000000 0.00000000000 0.00000000000 0.00000000000 0.00000000000 0.00000000000 0.00000000000 0.00000000000 0.00000000000 0.00000000000 0.00000000000 0.00000000000 0.00000000000 0.00000000000 0.00000000000 0.00000000000 0.00000000000 0.00000000000 0.00000000000 0.00000000000 0.00000000000 0.00000000000 0.00000000000 0.00000000000 0.00000000000 0.00000000000 0.00000000000 0.00000000000 0.00000000000 0.00000000000 0.00000000000 0.00000000000 0.00000000000 0.00000000000 0.00000000000 0.00000000000 0.00000000000 0.00000000000 0.00000000000 0.00000000000 0.00000000000 0.00000000000
