# Number of parameters = 153 Objective function value = 73317.9956396502  Maximum gradient component = 0.000449788479897433
# srv_sel50:
1.48916777026
# srv_sel95:
2.46553300565
# stNatLen:
 11.4348233628 11.2929188451 11.0905888844 10.8996696232 10.7138703602 10.5118132715 10.2869772221 10.0471231740 9.80447823655 9.56926128616 9.34795402168 9.14388229151 8.95829171145 8.79119585916 8.64197137838 8.50971248194 8.39345422522 8.29226177114 8.20535839128 8.13205684948 8.07182331382 8.02420330971 7.98881118885 7.96542406194 7.95377076839
# log_avg_fmort_dir:
-1.68842069393
# fmort_dir_dev:
 -1.79903846439 -1.78602931379 -1.28278736026 -0.985303248877 -0.693121587510 -0.430636063033 -0.271344550636 -0.169022892823 -0.00782390470647 0.0192936190312 0.180182780522 0.207033087145 0.280012615233 0.382927851816 0.411687602430 0.492874911685 0.589063358110 0.498391523512 0.459486046141 0.416723453643 0.453327009217 0.420927688648 0.290101913760 0.347308570009 0.333868990192 0.381495558015 0.336283949963 0.265194984785 0.379599005058 0.257310160031 0.109598802912 0.192573760259 0.166240667764 0.130346695553 0.0261368708061 0.0775461528900 0.0695670576636 -0.0300253768607 0.137502142052 0.0697957730214 0.0259950713353 0.0674422396634 0.107870220693 0.00798990776253 -0.0125986199727 -0.0247233158517 0.0335695558400 0.141148285418 0.0316877722636 -0.0411885560998 0.0583460473271 0.0734117657863 -0.230645109684 -0.254252623887 -0.130860725886 -0.400944995501 -0.173645593844 -0.101793704243 0.0228656914991 -0.0458920235469 -0.0810511280482
# mean_log_rec:
11.1359629740
# rec_dev:
 0.373212521551 0.349697410752 0.354134241959 0.348644587260 0.327885628150 0.308206414278 0.284701202695 0.267667675188 0.254603919402 0.238196115390 0.226199877159 0.213546765622 0.179124320168 0.139765398431 0.0928625588114 0.0391669966996 -0.00390115850597 -0.0429452699576 -0.0783217728064 -0.105637770970 -0.125271609385 -0.119712694924 -0.123161240818 -0.129610817761 -0.138530285557 -0.152709149657 -0.152934477179 -0.176840802562 -0.191513225702 -0.189200267030 -0.183074903206 -0.177952938688 -0.174013432554 -0.164926000104 -0.145894298784 -0.126463869085 -0.120355262869 -0.107923649031 -0.100329853475 -0.0889172075946 -0.0919840968034 -0.102932518649 -0.105735526649 -0.0930797356807 -0.0847588113218 -0.0853719259534 -0.0994656562757 -0.0980547228853 -0.0838132835829 -0.0715227928084 -0.0590195438606 -0.0414154906286 -0.0283056960537 -0.0115448589777 0.00638579496614 0.00689461014063 0.0122285073233 0.0237356780155 0.0435211959366 0.0433826018444 0.0433825965916
# log_avg_NatM:
-1.60943800000
# m_dev:
 0.00000000000 0.00000000000 0.00000000000 0.00000000000 0.00000000000 0.00000000000 0.00000000000 0.00000000000 0.00000000000 0.00000000000 0.00000000000 0.00000000000 0.00000000000 0.00000000000 0.00000000000 0.00000000000 0.00000000000 0.00000000000 0.00000000000 0.00000000000 0.00000000000 0.00000000000 0.00000000000 0.00000000000 0.00000000000 0.00000000000 0.00000000000 0.00000000000 0.00000000000 0.00000000000 0.00000000000 0.00000000000 0.00000000000 0.00000000000 0.00000000000 0.00000000000 0.00000000000 0.00000000000 0.00000000000 0.00000000000 0.00000000000 0.00000000000 0.00000000000 0.00000000000 0.00000000000 0.00000000000 0.00000000000 0.00000000000 0.00000000000 0.00000000000 0.00000000000 0.00000000000 0.00000000000 0.00000000000 0.00000000000 0.00000000000 0.00000000000 0.00000000000 0.00000000000 0.00000000000 0.00000000000
# log_avg_GrowthK:
-1.60943800000
# log_avg_Linf:
4.88280200000
# GrowthK_dev:
 0.00000000000 0.00000000000 0.00000000000 0.00000000000 0.00000000000 0.00000000000 0.00000000000 0.00000000000 0.00000000000 0.00000000000 0.00000000000 0.00000000000 0.00000000000 0.00000000000 0.00000000000 0.00000000000 0.00000000000 0.00000000000 0.00000000000 0.00000000000 0.00000000000 0.00000000000 0.00000000000 0.00000000000 0.00000000000 0.00000000000 0.00000000000 0.00000000000 0.00000000000 0.00000000000 0.00000000000 0.00000000000 0.00000000000 0.00000000000 0.00000000000 0.00000000000 0.00000000000 0.00000000000 0.00000000000 0.00000000000 0.00000000000 0.00000000000 0.00000000000 0.00000000000 0.00000000000 0.00000000000 0.00000000000 0.00000000000 0.00000000000 0.00000000000 0.00000000000 0.00000000000 0.00000000000 0.00000000000 0.00000000000 0.00000000000 0.00000000000 0.00000000000 0.00000000000 0.00000000000 0.00000000000
# Linf_dev:
 0.00000000000 0.00000000000 0.00000000000 0.00000000000 0.00000000000 0.00000000000 0.00000000000 0.00000000000 0.00000000000 0.00000000000 0.00000000000 0.00000000000 0.00000000000 0.00000000000 0.00000000000 0.00000000000 0.00000000000 0.00000000000 0.00000000000 0.00000000000 0.00000000000 0.00000000000 0.00000000000 0.00000000000 0.00000000000 0.00000000000 0.00000000000 0.00000000000 0.00000000000 0.00000000000 0.00000000000 0.00000000000 0.00000000000 0.00000000000 0.00000000000 0.00000000000 0.00000000000 0.00000000000 0.00000000000 0.00000000000 0.00000000000 0.00000000000 0.00000000000 0.00000000000 0.00000000000 0.00000000000 0.00000000000 0.00000000000 0.00000000000 0.00000000000 0.00000000000 0.00000000000 0.00000000000 0.00000000000 0.00000000000 0.00000000000 0.00000000000 0.00000000000 0.00000000000 0.00000000000 0.00000000000
# SelPars50:
2.03667944787
# SelPars95:
3.62529456444
# SelPars_dev50:
 0.00000000000 0.00000000000 0.00000000000 0.00000000000 0.00000000000 0.00000000000 0.00000000000 0.00000000000 0.00000000000 0.00000000000 0.00000000000 0.00000000000 0.00000000000 0.00000000000 0.00000000000 0.00000000000 0.00000000000 0.00000000000 0.00000000000 0.00000000000 0.00000000000 0.00000000000 0.00000000000 0.00000000000 0.00000000000 0.00000000000 0.00000000000 0.00000000000 0.00000000000 0.00000000000 0.00000000000 0.00000000000 0.00000000000 0.00000000000 0.00000000000 0.00000000000 0.00000000000 0.00000000000 0.00000000000 0.00000000000 0.00000000000 0.00000000000 0.00000000000 0.00000000000 0.00000000000 0.00000000000 0.00000000000 0.00000000000 0.00000000000 0.00000000000 0.00000000000 0.00000000000 0.00000000000 0.00000000000 0.00000000000 0.00000000000 0.00000000000 0.00000000000 0.00000000000 0.00000000000 0.00000000000
# SelPars_dev95:
 0.00000000000 0.00000000000 0.00000000000 0.00000000000 0.00000000000 0.00000000000 0.00000000000 0.00000000000 0.00000000000 0.00000000000 0.00000000000 0.00000000000 0.00000000000 0.00000000000 0.00000000000 0.00000000000 0.00000000000 0.00000000000 0.00000000000 0.00000000000 0.00000000000 0.00000000000 0.00000000000 0.00000000000 0.00000000000 0.00000000000 0.00000000000 0.00000000000 0.00000000000 0.00000000000 0.00000000000 0.00000000000 0.00000000000 0.00000000000 0.00000000000 0.00000000000 0.00000000000 0.00000000000 0.00000000000 0.00000000000 0.00000000000 0.00000000000 0.00000000000 0.00000000000 0.00000000000 0.00000000000 0.00000000000 0.00000000000 0.00000000000 0.00000000000 0.00000000000 0.00000000000 0.00000000000 0.00000000000 0.00000000000 0.00000000000 0.00000000000 0.00000000000 0.00000000000 0.00000000000 0.00000000000
