# Number of parameters = 139 Objective function value = 64638.0  Maximum gradient component = 0.000172411
# srv_sel50:
1.67892290645
# srv_sel95:
3.00320783763
# stNatLen:
 11.8705845782 11.6848105166 11.4188530210 11.1957738903 11.0140707160 10.8361206967 10.6342130065 10.4017581498 10.1475243869 9.88541408296 9.62771318647 9.38283472839 9.15560869686 8.94829566689 8.76156375300 8.59520028702 8.44853346962 8.32069298975 8.21078556372 8.11803016939 8.04171819653 7.98133717918 7.93643308681 7.90668686056 7.89186421028
# log_avg_fmort_dir:
-1.62675632362
# fmort_dir_dev:
 -2.05400810384 -2.01756431823 -1.46293954185 -1.09724998255 -0.775212441675 -0.611659654169 -0.361218271623 -0.181462065408 -0.101718530089 0.0622518595882 -0.0228533991915 0.204185155839 0.271476720632 0.407802655521 0.428214573122 0.454425576893 0.405980096928 0.390123423978 0.382543172962 0.363421547571 0.368744707157 0.407345802477 0.249686469898 0.202986576599 0.189159069197 0.270066183034 0.241466444610 0.214003806488 0.143403167082 0.202218752573 0.217569077940 0.130408911010 0.143733771843 0.138161047189 0.108476186557 0.106949268710 0.125583751318 0.0686569644760 0.0606545607413 0.161761268004 -0.00112351272938 0.114171941304 0.161893695709 0.0267994237225 0.0918252463138 0.0688155903359 0.0694534804816 -0.00543220243380 0.113249337912 0.0200490151401 0.242179179234 0.269643042404 0.300164502850 0.0927369984462
# mean_log_rec:
11.3810093090
# rec_dev:
 0.530571765753 0.498491443485 0.486219579340 0.474135357675 0.460069202510 0.437578878977 0.422823654234 0.409045592159 0.382943914268 0.352734580963 0.315273359613 0.268902543223 0.214606596609 0.165019488717 0.113498340648 0.0803765910312 0.0377139516106 -0.00800029448263 -0.0513576619880 -0.0903867587146 -0.125138818926 -0.136052076231 -0.132317058773 -0.121710476025 -0.135156851649 -0.168169294221 -0.167386129144 -0.161032740038 -0.174974073368 -0.214682226803 -0.247767801412 -0.290151856670 -0.352353340160 -0.373779112349 -0.287474931865 -0.214994209571 -0.223798233214 -0.242670733503 -0.240096636061 -0.229806320279 -0.224167112465 -0.212529431836 -0.192008637412 -0.187546891930 -0.175261298800 -0.149104756520 -0.127181252528 -0.109798147966 -0.0888121338660 -0.0422198453180 0.0292055071419 0.0844609456291 0.0671079257704 0.0671079247306
# log_avg_NatM:
-1.47890400000
# m_dev:
 0.00000000000 0.00000000000 0.00000000000 0.00000000000 0.00000000000 0.00000000000 0.00000000000 0.00000000000 0.00000000000 0.00000000000 0.00000000000 0.00000000000 0.00000000000 0.00000000000 0.00000000000 0.00000000000 0.00000000000 0.00000000000 0.00000000000 0.00000000000 0.00000000000 0.00000000000 0.00000000000 0.00000000000 0.00000000000 0.00000000000 0.00000000000 0.00000000000 0.00000000000 0.00000000000 0.00000000000 0.00000000000 0.00000000000 0.00000000000 0.00000000000 0.00000000000 0.00000000000 0.00000000000 0.00000000000 0.00000000000 0.00000000000 0.00000000000 0.00000000000 0.00000000000 0.00000000000 0.00000000000 0.00000000000 0.00000000000 0.00000000000 0.00000000000 0.00000000000 0.00000000000 0.00000000000 0.00000000000
# log_avg_GrowthK:
-1.60943800000
# log_avg_Linf:
4.88280200000
# GrowthK_dev:
 0.00000000000 0.00000000000 0.00000000000 0.00000000000 0.00000000000 0.00000000000 0.00000000000 0.00000000000 0.00000000000 0.00000000000 0.00000000000 0.00000000000 0.00000000000 0.00000000000 0.00000000000 0.00000000000 0.00000000000 0.00000000000 0.00000000000 0.00000000000 0.00000000000 0.00000000000 0.00000000000 0.00000000000 0.00000000000 0.00000000000 0.00000000000 0.00000000000 0.00000000000 0.00000000000 0.00000000000 0.00000000000 0.00000000000 0.00000000000 0.00000000000 0.00000000000 0.00000000000 0.00000000000 0.00000000000 0.00000000000 0.00000000000 0.00000000000 0.00000000000 0.00000000000 0.00000000000 0.00000000000 0.00000000000 0.00000000000 0.00000000000 0.00000000000 0.00000000000 0.00000000000 0.00000000000 0.00000000000
# Linf_dev:
 0.00000000000 0.00000000000 0.00000000000 0.00000000000 0.00000000000 0.00000000000 0.00000000000 0.00000000000 0.00000000000 0.00000000000 0.00000000000 0.00000000000 0.00000000000 0.00000000000 0.00000000000 0.00000000000 0.00000000000 0.00000000000 0.00000000000 0.00000000000 0.00000000000 0.00000000000 0.00000000000 0.00000000000 0.00000000000 0.00000000000 0.00000000000 0.00000000000 0.00000000000 0.00000000000 0.00000000000 0.00000000000 0.00000000000 0.00000000000 0.00000000000 0.00000000000 0.00000000000 0.00000000000 0.00000000000 0.00000000000 0.00000000000 0.00000000000 0.00000000000 0.00000000000 0.00000000000 0.00000000000 0.00000000000 0.00000000000 0.00000000000 0.00000000000 0.00000000000 0.00000000000 0.00000000000 0.00000000000
# SelPars50:
2.30247495439
# SelPars95:
4.23046860723
# SelPars_dev50:
 0.00000000000 0.00000000000 0.00000000000 0.00000000000 0.00000000000 0.00000000000 0.00000000000 0.00000000000 0.00000000000 0.00000000000 0.00000000000 0.00000000000 0.00000000000 0.00000000000 0.00000000000 0.00000000000 0.00000000000 0.00000000000 0.00000000000 0.00000000000 0.00000000000 0.00000000000 0.00000000000 0.00000000000 0.00000000000 0.00000000000 0.00000000000 0.00000000000 0.00000000000 0.00000000000 0.00000000000 0.00000000000 0.00000000000 0.00000000000 0.00000000000 0.00000000000 0.00000000000 0.00000000000 0.00000000000 0.00000000000 0.00000000000 0.00000000000 0.00000000000 0.00000000000 0.00000000000 0.00000000000 0.00000000000 0.00000000000 0.00000000000 0.00000000000 0.00000000000 0.00000000000 0.00000000000 0.00000000000
# SelPars_dev95:
 0.00000000000 0.00000000000 0.00000000000 0.00000000000 0.00000000000 0.00000000000 0.00000000000 0.00000000000 0.00000000000 0.00000000000 0.00000000000 0.00000000000 0.00000000000 0.00000000000 0.00000000000 0.00000000000 0.00000000000 0.00000000000 0.00000000000 0.00000000000 0.00000000000 0.00000000000 0.00000000000 0.00000000000 0.00000000000 0.00000000000 0.00000000000 0.00000000000 0.00000000000 0.00000000000 0.00000000000 0.00000000000 0.00000000000 0.00000000000 0.00000000000 0.00000000000 0.00000000000 0.00000000000 0.00000000000 0.00000000000 0.00000000000 0.00000000000 0.00000000000 0.00000000000 0.00000000000 0.00000000000 0.00000000000 0.00000000000 0.00000000000 0.00000000000 0.00000000000 0.00000000000 0.00000000000 0.00000000000
