# Number of parameters = 200 Objective function value = 67021.4  Maximum gradient component = 0.00828563
# srv_sel50:
1.46356734866
# srv_sel95:
2.40550464116
# stNatLen:
 11.6976781023 11.5470399821 11.3469872729 11.1583546555 10.9724088385 10.7687250384 10.5420334228 10.3008553437 10.0576487125 9.82256223775 9.60189092783 9.39877143322 9.21427915281 9.04836227181 8.90035146511 8.76930127538 8.65425825643 8.55426543381 8.46854802847 8.39633447162 8.33704555417 8.29023629817 8.25552880180 8.23255327981 8.22116350931
# log_avg_fmort_dir:
-1.61194372659
# fmort_dir_dev:
 -1.86849940754 -1.89434005117 -1.29631551914 -0.965659424589 -0.629110396609 -0.499855707680 -0.265463319311 -0.173452324542 -0.0731923787222 0.108591178442 0.228415194904 0.327300343309 0.363136964214 0.464870694438 0.479104996527 0.490914053325 0.449828703343 0.449225038638 0.446878599903 0.473314961001 0.506292725377 0.448915386797 0.425031773414 0.421032869884 0.437548993128 0.287804943697 0.275000240484 0.290683341531 0.235480423190 0.274093320243 0.115979755768 0.136948286548 0.0286904213629 0.0513238835027 0.113419168682 -0.0243454467946 0.101747460387 -0.0479343605286 -0.0108933286916 -0.0211293420203 -0.0418300558911 -0.0908676719026 -0.0267232006865 -0.108414073778 -0.141475912752 -0.147457653628 -0.0784321765865 -0.148976280267 -0.0434837999509 0.0137517838519 -0.278757620430 -0.0136929074593 0.0566150384813 0.0512218023242 0.205280175981 0.131859837986
# mean_log_rec:
11.1063657471
# rec_dev:
 0.456411341975 0.363273456865 0.284107107777 0.266699585397 0.291309568361 0.302558696786 0.283179219769 0.262235780145 0.202580438953 0.142661795331 0.0891944250198 0.0604811257491 0.0590814003378 0.0300725521868 -0.0149151715018 -0.0698021826758 -0.114170071718 -0.165584829796 -0.220558860305 -0.265497356810 -0.301048878779 -0.313992906262 -0.328304098790 -0.328453792382 -0.321157105693 -0.314012479456 -0.304899809675 -0.293351940176 -0.290596691393 -0.265721864913 -0.231729546183 -0.221496334116 -0.206820453889 -0.173175088918 -0.0409685753515 0.0610504600317 0.0834676928673 0.0779409933695 0.0861296793732 0.0956423194801 0.137437892140 0.169285365896 0.185594514877 0.189258031219 0.150029228394 0.142075546903 0.143574301526 0.134450229478 0.0506645646600 -0.00786926117728 -0.0129283198927 0.000710223356499 0.0154351987848 0.00435297864419 -0.00694515226938 -0.00694494353380
# log_avg_NatM:
-1.57132905840
# m_dev:
 0.598531864451 0.336509161169 0.290552198277 -0.0678940918680 -0.276684933486 -0.219307539391 -0.0490735318638 -0.184027731569 0.104977020416 -0.0479801495752 -0.0189384309229 -0.343591284211 -0.492078875871 -0.242732223323 -0.176278458305 -0.140529893126 -0.161408598307 -0.0596313737859 -0.178290503149 -0.198450970790 -0.207381716690 -0.249331280618 -0.297280749231 -0.391723700171 -0.232086675180 -0.244855781322 -0.251540520334 -0.208185653434 -0.216332413518 -0.244303233792 -0.165613408527 -0.0362089729074 -0.198550622375 -0.161390405314 -0.0427932784834 0.104190529637 0.116714789100 0.201940276506 0.184927886852 0.244494771134 0.0162648978067 0.134577315194 0.198226820104 0.290071740320 0.442801642128 0.301216413064 0.249403784905 0.187276835348 0.575629045455 0.333487497195 0.201505822302 0.161604037458 0.0440825826953 0.227810122397 0.223793132171 0.233886815354
# log_avg_GrowthK:
-1.67329800000
# log_avg_Linf:
4.79996700000
# GrowthK_dev:
 0.00000000000 0.00000000000 0.00000000000 0.00000000000 0.00000000000 0.00000000000 0.00000000000 0.00000000000 0.00000000000 0.00000000000 0.00000000000 0.00000000000 0.00000000000 0.00000000000 0.00000000000 0.00000000000 0.00000000000 0.00000000000 0.00000000000 0.00000000000 0.00000000000 0.00000000000 0.00000000000 0.00000000000 0.00000000000 0.00000000000 0.00000000000 0.00000000000 0.00000000000 0.00000000000 0.00000000000 0.00000000000 0.00000000000 0.00000000000 0.00000000000 0.00000000000 0.00000000000 0.00000000000 0.00000000000 0.00000000000 0.00000000000 0.00000000000 0.00000000000 0.00000000000 0.00000000000 0.00000000000 0.00000000000 0.00000000000 0.00000000000 0.00000000000 0.00000000000 0.00000000000 0.00000000000 0.00000000000 0.00000000000 0.00000000000
# Linf_dev:
 0.00000000000 0.00000000000 0.00000000000 0.00000000000 0.00000000000 0.00000000000 0.00000000000 0.00000000000 0.00000000000 0.00000000000 0.00000000000 0.00000000000 0.00000000000 0.00000000000 0.00000000000 0.00000000000 0.00000000000 0.00000000000 0.00000000000 0.00000000000 0.00000000000 0.00000000000 0.00000000000 0.00000000000 0.00000000000 0.00000000000 0.00000000000 0.00000000000 0.00000000000 0.00000000000 0.00000000000 0.00000000000 0.00000000000 0.00000000000 0.00000000000 0.00000000000 0.00000000000 0.00000000000 0.00000000000 0.00000000000 0.00000000000 0.00000000000 0.00000000000 0.00000000000 0.00000000000 0.00000000000 0.00000000000 0.00000000000 0.00000000000 0.00000000000 0.00000000000 0.00000000000 0.00000000000 0.00000000000 0.00000000000 0.00000000000
# SelPars50:
2.01663457508
# SelPars95:
3.58487940674
# SelPars_dev50:
 0.00000000000 0.00000000000 0.00000000000 0.00000000000 0.00000000000 0.00000000000 0.00000000000 0.00000000000 0.00000000000 0.00000000000 0.00000000000 0.00000000000 0.00000000000 0.00000000000 0.00000000000 0.00000000000 0.00000000000 0.00000000000 0.00000000000 0.00000000000 0.00000000000 0.00000000000 0.00000000000 0.00000000000 0.00000000000 0.00000000000 0.00000000000 0.00000000000 0.00000000000 0.00000000000 0.00000000000 0.00000000000 0.00000000000 0.00000000000 0.00000000000 0.00000000000 0.00000000000 0.00000000000 0.00000000000 0.00000000000 0.00000000000 0.00000000000 0.00000000000 0.00000000000 0.00000000000 0.00000000000 0.00000000000 0.00000000000 0.00000000000 0.00000000000 0.00000000000 0.00000000000 0.00000000000 0.00000000000 0.00000000000 0.00000000000
# SelPars_dev95:
 0.00000000000 0.00000000000 0.00000000000 0.00000000000 0.00000000000 0.00000000000 0.00000000000 0.00000000000 0.00000000000 0.00000000000 0.00000000000 0.00000000000 0.00000000000 0.00000000000 0.00000000000 0.00000000000 0.00000000000 0.00000000000 0.00000000000 0.00000000000 0.00000000000 0.00000000000 0.00000000000 0.00000000000 0.00000000000 0.00000000000 0.00000000000 0.00000000000 0.00000000000 0.00000000000 0.00000000000 0.00000000000 0.00000000000 0.00000000000 0.00000000000 0.00000000000 0.00000000000 0.00000000000 0.00000000000 0.00000000000 0.00000000000 0.00000000000 0.00000000000 0.00000000000 0.00000000000 0.00000000000 0.00000000000 0.00000000000 0.00000000000 0.00000000000 0.00000000000 0.00000000000 0.00000000000 0.00000000000 0.00000000000 0.00000000000
