# Number of parameters = 137 Objective function value = 63463.9541600836  Maximum gradient component = 0.000697430539410749
# srv_sel50:
1.66903260279
# srv_sel95:
2.97830364946
# stNatLen:
 11.8833129594 11.7036909263 11.4370728793 11.2123506399 11.0308403900 10.8545652180 10.6545099537 10.4230085221 10.1684716604 9.90501549438 9.64532009504 9.39816745602 9.16864578790 8.95913902477 8.77040231481 8.60221305471 8.45388932041 8.32458146532 8.21340838780 8.11956653022 8.04230898368 7.98110309339 7.93557411150 7.90532804917 7.89020990070
# log_avg_fmort_dir:
-1.62884715072
# fmort_dir_dev:
 -2.18957231921 -2.12667656760 -1.46839872728 -1.14337717483 -0.831329369190 -0.547766241656 -0.367798703280 -0.224464430529 -0.162430871681 0.0400160964951 0.164584334900 0.133124226259 0.336731515537 0.418835497582 0.477393931884 0.461800802359 0.418452416618 0.442914012861 0.383442897119 0.306160463127 0.315565550348 0.385584376050 0.265760802924 0.203913807500 0.204263666628 0.264041897446 0.245795545567 0.200734503023 0.194858447871 0.0814659857950 0.226207560124 0.161031158260 0.173122282041 0.0170791858143 0.186009441178 0.153349456852 0.116789789942 0.0705976384785 0.257144764940 0.0909785882453 0.104719559678 0.104156173585 0.0678332215965 0.0392647579401 0.0553275934112 0.127348359980 0.0842470340761 0.0272832562561 0.188714795740 0.170896580012 0.331788590904 0.224504146297 0.137979692014
# mean_log_rec:
11.3642090462
# rec_dev:
 0.556871961685 0.531026158304 0.510856652397 0.493430969441 0.483665166347 0.464608694800 0.445956485571 0.431638012663 0.413901710283 0.389703578940 0.352090250586 0.327656879899 0.264774146264 0.197597569168 0.146460000635 0.0893072621945 0.0378028910773 -0.0166395856215 -0.0578427555485 -0.0743678321703 -0.0796763443772 -0.0986614931556 -0.105294211930 -0.116509576272 -0.132759392210 -0.130674846939 -0.130088736722 -0.138153848776 -0.134654545897 -0.162411131471 -0.215995166960 -0.255154112165 -0.314586363473 -0.352398933532 -0.275199691832 -0.199074604547 -0.212875020019 -0.235044426802 -0.238450036705 -0.240644848156 -0.246705741296 -0.234016635370 -0.220273531233 -0.211379627630 -0.205417253662 -0.181330032059 -0.178482273702 -0.186061588971 -0.166507065472 -0.114362642867 -0.0721941425996 -0.101730172157 -0.101730177953
# log_avg_NatM:
-1.47890400000
# m_dev:
 0.00000000000 0.00000000000 0.00000000000 0.00000000000 0.00000000000 0.00000000000 0.00000000000 0.00000000000 0.00000000000 0.00000000000 0.00000000000 0.00000000000 0.00000000000 0.00000000000 0.00000000000 0.00000000000 0.00000000000 0.00000000000 0.00000000000 0.00000000000 0.00000000000 0.00000000000 0.00000000000 0.00000000000 0.00000000000 0.00000000000 0.00000000000 0.00000000000 0.00000000000 0.00000000000 0.00000000000 0.00000000000 0.00000000000 0.00000000000 0.00000000000 0.00000000000 0.00000000000 0.00000000000 0.00000000000 0.00000000000 0.00000000000 0.00000000000 0.00000000000 0.00000000000 0.00000000000 0.00000000000 0.00000000000 0.00000000000 0.00000000000 0.00000000000 0.00000000000 0.00000000000 0.00000000000
# log_avg_GrowthK:
-1.60943800000
# log_avg_Linf:
4.88280200000
# GrowthK_dev:
 0.00000000000 0.00000000000 0.00000000000 0.00000000000 0.00000000000 0.00000000000 0.00000000000 0.00000000000 0.00000000000 0.00000000000 0.00000000000 0.00000000000 0.00000000000 0.00000000000 0.00000000000 0.00000000000 0.00000000000 0.00000000000 0.00000000000 0.00000000000 0.00000000000 0.00000000000 0.00000000000 0.00000000000 0.00000000000 0.00000000000 0.00000000000 0.00000000000 0.00000000000 0.00000000000 0.00000000000 0.00000000000 0.00000000000 0.00000000000 0.00000000000 0.00000000000 0.00000000000 0.00000000000 0.00000000000 0.00000000000 0.00000000000 0.00000000000 0.00000000000 0.00000000000 0.00000000000 0.00000000000 0.00000000000 0.00000000000 0.00000000000 0.00000000000 0.00000000000 0.00000000000 0.00000000000
# Linf_dev:
 0.00000000000 0.00000000000 0.00000000000 0.00000000000 0.00000000000 0.00000000000 0.00000000000 0.00000000000 0.00000000000 0.00000000000 0.00000000000 0.00000000000 0.00000000000 0.00000000000 0.00000000000 0.00000000000 0.00000000000 0.00000000000 0.00000000000 0.00000000000 0.00000000000 0.00000000000 0.00000000000 0.00000000000 0.00000000000 0.00000000000 0.00000000000 0.00000000000 0.00000000000 0.00000000000 0.00000000000 0.00000000000 0.00000000000 0.00000000000 0.00000000000 0.00000000000 0.00000000000 0.00000000000 0.00000000000 0.00000000000 0.00000000000 0.00000000000 0.00000000000 0.00000000000 0.00000000000 0.00000000000 0.00000000000 0.00000000000 0.00000000000 0.00000000000 0.00000000000 0.00000000000 0.00000000000
# SelPars50:
2.30351399181
# SelPars95:
4.24153730777
# SelPars_dev50:
 0.00000000000 0.00000000000 0.00000000000 0.00000000000 0.00000000000 0.00000000000 0.00000000000 0.00000000000 0.00000000000 0.00000000000 0.00000000000 0.00000000000 0.00000000000 0.00000000000 0.00000000000 0.00000000000 0.00000000000 0.00000000000 0.00000000000 0.00000000000 0.00000000000 0.00000000000 0.00000000000 0.00000000000 0.00000000000 0.00000000000 0.00000000000 0.00000000000 0.00000000000 0.00000000000 0.00000000000 0.00000000000 0.00000000000 0.00000000000 0.00000000000 0.00000000000 0.00000000000 0.00000000000 0.00000000000 0.00000000000 0.00000000000 0.00000000000 0.00000000000 0.00000000000 0.00000000000 0.00000000000 0.00000000000 0.00000000000 0.00000000000 0.00000000000 0.00000000000 0.00000000000 0.00000000000
# SelPars_dev95:
 0.00000000000 0.00000000000 0.00000000000 0.00000000000 0.00000000000 0.00000000000 0.00000000000 0.00000000000 0.00000000000 0.00000000000 0.00000000000 0.00000000000 0.00000000000 0.00000000000 0.00000000000 0.00000000000 0.00000000000 0.00000000000 0.00000000000 0.00000000000 0.00000000000 0.00000000000 0.00000000000 0.00000000000 0.00000000000 0.00000000000 0.00000000000 0.00000000000 0.00000000000 0.00000000000 0.00000000000 0.00000000000 0.00000000000 0.00000000000 0.00000000000 0.00000000000 0.00000000000 0.00000000000 0.00000000000 0.00000000000 0.00000000000 0.00000000000 0.00000000000 0.00000000000 0.00000000000 0.00000000000 0.00000000000 0.00000000000 0.00000000000 0.00000000000 0.00000000000 0.00000000000 0.00000000000
