# Number of parameters = 141 Objective function value = 65911.5015312803  Maximum gradient component = 0.000155104021784251
# srv_sel50:
1.66426382489
# srv_sel95:
2.96237992578
# stNatLen:
 11.8707734666 11.6869568550 11.4191716684 11.1933248356 11.0110590872 10.8345573066 10.6341179288 10.4014507303 10.1448821167 9.87881936324 9.61630166278 9.36636402894 9.13422409562 8.92235330885 8.73148767074 8.56141453573 8.41144996412 8.28073131431 8.16836405288 8.07357041739 7.99567617448 7.93406120956 7.88820946571 7.85774512364 7.84258993281
# log_avg_fmort_dir:
-1.63493111449
# fmort_dir_dev:
 -2.09947310657 -2.07805173857 -1.46001708153 -1.09524706128 -0.788810463327 -0.645786396663 -0.397950857772 -0.180472597771 -0.0871582226822 0.0708264025743 0.0789283468251 0.257093286729 0.366045738157 0.426158633363 0.486618860875 0.501811319970 0.474455722279 0.384452360597 0.345571664250 0.347946717200 0.402201255808 0.245395971175 0.330294964125 0.195206702394 0.247693037201 0.311578819725 0.169551440419 0.206751239005 0.212309993353 0.127320512240 0.0901095343643 0.107644578876 0.125453984773 0.140470427834 0.210260185275 0.0597978104764 0.145753996069 0.0684582288832 0.0974033677354 -0.0322430959385 0.0900122403750 0.0800058559605 0.119184142111 0.0571579353856 0.0773527784359 0.100626555933 0.161505673597 0.0706658295248 0.103636915291 0.0752191245215 0.0636410640161 0.200337260616 0.0767453916034 0.236786868320 0.118767883866
# mean_log_rec:
11.3640053409
# rec_dev:
 0.539696203362 0.516642700666 0.518280574573 0.511244331152 0.491301322562 0.471696689645 0.448199423017 0.421218580145 0.398471008698 0.376610759317 0.349951641576 0.310683228451 0.271603689126 0.233352450514 0.170177968701 0.106311272483 0.0729961000322 0.0400950236614 0.00540227057220 -0.0206128477846 -0.0344234327396 -0.0468458758005 -0.0583874853605 -0.0844328744024 -0.120787650242 -0.158680958769 -0.164900047856 -0.162951935490 -0.171747614713 -0.175576350396 -0.205924781794 -0.263243935638 -0.328354428249 -0.370809550128 -0.310050823664 -0.247203399974 -0.265241000095 -0.291681072931 -0.286901182659 -0.266328075290 -0.259469492687 -0.255190266190 -0.246985446472 -0.224489427433 -0.202256862417 -0.190790394825 -0.165028812359 -0.144071830151 -0.133156711444 -0.114941454989 -0.103981852175 -0.0585973496180 -0.0242629639583 -0.0478135280987 -0.0478135214637
# log_avg_NatM:
-1.47890400000
# m_dev:
 0.00000000000 0.00000000000 0.00000000000 0.00000000000 0.00000000000 0.00000000000 0.00000000000 0.00000000000 0.00000000000 0.00000000000 0.00000000000 0.00000000000 0.00000000000 0.00000000000 0.00000000000 0.00000000000 0.00000000000 0.00000000000 0.00000000000 0.00000000000 0.00000000000 0.00000000000 0.00000000000 0.00000000000 0.00000000000 0.00000000000 0.00000000000 0.00000000000 0.00000000000 0.00000000000 0.00000000000 0.00000000000 0.00000000000 0.00000000000 0.00000000000 0.00000000000 0.00000000000 0.00000000000 0.00000000000 0.00000000000 0.00000000000 0.00000000000 0.00000000000 0.00000000000 0.00000000000 0.00000000000 0.00000000000 0.00000000000 0.00000000000 0.00000000000 0.00000000000 0.00000000000 0.00000000000 0.00000000000 0.00000000000
# log_avg_GrowthK:
-1.60943800000
# log_avg_Linf:
4.88280200000
# GrowthK_dev:
 0.00000000000 0.00000000000 0.00000000000 0.00000000000 0.00000000000 0.00000000000 0.00000000000 0.00000000000 0.00000000000 0.00000000000 0.00000000000 0.00000000000 0.00000000000 0.00000000000 0.00000000000 0.00000000000 0.00000000000 0.00000000000 0.00000000000 0.00000000000 0.00000000000 0.00000000000 0.00000000000 0.00000000000 0.00000000000 0.00000000000 0.00000000000 0.00000000000 0.00000000000 0.00000000000 0.00000000000 0.00000000000 0.00000000000 0.00000000000 0.00000000000 0.00000000000 0.00000000000 0.00000000000 0.00000000000 0.00000000000 0.00000000000 0.00000000000 0.00000000000 0.00000000000 0.00000000000 0.00000000000 0.00000000000 0.00000000000 0.00000000000 0.00000000000 0.00000000000 0.00000000000 0.00000000000 0.00000000000 0.00000000000
# Linf_dev:
 0.00000000000 0.00000000000 0.00000000000 0.00000000000 0.00000000000 0.00000000000 0.00000000000 0.00000000000 0.00000000000 0.00000000000 0.00000000000 0.00000000000 0.00000000000 0.00000000000 0.00000000000 0.00000000000 0.00000000000 0.00000000000 0.00000000000 0.00000000000 0.00000000000 0.00000000000 0.00000000000 0.00000000000 0.00000000000 0.00000000000 0.00000000000 0.00000000000 0.00000000000 0.00000000000 0.00000000000 0.00000000000 0.00000000000 0.00000000000 0.00000000000 0.00000000000 0.00000000000 0.00000000000 0.00000000000 0.00000000000 0.00000000000 0.00000000000 0.00000000000 0.00000000000 0.00000000000 0.00000000000 0.00000000000 0.00000000000 0.00000000000 0.00000000000 0.00000000000 0.00000000000 0.00000000000 0.00000000000 0.00000000000
# SelPars50:
2.30996443241
# SelPars95:
4.26440360304
# SelPars_dev50:
 0.00000000000 0.00000000000 0.00000000000 0.00000000000 0.00000000000 0.00000000000 0.00000000000 0.00000000000 0.00000000000 0.00000000000 0.00000000000 0.00000000000 0.00000000000 0.00000000000 0.00000000000 0.00000000000 0.00000000000 0.00000000000 0.00000000000 0.00000000000 0.00000000000 0.00000000000 0.00000000000 0.00000000000 0.00000000000 0.00000000000 0.00000000000 0.00000000000 0.00000000000 0.00000000000 0.00000000000 0.00000000000 0.00000000000 0.00000000000 0.00000000000 0.00000000000 0.00000000000 0.00000000000 0.00000000000 0.00000000000 0.00000000000 0.00000000000 0.00000000000 0.00000000000 0.00000000000 0.00000000000 0.00000000000 0.00000000000 0.00000000000 0.00000000000 0.00000000000 0.00000000000 0.00000000000 0.00000000000 0.00000000000
# SelPars_dev95:
 0.00000000000 0.00000000000 0.00000000000 0.00000000000 0.00000000000 0.00000000000 0.00000000000 0.00000000000 0.00000000000 0.00000000000 0.00000000000 0.00000000000 0.00000000000 0.00000000000 0.00000000000 0.00000000000 0.00000000000 0.00000000000 0.00000000000 0.00000000000 0.00000000000 0.00000000000 0.00000000000 0.00000000000 0.00000000000 0.00000000000 0.00000000000 0.00000000000 0.00000000000 0.00000000000 0.00000000000 0.00000000000 0.00000000000 0.00000000000 0.00000000000 0.00000000000 0.00000000000 0.00000000000 0.00000000000 0.00000000000 0.00000000000 0.00000000000 0.00000000000 0.00000000000 0.00000000000 0.00000000000 0.00000000000 0.00000000000 0.00000000000 0.00000000000 0.00000000000 0.00000000000 0.00000000000 0.00000000000 0.00000000000
