# Number of parameters = 182 Objective function value = 59775.3  Maximum gradient component = 0.00533510
# srv_sel50:
1.46789213072
# srv_sel95:
2.42470033988
# stNatLen:
 11.3848441267 11.2498799743 11.0527495179 10.8634680922 10.6773416975 10.4742880778 10.2484521754 10.0078772392 9.76485723612 9.52957930859 9.30844459882 9.10469585622 8.91949539114 8.75281015604 8.60402509505 8.47223464435 8.35648757731 8.25587962829 8.16963343619 8.09698750773 8.03732653773 7.99014231730 7.95508862325 7.93187569322 7.92035080504
# log_avg_fmort_dir:
-1.60222332668
# fmort_dir_dev:
 -1.70828268113 -1.72482318659 -1.34007447917 -1.03310802381 -0.760258150241 -0.594505665078 -0.257634862892 -0.267776586255 -0.112390354885 -0.0353666838837 0.0903110618487 0.399772745172 0.532422274147 0.545143337958 0.501575743275 0.590838824813 0.526890226013 0.411166547858 0.397318747419 0.283772960776 0.400578314531 0.328634390267 0.362219736161 0.341255637677 0.371932280380 0.215649350382 0.190603561672 0.192788364100 0.125130563650 0.0644912340930 0.121942279930 0.0647720996179 0.123167780115 0.0194944610741 0.0304683886026 -0.0806396051584 -0.0512125988088 -0.0277950505328 0.153613724529 0.107461672281 0.0719584752383 0.0759871737039 0.0538785591344 0.0279949653450 -0.0143405805839 0.0960080556520 0.106562407372 0.104439058664 0.0549881933293 -0.0770246877496
# mean_log_rec:
11.1073201157
# rec_dev:
 0.363249966352 0.359427855050 0.381956234832 0.387590377588 0.365688432168 0.322326335149 0.292186178444 0.291384938873 0.278960216785 0.201234294390 0.0729671866286 -0.0185143968733 -0.0737585515133 -0.0876471717356 -0.0862670263141 -0.0770554056383 -0.0397168090783 -0.0267365891606 -0.0659186389835 -0.166859405266 -0.216484063777 -0.241226076253 -0.244727583247 -0.241498148921 -0.222507988812 -0.174331594561 -0.124507415655 -0.117322999904 -0.140642302479 -0.161040199276 -0.192852355273 -0.202110548079 -0.190114154829 -0.153302895893 -0.0136827196676 0.109620772951 0.0862844680468 -0.0311918171067 -0.112542274877 -0.0933154612999 -0.0433939982793 -0.0110114241583 0.0224658923727 0.0550325608303 0.0468076413522 -0.00549738553810 -0.0236405998746 -0.0239425649446 -0.00691126932119 -0.00691151522112
# log_avg_NatM:
-1.63845349973
# m_dev:
 -0.0469592750125 -0.104228335824 -0.0626729657038 -0.0431911350304 0.111385877140 0.140620477027 0.0877554754819 -0.153354249669 0.00468164007380 0.185389075483 0.251667668388 -0.0505320824704 -0.146681489349 -0.404684517889 -0.641327801366 -0.759260099285 -0.719077863378 -0.348433671923 0.0715408781760 0.322110143993 0.0187321032700 -0.0444621698553 -0.246624094261 -0.0969417814084 -0.241796543859 -0.409435315410 -0.323955252886 0.0228618866413 0.155593956475 0.160760506093 0.191592099245 0.0307265635168 -0.0678736780979 -0.0356172484448 0.0314856069071 0.110057315152 0.309860344851 0.614096326150 0.478159157026 0.0691154855534 -0.00983794050114 0.141834615955 0.0705485017922 0.0828424148802 0.224109616762 0.459138207698 0.232474561650 0.248794508500 0.0573372314213 0.0716752663209
# log_avg_GrowthK:
-1.55389000000
# log_avg_Linf:
4.82764900000
# GrowthK_dev:
 0.00000000000 0.00000000000 0.00000000000 0.00000000000 0.00000000000 0.00000000000 0.00000000000 0.00000000000 0.00000000000 0.00000000000 0.00000000000 0.00000000000 0.00000000000 0.00000000000 0.00000000000 0.00000000000 0.00000000000 0.00000000000 0.00000000000 0.00000000000 0.00000000000 0.00000000000 0.00000000000 0.00000000000 0.00000000000 0.00000000000 0.00000000000 0.00000000000 0.00000000000 0.00000000000 0.00000000000 0.00000000000 0.00000000000 0.00000000000 0.00000000000 0.00000000000 0.00000000000 0.00000000000 0.00000000000 0.00000000000 0.00000000000 0.00000000000 0.00000000000 0.00000000000 0.00000000000 0.00000000000 0.00000000000 0.00000000000 0.00000000000 0.00000000000
# Linf_dev:
 0.00000000000 0.00000000000 0.00000000000 0.00000000000 0.00000000000 0.00000000000 0.00000000000 0.00000000000 0.00000000000 0.00000000000 0.00000000000 0.00000000000 0.00000000000 0.00000000000 0.00000000000 0.00000000000 0.00000000000 0.00000000000 0.00000000000 0.00000000000 0.00000000000 0.00000000000 0.00000000000 0.00000000000 0.00000000000 0.00000000000 0.00000000000 0.00000000000 0.00000000000 0.00000000000 0.00000000000 0.00000000000 0.00000000000 0.00000000000 0.00000000000 0.00000000000 0.00000000000 0.00000000000 0.00000000000 0.00000000000 0.00000000000 0.00000000000 0.00000000000 0.00000000000 0.00000000000 0.00000000000 0.00000000000 0.00000000000 0.00000000000 0.00000000000
# SelPars50:
2.01721763560
# SelPars95:
3.58295775455
# SelPars_dev50:
 0.00000000000 0.00000000000 0.00000000000 0.00000000000 0.00000000000 0.00000000000 0.00000000000 0.00000000000 0.00000000000 0.00000000000 0.00000000000 0.00000000000 0.00000000000 0.00000000000 0.00000000000 0.00000000000 0.00000000000 0.00000000000 0.00000000000 0.00000000000 0.00000000000 0.00000000000 0.00000000000 0.00000000000 0.00000000000 0.00000000000 0.00000000000 0.00000000000 0.00000000000 0.00000000000 0.00000000000 0.00000000000 0.00000000000 0.00000000000 0.00000000000 0.00000000000 0.00000000000 0.00000000000 0.00000000000 0.00000000000 0.00000000000 0.00000000000 0.00000000000 0.00000000000 0.00000000000 0.00000000000 0.00000000000 0.00000000000 0.00000000000 0.00000000000
# SelPars_dev95:
 0.00000000000 0.00000000000 0.00000000000 0.00000000000 0.00000000000 0.00000000000 0.00000000000 0.00000000000 0.00000000000 0.00000000000 0.00000000000 0.00000000000 0.00000000000 0.00000000000 0.00000000000 0.00000000000 0.00000000000 0.00000000000 0.00000000000 0.00000000000 0.00000000000 0.00000000000 0.00000000000 0.00000000000 0.00000000000 0.00000000000 0.00000000000 0.00000000000 0.00000000000 0.00000000000 0.00000000000 0.00000000000 0.00000000000 0.00000000000 0.00000000000 0.00000000000 0.00000000000 0.00000000000 0.00000000000 0.00000000000 0.00000000000 0.00000000000 0.00000000000 0.00000000000 0.00000000000 0.00000000000 0.00000000000 0.00000000000 0.00000000000 0.00000000000
