# Number of parameters = 151 Objective function value = 71918.6  Maximum gradient component = 0.000977761
# srv_sel50:
1.64380276455
# srv_sel95:
2.90462367358
# stNatLen:
 11.8782693452 11.7013153364 11.4414814481 11.2201214192 11.0402417773 10.8655215329 10.6654308999 10.4304290698 10.1687425553 9.89564226909 9.62523051834 9.36735551186 9.12771967846 8.90903569588 8.71211247000 8.53672626718 8.38211386880 8.24735368730 8.13150154173 8.03377585884 7.95345341755 7.88990675718 7.84267863298 7.81138059953 7.79578742463
# log_avg_fmort_dir:
-1.64184169276
# fmort_dir_dev:
 -2.02589656374 -1.97983569319 -1.37282245826 -1.11707072723 -0.753256892442 -0.632820707909 -0.316042992200 -0.195814154398 -0.125824031627 0.0522761781307 0.0854828058192 0.214374698881 0.262916365275 0.344932273821 0.420099896613 0.453542543018 0.454847145102 0.429069381592 0.497688756113 0.371930630449 0.231895485690 0.249612732821 0.406480254003 0.289393038390 0.249048932974 0.168801021576 0.147051076062 0.172654244162 0.154692622370 0.107975998552 0.0315868326158 0.0881149158175 0.139038367188 0.0785969954942 -0.0268223533402 0.0833864748878 0.0620126357557 0.173543140791 0.196834192046 0.0799803747651 0.0192833176813 0.0244607143388 0.00486203237437 0.101552263444 0.0152661153991 0.0656681193562 0.0966452777152 0.0512553069001 0.0520792759792 0.125126275075 0.362829069541 0.166994770530 0.0929407564092 0.310010116640 0.194003232020 0.244061036025 0.0505364014477 -0.0911805676334 -0.171826320376 0.133779370701
# mean_log_rec:
11.3491872611
# rec_dev:
 0.578306149294 0.550772221791 0.541528890416 0.531444513628 0.507334356376 0.464228454567 0.432110292392 0.405628063644 0.381138518459 0.353439338832 0.328323982928 0.286843793569 0.254330427125 0.230340580176 0.199748928108 0.155536908264 0.100612551328 0.0426889578488 0.00233146378065 -0.00534660643697 -0.0334504914094 -0.0551111500693 -0.0625949065527 -0.0881194210402 -0.121754182828 -0.130979532201 -0.135687884470 -0.158316281346 -0.172667804100 -0.197000897141 -0.239038319906 -0.286584623421 -0.328204584952 -0.337836966197 -0.241468676924 -0.163444278104 -0.179216047358 -0.224444587588 -0.247512019272 -0.235485641136 -0.215877287628 -0.209323967021 -0.210705933573 -0.204077466958 -0.191546391149 -0.198389172141 -0.180557847998 -0.168950529765 -0.167080785124 -0.155716249817 -0.153698328093 -0.160011407214 -0.147839321080 -0.127108826150 -0.103871483212 -0.0670665385408 -0.0304379377576 0.00216667667207 -0.00616533461481 -0.00616535890947
# log_avg_NatM:
-1.46080800000
# m_dev:
 0.00000000000 0.00000000000 0.00000000000 0.00000000000 0.00000000000 0.00000000000 0.00000000000 0.00000000000 0.00000000000 0.00000000000 0.00000000000 0.00000000000 0.00000000000 0.00000000000 0.00000000000 0.00000000000 0.00000000000 0.00000000000 0.00000000000 0.00000000000 0.00000000000 0.00000000000 0.00000000000 0.00000000000 0.00000000000 0.00000000000 0.00000000000 0.00000000000 0.00000000000 0.00000000000 0.00000000000 0.00000000000 0.00000000000 0.00000000000 0.00000000000 0.00000000000 0.00000000000 0.00000000000 0.00000000000 0.00000000000 0.00000000000 0.00000000000 0.00000000000 0.00000000000 0.00000000000 0.00000000000 0.00000000000 0.00000000000 0.00000000000 0.00000000000 0.00000000000 0.00000000000 0.00000000000 0.00000000000 0.00000000000 0.00000000000 0.00000000000 0.00000000000 0.00000000000 0.00000000000
# log_avg_GrowthK:
-1.65497800000
# log_avg_Linf:
4.91595500000
# GrowthK_dev:
 0.00000000000 0.00000000000 0.00000000000 0.00000000000 0.00000000000 0.00000000000 0.00000000000 0.00000000000 0.00000000000 0.00000000000 0.00000000000 0.00000000000 0.00000000000 0.00000000000 0.00000000000 0.00000000000 0.00000000000 0.00000000000 0.00000000000 0.00000000000 0.00000000000 0.00000000000 0.00000000000 0.00000000000 0.00000000000 0.00000000000 0.00000000000 0.00000000000 0.00000000000 0.00000000000 0.00000000000 0.00000000000 0.00000000000 0.00000000000 0.00000000000 0.00000000000 0.00000000000 0.00000000000 0.00000000000 0.00000000000 0.00000000000 0.00000000000 0.00000000000 0.00000000000 0.00000000000 0.00000000000 0.00000000000 0.00000000000 0.00000000000 0.00000000000 0.00000000000 0.00000000000 0.00000000000 0.00000000000 0.00000000000 0.00000000000 0.00000000000 0.00000000000 0.00000000000 0.00000000000
# Linf_dev:
 0.00000000000 0.00000000000 0.00000000000 0.00000000000 0.00000000000 0.00000000000 0.00000000000 0.00000000000 0.00000000000 0.00000000000 0.00000000000 0.00000000000 0.00000000000 0.00000000000 0.00000000000 0.00000000000 0.00000000000 0.00000000000 0.00000000000 0.00000000000 0.00000000000 0.00000000000 0.00000000000 0.00000000000 0.00000000000 0.00000000000 0.00000000000 0.00000000000 0.00000000000 0.00000000000 0.00000000000 0.00000000000 0.00000000000 0.00000000000 0.00000000000 0.00000000000 0.00000000000 0.00000000000 0.00000000000 0.00000000000 0.00000000000 0.00000000000 0.00000000000 0.00000000000 0.00000000000 0.00000000000 0.00000000000 0.00000000000 0.00000000000 0.00000000000 0.00000000000 0.00000000000 0.00000000000 0.00000000000 0.00000000000 0.00000000000 0.00000000000 0.00000000000 0.00000000000 0.00000000000
# SelPars50:
2.24466713294
# SelPars95:
4.09909896752
# SelPars_dev50:
 0.00000000000 0.00000000000 0.00000000000 0.00000000000 0.00000000000 0.00000000000 0.00000000000 0.00000000000 0.00000000000 0.00000000000 0.00000000000 0.00000000000 0.00000000000 0.00000000000 0.00000000000 0.00000000000 0.00000000000 0.00000000000 0.00000000000 0.00000000000 0.00000000000 0.00000000000 0.00000000000 0.00000000000 0.00000000000 0.00000000000 0.00000000000 0.00000000000 0.00000000000 0.00000000000 0.00000000000 0.00000000000 0.00000000000 0.00000000000 0.00000000000 0.00000000000 0.00000000000 0.00000000000 0.00000000000 0.00000000000 0.00000000000 0.00000000000 0.00000000000 0.00000000000 0.00000000000 0.00000000000 0.00000000000 0.00000000000 0.00000000000 0.00000000000 0.00000000000 0.00000000000 0.00000000000 0.00000000000 0.00000000000 0.00000000000 0.00000000000 0.00000000000 0.00000000000 0.00000000000
# SelPars_dev95:
 0.00000000000 0.00000000000 0.00000000000 0.00000000000 0.00000000000 0.00000000000 0.00000000000 0.00000000000 0.00000000000 0.00000000000 0.00000000000 0.00000000000 0.00000000000 0.00000000000 0.00000000000 0.00000000000 0.00000000000 0.00000000000 0.00000000000 0.00000000000 0.00000000000 0.00000000000 0.00000000000 0.00000000000 0.00000000000 0.00000000000 0.00000000000 0.00000000000 0.00000000000 0.00000000000 0.00000000000 0.00000000000 0.00000000000 0.00000000000 0.00000000000 0.00000000000 0.00000000000 0.00000000000 0.00000000000 0.00000000000 0.00000000000 0.00000000000 0.00000000000 0.00000000000 0.00000000000 0.00000000000 0.00000000000 0.00000000000 0.00000000000 0.00000000000 0.00000000000 0.00000000000 0.00000000000 0.00000000000 0.00000000000 0.00000000000 0.00000000000 0.00000000000 0.00000000000 0.00000000000
