# Number of parameters = 182 Objective function value = 59770.3188164867  Maximum gradient component = 0.000399357460545431
# srv_sel50:
1.47185811639
# srv_sel95:
2.42750682750
# stNatLen:
 11.7128622849 11.5642747211 11.3616348168 11.1717788532 10.9865521423 10.7844925751 10.5592462520 10.3187091297 10.0752194006 9.83909123314 9.61686191363 9.41188246936 9.22541237780 9.05748303058 8.90749898891 8.77458110458 8.65781788124 8.55631643782 8.46927607453 8.39593853045 8.33562827461 8.28793635711 8.25241899287 8.22892959735 8.21731778775
# log_avg_fmort_dir:
-1.62954786248
# fmort_dir_dev:
 -1.75123814473 -1.80246695756 -1.30347484906 -0.934482664475 -0.746357299730 -0.462994125095 -0.269818856813 -0.133354307159 -0.0770741132083 0.0950389599745 0.167652039966 0.271061676487 0.385570990599 0.532791064643 0.544782134482 0.636641329146 0.557454906301 0.578781189156 0.479436452497 0.248607333146 0.289875687822 0.342380435466 0.368711591421 0.411273697977 0.305092066628 0.347935605432 0.217616424104 0.253434222126 0.133217318981 0.106440448673 0.109557593402 0.156515041713 0.203773895944 0.0374433314165 0.00873524319891 0.0845792905865 -0.0205982952806 -0.129832840958 -0.105776269037 -0.0647590113418 0.0116253755848 0.0711104514063 0.136374380370 0.159004195582 0.125231170598 0.00411056352320 -0.113763004510 -0.0779512037378 -0.182358708907 -0.205555456744
# mean_log_rec:
11.1421893635
# rec_dev:
 0.364872509078 0.319122182095 0.322887293535 0.319494706713 0.291725868987 0.227758837766 0.187254287561 0.206201019092 0.229807520501 0.225312178706 0.163204130120 0.0743264187597 -0.0167003304717 -0.0758864838239 -0.124013913564 -0.139816179982 -0.119673258113 -0.0722131354412 -0.00941206041348 -0.00533873005293 -0.103565784937 -0.221392272757 -0.310672832060 -0.343440062371 -0.331638427012 -0.294011872961 -0.257961211813 -0.210674002463 -0.179501725073 -0.184956817570 -0.221799170963 -0.231191027571 -0.207024797053 -0.185512180604 -0.0688324109627 0.0689145622044 0.126718080104 0.140643276142 0.110827449831 0.0631264951140 -0.0144543042866 -0.0861985248302 -0.110403869735 -0.105131131916 -0.0390170836369 0.0624800229609 0.149158429535 0.196463386820 0.210067466160 0.210067480650
# log_avg_NatM:
-1.61153210590
# m_dev:
 0.820444191008 0.200199983041 -0.118360876346 0.0641811390930 -0.0259337062626 0.294595057538 0.0302454617348 -0.328430003945 -0.375486968622 -0.252982177008 0.0986191430285 0.120949212415 0.0436032590517 -0.111294300432 -0.180626061019 -0.501848967555 -0.821817318499 -0.860211003717 -0.649002143811 -0.0857814698300 0.321546776516 0.357193724601 0.241159589658 -0.0371966906881 -0.196293251807 -0.304783661716 -0.255324366316 -0.274054491590 -0.151372306637 0.0663889113956 0.183984822577 -0.109621713231 -0.137572220449 0.0678510530214 0.143488850831 -0.0265089915069 0.0863026730664 0.201053340375 0.413680394011 0.405988661170 0.489930429569 0.459902346932 0.258736261760 0.192277041573 -0.0293701830123 -0.215976319193 -0.0834527380116 0.160939915720 0.203330577429 0.206709114092
# log_avg_GrowthK:
-1.60943800000
# log_avg_Linf:
4.88280200000
# GrowthK_dev:
 0.00000000000 0.00000000000 0.00000000000 0.00000000000 0.00000000000 0.00000000000 0.00000000000 0.00000000000 0.00000000000 0.00000000000 0.00000000000 0.00000000000 0.00000000000 0.00000000000 0.00000000000 0.00000000000 0.00000000000 0.00000000000 0.00000000000 0.00000000000 0.00000000000 0.00000000000 0.00000000000 0.00000000000 0.00000000000 0.00000000000 0.00000000000 0.00000000000 0.00000000000 0.00000000000 0.00000000000 0.00000000000 0.00000000000 0.00000000000 0.00000000000 0.00000000000 0.00000000000 0.00000000000 0.00000000000 0.00000000000 0.00000000000 0.00000000000 0.00000000000 0.00000000000 0.00000000000 0.00000000000 0.00000000000 0.00000000000 0.00000000000 0.00000000000
# Linf_dev:
 0.00000000000 0.00000000000 0.00000000000 0.00000000000 0.00000000000 0.00000000000 0.00000000000 0.00000000000 0.00000000000 0.00000000000 0.00000000000 0.00000000000 0.00000000000 0.00000000000 0.00000000000 0.00000000000 0.00000000000 0.00000000000 0.00000000000 0.00000000000 0.00000000000 0.00000000000 0.00000000000 0.00000000000 0.00000000000 0.00000000000 0.00000000000 0.00000000000 0.00000000000 0.00000000000 0.00000000000 0.00000000000 0.00000000000 0.00000000000 0.00000000000 0.00000000000 0.00000000000 0.00000000000 0.00000000000 0.00000000000 0.00000000000 0.00000000000 0.00000000000 0.00000000000 0.00000000000 0.00000000000 0.00000000000 0.00000000000 0.00000000000 0.00000000000
# SelPars50:
2.02936966753
# SelPars95:
3.61313318905
# SelPars_dev50:
 0.00000000000 0.00000000000 0.00000000000 0.00000000000 0.00000000000 0.00000000000 0.00000000000 0.00000000000 0.00000000000 0.00000000000 0.00000000000 0.00000000000 0.00000000000 0.00000000000 0.00000000000 0.00000000000 0.00000000000 0.00000000000 0.00000000000 0.00000000000 0.00000000000 0.00000000000 0.00000000000 0.00000000000 0.00000000000 0.00000000000 0.00000000000 0.00000000000 0.00000000000 0.00000000000 0.00000000000 0.00000000000 0.00000000000 0.00000000000 0.00000000000 0.00000000000 0.00000000000 0.00000000000 0.00000000000 0.00000000000 0.00000000000 0.00000000000 0.00000000000 0.00000000000 0.00000000000 0.00000000000 0.00000000000 0.00000000000 0.00000000000 0.00000000000
# SelPars_dev95:
 0.00000000000 0.00000000000 0.00000000000 0.00000000000 0.00000000000 0.00000000000 0.00000000000 0.00000000000 0.00000000000 0.00000000000 0.00000000000 0.00000000000 0.00000000000 0.00000000000 0.00000000000 0.00000000000 0.00000000000 0.00000000000 0.00000000000 0.00000000000 0.00000000000 0.00000000000 0.00000000000 0.00000000000 0.00000000000 0.00000000000 0.00000000000 0.00000000000 0.00000000000 0.00000000000 0.00000000000 0.00000000000 0.00000000000 0.00000000000 0.00000000000 0.00000000000 0.00000000000 0.00000000000 0.00000000000 0.00000000000 0.00000000000 0.00000000000 0.00000000000 0.00000000000 0.00000000000 0.00000000000 0.00000000000 0.00000000000 0.00000000000 0.00000000000
