# Number of parameters = 137 Objective function value = 63469.6331160340  Maximum gradient component = 0.000352452959432512
# srv_sel50:
1.69128010213
# srv_sel95:
3.05042880548
# stNatLen:
 11.8911004938 11.7062197525 11.4380163817 11.2144993814 11.0371170519 10.8666972396 10.6701794282 10.4364725591 10.1735821918 9.89742060682 9.62293640369 9.36064701915 9.11666783039 8.89392822897 8.69333756093 8.51469266542 8.35726489350 8.22010390219 8.10224090955 8.00276331114 7.92091927520 7.85607658640 7.80779257808 7.77572858545 7.75972142447
# log_avg_fmort_dir:
-1.64304670323
# fmort_dir_dev:
 -2.03099072557 -1.95447791091 -1.43483718778 -1.09554894286 -0.884922623046 -0.547826440024 -0.368427608347 -0.293742186694 -0.119176525295 -0.0147437761125 0.143622397383 0.166069719946 0.312285505942 0.377936365662 0.467246288370 0.404012680232 0.426100050808 0.450091614111 0.307006245960 0.322601118745 0.380871712588 0.270785694262 0.288977346831 0.228236869019 0.282106100605 0.219327000055 0.186932227131 0.264312349784 0.168282958911 0.206892114568 0.150784031717 0.250760964833 0.0823652471489 0.165242943321 0.112262593846 0.189045686900 0.227520095570 0.140658408115 0.154445525927 0.0345371595892 0.123665262550 0.169278525540 0.0773461023964 0.141622809784 0.124493541448 0.153258586640 0.101162357373 0.178158312360 0.0133510025331 0.101757391719 0.0452598074827 0.134164866939 -0.000143658012878
# mean_log_rec:
11.3719838642
# rec_dev:
 0.561486524417 0.533723120854 0.523269729925 0.516315522677 0.496132422346 0.476329366041 0.457432009495 0.430108423192 0.395235823586 0.361521735444 0.326163805893 0.266069630858 0.212249307922 0.170013108148 0.138114828341 0.116878492982 0.0633584697739 0.0142903944762 -0.0263942861220 -0.0733583267815 -0.0992860364269 -0.0984771237174 -0.108543246761 -0.105391578751 -0.124059328275 -0.155565666373 -0.167342257079 -0.184708047323 -0.219333470548 -0.249519540223 -0.294054311268 -0.336862263597 -0.376043267449 -0.404847212035 -0.331372360022 -0.244197290730 -0.243097921208 -0.263100447307 -0.252107244312 -0.239170668964 -0.222660012507 -0.191616022257 -0.198023481075 -0.193570822896 -0.173267534800 -0.162452015796 -0.139434310923 -0.117145925347 -0.0905213687011 -0.0349829063505 0.0263647789060 0.0177243943401 0.0177244063085
# log_avg_NatM:
-1.47890400000
# m_dev:
 0.00000000000 0.00000000000 0.00000000000 0.00000000000 0.00000000000 0.00000000000 0.00000000000 0.00000000000 0.00000000000 0.00000000000 0.00000000000 0.00000000000 0.00000000000 0.00000000000 0.00000000000 0.00000000000 0.00000000000 0.00000000000 0.00000000000 0.00000000000 0.00000000000 0.00000000000 0.00000000000 0.00000000000 0.00000000000 0.00000000000 0.00000000000 0.00000000000 0.00000000000 0.00000000000 0.00000000000 0.00000000000 0.00000000000 0.00000000000 0.00000000000 0.00000000000 0.00000000000 0.00000000000 0.00000000000 0.00000000000 0.00000000000 0.00000000000 0.00000000000 0.00000000000 0.00000000000 0.00000000000 0.00000000000 0.00000000000 0.00000000000 0.00000000000 0.00000000000 0.00000000000 0.00000000000
# log_avg_GrowthK:
-1.60943800000
# log_avg_Linf:
4.88280200000
# GrowthK_dev:
 0.00000000000 0.00000000000 0.00000000000 0.00000000000 0.00000000000 0.00000000000 0.00000000000 0.00000000000 0.00000000000 0.00000000000 0.00000000000 0.00000000000 0.00000000000 0.00000000000 0.00000000000 0.00000000000 0.00000000000 0.00000000000 0.00000000000 0.00000000000 0.00000000000 0.00000000000 0.00000000000 0.00000000000 0.00000000000 0.00000000000 0.00000000000 0.00000000000 0.00000000000 0.00000000000 0.00000000000 0.00000000000 0.00000000000 0.00000000000 0.00000000000 0.00000000000 0.00000000000 0.00000000000 0.00000000000 0.00000000000 0.00000000000 0.00000000000 0.00000000000 0.00000000000 0.00000000000 0.00000000000 0.00000000000 0.00000000000 0.00000000000 0.00000000000 0.00000000000 0.00000000000 0.00000000000
# Linf_dev:
 0.00000000000 0.00000000000 0.00000000000 0.00000000000 0.00000000000 0.00000000000 0.00000000000 0.00000000000 0.00000000000 0.00000000000 0.00000000000 0.00000000000 0.00000000000 0.00000000000 0.00000000000 0.00000000000 0.00000000000 0.00000000000 0.00000000000 0.00000000000 0.00000000000 0.00000000000 0.00000000000 0.00000000000 0.00000000000 0.00000000000 0.00000000000 0.00000000000 0.00000000000 0.00000000000 0.00000000000 0.00000000000 0.00000000000 0.00000000000 0.00000000000 0.00000000000 0.00000000000 0.00000000000 0.00000000000 0.00000000000 0.00000000000 0.00000000000 0.00000000000 0.00000000000 0.00000000000 0.00000000000 0.00000000000 0.00000000000 0.00000000000 0.00000000000 0.00000000000 0.00000000000 0.00000000000
# SelPars50:
2.26885831810
# SelPars95:
4.13137066015
# SelPars_dev50:
 0.00000000000 0.00000000000 0.00000000000 0.00000000000 0.00000000000 0.00000000000 0.00000000000 0.00000000000 0.00000000000 0.00000000000 0.00000000000 0.00000000000 0.00000000000 0.00000000000 0.00000000000 0.00000000000 0.00000000000 0.00000000000 0.00000000000 0.00000000000 0.00000000000 0.00000000000 0.00000000000 0.00000000000 0.00000000000 0.00000000000 0.00000000000 0.00000000000 0.00000000000 0.00000000000 0.00000000000 0.00000000000 0.00000000000 0.00000000000 0.00000000000 0.00000000000 0.00000000000 0.00000000000 0.00000000000 0.00000000000 0.00000000000 0.00000000000 0.00000000000 0.00000000000 0.00000000000 0.00000000000 0.00000000000 0.00000000000 0.00000000000 0.00000000000 0.00000000000 0.00000000000 0.00000000000
# SelPars_dev95:
 0.00000000000 0.00000000000 0.00000000000 0.00000000000 0.00000000000 0.00000000000 0.00000000000 0.00000000000 0.00000000000 0.00000000000 0.00000000000 0.00000000000 0.00000000000 0.00000000000 0.00000000000 0.00000000000 0.00000000000 0.00000000000 0.00000000000 0.00000000000 0.00000000000 0.00000000000 0.00000000000 0.00000000000 0.00000000000 0.00000000000 0.00000000000 0.00000000000 0.00000000000 0.00000000000 0.00000000000 0.00000000000 0.00000000000 0.00000000000 0.00000000000 0.00000000000 0.00000000000 0.00000000000 0.00000000000 0.00000000000 0.00000000000 0.00000000000 0.00000000000 0.00000000000 0.00000000000 0.00000000000 0.00000000000 0.00000000000 0.00000000000 0.00000000000 0.00000000000 0.00000000000 0.00000000000
