# Number of parameters = 155 Objective function value = 74303.8865590031  Maximum gradient component = 0.000646363063472479
# srv_sel50:
1.65456336216
# srv_sel95:
2.94050386131
# stNatLen:
 11.8790206363 11.6982776106 11.4416962921 11.2237554348 11.0430450749 10.8643316784 10.6610311146 10.4267879371 10.1704490996 9.90606846571 9.64609822241 9.39907344692 9.16989649739 8.96086028836 8.77262029771 8.60492510683 8.45708160367 8.32822058068 8.21747507364 8.12403171950 8.04717452534 7.98638151692 7.94121893542 7.91133208012 7.89643638998
# log_avg_fmort_dir:
-1.61952866150
# fmort_dir_dev:
 -2.07224156035 -2.03255021970 -1.56728191523 -1.17453607909 -0.875139764944 -0.563915536208 -0.481924790414 -0.400274663093 -0.235604818524 -0.0558483609846 0.198450973447 0.204873431967 0.304447070716 0.335146538614 0.418674498337 0.472292308977 0.463715462057 0.471669258916 0.431556581923 0.408435773282 0.339211332937 0.332005468504 0.194040485160 0.371884336085 0.231258465176 0.193330092196 0.0877730383213 0.110641707368 0.184166838602 0.162091925959 0.101757753402 0.0470463821784 0.208769405996 0.0676181810167 0.119405492711 0.109801356203 0.000869549698326 2.02871098271e-05 0.0697679089056 0.0193060899843 0.0552881860590 0.129252000522 0.0640581033618 0.0161913833720 0.137055047436 0.0662007674216 0.0967873963904 0.0843847077867 0.0829426098419 0.0841589650209 0.0677220607990 0.314195817792 0.0854979067264 0.294810018720 0.326245291822 0.274917766753 0.164188556569 0.164123367049 0.0812674205528 -0.0290239832395 0.102384682205 0.136641639833
# mean_log_rec:
11.3602984531
# rec_dev:
 0.568312159907 0.539172267529 0.530571838075 0.516279426950 0.503191452643 0.492141398005 0.483925070148 0.471952456144 0.446258594487 0.408266536766 0.368619741928 0.325277439088 0.276721878607 0.242369699384 0.205702956722 0.170645693037 0.120503844188 0.0565203255515 0.0216084747646 -0.00316943522271 -0.0268236085420 -0.0541214371237 -0.0751329265194 -0.0857358951522 -0.0969935859338 -0.0916482156977 -0.104444298058 -0.131152991179 -0.147838305404 -0.172356168281 -0.205676570117 -0.258760863454 -0.326767184208 -0.354537476494 -0.278483918255 -0.179731810361 -0.176966851559 -0.204130350959 -0.203725706951 -0.210834137984 -0.225310109358 -0.226982168055 -0.228622951104 -0.224150315004 -0.202183898302 -0.161205956500 -0.147926205204 -0.167109056928 -0.183123534537 -0.191390655712 -0.196112528836 -0.187117610216 -0.188267636981 -0.188897656797 -0.184408071996 -0.176523492368 -0.148065695432 -0.106914154840 -0.0458755079672 0.00822356983984 0.00647709317365 0.00647702665716
# log_avg_NatM:
-1.47890400000
# m_dev:
 0.00000000000 0.00000000000 0.00000000000 0.00000000000 0.00000000000 0.00000000000 0.00000000000 0.00000000000 0.00000000000 0.00000000000 0.00000000000 0.00000000000 0.00000000000 0.00000000000 0.00000000000 0.00000000000 0.00000000000 0.00000000000 0.00000000000 0.00000000000 0.00000000000 0.00000000000 0.00000000000 0.00000000000 0.00000000000 0.00000000000 0.00000000000 0.00000000000 0.00000000000 0.00000000000 0.00000000000 0.00000000000 0.00000000000 0.00000000000 0.00000000000 0.00000000000 0.00000000000 0.00000000000 0.00000000000 0.00000000000 0.00000000000 0.00000000000 0.00000000000 0.00000000000 0.00000000000 0.00000000000 0.00000000000 0.00000000000 0.00000000000 0.00000000000 0.00000000000 0.00000000000 0.00000000000 0.00000000000 0.00000000000 0.00000000000 0.00000000000 0.00000000000 0.00000000000 0.00000000000 0.00000000000 0.00000000000
# log_avg_GrowthK:
-1.60943800000
# log_avg_Linf:
4.88280200000
# GrowthK_dev:
 0.00000000000 0.00000000000 0.00000000000 0.00000000000 0.00000000000 0.00000000000 0.00000000000 0.00000000000 0.00000000000 0.00000000000 0.00000000000 0.00000000000 0.00000000000 0.00000000000 0.00000000000 0.00000000000 0.00000000000 0.00000000000 0.00000000000 0.00000000000 0.00000000000 0.00000000000 0.00000000000 0.00000000000 0.00000000000 0.00000000000 0.00000000000 0.00000000000 0.00000000000 0.00000000000 0.00000000000 0.00000000000 0.00000000000 0.00000000000 0.00000000000 0.00000000000 0.00000000000 0.00000000000 0.00000000000 0.00000000000 0.00000000000 0.00000000000 0.00000000000 0.00000000000 0.00000000000 0.00000000000 0.00000000000 0.00000000000 0.00000000000 0.00000000000 0.00000000000 0.00000000000 0.00000000000 0.00000000000 0.00000000000 0.00000000000 0.00000000000 0.00000000000 0.00000000000 0.00000000000 0.00000000000 0.00000000000
# Linf_dev:
 0.00000000000 0.00000000000 0.00000000000 0.00000000000 0.00000000000 0.00000000000 0.00000000000 0.00000000000 0.00000000000 0.00000000000 0.00000000000 0.00000000000 0.00000000000 0.00000000000 0.00000000000 0.00000000000 0.00000000000 0.00000000000 0.00000000000 0.00000000000 0.00000000000 0.00000000000 0.00000000000 0.00000000000 0.00000000000 0.00000000000 0.00000000000 0.00000000000 0.00000000000 0.00000000000 0.00000000000 0.00000000000 0.00000000000 0.00000000000 0.00000000000 0.00000000000 0.00000000000 0.00000000000 0.00000000000 0.00000000000 0.00000000000 0.00000000000 0.00000000000 0.00000000000 0.00000000000 0.00000000000 0.00000000000 0.00000000000 0.00000000000 0.00000000000 0.00000000000 0.00000000000 0.00000000000 0.00000000000 0.00000000000 0.00000000000 0.00000000000 0.00000000000 0.00000000000 0.00000000000 0.00000000000 0.00000000000
# SelPars50:
2.23713602988
# SelPars95:
4.07201411244
# SelPars_dev50:
 0.00000000000 0.00000000000 0.00000000000 0.00000000000 0.00000000000 0.00000000000 0.00000000000 0.00000000000 0.00000000000 0.00000000000 0.00000000000 0.00000000000 0.00000000000 0.00000000000 0.00000000000 0.00000000000 0.00000000000 0.00000000000 0.00000000000 0.00000000000 0.00000000000 0.00000000000 0.00000000000 0.00000000000 0.00000000000 0.00000000000 0.00000000000 0.00000000000 0.00000000000 0.00000000000 0.00000000000 0.00000000000 0.00000000000 0.00000000000 0.00000000000 0.00000000000 0.00000000000 0.00000000000 0.00000000000 0.00000000000 0.00000000000 0.00000000000 0.00000000000 0.00000000000 0.00000000000 0.00000000000 0.00000000000 0.00000000000 0.00000000000 0.00000000000 0.00000000000 0.00000000000 0.00000000000 0.00000000000 0.00000000000 0.00000000000 0.00000000000 0.00000000000 0.00000000000 0.00000000000 0.00000000000 0.00000000000
# SelPars_dev95:
 0.00000000000 0.00000000000 0.00000000000 0.00000000000 0.00000000000 0.00000000000 0.00000000000 0.00000000000 0.00000000000 0.00000000000 0.00000000000 0.00000000000 0.00000000000 0.00000000000 0.00000000000 0.00000000000 0.00000000000 0.00000000000 0.00000000000 0.00000000000 0.00000000000 0.00000000000 0.00000000000 0.00000000000 0.00000000000 0.00000000000 0.00000000000 0.00000000000 0.00000000000 0.00000000000 0.00000000000 0.00000000000 0.00000000000 0.00000000000 0.00000000000 0.00000000000 0.00000000000 0.00000000000 0.00000000000 0.00000000000 0.00000000000 0.00000000000 0.00000000000 0.00000000000 0.00000000000 0.00000000000 0.00000000000 0.00000000000 0.00000000000 0.00000000000 0.00000000000 0.00000000000 0.00000000000 0.00000000000 0.00000000000 0.00000000000 0.00000000000 0.00000000000 0.00000000000 0.00000000000 0.00000000000 0.00000000000
