# Number of parameters = 159 Objective function value = 77010.1  Maximum gradient component = 0.000359508
# srv_sel50:
1.54617962096
# srv_sel95:
2.64099280340
# stNatLen:
 11.4259383904 11.2737356619 11.0575361887 10.8623633423 10.6797274233 10.4837892555 10.2643952118 10.0273209947 9.78443355025 9.54650529041 9.32082858007 9.11146459878 8.92021632678 8.74746031465 8.59284957251 8.45565408510 8.33499347394 8.23001168753 8.13986350899 8.06388999937 8.00149240896 7.95211711198 7.91532128511 7.89085525644 7.87858434720
# log_avg_fmort_dir:
-1.65199813189
# fmort_dir_dev:
 -1.84335673210 -1.77469133932 -1.24905488231 -1.04075873401 -0.653336242396 -0.419553118719 -0.371771899176 -0.0603096965121 -0.0417634583729 0.102664280227 0.144831928696 0.297100680297 0.442299070951 0.404166355541 0.541196418296 0.479294402410 0.447926398412 0.452784070556 0.449016537903 0.445339715509 0.404311138633 0.464333184482 0.345828751374 0.340301103654 0.283733848338 0.448388938944 0.389974018312 0.244043912112 0.200302263752 0.237374228240 0.250443704532 0.100986157361 0.115339330195 0.170464584358 0.135746451990 0.170417919357 0.145385491330 0.0400722107495 0.0854992947612 0.0849576064681 0.0596069481283 0.178735816163 0.112150772080 0.0938220889131 0.116409444147 0.111039929931 0.0997990105607 0.157205277863 0.156422369861 0.0112698291022 -0.681830978756 -0.628993909290 -0.332619171872 -0.311384370833 -0.226936033919 -0.130662393250 -0.168377973851 -0.0321694451516 0.00767550613441 -0.0964378553817 0.0875819583950 -0.0203621566433 0.116498217757 -0.0883707749122
# mean_log_rec:
11.1431048473
# rec_dev:
 0.348872005510 0.330536049900 0.340390702451 0.344989091621 0.338604838272 0.326254857831 0.318882711654 0.302817195580 0.290368387189 0.278178378138 0.249676329562 0.223482741379 0.183509889058 0.140106199408 0.112161552048 0.0772152025441 0.0133318506439 -0.0329952499661 -0.0619674781888 -0.101237258376 -0.142168714457 -0.152214723183 -0.139698422469 -0.166070034721 -0.207945580983 -0.223552723588 -0.220439636171 -0.225913415407 -0.224460355050 -0.217589346209 -0.203346789140 -0.184308983509 -0.171078285570 -0.166037353332 -0.159863475891 -0.159089298395 -0.150458794585 -0.140166374020 -0.124992263383 -0.104966961026 -0.110830666417 -0.125555226035 -0.135377562260 -0.140753286571 -0.132609024883 -0.109700918006 -0.0996574667557 -0.102648239599 -0.0773806638002 -0.0642006920284 -0.0571199930163 -0.0187045930863 0.0200214070623 0.0408480613602 0.0409585788892 0.0421398809189 0.0386284622528 0.0358067867473 0.0421719956641 0.0568486563126 0.0805314089974 0.0889761546041 0.0743952361979 0.0743952382828
# log_avg_NatM:
-1.60943800000
# m_dev:
 0.00000000000 0.00000000000 0.00000000000 0.00000000000 0.00000000000 0.00000000000 0.00000000000 0.00000000000 0.00000000000 0.00000000000 0.00000000000 0.00000000000 0.00000000000 0.00000000000 0.00000000000 0.00000000000 0.00000000000 0.00000000000 0.00000000000 0.00000000000 0.00000000000 0.00000000000 0.00000000000 0.00000000000 0.00000000000 0.00000000000 0.00000000000 0.00000000000 0.00000000000 0.00000000000 0.00000000000 0.00000000000 0.00000000000 0.00000000000 0.00000000000 0.00000000000 0.00000000000 0.00000000000 0.00000000000 0.00000000000 0.00000000000 0.00000000000 0.00000000000 0.00000000000 0.00000000000 0.00000000000 0.00000000000 0.00000000000 0.00000000000 0.00000000000 0.00000000000 0.00000000000 0.00000000000 0.00000000000 0.00000000000 0.00000000000 0.00000000000 0.00000000000 0.00000000000 0.00000000000 0.00000000000 0.00000000000 0.00000000000 0.00000000000
# log_avg_GrowthK:
-1.60943800000
# log_avg_Linf:
4.88280200000
# GrowthK_dev:
 0.00000000000 0.00000000000 0.00000000000 0.00000000000 0.00000000000 0.00000000000 0.00000000000 0.00000000000 0.00000000000 0.00000000000 0.00000000000 0.00000000000 0.00000000000 0.00000000000 0.00000000000 0.00000000000 0.00000000000 0.00000000000 0.00000000000 0.00000000000 0.00000000000 0.00000000000 0.00000000000 0.00000000000 0.00000000000 0.00000000000 0.00000000000 0.00000000000 0.00000000000 0.00000000000 0.00000000000 0.00000000000 0.00000000000 0.00000000000 0.00000000000 0.00000000000 0.00000000000 0.00000000000 0.00000000000 0.00000000000 0.00000000000 0.00000000000 0.00000000000 0.00000000000 0.00000000000 0.00000000000 0.00000000000 0.00000000000 0.00000000000 0.00000000000 0.00000000000 0.00000000000 0.00000000000 0.00000000000 0.00000000000 0.00000000000 0.00000000000 0.00000000000 0.00000000000 0.00000000000 0.00000000000 0.00000000000 0.00000000000 0.00000000000
# Linf_dev:
 0.00000000000 0.00000000000 0.00000000000 0.00000000000 0.00000000000 0.00000000000 0.00000000000 0.00000000000 0.00000000000 0.00000000000 0.00000000000 0.00000000000 0.00000000000 0.00000000000 0.00000000000 0.00000000000 0.00000000000 0.00000000000 0.00000000000 0.00000000000 0.00000000000 0.00000000000 0.00000000000 0.00000000000 0.00000000000 0.00000000000 0.00000000000 0.00000000000 0.00000000000 0.00000000000 0.00000000000 0.00000000000 0.00000000000 0.00000000000 0.00000000000 0.00000000000 0.00000000000 0.00000000000 0.00000000000 0.00000000000 0.00000000000 0.00000000000 0.00000000000 0.00000000000 0.00000000000 0.00000000000 0.00000000000 0.00000000000 0.00000000000 0.00000000000 0.00000000000 0.00000000000 0.00000000000 0.00000000000 0.00000000000 0.00000000000 0.00000000000 0.00000000000 0.00000000000 0.00000000000 0.00000000000 0.00000000000 0.00000000000 0.00000000000
# SelPars50:
2.09264690935
# SelPars95:
3.74991011832
# SelPars_dev50:
 0.00000000000 0.00000000000 0.00000000000 0.00000000000 0.00000000000 0.00000000000 0.00000000000 0.00000000000 0.00000000000 0.00000000000 0.00000000000 0.00000000000 0.00000000000 0.00000000000 0.00000000000 0.00000000000 0.00000000000 0.00000000000 0.00000000000 0.00000000000 0.00000000000 0.00000000000 0.00000000000 0.00000000000 0.00000000000 0.00000000000 0.00000000000 0.00000000000 0.00000000000 0.00000000000 0.00000000000 0.00000000000 0.00000000000 0.00000000000 0.00000000000 0.00000000000 0.00000000000 0.00000000000 0.00000000000 0.00000000000 0.00000000000 0.00000000000 0.00000000000 0.00000000000 0.00000000000 0.00000000000 0.00000000000 0.00000000000 0.00000000000 0.00000000000 0.00000000000 0.00000000000 0.00000000000 0.00000000000 0.00000000000 0.00000000000 0.00000000000 0.00000000000 0.00000000000 0.00000000000 0.00000000000 0.00000000000 0.00000000000 0.00000000000
# SelPars_dev95:
 0.00000000000 0.00000000000 0.00000000000 0.00000000000 0.00000000000 0.00000000000 0.00000000000 0.00000000000 0.00000000000 0.00000000000 0.00000000000 0.00000000000 0.00000000000 0.00000000000 0.00000000000 0.00000000000 0.00000000000 0.00000000000 0.00000000000 0.00000000000 0.00000000000 0.00000000000 0.00000000000 0.00000000000 0.00000000000 0.00000000000 0.00000000000 0.00000000000 0.00000000000 0.00000000000 0.00000000000 0.00000000000 0.00000000000 0.00000000000 0.00000000000 0.00000000000 0.00000000000 0.00000000000 0.00000000000 0.00000000000 0.00000000000 0.00000000000 0.00000000000 0.00000000000 0.00000000000 0.00000000000 0.00000000000 0.00000000000 0.00000000000 0.00000000000 0.00000000000 0.00000000000 0.00000000000 0.00000000000 0.00000000000 0.00000000000 0.00000000000 0.00000000000 0.00000000000 0.00000000000 0.00000000000 0.00000000000 0.00000000000 0.00000000000
