# Number of parameters = 227 Objective function value = 77922.9  Maximum gradient component = 0.00301243
# srv_sel50:
1.47483297979
# srv_sel95:
2.43741595549
# stNatLen:
 11.3862041016 11.2497558173 11.0522706225 10.8632153456 10.6773392074 10.4744219805 10.2486334309 10.0080635733 9.76503553373 9.52974844817 9.30860669724 9.10485320798 8.91964942742 8.75296125065 8.60417293171 8.47237865709 8.35662701315 8.25601373808 8.16976174985 8.09711007796 8.03744352437 7.99025454403 7.95519721126 7.93198180973 7.92045583766
# log_avg_fmort_dir:
-1.61317156903
# fmort_dir_dev:
 -1.69737325584 -1.71393469240 -1.32917444252 -1.02221989837 -0.749382898897 -0.583627508499 -0.246753468550 -0.256928543339 -0.101617431742 -0.0246343910020 0.101069040594 0.410564968777 0.543263211227 0.556086116193 0.512552895827 0.601741941172 0.537619290594 0.421710274965 0.407827170191 0.294460764839 0.411416910276 0.339468205944 0.373009994280 0.352047587179 0.382819547522 0.226516609262 0.201342824835 0.203471148810 0.135882431258 0.0753022020792 0.132800864350 0.0756750895523 0.134046659189 0.0303432794007 0.0413063466991 -0.0698242373374 -0.0404506495770 -0.0170074710649 0.164515378542 0.118368708383 0.0827732797636 0.0869222325031 0.0652308135120 0.0399470794758 -0.00178128549787 0.107648549612 0.112135457556 0.0929772628649 0.0169839558120 -0.133426490868 0.0623027136717 0.355914113843 -0.760812283128 -0.168381530484 -0.278843338875 0.0137885973954 0.141356487984 0.270367649924 0.275452761282 -0.138776206063 -1.06762726771 0.0779381422611 0.103908993604 0.208572461428 0.503127277327
# mean_log_rec:
11.1400745120
# rec_dev:
 0.332248109617 0.328133904594 0.350877259592 0.356741216071 0.334916717779 0.291715816256 0.261665931476 0.261093678802 0.248796627414 0.171145666211 0.0428341668764 -0.0486538318193 -0.103886526478 -0.117790191119 -0.116276626571 -0.106806293027 -0.0691969274906 -0.0560694796646 -0.0953552509487 -0.196659018028 -0.246173085178 -0.271026808698 -0.274411559705 -0.271266067645 -0.252268549953 -0.204011900930 -0.154037214917 -0.146904580564 -0.170295928977 -0.190790726779 -0.222665997032 -0.231917606147 -0.219867925220 -0.182874523265 -0.0431338491790 0.0800952803751 0.0569002987911 -0.0606273789676 -0.142035723291 -0.122782649169 -0.0727366618394 -0.0405976882738 -0.00729354863589 0.0253399210574 0.0189431541218 -0.0267816711688 -0.0291971762729 -0.00212994994459 0.0618736731104 0.0860345587176 0.0318671899641 -0.0182927339530 -0.0499383545008 0.00197948561904 0.0813319563221 0.140442537201 0.147020664222 0.0989575021256 0.0588357371444 0.0781421336650 0.155694315365 0.221402825881 0.153346337513 0.0431886339956 0.0431887054737
# log_avg_NatM:
-1.56942553618
# m_dev:
 -0.115885008845 -0.173137437044 -0.131434982829 -0.111802495065 0.0429766709952 0.0723985459620 0.0197120382600 -0.221432332479 -0.0632006807921 0.117710576559 0.184355774946 -0.117491833064 -0.212615383235 -0.470123310589 -0.706615181638 -0.824625907136 -0.784721423795 -0.413957875437 0.00588715606535 0.256228245085 -0.0477677795595 -0.110606132181 -0.312732177106 -0.162122104913 -0.307169562427 -0.475341604695 -0.390055702657 -0.0430474131571 0.0892879933380 0.0941156586761 0.125076439464 -0.0358317470907 -0.134383261764 -0.102026386452 -0.0350480409275 0.0431669410084 0.242743429563 0.547083670222 0.411287838787 0.00231044611526 -0.0760030943462 0.0768825957992 0.00620744480116 0.0189372513874 0.158422338313 0.383537876113 0.130937153145 0.101909380513 -0.0934703525547 0.0213352355674 0.473887148614 0.305160573201 0.305934536445 -0.0293212972634 -0.123909467723 -0.0795601757479 0.117047659594 0.414662276464 0.306083354860 -0.0704537768991 0.0318895611531 0.164741406991 0.366978310022 0.698505162398 0.638493238985
# log_avg_GrowthK:
-1.65085000000
# log_avg_Linf:
4.83801200000
# GrowthK_dev:
 0.00000000000 0.00000000000 0.00000000000 0.00000000000 0.00000000000 0.00000000000 0.00000000000 0.00000000000 0.00000000000 0.00000000000 0.00000000000 0.00000000000 0.00000000000 0.00000000000 0.00000000000 0.00000000000 0.00000000000 0.00000000000 0.00000000000 0.00000000000 0.00000000000 0.00000000000 0.00000000000 0.00000000000 0.00000000000 0.00000000000 0.00000000000 0.00000000000 0.00000000000 0.00000000000 0.00000000000 0.00000000000 0.00000000000 0.00000000000 0.00000000000 0.00000000000 0.00000000000 0.00000000000 0.00000000000 0.00000000000 0.00000000000 0.00000000000 0.00000000000 0.00000000000 0.00000000000 0.00000000000 0.00000000000 0.00000000000 0.00000000000 0.00000000000 0.00000000000 0.00000000000 0.00000000000 0.00000000000 0.00000000000 0.00000000000 0.00000000000 0.00000000000 0.00000000000 0.00000000000 0.00000000000 0.00000000000 0.00000000000 0.00000000000 0.00000000000
# Linf_dev:
 0.00000000000 0.00000000000 0.00000000000 0.00000000000 0.00000000000 0.00000000000 0.00000000000 0.00000000000 0.00000000000 0.00000000000 0.00000000000 0.00000000000 0.00000000000 0.00000000000 0.00000000000 0.00000000000 0.00000000000 0.00000000000 0.00000000000 0.00000000000 0.00000000000 0.00000000000 0.00000000000 0.00000000000 0.00000000000 0.00000000000 0.00000000000 0.00000000000 0.00000000000 0.00000000000 0.00000000000 0.00000000000 0.00000000000 0.00000000000 0.00000000000 0.00000000000 0.00000000000 0.00000000000 0.00000000000 0.00000000000 0.00000000000 0.00000000000 0.00000000000 0.00000000000 0.00000000000 0.00000000000 0.00000000000 0.00000000000 0.00000000000 0.00000000000 0.00000000000 0.00000000000 0.00000000000 0.00000000000 0.00000000000 0.00000000000 0.00000000000 0.00000000000 0.00000000000 0.00000000000 0.00000000000 0.00000000000 0.00000000000 0.00000000000 0.00000000000
# SelPars50:
2.01769420386
# SelPars95:
3.58176123274
# SelPars_dev50:
 0.00000000000 0.00000000000 0.00000000000 0.00000000000 0.00000000000 0.00000000000 0.00000000000 0.00000000000 0.00000000000 0.00000000000 0.00000000000 0.00000000000 0.00000000000 0.00000000000 0.00000000000 0.00000000000 0.00000000000 0.00000000000 0.00000000000 0.00000000000 0.00000000000 0.00000000000 0.00000000000 0.00000000000 0.00000000000 0.00000000000 0.00000000000 0.00000000000 0.00000000000 0.00000000000 0.00000000000 0.00000000000 0.00000000000 0.00000000000 0.00000000000 0.00000000000 0.00000000000 0.00000000000 0.00000000000 0.00000000000 0.00000000000 0.00000000000 0.00000000000 0.00000000000 0.00000000000 0.00000000000 0.00000000000 0.00000000000 0.00000000000 0.00000000000 0.00000000000 0.00000000000 0.00000000000 0.00000000000 0.00000000000 0.00000000000 0.00000000000 0.00000000000 0.00000000000 0.00000000000 0.00000000000 0.00000000000 0.00000000000 0.00000000000 0.00000000000
# SelPars_dev95:
 0.00000000000 0.00000000000 0.00000000000 0.00000000000 0.00000000000 0.00000000000 0.00000000000 0.00000000000 0.00000000000 0.00000000000 0.00000000000 0.00000000000 0.00000000000 0.00000000000 0.00000000000 0.00000000000 0.00000000000 0.00000000000 0.00000000000 0.00000000000 0.00000000000 0.00000000000 0.00000000000 0.00000000000 0.00000000000 0.00000000000 0.00000000000 0.00000000000 0.00000000000 0.00000000000 0.00000000000 0.00000000000 0.00000000000 0.00000000000 0.00000000000 0.00000000000 0.00000000000 0.00000000000 0.00000000000 0.00000000000 0.00000000000 0.00000000000 0.00000000000 0.00000000000 0.00000000000 0.00000000000 0.00000000000 0.00000000000 0.00000000000 0.00000000000 0.00000000000 0.00000000000 0.00000000000 0.00000000000 0.00000000000 0.00000000000 0.00000000000 0.00000000000 0.00000000000 0.00000000000 0.00000000000 0.00000000000 0.00000000000 0.00000000000 0.00000000000
