# Number of parameters = 143 Objective function value = 67170.2  Maximum gradient component = 0.000186396
# srv_sel50:
1.51331693074
# srv_sel95:
2.54300281730
# stNatLen:
 11.4825627284 11.3164619860 11.0662403018 10.8248672044 10.6023986398 10.3805527125 10.1454896207 9.89638308516 9.64088322184 9.38849956618 9.14688685491 8.92094665534 8.71324661039 8.52475077157 8.35544576120 8.20478838994 8.07200644145 7.95624179383 7.85666128655 7.77249915248 7.70310743951 7.64806565583 7.60711358171 7.57996276677 7.56639678515
# log_avg_fmort_dir:
-1.56737352531
# fmort_dir_dev:
 -0.745676124962 -0.560391154122 -0.532227316469 -0.256551638891 -0.0737871113067 0.0271418151342 0.134296628210 0.148584937594 0.228035759770 0.338887305315 0.492030147378 0.506928671902 0.373782897064 0.411529751147 0.267991496990 0.322317664674 0.380468131374 0.250538537911 0.278892952595 0.216410084463 0.234339444830 0.181533086438 0.195473601239 0.152073884665 0.150951868947 0.0583230819542 0.0575396083055 0.0682643881720 0.0243069668408 -0.0670307033254 0.0395778045105 -0.0170781958896 -0.141576925968 0.00676415919373 0.0668009412170 -0.0506587321721 0.0399756061221 -0.0868994790329 -0.00860859937607 -0.0106518202472 0.00625801406159 -0.0330811537341 -0.110971200630 -0.00777319306570 -0.00570890879911 0.0238670286449 -0.479406727291 -0.434564158626 -0.298390883842 -0.475327334832 -0.333221737537 -0.357360360280 -0.174723640071 -0.178904828324 -0.147556223087 -0.0957581147795
# mean_log_rec:
11.1054400655
# rec_dev:
 0.446706046510 0.429968144445 0.417550741721 0.384166929859 0.359428458791 0.344333898410 0.328962310558 0.314563735572 0.275720284504 0.220042552265 0.161814188206 0.0991780885113 0.0437689419201 0.0121032117504 -0.0125612144242 -0.0622508895676 -0.100274631323 -0.114834112433 -0.125665761232 -0.134107708399 -0.158361122532 -0.184067381249 -0.199260301296 -0.205177666953 -0.217279026630 -0.210069418189 -0.188785626062 -0.168806748369 -0.142541770815 -0.145876894435 -0.122168439846 -0.0793457782682 -0.0643281814338 -0.0602722983827 -0.0683527598646 -0.0919704325354 -0.0808670045287 -0.0803488375695 -0.104626305227 -0.125502774528 -0.108501096825 -0.0893440370765 -0.0770382628357 -0.0735013384405 -0.0752130608284 -0.0660925065957 -0.0525222889675 -0.0358691773247 -0.0305255872374 -0.0300289824124 -0.0174378332263 0.000103386938634 0.0171009483669 0.0232206542449 0.0125223666437 0.0125223686465
# log_avg_NatM:
-1.60943800000
# m_dev:
 0.00000000000 0.00000000000 0.00000000000 0.00000000000 0.00000000000 0.00000000000 0.00000000000 0.00000000000 0.00000000000 0.00000000000 0.00000000000 0.00000000000 0.00000000000 0.00000000000 0.00000000000 0.00000000000 0.00000000000 0.00000000000 0.00000000000 0.00000000000 0.00000000000 0.00000000000 0.00000000000 0.00000000000 0.00000000000 0.00000000000 0.00000000000 0.00000000000 0.00000000000 0.00000000000 0.00000000000 0.00000000000 0.00000000000 0.00000000000 0.00000000000 0.00000000000 0.00000000000 0.00000000000 0.00000000000 0.00000000000 0.00000000000 0.00000000000 0.00000000000 0.00000000000 0.00000000000 0.00000000000 0.00000000000 0.00000000000 0.00000000000 0.00000000000 0.00000000000 0.00000000000 0.00000000000 0.00000000000 0.00000000000 0.00000000000
# log_avg_GrowthK:
-1.60943800000
# log_avg_Linf:
4.88280200000
# GrowthK_dev:
 0.00000000000 0.00000000000 0.00000000000 0.00000000000 0.00000000000 0.00000000000 0.00000000000 0.00000000000 0.00000000000 0.00000000000 0.00000000000 0.00000000000 0.00000000000 0.00000000000 0.00000000000 0.00000000000 0.00000000000 0.00000000000 0.00000000000 0.00000000000 0.00000000000 0.00000000000 0.00000000000 0.00000000000 0.00000000000 0.00000000000 0.00000000000 0.00000000000 0.00000000000 0.00000000000 0.00000000000 0.00000000000 0.00000000000 0.00000000000 0.00000000000 0.00000000000 0.00000000000 0.00000000000 0.00000000000 0.00000000000 0.00000000000 0.00000000000 0.00000000000 0.00000000000 0.00000000000 0.00000000000 0.00000000000 0.00000000000 0.00000000000 0.00000000000 0.00000000000 0.00000000000 0.00000000000 0.00000000000 0.00000000000 0.00000000000
# Linf_dev:
 0.00000000000 0.00000000000 0.00000000000 0.00000000000 0.00000000000 0.00000000000 0.00000000000 0.00000000000 0.00000000000 0.00000000000 0.00000000000 0.00000000000 0.00000000000 0.00000000000 0.00000000000 0.00000000000 0.00000000000 0.00000000000 0.00000000000 0.00000000000 0.00000000000 0.00000000000 0.00000000000 0.00000000000 0.00000000000 0.00000000000 0.00000000000 0.00000000000 0.00000000000 0.00000000000 0.00000000000 0.00000000000 0.00000000000 0.00000000000 0.00000000000 0.00000000000 0.00000000000 0.00000000000 0.00000000000 0.00000000000 0.00000000000 0.00000000000 0.00000000000 0.00000000000 0.00000000000 0.00000000000 0.00000000000 0.00000000000 0.00000000000 0.00000000000 0.00000000000 0.00000000000 0.00000000000 0.00000000000 0.00000000000 0.00000000000
# SelPars50:
2.06566464160
# SelPars95:
3.69964668732
# SelPars_dev50:
 0.00000000000 0.00000000000 0.00000000000 0.00000000000 0.00000000000 0.00000000000 0.00000000000 0.00000000000 0.00000000000 0.00000000000 0.00000000000 0.00000000000 0.00000000000 0.00000000000 0.00000000000 0.00000000000 0.00000000000 0.00000000000 0.00000000000 0.00000000000 0.00000000000 0.00000000000 0.00000000000 0.00000000000 0.00000000000 0.00000000000 0.00000000000 0.00000000000 0.00000000000 0.00000000000 0.00000000000 0.00000000000 0.00000000000 0.00000000000 0.00000000000 0.00000000000 0.00000000000 0.00000000000 0.00000000000 0.00000000000 0.00000000000 0.00000000000 0.00000000000 0.00000000000 0.00000000000 0.00000000000 0.00000000000 0.00000000000 0.00000000000 0.00000000000 0.00000000000 0.00000000000 0.00000000000 0.00000000000 0.00000000000 0.00000000000
# SelPars_dev95:
 0.00000000000 0.00000000000 0.00000000000 0.00000000000 0.00000000000 0.00000000000 0.00000000000 0.00000000000 0.00000000000 0.00000000000 0.00000000000 0.00000000000 0.00000000000 0.00000000000 0.00000000000 0.00000000000 0.00000000000 0.00000000000 0.00000000000 0.00000000000 0.00000000000 0.00000000000 0.00000000000 0.00000000000 0.00000000000 0.00000000000 0.00000000000 0.00000000000 0.00000000000 0.00000000000 0.00000000000 0.00000000000 0.00000000000 0.00000000000 0.00000000000 0.00000000000 0.00000000000 0.00000000000 0.00000000000 0.00000000000 0.00000000000 0.00000000000 0.00000000000 0.00000000000 0.00000000000 0.00000000000 0.00000000000 0.00000000000 0.00000000000 0.00000000000 0.00000000000 0.00000000000 0.00000000000 0.00000000000 0.00000000000 0.00000000000
