# Number of parameters = 147 Objective function value = 69523.5  Maximum gradient component = 0.000810660
# srv_sel50:
1.66776377997
# srv_sel95:
2.97011199064
# stNatLen:
 11.8483586500 11.6680556683 11.3991660251 11.1724965405 10.9925128859 10.8204687684 10.6233576250 10.3901257622 10.1286026882 9.85437497929 9.58206964312 9.32199326474 9.08013610486 8.85935984155 8.66054870984 8.48349821996 8.32747843888 8.19155571820 8.07479238359 7.97632481138 7.89538846975 7.83134878791 7.78366555663 7.75200229151 7.73617924214
# log_avg_fmort_dir:
-1.62089097506
# fmort_dir_dev:
 -2.08812575345 -2.00568044408 -1.34934386014 -1.16637019966 -0.802641105030 -0.552205955051 -0.326244771133 -0.236394046501 -0.0328972942898 0.00902700790423 0.165596583176 0.244268743390 0.301348972152 0.363692281803 0.434087545369 0.475473058356 0.367341443319 0.349443312219 0.404196790553 0.343790413543 0.251637714141 0.235551178445 0.325435159612 0.222657458162 0.181929843461 0.246561002457 0.143020362504 0.161921301686 0.166288224509 0.181029820693 0.115338999578 0.112130760661 0.0664628403760 0.0945061535557 0.0950628702713 0.0803760486755 0.144784372302 0.100692321848 0.0485870843790 0.129676130095 0.102376875621 0.175180094897 0.129530486017 0.0201545459335 0.101105630948 0.0826282107944 0.0603284426991 0.0547979332855 0.102763137247 0.171813425920 0.150238175262 0.138022482499 -0.0894920453521 0.199262454640 0.156148648933 0.0382887744901 0.185746292099 0.219094064204
# mean_log_rec:
11.3730209346
# rec_dev:
 0.516439631225 0.492053057842 0.491904292607 0.486057655889 0.469168585020 0.447687608936 0.421945390349 0.394509229811 0.372319653574 0.362573314842 0.342306990256 0.308696681455 0.278696004753 0.211732004118 0.154798813641 0.109398882456 0.0563808939298 0.0112020411534 -0.0250060418306 -0.0541121695417 -0.0976149534167 -0.121451564555 -0.111124187756 -0.115787434709 -0.117522521908 -0.123605554545 -0.151095234959 -0.170320209154 -0.183894082240 -0.213224642842 -0.246654170815 -0.274257784317 -0.321047072162 -0.361326009109 -0.279465398687 -0.199078835637 -0.204058960766 -0.222187495468 -0.222182605476 -0.222127995527 -0.231362837947 -0.244704113131 -0.228161726898 -0.214175215988 -0.209111722559 -0.194093397598 -0.170611137975 -0.151558550604 -0.137274485403 -0.115919440645 -0.108336183027 -0.0847192075817 -0.0405982552896 0.000941583841959 0.0337129956170 0.0741127406790 0.0655665730877 0.0655665749837
# log_avg_NatM:
-1.47890400000
# m_dev:
 0.00000000000 0.00000000000 0.00000000000 0.00000000000 0.00000000000 0.00000000000 0.00000000000 0.00000000000 0.00000000000 0.00000000000 0.00000000000 0.00000000000 0.00000000000 0.00000000000 0.00000000000 0.00000000000 0.00000000000 0.00000000000 0.00000000000 0.00000000000 0.00000000000 0.00000000000 0.00000000000 0.00000000000 0.00000000000 0.00000000000 0.00000000000 0.00000000000 0.00000000000 0.00000000000 0.00000000000 0.00000000000 0.00000000000 0.00000000000 0.00000000000 0.00000000000 0.00000000000 0.00000000000 0.00000000000 0.00000000000 0.00000000000 0.00000000000 0.00000000000 0.00000000000 0.00000000000 0.00000000000 0.00000000000 0.00000000000 0.00000000000 0.00000000000 0.00000000000 0.00000000000 0.00000000000 0.00000000000 0.00000000000 0.00000000000 0.00000000000 0.00000000000
# log_avg_GrowthK:
-1.60943800000
# log_avg_Linf:
4.88280200000
# GrowthK_dev:
 0.00000000000 0.00000000000 0.00000000000 0.00000000000 0.00000000000 0.00000000000 0.00000000000 0.00000000000 0.00000000000 0.00000000000 0.00000000000 0.00000000000 0.00000000000 0.00000000000 0.00000000000 0.00000000000 0.00000000000 0.00000000000 0.00000000000 0.00000000000 0.00000000000 0.00000000000 0.00000000000 0.00000000000 0.00000000000 0.00000000000 0.00000000000 0.00000000000 0.00000000000 0.00000000000 0.00000000000 0.00000000000 0.00000000000 0.00000000000 0.00000000000 0.00000000000 0.00000000000 0.00000000000 0.00000000000 0.00000000000 0.00000000000 0.00000000000 0.00000000000 0.00000000000 0.00000000000 0.00000000000 0.00000000000 0.00000000000 0.00000000000 0.00000000000 0.00000000000 0.00000000000 0.00000000000 0.00000000000 0.00000000000 0.00000000000 0.00000000000 0.00000000000
# Linf_dev:
 0.00000000000 0.00000000000 0.00000000000 0.00000000000 0.00000000000 0.00000000000 0.00000000000 0.00000000000 0.00000000000 0.00000000000 0.00000000000 0.00000000000 0.00000000000 0.00000000000 0.00000000000 0.00000000000 0.00000000000 0.00000000000 0.00000000000 0.00000000000 0.00000000000 0.00000000000 0.00000000000 0.00000000000 0.00000000000 0.00000000000 0.00000000000 0.00000000000 0.00000000000 0.00000000000 0.00000000000 0.00000000000 0.00000000000 0.00000000000 0.00000000000 0.00000000000 0.00000000000 0.00000000000 0.00000000000 0.00000000000 0.00000000000 0.00000000000 0.00000000000 0.00000000000 0.00000000000 0.00000000000 0.00000000000 0.00000000000 0.00000000000 0.00000000000 0.00000000000 0.00000000000 0.00000000000 0.00000000000 0.00000000000 0.00000000000 0.00000000000 0.00000000000
# SelPars50:
2.30755161848
# SelPars95:
4.25544390490
# SelPars_dev50:
 0.00000000000 0.00000000000 0.00000000000 0.00000000000 0.00000000000 0.00000000000 0.00000000000 0.00000000000 0.00000000000 0.00000000000 0.00000000000 0.00000000000 0.00000000000 0.00000000000 0.00000000000 0.00000000000 0.00000000000 0.00000000000 0.00000000000 0.00000000000 0.00000000000 0.00000000000 0.00000000000 0.00000000000 0.00000000000 0.00000000000 0.00000000000 0.00000000000 0.00000000000 0.00000000000 0.00000000000 0.00000000000 0.00000000000 0.00000000000 0.00000000000 0.00000000000 0.00000000000 0.00000000000 0.00000000000 0.00000000000 0.00000000000 0.00000000000 0.00000000000 0.00000000000 0.00000000000 0.00000000000 0.00000000000 0.00000000000 0.00000000000 0.00000000000 0.00000000000 0.00000000000 0.00000000000 0.00000000000 0.00000000000 0.00000000000 0.00000000000 0.00000000000
# SelPars_dev95:
 0.00000000000 0.00000000000 0.00000000000 0.00000000000 0.00000000000 0.00000000000 0.00000000000 0.00000000000 0.00000000000 0.00000000000 0.00000000000 0.00000000000 0.00000000000 0.00000000000 0.00000000000 0.00000000000 0.00000000000 0.00000000000 0.00000000000 0.00000000000 0.00000000000 0.00000000000 0.00000000000 0.00000000000 0.00000000000 0.00000000000 0.00000000000 0.00000000000 0.00000000000 0.00000000000 0.00000000000 0.00000000000 0.00000000000 0.00000000000 0.00000000000 0.00000000000 0.00000000000 0.00000000000 0.00000000000 0.00000000000 0.00000000000 0.00000000000 0.00000000000 0.00000000000 0.00000000000 0.00000000000 0.00000000000 0.00000000000 0.00000000000 0.00000000000 0.00000000000 0.00000000000 0.00000000000 0.00000000000 0.00000000000 0.00000000000 0.00000000000 0.00000000000
