# Number of parameters = 157 Objective function value = 75517.8272633789  Maximum gradient component = 0.000141365071856412
# srv_sel50:
1.67081608035
# srv_sel95:
2.98580496750
# stNatLen:
 11.8580334332 11.6678189707 11.3986637857 11.1740303231 10.9940635684 10.8201070185 10.6207493229 10.3863934299 10.1253840406 9.85303914917 9.58343376522 9.32637979278 9.08754736579 8.86960958510 8.67338957142 8.49867628842 8.34474423389 8.21069424774 8.09555924827 7.99845231522 7.91858842739 7.85527519052 7.80808749357 7.77681819118 7.76131250890
# log_avg_fmort_dir:
-1.59189154755
# fmort_dir_dev:
 -2.00353397139 -2.01543714267 -1.54285072366 -1.00171766985 -0.741451046666 -0.609242806706 -0.455164300869 -0.313691186502 -0.138800771662 0.0225734500123 0.0116744832358 0.169384617014 0.291961960677 0.267157465211 0.470096170891 0.502864607787 0.396334111414 0.415565878331 0.385921864602 0.362260328623 0.339053130419 0.349234376079 0.254552291174 0.261233293564 0.170751457605 0.212516308559 0.151707045674 0.177790130764 0.118186493792 0.166532819144 0.0688780937713 0.0664324529014 0.117477908628 0.106390356973 0.0945960660017 0.0935756845527 0.115494570005 0.108536800109 0.0994532493069 0.115793203836 0.115553734518 0.102206078080 -0.0455356139207 -0.0209129608348 -0.0556660592157 0.121307744913 0.146456735447 0.152071009735 -0.0772145015332 0.0745478926333 0.396238211222 0.419865092803 0.327421205927 0.0293853845294 0.0602188223922 0.130014973397 0.185293577776 -0.0742973693182 -0.0355425231524 -0.0171481470834 0.134608856950 0.205620967514 0.0634158365381
# mean_log_rec:
11.3515677233
# rec_dev:
 0.544343570853 0.507313343867 0.493028520103 0.490802292567 0.487495832606 0.485766496593 0.479551656576 0.452821358851 0.423737491401 0.399340423040 0.366047397107 0.332671966975 0.290973254947 0.237201550363 0.181943418535 0.131545657552 0.0859935031899 0.0386570458805 0.0159557335749 -0.00719778138934 -0.0346346590847 -0.0425379797649 -0.0530784972836 -0.0544284454738 -0.0569496077081 -0.0884091492516 -0.123890339950 -0.164512900460 -0.201604610499 -0.206326932349 -0.228632889002 -0.274923785292 -0.314312839783 -0.330350995896 -0.249389418673 -0.182562417180 -0.189987454169 -0.196172558678 -0.196018549207 -0.203459477600 -0.206017401335 -0.192634364500 -0.161626115411 -0.159386865490 -0.180429030661 -0.209331960020 -0.217056320369 -0.202020273032 -0.200372158817 -0.196678661732 -0.180247434691 -0.185128272820 -0.207014272835 -0.199366127621 -0.163857504288 -0.133558127965 -0.120313729580 -0.0940372076744 -0.0542764267323 0.0154526709174 0.0758563949090 0.0631169827330 0.0631169811268
# log_avg_NatM:
-1.47890400000
# m_dev:
 0.00000000000 0.00000000000 0.00000000000 0.00000000000 0.00000000000 0.00000000000 0.00000000000 0.00000000000 0.00000000000 0.00000000000 0.00000000000 0.00000000000 0.00000000000 0.00000000000 0.00000000000 0.00000000000 0.00000000000 0.00000000000 0.00000000000 0.00000000000 0.00000000000 0.00000000000 0.00000000000 0.00000000000 0.00000000000 0.00000000000 0.00000000000 0.00000000000 0.00000000000 0.00000000000 0.00000000000 0.00000000000 0.00000000000 0.00000000000 0.00000000000 0.00000000000 0.00000000000 0.00000000000 0.00000000000 0.00000000000 0.00000000000 0.00000000000 0.00000000000 0.00000000000 0.00000000000 0.00000000000 0.00000000000 0.00000000000 0.00000000000 0.00000000000 0.00000000000 0.00000000000 0.00000000000 0.00000000000 0.00000000000 0.00000000000 0.00000000000 0.00000000000 0.00000000000 0.00000000000 0.00000000000 0.00000000000 0.00000000000
# log_avg_GrowthK:
-1.60943800000
# log_avg_Linf:
4.88280200000
# GrowthK_dev:
 0.00000000000 0.00000000000 0.00000000000 0.00000000000 0.00000000000 0.00000000000 0.00000000000 0.00000000000 0.00000000000 0.00000000000 0.00000000000 0.00000000000 0.00000000000 0.00000000000 0.00000000000 0.00000000000 0.00000000000 0.00000000000 0.00000000000 0.00000000000 0.00000000000 0.00000000000 0.00000000000 0.00000000000 0.00000000000 0.00000000000 0.00000000000 0.00000000000 0.00000000000 0.00000000000 0.00000000000 0.00000000000 0.00000000000 0.00000000000 0.00000000000 0.00000000000 0.00000000000 0.00000000000 0.00000000000 0.00000000000 0.00000000000 0.00000000000 0.00000000000 0.00000000000 0.00000000000 0.00000000000 0.00000000000 0.00000000000 0.00000000000 0.00000000000 0.00000000000 0.00000000000 0.00000000000 0.00000000000 0.00000000000 0.00000000000 0.00000000000 0.00000000000 0.00000000000 0.00000000000 0.00000000000 0.00000000000 0.00000000000
# Linf_dev:
 0.00000000000 0.00000000000 0.00000000000 0.00000000000 0.00000000000 0.00000000000 0.00000000000 0.00000000000 0.00000000000 0.00000000000 0.00000000000 0.00000000000 0.00000000000 0.00000000000 0.00000000000 0.00000000000 0.00000000000 0.00000000000 0.00000000000 0.00000000000 0.00000000000 0.00000000000 0.00000000000 0.00000000000 0.00000000000 0.00000000000 0.00000000000 0.00000000000 0.00000000000 0.00000000000 0.00000000000 0.00000000000 0.00000000000 0.00000000000 0.00000000000 0.00000000000 0.00000000000 0.00000000000 0.00000000000 0.00000000000 0.00000000000 0.00000000000 0.00000000000 0.00000000000 0.00000000000 0.00000000000 0.00000000000 0.00000000000 0.00000000000 0.00000000000 0.00000000000 0.00000000000 0.00000000000 0.00000000000 0.00000000000 0.00000000000 0.00000000000 0.00000000000 0.00000000000 0.00000000000 0.00000000000 0.00000000000 0.00000000000
# SelPars50:
2.28625320131
# SelPars95:
4.19729197319
# SelPars_dev50:
 0.00000000000 0.00000000000 0.00000000000 0.00000000000 0.00000000000 0.00000000000 0.00000000000 0.00000000000 0.00000000000 0.00000000000 0.00000000000 0.00000000000 0.00000000000 0.00000000000 0.00000000000 0.00000000000 0.00000000000 0.00000000000 0.00000000000 0.00000000000 0.00000000000 0.00000000000 0.00000000000 0.00000000000 0.00000000000 0.00000000000 0.00000000000 0.00000000000 0.00000000000 0.00000000000 0.00000000000 0.00000000000 0.00000000000 0.00000000000 0.00000000000 0.00000000000 0.00000000000 0.00000000000 0.00000000000 0.00000000000 0.00000000000 0.00000000000 0.00000000000 0.00000000000 0.00000000000 0.00000000000 0.00000000000 0.00000000000 0.00000000000 0.00000000000 0.00000000000 0.00000000000 0.00000000000 0.00000000000 0.00000000000 0.00000000000 0.00000000000 0.00000000000 0.00000000000 0.00000000000 0.00000000000 0.00000000000 0.00000000000
# SelPars_dev95:
 0.00000000000 0.00000000000 0.00000000000 0.00000000000 0.00000000000 0.00000000000 0.00000000000 0.00000000000 0.00000000000 0.00000000000 0.00000000000 0.00000000000 0.00000000000 0.00000000000 0.00000000000 0.00000000000 0.00000000000 0.00000000000 0.00000000000 0.00000000000 0.00000000000 0.00000000000 0.00000000000 0.00000000000 0.00000000000 0.00000000000 0.00000000000 0.00000000000 0.00000000000 0.00000000000 0.00000000000 0.00000000000 0.00000000000 0.00000000000 0.00000000000 0.00000000000 0.00000000000 0.00000000000 0.00000000000 0.00000000000 0.00000000000 0.00000000000 0.00000000000 0.00000000000 0.00000000000 0.00000000000 0.00000000000 0.00000000000 0.00000000000 0.00000000000 0.00000000000 0.00000000000 0.00000000000 0.00000000000 0.00000000000 0.00000000000 0.00000000000 0.00000000000 0.00000000000 0.00000000000 0.00000000000 0.00000000000 0.00000000000
