# Number of parameters = 239 Objective function value = 82738.8  Maximum gradient component = 0.00704621
# srv_sel50:
1.46609442311
# srv_sel95:
2.41439828834
# stNatLen:
 11.6979740909 11.5470516878 11.3469625004 11.1583755420 10.9724665022 10.7687976338 10.5421063891 10.3009216416 10.0577066149 9.82261241481 9.60193380257 9.39880751659 9.21431047689 9.04839065688 8.90037661304 8.76932439328 8.65428044257 8.55428696361 8.46856850773 8.39635461000 8.33706518837 8.29025542285 8.25554779911 8.23257173416 8.22118214306
# log_avg_fmort_dir:
-1.61537063771
# fmort_dir_dev:
 -1.86513079566 -1.89097356366 -1.29294530686 -0.962292771942 -0.625748049716 -0.496497961256 -0.262111547167 -0.170105489845 -0.0698521503032 0.111920691455 0.231730253110 0.330600412253 0.366433885646 0.468162797794 0.482384077539 0.494178224463 0.453082591226 0.452470037909 0.450113486709 0.476546479969 0.509520315474 0.452139019364 0.428251767421 0.424254755117 0.440772468232 0.291025341098 0.278220604893 0.293902317189 0.238697637769 0.277312825396 0.119204631936 0.140168219081 0.0319069962756 0.0545497713302 0.116652466176 -0.0211139236437 0.104963701579 -0.0447364458997 -0.00770482801526 -0.0179458357235 -0.0386474111476 -0.0876770116503 -0.0235274349925 -0.105214834884 -0.138291253657 -0.144304768602 -0.0753173731854 -0.145871073860 -0.0402047403803 0.0176618677304 -0.273612702221 -0.00713859922478 0.0625311824905 0.0474039668562 0.172352725105 0.0470050778709 0.0790050804229 0.278431492949 0.217671318805 -0.0380674044115 -0.650648365076 0.0551248862694 0.247259093687 -0.184268793382 -0.0748172602053 0.216066843179 -0.0249262600240 -0.106746011712 -0.0732393434602
# mean_log_rec:
11.0963050786
# rec_dev:
 0.466360222048 0.373398015912 0.294273473447 0.276873902398 0.301446185792 0.312743029941 0.293348043806 0.272437569280 0.212770749620 0.152862157135 0.0994003751430 0.0706492943345 0.0692417396818 0.0402212103342 -0.00479814470996 -0.0597085959067 -0.104034559283 -0.155508533457 -0.210444823566 -0.255387924735 -0.290959281254 -0.303902296842 -0.318267802601 -0.318384516179 -0.311125347148 -0.303991306289 -0.294850401176 -0.283344521186 -0.280549466041 -0.255737496771 -0.221756105075 -0.211502329560 -0.196806348515 -0.163161054758 -0.0310603851735 0.0709681122938 0.0933741070192 0.0878635587142 0.0960875510181 0.105524961298 0.147310497999 0.179198496551 0.195478479635 0.199096929101 0.159950537734 0.152002653637 0.153496138286 0.144327194403 0.0600363812565 0.000523884713083 -0.00546879952678 0.00863420106380 0.0308609906024 0.0467276689434 0.0654464379745 0.0612882549430 0.0339084010486 1.76865778207e-005 -0.0272025968732 -0.00775875872818 0.0305961116846 0.0380619004214 0.00340520321165 -0.0495391215665 -0.0995167787211 -0.136256486286 -0.161293027524 -0.168947657895 -0.168947841655
# log_avg_NatM:
-1.54169131121
# m_dev:
 0.568978842077 0.306911880178 0.260910046624 -0.0975579589494 -0.306360870733 -0.248991218332 -0.0787745560454 -0.213728567391 0.0752369009516 -0.0777387013276 -0.0487603608274 -0.373428714977 -0.521947410851 -0.272700131925 -0.206274396925 -0.170534673019 -0.191402655378 -0.0896728673332 -0.208303457572 -0.228488638793 -0.237454639567 -0.279422006751 -0.327379992165 -0.421788481386 -0.262213137158 -0.274951189330 -0.281604780277 -0.238249102206 -0.246373272421 -0.274319897642 -0.195628735257 -0.0662426885730 -0.228512620751 -0.191337891308 -0.0727414882874 0.0742473367401 0.0867934461206 0.172011530145 0.155000305914 0.214525812029 -0.0136506882716 0.104645712331 0.168303328969 0.260153005602 0.412847778902 0.271221641834 0.219380224221 0.157499628116 0.546663471004 0.306339555945 0.176375647233 0.133965805299 -0.00109171620658 0.134591455430 0.0585258818974 0.0221879128627 0.210795052265 0.296887891981 0.193755790031 -0.0786175287032 0.0161667250751 0.269075517369 0.176159322475 0.172235061579 0.262150248373 0.206847676294 0.157474393941 0.0906969786912 0.0866832281426
# log_avg_GrowthK:
-1.68254100000
# log_avg_Linf:
4.92171600000
# GrowthK_dev:
 0.00000000000 0.00000000000 0.00000000000 0.00000000000 0.00000000000 0.00000000000 0.00000000000 0.00000000000 0.00000000000 0.00000000000 0.00000000000 0.00000000000 0.00000000000 0.00000000000 0.00000000000 0.00000000000 0.00000000000 0.00000000000 0.00000000000 0.00000000000 0.00000000000 0.00000000000 0.00000000000 0.00000000000 0.00000000000 0.00000000000 0.00000000000 0.00000000000 0.00000000000 0.00000000000 0.00000000000 0.00000000000 0.00000000000 0.00000000000 0.00000000000 0.00000000000 0.00000000000 0.00000000000 0.00000000000 0.00000000000 0.00000000000 0.00000000000 0.00000000000 0.00000000000 0.00000000000 0.00000000000 0.00000000000 0.00000000000 0.00000000000 0.00000000000 0.00000000000 0.00000000000 0.00000000000 0.00000000000 0.00000000000 0.00000000000 0.00000000000 0.00000000000 0.00000000000 0.00000000000 0.00000000000 0.00000000000 0.00000000000 0.00000000000 0.00000000000 0.00000000000 0.00000000000 0.00000000000 0.00000000000
# Linf_dev:
 0.00000000000 0.00000000000 0.00000000000 0.00000000000 0.00000000000 0.00000000000 0.00000000000 0.00000000000 0.00000000000 0.00000000000 0.00000000000 0.00000000000 0.00000000000 0.00000000000 0.00000000000 0.00000000000 0.00000000000 0.00000000000 0.00000000000 0.00000000000 0.00000000000 0.00000000000 0.00000000000 0.00000000000 0.00000000000 0.00000000000 0.00000000000 0.00000000000 0.00000000000 0.00000000000 0.00000000000 0.00000000000 0.00000000000 0.00000000000 0.00000000000 0.00000000000 0.00000000000 0.00000000000 0.00000000000 0.00000000000 0.00000000000 0.00000000000 0.00000000000 0.00000000000 0.00000000000 0.00000000000 0.00000000000 0.00000000000 0.00000000000 0.00000000000 0.00000000000 0.00000000000 0.00000000000 0.00000000000 0.00000000000 0.00000000000 0.00000000000 0.00000000000 0.00000000000 0.00000000000 0.00000000000 0.00000000000 0.00000000000 0.00000000000 0.00000000000 0.00000000000 0.00000000000 0.00000000000 0.00000000000
# SelPars50:
2.01416050532
# SelPars95:
3.58094118711
# SelPars_dev50:
 0.00000000000 0.00000000000 0.00000000000 0.00000000000 0.00000000000 0.00000000000 0.00000000000 0.00000000000 0.00000000000 0.00000000000 0.00000000000 0.00000000000 0.00000000000 0.00000000000 0.00000000000 0.00000000000 0.00000000000 0.00000000000 0.00000000000 0.00000000000 0.00000000000 0.00000000000 0.00000000000 0.00000000000 0.00000000000 0.00000000000 0.00000000000 0.00000000000 0.00000000000 0.00000000000 0.00000000000 0.00000000000 0.00000000000 0.00000000000 0.00000000000 0.00000000000 0.00000000000 0.00000000000 0.00000000000 0.00000000000 0.00000000000 0.00000000000 0.00000000000 0.00000000000 0.00000000000 0.00000000000 0.00000000000 0.00000000000 0.00000000000 0.00000000000 0.00000000000 0.00000000000 0.00000000000 0.00000000000 0.00000000000 0.00000000000 0.00000000000 0.00000000000 0.00000000000 0.00000000000 0.00000000000 0.00000000000 0.00000000000 0.00000000000 0.00000000000 0.00000000000 0.00000000000 0.00000000000 0.00000000000
# SelPars_dev95:
 0.00000000000 0.00000000000 0.00000000000 0.00000000000 0.00000000000 0.00000000000 0.00000000000 0.00000000000 0.00000000000 0.00000000000 0.00000000000 0.00000000000 0.00000000000 0.00000000000 0.00000000000 0.00000000000 0.00000000000 0.00000000000 0.00000000000 0.00000000000 0.00000000000 0.00000000000 0.00000000000 0.00000000000 0.00000000000 0.00000000000 0.00000000000 0.00000000000 0.00000000000 0.00000000000 0.00000000000 0.00000000000 0.00000000000 0.00000000000 0.00000000000 0.00000000000 0.00000000000 0.00000000000 0.00000000000 0.00000000000 0.00000000000 0.00000000000 0.00000000000 0.00000000000 0.00000000000 0.00000000000 0.00000000000 0.00000000000 0.00000000000 0.00000000000 0.00000000000 0.00000000000 0.00000000000 0.00000000000 0.00000000000 0.00000000000 0.00000000000 0.00000000000 0.00000000000 0.00000000000 0.00000000000 0.00000000000 0.00000000000 0.00000000000 0.00000000000 0.00000000000 0.00000000000 0.00000000000 0.00000000000
