# Number of parameters = 215 Objective function value = 72972.1  Maximum gradient component = 0.00142684
# srv_sel50:
1.47934267366
# srv_sel95:
2.44299531667
# stNatLen:
 11.3206025842 11.1643988467 10.9369322440 10.7097009003 10.4860358015 10.2533006792 10.0080932052 9.75701269344 9.50958630616 9.27353098981 9.05355243565 8.85186036625 8.66904481867 8.50477385488 8.35825669691 8.22853078145 8.11463348953 8.01566576629 7.93078999123 7.85927908805 7.80051482466 7.75403859109 7.71953904856 7.69672973223 7.68534597287
# log_avg_fmort_dir:
-1.55330128337
# fmort_dir_dev:
 -0.518948919334 -0.425020276476 -0.372076494433 -0.234436629028 -0.133001171027 -0.0916159171841 0.129100837890 0.132565371783 0.245843773910 0.247758165711 0.337242590599 0.317651639656 0.325839490561 0.382390348499 0.187081530942 0.241556671984 0.191127466506 0.0392877635517 0.0617176539609 0.108580164641 0.190030049805 0.107952854490 0.0408855562906 0.119836465058 -0.0110213537821 0.0257585790050 0.0282275458223 0.0355991962036 -0.0537487006467 0.0755419987866 0.110493584512 0.0895413847030 0.0646646486489 0.00432993796573 -0.0110530367634 -0.0527368872997 0.0159926993205 0.00175552276733 0.00966854445172 -0.0912265898349 0.0193263810552 0.00777258138816 -0.0514991333157 -0.142791827647 -0.0765763466978 -0.138401018953 0.322569509628 -0.521285522433 -0.104001232237 -0.882262322462 -0.0951247428381 -0.0703124749097 0.0993453562009 0.164385475511 0.0135869319002 -0.0710845353967 -0.0720401688381 0.0648487515291 0.0361349858635 -0.225717750452 -0.150008959114
# mean_log_rec:
11.1426006774
# rec_dev:
 0.248154761266 0.227344983374 0.240770963437 0.263361440646 0.264068410745 0.215705760967 0.176752601918 0.165938616157 0.174407242330 0.175616061995 0.123842781090 0.0400684938129 -0.0110011435640 -0.0173917247604 -0.0155486868323 0.00587295232353 0.0387430089114 0.0231960617247 -0.0720169985322 -0.167791731914 -0.195712865672 -0.174581078706 -0.122444239781 -0.0911891721260 -0.0975107775567 -0.164102830014 -0.212721253855 -0.237197892058 -0.277991702228 -0.325500557008 -0.234249174039 -0.0983044525708 -0.0484014944160 -0.0361303003454 -0.0248797497347 -0.0161931202263 -0.0198750099256 -0.0130792047413 0.0259880230878 0.0397988056655 0.0404279102483 0.0467093246236 0.103428672548 0.173133956808 0.130114519068 0.00369654090413 -0.117224072187 -0.203973725385 -0.177420432928 -0.0971579430909 -0.00906247617112 0.0450671575890 0.0413711146519 0.0287604596415 0.0219735238825 0.0328248131147 0.0486168357451 0.0603868996472 0.0428009915962 0.00485497307045 0.00485514777911
# log_avg_NatM:
-1.52622729296
# m_dev:
 -0.341603427507 -0.197650645850 -0.293986412747 -0.382898337363 -0.217565864591 0.000691965754694 -0.0696456959769 -0.246400478956 -0.446173164073 -0.328368172166 -0.0141504535330 0.108201387362 -0.0814321010958 -0.172977601445 -0.161647736677 -0.285901797328 -0.262499833716 0.0722661896419 0.331141777900 0.309801597022 0.0406680934403 -0.193934135645 -0.347565139676 -0.211433536806 -0.0553105035237 0.310789349631 0.125316527825 0.0406779881401 0.00276707314801 0.191763945223 -0.0508441727763 -0.223433191358 -0.0707937107633 0.0402151676004 0.0829074400142 0.0752526032481 0.191103433047 0.0998070555072 -0.0621699305911 0.112693627730 0.166777388021 0.185010659310 -0.195304784057 -0.135138872079 0.326546834240 0.589403466354 0.400370305327 0.451574092777 -0.0416933374294 -0.188501603564 -0.245327513592 -0.0777818009513 0.0840630061451 0.159317044623 0.122280939829 0.0141826655180 0.0278686899812 0.121556091658 0.173237488779 0.327593160178 0.316286900860
# log_avg_GrowthK:
-1.60943800000
# log_avg_Linf:
4.88280200000
# GrowthK_dev:
 0.00000000000 0.00000000000 0.00000000000 0.00000000000 0.00000000000 0.00000000000 0.00000000000 0.00000000000 0.00000000000 0.00000000000 0.00000000000 0.00000000000 0.00000000000 0.00000000000 0.00000000000 0.00000000000 0.00000000000 0.00000000000 0.00000000000 0.00000000000 0.00000000000 0.00000000000 0.00000000000 0.00000000000 0.00000000000 0.00000000000 0.00000000000 0.00000000000 0.00000000000 0.00000000000 0.00000000000 0.00000000000 0.00000000000 0.00000000000 0.00000000000 0.00000000000 0.00000000000 0.00000000000 0.00000000000 0.00000000000 0.00000000000 0.00000000000 0.00000000000 0.00000000000 0.00000000000 0.00000000000 0.00000000000 0.00000000000 0.00000000000 0.00000000000 0.00000000000 0.00000000000 0.00000000000 0.00000000000 0.00000000000 0.00000000000 0.00000000000 0.00000000000 0.00000000000 0.00000000000 0.00000000000
# Linf_dev:
 0.00000000000 0.00000000000 0.00000000000 0.00000000000 0.00000000000 0.00000000000 0.00000000000 0.00000000000 0.00000000000 0.00000000000 0.00000000000 0.00000000000 0.00000000000 0.00000000000 0.00000000000 0.00000000000 0.00000000000 0.00000000000 0.00000000000 0.00000000000 0.00000000000 0.00000000000 0.00000000000 0.00000000000 0.00000000000 0.00000000000 0.00000000000 0.00000000000 0.00000000000 0.00000000000 0.00000000000 0.00000000000 0.00000000000 0.00000000000 0.00000000000 0.00000000000 0.00000000000 0.00000000000 0.00000000000 0.00000000000 0.00000000000 0.00000000000 0.00000000000 0.00000000000 0.00000000000 0.00000000000 0.00000000000 0.00000000000 0.00000000000 0.00000000000 0.00000000000 0.00000000000 0.00000000000 0.00000000000 0.00000000000 0.00000000000 0.00000000000 0.00000000000 0.00000000000 0.00000000000 0.00000000000
# SelPars50:
2.02487178123
# SelPars95:
3.59873620356
# SelPars_dev50:
 0.00000000000 0.00000000000 0.00000000000 0.00000000000 0.00000000000 0.00000000000 0.00000000000 0.00000000000 0.00000000000 0.00000000000 0.00000000000 0.00000000000 0.00000000000 0.00000000000 0.00000000000 0.00000000000 0.00000000000 0.00000000000 0.00000000000 0.00000000000 0.00000000000 0.00000000000 0.00000000000 0.00000000000 0.00000000000 0.00000000000 0.00000000000 0.00000000000 0.00000000000 0.00000000000 0.00000000000 0.00000000000 0.00000000000 0.00000000000 0.00000000000 0.00000000000 0.00000000000 0.00000000000 0.00000000000 0.00000000000 0.00000000000 0.00000000000 0.00000000000 0.00000000000 0.00000000000 0.00000000000 0.00000000000 0.00000000000 0.00000000000 0.00000000000 0.00000000000 0.00000000000 0.00000000000 0.00000000000 0.00000000000 0.00000000000 0.00000000000 0.00000000000 0.00000000000 0.00000000000 0.00000000000
# SelPars_dev95:
 0.00000000000 0.00000000000 0.00000000000 0.00000000000 0.00000000000 0.00000000000 0.00000000000 0.00000000000 0.00000000000 0.00000000000 0.00000000000 0.00000000000 0.00000000000 0.00000000000 0.00000000000 0.00000000000 0.00000000000 0.00000000000 0.00000000000 0.00000000000 0.00000000000 0.00000000000 0.00000000000 0.00000000000 0.00000000000 0.00000000000 0.00000000000 0.00000000000 0.00000000000 0.00000000000 0.00000000000 0.00000000000 0.00000000000 0.00000000000 0.00000000000 0.00000000000 0.00000000000 0.00000000000 0.00000000000 0.00000000000 0.00000000000 0.00000000000 0.00000000000 0.00000000000 0.00000000000 0.00000000000 0.00000000000 0.00000000000 0.00000000000 0.00000000000 0.00000000000 0.00000000000 0.00000000000 0.00000000000 0.00000000000 0.00000000000 0.00000000000 0.00000000000 0.00000000000 0.00000000000 0.00000000000
