# Number of parameters = 188 Objective function value = 62189.6  Maximum gradient component = 0.000928074
# srv_sel50:
1.47231175213
# srv_sel95:
2.42038914478
# stNatLen:
 11.2571648934 11.1272242223 10.9266248438 10.7336909766 10.5468419483 10.3451525071 10.1211110254 9.88161172905 9.63857270242 9.40227945071 9.17942412482 8.97352798118 8.78596706661 8.61688965923 8.46577717714 8.33179314672 8.21403095905 8.11162553371 8.02377805453 7.94970305465 7.88876343377 7.84050109256 7.80461391211 7.78080799054 7.76902170833
# log_avg_fmort_dir:
-1.65297030758
# fmort_dir_dev:
 -1.69858742697 -1.73809210447 -1.32210959776 -1.00722798499 -0.805051302941 -0.634029478443 -0.285682265075 -0.106347783610 0.101133187490 0.256616747701 0.185666887185 0.273418624251 0.406839453011 0.507852590713 0.593453309969 0.595391970395 0.605156180561 0.581036527972 0.498722774030 0.430466551313 0.245681290769 0.186219974674 0.228756173414 0.195906164012 0.286221078998 0.168019298664 0.237933693190 0.285242374461 0.176008011572 0.0814759211036 0.00495621764468 -0.0861799256408 -0.121426567630 0.0694317218830 0.129776023720 0.122281005050 -0.0181698352931 0.0507963333324 0.115996937944 0.171016232345 0.172005632044 0.251795197299 0.0109841381489 0.0287912044649 0.0117973276516 0.102080186106 0.115836902998 -0.0407755054539 0.0640628235809 0.0987254466856 -0.732684027238 -0.0511883108416
# mean_log_rec:
11.1614619660
# rec_dev:
 0.266298174230 0.311385285618 0.400786624165 0.461422837609 0.443591269650 0.314647348648 0.163412688749 0.107863413287 0.108390494341 0.117673494024 0.104682472761 0.0748366217494 0.0226163156827 -0.0718132961470 -0.150473854512 -0.189616161001 -0.203049928408 -0.190057241314 -0.161041484350 -0.100189094761 -0.0523754587019 -0.0297509711474 -0.0128361881601 -0.0601191426512 -0.176869936965 -0.267357280951 -0.272937827776 -0.215186249636 -0.138337005698 -0.0605083705952 -0.0167352082454 -0.0358900955369 -0.113638568983 -0.187064890028 -0.112095668486 0.00222268423334 0.00726908542007 -0.0459342354514 -0.0937752880690 -0.135445249638 -0.123013290285 -0.0544397171835 0.0245005276623 0.0469502868989 0.00925595962708 -0.0115188827135 0.0130547398008 -0.0177228969740 -0.0164747642477 0.0646494694861 0.125379256938 0.125379198034
# log_avg_NatM:
-1.63339997149
# m_dev:
 -0.459115220209 -0.581565387241 -0.451944830414 -0.328649113278 0.0545962749721 0.524662074977 0.521463925491 -0.0755360166555 -0.313976251996 -0.261020633482 -0.134124247337 -0.174737464774 -0.0963814437530 0.142253595531 -0.0712416183615 -0.328340741766 -0.399218156991 -0.451152968219 -0.381494335689 -0.338722530969 -0.174922742638 -0.173683162863 -0.0550340584212 0.195347253429 0.545260545762 0.423480814490 -0.0687955069517 -0.312637681894 -0.351325084863 -0.224412240903 -0.0383875517867 0.261613962778 0.377717399300 0.432782278359 0.218876708655 0.113161619919 0.300424013001 0.390441337619 0.349982028174 0.400755594854 0.113198876895 -0.101650641152 -0.0857428050057 0.198967204647 0.466882579759 0.297661220060 0.0892856906241 0.491803517900 0.265189440361 -0.123356617395 -0.284847037361 -0.333791865184
# log_avg_GrowthK:
-1.58231000000
# log_avg_Linf:
4.86458800000
# GrowthK_dev:
 0.00000000000 0.00000000000 0.00000000000 0.00000000000 0.00000000000 0.00000000000 0.00000000000 0.00000000000 0.00000000000 0.00000000000 0.00000000000 0.00000000000 0.00000000000 0.00000000000 0.00000000000 0.00000000000 0.00000000000 0.00000000000 0.00000000000 0.00000000000 0.00000000000 0.00000000000 0.00000000000 0.00000000000 0.00000000000 0.00000000000 0.00000000000 0.00000000000 0.00000000000 0.00000000000 0.00000000000 0.00000000000 0.00000000000 0.00000000000 0.00000000000 0.00000000000 0.00000000000 0.00000000000 0.00000000000 0.00000000000 0.00000000000 0.00000000000 0.00000000000 0.00000000000 0.00000000000 0.00000000000 0.00000000000 0.00000000000 0.00000000000 0.00000000000 0.00000000000 0.00000000000
# Linf_dev:
 0.00000000000 0.00000000000 0.00000000000 0.00000000000 0.00000000000 0.00000000000 0.00000000000 0.00000000000 0.00000000000 0.00000000000 0.00000000000 0.00000000000 0.00000000000 0.00000000000 0.00000000000 0.00000000000 0.00000000000 0.00000000000 0.00000000000 0.00000000000 0.00000000000 0.00000000000 0.00000000000 0.00000000000 0.00000000000 0.00000000000 0.00000000000 0.00000000000 0.00000000000 0.00000000000 0.00000000000 0.00000000000 0.00000000000 0.00000000000 0.00000000000 0.00000000000 0.00000000000 0.00000000000 0.00000000000 0.00000000000 0.00000000000 0.00000000000 0.00000000000 0.00000000000 0.00000000000 0.00000000000 0.00000000000 0.00000000000 0.00000000000 0.00000000000 0.00000000000 0.00000000000
# SelPars50:
2.04830685622
# SelPars95:
3.66659230733
# SelPars_dev50:
 0.00000000000 0.00000000000 0.00000000000 0.00000000000 0.00000000000 0.00000000000 0.00000000000 0.00000000000 0.00000000000 0.00000000000 0.00000000000 0.00000000000 0.00000000000 0.00000000000 0.00000000000 0.00000000000 0.00000000000 0.00000000000 0.00000000000 0.00000000000 0.00000000000 0.00000000000 0.00000000000 0.00000000000 0.00000000000 0.00000000000 0.00000000000 0.00000000000 0.00000000000 0.00000000000 0.00000000000 0.00000000000 0.00000000000 0.00000000000 0.00000000000 0.00000000000 0.00000000000 0.00000000000 0.00000000000 0.00000000000 0.00000000000 0.00000000000 0.00000000000 0.00000000000 0.00000000000 0.00000000000 0.00000000000 0.00000000000 0.00000000000 0.00000000000 0.00000000000 0.00000000000
# SelPars_dev95:
 0.00000000000 0.00000000000 0.00000000000 0.00000000000 0.00000000000 0.00000000000 0.00000000000 0.00000000000 0.00000000000 0.00000000000 0.00000000000 0.00000000000 0.00000000000 0.00000000000 0.00000000000 0.00000000000 0.00000000000 0.00000000000 0.00000000000 0.00000000000 0.00000000000 0.00000000000 0.00000000000 0.00000000000 0.00000000000 0.00000000000 0.00000000000 0.00000000000 0.00000000000 0.00000000000 0.00000000000 0.00000000000 0.00000000000 0.00000000000 0.00000000000 0.00000000000 0.00000000000 0.00000000000 0.00000000000 0.00000000000 0.00000000000 0.00000000000 0.00000000000 0.00000000000 0.00000000000 0.00000000000 0.00000000000 0.00000000000 0.00000000000 0.00000000000 0.00000000000 0.00000000000
