# Number of parameters = 191 Objective function value = 63396.5  Maximum gradient component = 0.000913012
# srv_sel50:
1.45932465542
# srv_sel95:
2.40129505189
# stNatLen:
 11.4900525397 11.3554287258 11.1540818829 10.9614793861 10.7742687111 10.5716470124 10.3467270131 10.1068570242 9.86406902015 9.62854328140 9.40680117163 9.20222083080 9.01607796678 8.84842865945 8.69870503384 8.56603652497 8.44953149057 8.34825508588 8.26137640252 8.18818084081 8.12805581357 8.08045794045 8.04508921791 8.02168195879 8.01001988566
# log_avg_fmort_dir:
-1.58126526430
# fmort_dir_dev:
 -2.06452289562 -2.05393962176 -1.47540593884 -1.09046624176 -0.796218626643 -0.513348317434 -0.334686968223 -0.122673395886 0.0507844531783 0.0431405729178 0.290146974135 0.279294135936 0.371848631238 0.278902199207 0.363157580679 0.431185968943 0.509395004602 0.461010831322 0.402648506242 0.399548088727 0.391855664564 0.307327588501 0.363612576999 0.343027058543 0.349010367065 0.346232004599 0.393346568621 0.387748602656 0.369822928145 0.358324390084 0.269166277114 0.265699159758 0.350324471737 0.175331409903 0.102615557318 0.0260107363288 -0.00287390455508 -0.0974200217848 -0.155740592447 -0.0452882223980 -0.131430746527 -0.0418253852030 0.00745921671218 0.0906661190456 -0.0503973414102 0.000220632303311 -0.0881295889478 -0.0671847695487 -0.0753069400971 -0.0305549576189 0.274810410529 -0.209869447500 0.393609236560
# mean_log_rec:
11.0677590776
# rec_dev:
 0.524665422215 0.513473451002 0.524063191810 0.505671837384 0.416551279697 0.316975278662 0.245273951179 0.189855674199 0.150592925108 0.136912440531 0.130908751129 0.127346833466 0.137616983593 0.129097983186 0.0873793352553 0.0157652310248 -0.0723563402995 -0.128011113005 -0.159898130710 -0.180775242985 -0.177327488621 -0.197691871513 -0.219869510679 -0.261777825053 -0.324101983617 -0.410965425625 -0.443232070714 -0.431172775082 -0.411326591024 -0.400715701945 -0.392231889437 -0.390166121466 -0.376224646574 -0.291576143927 -0.0902975464462 0.0790663242336 0.137898421974 0.136425897700 0.0904972824769 0.0840302018470 0.0747890401563 0.0617058670627 -0.00108174907012 -0.00547408351885 0.0522036649642 0.0997568742908 0.131824682170 0.134621254638 0.139602202606 0.108588717676 0.0226454855296 -0.0697660929955 -0.0697661424560
# log_avg_NatM:
-1.62500121072
# m_dev:
 -0.112300343686 -0.0132918853080 -0.0391180280813 0.0200816202438 0.410743669261 0.295751538269 0.154802174629 0.0614653409958 -0.0676094822284 -0.348634055111 -0.261870383387 -0.338543616474 -0.296066800032 -0.227111751891 -0.155766672817 -0.0125758715621 0.0782229475037 -0.0664035397405 -0.117504620666 -0.176712685209 -0.225086657104 -0.110521630446 -0.163818091676 -0.0374680646861 0.116485743111 0.211467835968 -0.286669863572 -0.482195750369 -0.458921454217 -0.330806740035 -0.263735794303 -0.196092377324 -0.317634329412 -0.614666033298 -0.503577407619 -0.183528799886 0.0622181390384 0.278291653057 0.474414748974 0.302163901763 0.274955718688 0.230637178610 0.547995368478 0.162623793234 -0.00840731779415 0.0962617040958 0.120823765329 0.301897708814 0.156096884652 0.417809077425 0.389605486328 0.680235828705 0.571588220763
# log_avg_GrowthK:
-1.60943800000
# log_avg_Linf:
4.88280200000
# GrowthK_dev:
 0.00000000000 0.00000000000 0.00000000000 0.00000000000 0.00000000000 0.00000000000 0.00000000000 0.00000000000 0.00000000000 0.00000000000 0.00000000000 0.00000000000 0.00000000000 0.00000000000 0.00000000000 0.00000000000 0.00000000000 0.00000000000 0.00000000000 0.00000000000 0.00000000000 0.00000000000 0.00000000000 0.00000000000 0.00000000000 0.00000000000 0.00000000000 0.00000000000 0.00000000000 0.00000000000 0.00000000000 0.00000000000 0.00000000000 0.00000000000 0.00000000000 0.00000000000 0.00000000000 0.00000000000 0.00000000000 0.00000000000 0.00000000000 0.00000000000 0.00000000000 0.00000000000 0.00000000000 0.00000000000 0.00000000000 0.00000000000 0.00000000000 0.00000000000 0.00000000000 0.00000000000 0.00000000000
# Linf_dev:
 0.00000000000 0.00000000000 0.00000000000 0.00000000000 0.00000000000 0.00000000000 0.00000000000 0.00000000000 0.00000000000 0.00000000000 0.00000000000 0.00000000000 0.00000000000 0.00000000000 0.00000000000 0.00000000000 0.00000000000 0.00000000000 0.00000000000 0.00000000000 0.00000000000 0.00000000000 0.00000000000 0.00000000000 0.00000000000 0.00000000000 0.00000000000 0.00000000000 0.00000000000 0.00000000000 0.00000000000 0.00000000000 0.00000000000 0.00000000000 0.00000000000 0.00000000000 0.00000000000 0.00000000000 0.00000000000 0.00000000000 0.00000000000 0.00000000000 0.00000000000 0.00000000000 0.00000000000 0.00000000000 0.00000000000 0.00000000000 0.00000000000 0.00000000000 0.00000000000 0.00000000000 0.00000000000
# SelPars50:
2.02060527320
# SelPars95:
3.60185668030
# SelPars_dev50:
 0.00000000000 0.00000000000 0.00000000000 0.00000000000 0.00000000000 0.00000000000 0.00000000000 0.00000000000 0.00000000000 0.00000000000 0.00000000000 0.00000000000 0.00000000000 0.00000000000 0.00000000000 0.00000000000 0.00000000000 0.00000000000 0.00000000000 0.00000000000 0.00000000000 0.00000000000 0.00000000000 0.00000000000 0.00000000000 0.00000000000 0.00000000000 0.00000000000 0.00000000000 0.00000000000 0.00000000000 0.00000000000 0.00000000000 0.00000000000 0.00000000000 0.00000000000 0.00000000000 0.00000000000 0.00000000000 0.00000000000 0.00000000000 0.00000000000 0.00000000000 0.00000000000 0.00000000000 0.00000000000 0.00000000000 0.00000000000 0.00000000000 0.00000000000 0.00000000000 0.00000000000 0.00000000000
# SelPars_dev95:
 0.00000000000 0.00000000000 0.00000000000 0.00000000000 0.00000000000 0.00000000000 0.00000000000 0.00000000000 0.00000000000 0.00000000000 0.00000000000 0.00000000000 0.00000000000 0.00000000000 0.00000000000 0.00000000000 0.00000000000 0.00000000000 0.00000000000 0.00000000000 0.00000000000 0.00000000000 0.00000000000 0.00000000000 0.00000000000 0.00000000000 0.00000000000 0.00000000000 0.00000000000 0.00000000000 0.00000000000 0.00000000000 0.00000000000 0.00000000000 0.00000000000 0.00000000000 0.00000000000 0.00000000000 0.00000000000 0.00000000000 0.00000000000 0.00000000000 0.00000000000 0.00000000000 0.00000000000 0.00000000000 0.00000000000 0.00000000000 0.00000000000 0.00000000000 0.00000000000 0.00000000000 0.00000000000
