# Number of parameters = 147 Objective function value = 69576.6  Maximum gradient component = 5.35943e-005
# srv_sel50:
1.53680456437
# srv_sel95:
2.61096376937
# stNatLen:
 11.4542951564 11.2743051979 11.0209203920 10.7846522465 10.5656632025 10.3435420344 10.1073788915 9.85934553634 9.60813294134 9.36276756453 9.12988359542 8.91341405124 8.71522410596 8.53583382472 8.37499351263 8.23206194355 8.10621548631 7.99660904117 7.90244161094 7.82301380170 7.75768068887 7.70585453082 7.66708382144 7.64125390674 7.62837029230
# log_avg_fmort_dir:
-1.55537201332
# fmort_dir_dev:
 -0.665205196598 -0.555869978120 -0.445307939040 -0.267260698718 -0.125422223483 -0.0740124201274 0.107794969059 0.254968407291 0.316158798104 0.318601605908 0.321799380131 0.360965120528 0.361896371774 0.394631575387 0.348450258060 0.365857769065 0.303451346197 0.252386874504 0.298343876406 0.225231853649 0.278603351457 0.177744069424 0.100978785240 0.175978883841 0.155156506094 0.163405429198 0.112330536218 0.0618175457008 0.0631665567543 0.0366377666494 0.0671798124414 -0.0266001400491 0.0608359323734 -0.0461213931240 0.00582901023797 -0.0232540003261 0.0497907196334 -0.0193179517135 0.0422960039911 -0.0469298136261 -0.121348866404 -0.0491505742428 0.0172664200143 0.0174308323761 9.94205113228e-006 -0.0195621293616 -0.435980005347 -0.289217535309 -0.439518488616 -0.368926004207 -0.250227883311 -0.369455112053 -0.248075207200 -0.251890374801 -0.140582060634 -0.109717427359 -0.250053626127 -0.177989259861
# mean_log_rec:
11.1176738136
# rec_dev:
 0.362984521849 0.330560509690 0.331149803562 0.331481914573 0.321692073239 0.295807649832 0.256483318514 0.214376993723 0.187882628228 0.145587211399 0.0963133908100 0.0536613425309 0.00359207243231 -0.0232397748476 -0.0562323846907 -0.0923690971110 -0.109484034345 -0.118095750633 -0.134301748079 -0.171286795933 -0.173405782570 -0.164370226688 -0.165735787975 -0.159278492259 -0.165054433741 -0.157099283242 -0.138397020275 -0.130596786606 -0.132088118499 -0.149820589989 -0.156104134178 -0.146740985962 -0.122024065802 -0.107008941766 -0.113636045821 -0.112634008414 -0.113622291773 -0.106120361768 -0.0787836589228 -0.0589133780972 -0.0660139108059 -0.0799629672035 -0.0802006508234 -0.0806000228220 -0.0724186048000 -0.0560589459588 -0.0428621881184 -0.00830055073988 0.0232013734531 0.0409424950524 0.0579775985032 0.0786418286030 0.0885734893815 0.0982508948774 0.107830954884 0.135078660082 0.140395545299 0.140395550740
# log_avg_NatM:
-1.60943800000
# m_dev:
 0.00000000000 0.00000000000 0.00000000000 0.00000000000 0.00000000000 0.00000000000 0.00000000000 0.00000000000 0.00000000000 0.00000000000 0.00000000000 0.00000000000 0.00000000000 0.00000000000 0.00000000000 0.00000000000 0.00000000000 0.00000000000 0.00000000000 0.00000000000 0.00000000000 0.00000000000 0.00000000000 0.00000000000 0.00000000000 0.00000000000 0.00000000000 0.00000000000 0.00000000000 0.00000000000 0.00000000000 0.00000000000 0.00000000000 0.00000000000 0.00000000000 0.00000000000 0.00000000000 0.00000000000 0.00000000000 0.00000000000 0.00000000000 0.00000000000 0.00000000000 0.00000000000 0.00000000000 0.00000000000 0.00000000000 0.00000000000 0.00000000000 0.00000000000 0.00000000000 0.00000000000 0.00000000000 0.00000000000 0.00000000000 0.00000000000 0.00000000000 0.00000000000
# log_avg_GrowthK:
-1.60943800000
# log_avg_Linf:
4.88280200000
# GrowthK_dev:
 0.00000000000 0.00000000000 0.00000000000 0.00000000000 0.00000000000 0.00000000000 0.00000000000 0.00000000000 0.00000000000 0.00000000000 0.00000000000 0.00000000000 0.00000000000 0.00000000000 0.00000000000 0.00000000000 0.00000000000 0.00000000000 0.00000000000 0.00000000000 0.00000000000 0.00000000000 0.00000000000 0.00000000000 0.00000000000 0.00000000000 0.00000000000 0.00000000000 0.00000000000 0.00000000000 0.00000000000 0.00000000000 0.00000000000 0.00000000000 0.00000000000 0.00000000000 0.00000000000 0.00000000000 0.00000000000 0.00000000000 0.00000000000 0.00000000000 0.00000000000 0.00000000000 0.00000000000 0.00000000000 0.00000000000 0.00000000000 0.00000000000 0.00000000000 0.00000000000 0.00000000000 0.00000000000 0.00000000000 0.00000000000 0.00000000000 0.00000000000 0.00000000000
# Linf_dev:
 0.00000000000 0.00000000000 0.00000000000 0.00000000000 0.00000000000 0.00000000000 0.00000000000 0.00000000000 0.00000000000 0.00000000000 0.00000000000 0.00000000000 0.00000000000 0.00000000000 0.00000000000 0.00000000000 0.00000000000 0.00000000000 0.00000000000 0.00000000000 0.00000000000 0.00000000000 0.00000000000 0.00000000000 0.00000000000 0.00000000000 0.00000000000 0.00000000000 0.00000000000 0.00000000000 0.00000000000 0.00000000000 0.00000000000 0.00000000000 0.00000000000 0.00000000000 0.00000000000 0.00000000000 0.00000000000 0.00000000000 0.00000000000 0.00000000000 0.00000000000 0.00000000000 0.00000000000 0.00000000000 0.00000000000 0.00000000000 0.00000000000 0.00000000000 0.00000000000 0.00000000000 0.00000000000 0.00000000000 0.00000000000 0.00000000000 0.00000000000 0.00000000000
# SelPars50:
2.08155318347
# SelPars95:
3.72671189896
# SelPars_dev50:
 0.00000000000 0.00000000000 0.00000000000 0.00000000000 0.00000000000 0.00000000000 0.00000000000 0.00000000000 0.00000000000 0.00000000000 0.00000000000 0.00000000000 0.00000000000 0.00000000000 0.00000000000 0.00000000000 0.00000000000 0.00000000000 0.00000000000 0.00000000000 0.00000000000 0.00000000000 0.00000000000 0.00000000000 0.00000000000 0.00000000000 0.00000000000 0.00000000000 0.00000000000 0.00000000000 0.00000000000 0.00000000000 0.00000000000 0.00000000000 0.00000000000 0.00000000000 0.00000000000 0.00000000000 0.00000000000 0.00000000000 0.00000000000 0.00000000000 0.00000000000 0.00000000000 0.00000000000 0.00000000000 0.00000000000 0.00000000000 0.00000000000 0.00000000000 0.00000000000 0.00000000000 0.00000000000 0.00000000000 0.00000000000 0.00000000000 0.00000000000 0.00000000000
# SelPars_dev95:
 0.00000000000 0.00000000000 0.00000000000 0.00000000000 0.00000000000 0.00000000000 0.00000000000 0.00000000000 0.00000000000 0.00000000000 0.00000000000 0.00000000000 0.00000000000 0.00000000000 0.00000000000 0.00000000000 0.00000000000 0.00000000000 0.00000000000 0.00000000000 0.00000000000 0.00000000000 0.00000000000 0.00000000000 0.00000000000 0.00000000000 0.00000000000 0.00000000000 0.00000000000 0.00000000000 0.00000000000 0.00000000000 0.00000000000 0.00000000000 0.00000000000 0.00000000000 0.00000000000 0.00000000000 0.00000000000 0.00000000000 0.00000000000 0.00000000000 0.00000000000 0.00000000000 0.00000000000 0.00000000000 0.00000000000 0.00000000000 0.00000000000 0.00000000000 0.00000000000 0.00000000000 0.00000000000 0.00000000000 0.00000000000 0.00000000000 0.00000000000 0.00000000000
