# Number of parameters = 149 Objective function value = 70895.8  Maximum gradient component = 0.000246774
# srv_sel50:
1.53140174325
# srv_sel95:
2.59231586480
# stNatLen:
 11.4142609149 11.2632057937 11.0521550592 10.8586902760 10.6701910377 10.4621169912 10.2307016943 9.98745422507 9.74626016504 9.51701848402 9.30503919495 9.11237879849 8.93921343114 8.78480238168 8.64803957157 8.52772750428 8.42273315758 8.33200341361 8.25464210296 8.18990498554 8.13711263066 8.09576287383 8.06540805398 8.04551106443 8.03570699485
# log_avg_fmort_dir:
-1.65945147838
# fmort_dir_dev:
 -1.70552492365 -1.77304832879 -1.28812388515 -1.01255115893 -0.681719761815 -0.449534536228 -0.345765884895 -0.231514122240 -0.0135454539559 0.0903229094476 0.0837612449701 0.320857003356 0.373465177005 0.495104688468 0.558325821188 0.505254723981 0.523525625818 0.483991584787 0.521108463407 0.522083831093 0.355316577338 0.342272627591 0.366832873895 0.399483809046 0.366043031488 0.235994308191 0.300188046904 0.279318608522 0.286803477963 0.231885625643 0.185845100626 0.162344800975 0.231840922269 0.0731175344779 0.151017626940 0.0622201051842 0.0231196935153 0.0962439046728 0.169043246878 0.163535092326 0.0697003609711 0.0971560393699 0.0568039428348 -0.00532031756144 0.146483889410 0.0833546150549 0.0769430122686 0.0341101376128 0.0718769125855 0.0504075787359 -0.379978821272 -0.471345907053 -0.286847022607 -0.158986913147 -0.122560975856 -0.0494569181007 -0.205372409240 -0.208338954935 -0.257568281384
# mean_log_rec:
11.1383252768
# rec_dev:
 0.351532885763 0.337775580451 0.348475069715 0.352273135978 0.352985034678 0.354013588086 0.353160312234 0.345628617952 0.327086498404 0.311330238622 0.278167585318 0.232305588950 0.185842497072 0.132020465419 0.0903873425303 0.0726560963337 0.0396357724547 0.00449764931728 -0.0323971859956 -0.0464513793164 -0.0646091611695 -0.114358235342 -0.152235070344 -0.169078526771 -0.174546397676 -0.177008327615 -0.188269435992 -0.204593609787 -0.217813752390 -0.211827942780 -0.208972939504 -0.211824198708 -0.201647218173 -0.177613512958 -0.167516420648 -0.152182776212 -0.141220334796 -0.146177662934 -0.165194391473 -0.165928705832 -0.154712461638 -0.143907574666 -0.141025876006 -0.135735061962 -0.128960464400 -0.115890827243 -0.104046967576 -0.0910709669551 -0.0749576943539 -0.0707602878120 -0.0687009979392 -0.0467916753002 -0.0111839066436 0.0324213000398 0.0495364890039 0.0561049934840 0.0641871068689 0.0535940185229 0.0535940817140
# log_avg_NatM:
-1.56900100000
# m_dev:
 0.00000000000 0.00000000000 0.00000000000 0.00000000000 0.00000000000 0.00000000000 0.00000000000 0.00000000000 0.00000000000 0.00000000000 0.00000000000 0.00000000000 0.00000000000 0.00000000000 0.00000000000 0.00000000000 0.00000000000 0.00000000000 0.00000000000 0.00000000000 0.00000000000 0.00000000000 0.00000000000 0.00000000000 0.00000000000 0.00000000000 0.00000000000 0.00000000000 0.00000000000 0.00000000000 0.00000000000 0.00000000000 0.00000000000 0.00000000000 0.00000000000 0.00000000000 0.00000000000 0.00000000000 0.00000000000 0.00000000000 0.00000000000 0.00000000000 0.00000000000 0.00000000000 0.00000000000 0.00000000000 0.00000000000 0.00000000000 0.00000000000 0.00000000000 0.00000000000 0.00000000000 0.00000000000 0.00000000000 0.00000000000 0.00000000000 0.00000000000 0.00000000000 0.00000000000
# log_avg_GrowthK:
-1.62267300000
# log_avg_Linf:
5.01440000000
# GrowthK_dev:
 0.00000000000 0.00000000000 0.00000000000 0.00000000000 0.00000000000 0.00000000000 0.00000000000 0.00000000000 0.00000000000 0.00000000000 0.00000000000 0.00000000000 0.00000000000 0.00000000000 0.00000000000 0.00000000000 0.00000000000 0.00000000000 0.00000000000 0.00000000000 0.00000000000 0.00000000000 0.00000000000 0.00000000000 0.00000000000 0.00000000000 0.00000000000 0.00000000000 0.00000000000 0.00000000000 0.00000000000 0.00000000000 0.00000000000 0.00000000000 0.00000000000 0.00000000000 0.00000000000 0.00000000000 0.00000000000 0.00000000000 0.00000000000 0.00000000000 0.00000000000 0.00000000000 0.00000000000 0.00000000000 0.00000000000 0.00000000000 0.00000000000 0.00000000000 0.00000000000 0.00000000000 0.00000000000 0.00000000000 0.00000000000 0.00000000000 0.00000000000 0.00000000000 0.00000000000
# Linf_dev:
 0.00000000000 0.00000000000 0.00000000000 0.00000000000 0.00000000000 0.00000000000 0.00000000000 0.00000000000 0.00000000000 0.00000000000 0.00000000000 0.00000000000 0.00000000000 0.00000000000 0.00000000000 0.00000000000 0.00000000000 0.00000000000 0.00000000000 0.00000000000 0.00000000000 0.00000000000 0.00000000000 0.00000000000 0.00000000000 0.00000000000 0.00000000000 0.00000000000 0.00000000000 0.00000000000 0.00000000000 0.00000000000 0.00000000000 0.00000000000 0.00000000000 0.00000000000 0.00000000000 0.00000000000 0.00000000000 0.00000000000 0.00000000000 0.00000000000 0.00000000000 0.00000000000 0.00000000000 0.00000000000 0.00000000000 0.00000000000 0.00000000000 0.00000000000 0.00000000000 0.00000000000 0.00000000000 0.00000000000 0.00000000000 0.00000000000 0.00000000000 0.00000000000 0.00000000000
# SelPars50:
2.10573848880
# SelPars95:
3.79863669744
# SelPars_dev50:
 0.00000000000 0.00000000000 0.00000000000 0.00000000000 0.00000000000 0.00000000000 0.00000000000 0.00000000000 0.00000000000 0.00000000000 0.00000000000 0.00000000000 0.00000000000 0.00000000000 0.00000000000 0.00000000000 0.00000000000 0.00000000000 0.00000000000 0.00000000000 0.00000000000 0.00000000000 0.00000000000 0.00000000000 0.00000000000 0.00000000000 0.00000000000 0.00000000000 0.00000000000 0.00000000000 0.00000000000 0.00000000000 0.00000000000 0.00000000000 0.00000000000 0.00000000000 0.00000000000 0.00000000000 0.00000000000 0.00000000000 0.00000000000 0.00000000000 0.00000000000 0.00000000000 0.00000000000 0.00000000000 0.00000000000 0.00000000000 0.00000000000 0.00000000000 0.00000000000 0.00000000000 0.00000000000 0.00000000000 0.00000000000 0.00000000000 0.00000000000 0.00000000000 0.00000000000
# SelPars_dev95:
 0.00000000000 0.00000000000 0.00000000000 0.00000000000 0.00000000000 0.00000000000 0.00000000000 0.00000000000 0.00000000000 0.00000000000 0.00000000000 0.00000000000 0.00000000000 0.00000000000 0.00000000000 0.00000000000 0.00000000000 0.00000000000 0.00000000000 0.00000000000 0.00000000000 0.00000000000 0.00000000000 0.00000000000 0.00000000000 0.00000000000 0.00000000000 0.00000000000 0.00000000000 0.00000000000 0.00000000000 0.00000000000 0.00000000000 0.00000000000 0.00000000000 0.00000000000 0.00000000000 0.00000000000 0.00000000000 0.00000000000 0.00000000000 0.00000000000 0.00000000000 0.00000000000 0.00000000000 0.00000000000 0.00000000000 0.00000000000 0.00000000000 0.00000000000 0.00000000000 0.00000000000 0.00000000000 0.00000000000 0.00000000000 0.00000000000 0.00000000000 0.00000000000 0.00000000000
