# Number of parameters = 224 Objective function value = 76662.1239027912  Maximum gradient component = 0.000921140968806645
# srv_sel50:
1.47760590615
# srv_sel95:
2.43580994118
# stNatLen:
 11.4113952345 11.2690190218 11.0663519054 10.8758972030 10.6905714801 10.4887080691 10.2638115989 10.0237415059 9.78081551766 9.54531122606 9.32372257299 9.11937369366 8.93351435811 8.76615570178 8.61671263731 8.48432490513 8.36805989723 8.26702090790 8.18035761939 8.10734865531 8.04739343611 8.00000600498 7.96473933376 7.94139555974 7.92977929365
# log_avg_fmort_dir:
-1.61838664754
# fmort_dir_dev:
 -1.88603498764 -1.88302922367 -1.34003001789 -0.846967049664 -0.647645803345 -0.477248297233 -0.193394651413 -0.184654674089 0.0159142313260 0.0771632850934 0.118976186000 0.218041940507 0.310291116573 0.347054058599 0.506528125266 0.520965249897 0.579241186196 0.437150466156 0.405326675444 0.377079936813 0.224640561121 0.283976544924 0.275902307459 0.319976420704 0.335916533503 0.181423939983 0.274277206269 0.236664367086 0.257460333835 0.187140738219 0.161713198599 0.0971953479463 -0.00543852710218 0.159821079016 0.00606367213698 -0.00961859357822 0.0296878924636 0.171215178240 0.0373515157126 -0.0436628400718 0.00783897790343 -0.192413978517 -0.202077285409 -0.189775726231 -0.00226209423802 -0.0295963715472 -0.0167244286622 -0.0256094335955 -0.0965967069411 -0.00656646582862 0.268132999245 -0.0402761343556 -0.147572968477 -0.0443775031439 0.357990228962 0.412301208865 0.0959422652089 0.134606427162 -0.267802872730 -0.0243582506536 -0.0144231490193 0.0416179716894 0.209537594696 0.136031066217
# mean_log_rec:
11.1607154185
# rec_dev:
 0.327787513056 0.303679600109 0.290643822941 0.237808792227 0.185655574886 0.152104879107 0.135225522331 0.125649148885 0.140405633378 0.169527987931 0.185414397368 0.176117910648 0.115432586310 0.0372816002532 -0.0623042235588 -0.151298296573 -0.155137576119 -0.130674784551 -0.102978305862 -0.0947295022225 -0.126470902621 -0.176267297392 -0.228090660029 -0.243584636795 -0.288238992580 -0.292955187910 -0.282228741271 -0.274879614644 -0.259769046930 -0.251009228168 -0.244900228088 -0.239289302282 -0.249156139932 -0.222993213916 -0.0989615984113 -0.0279973099930 -0.0783311118243 -0.0995951487831 -0.0344432889609 0.0787176855336 0.193683299170 0.270128330693 0.224268014954 0.0791172507645 0.0381778953711 0.0336617104832 0.0408373739999 0.0484625881889 0.0430833889637 0.00703693520395 0.00296224452188 0.0429514245060 0.107524734097 0.149481013559 0.131667883737 0.0679451408646 0.000764765123071 -0.0278710692480 -0.0181586347023 0.0252397570135 0.0685040303268 0.0863695443919 0.0694970519736 0.0694970104934
# log_avg_NatM:
-1.54031142684
# m_dev:
 -0.121167875059 -0.0724631624914 -0.0772392170045 0.179507434954 0.0363997584994 -0.0530895960340 -0.126701749040 -0.193413095588 -0.409281846193 -0.449602244980 -0.387690067873 -0.248523862802 -0.00308923446127 -0.0681751896110 0.116320597024 -0.0793916040093 -0.523296451323 -0.594804729378 -0.431464950924 -0.186441975664 0.00121219037481 0.0774696645658 0.0346752857255 -0.114627701549 0.124070672336 -0.215641989742 -0.188479760018 -0.218083593268 -0.233281234729 -0.156434468782 -0.0721693549441 -0.0278777263686 -0.0970462473234 -0.0932969895809 0.0177705195641 0.149485117506 0.379383280162 0.193241701129 -0.125697274013 -0.390315230145 -0.251134955006 -0.0667879423274 0.445339422422 0.706778295159 0.251848886902 0.265234922524 0.122739904458 0.188055141612 0.203835971785 0.340480065313 0.173416486325 0.00997636453303 -0.0684283777413 0.117983892497 0.225842995446 0.285160844865 0.392059263167 0.263501237599 0.204756913270 0.0515461883274 0.0212387628698 0.209660917694 0.272547719986 0.283599279379
# log_avg_GrowthK:
-1.60943800000
# log_avg_Linf:
4.88280200000
# GrowthK_dev:
 0.00000000000 0.00000000000 0.00000000000 0.00000000000 0.00000000000 0.00000000000 0.00000000000 0.00000000000 0.00000000000 0.00000000000 0.00000000000 0.00000000000 0.00000000000 0.00000000000 0.00000000000 0.00000000000 0.00000000000 0.00000000000 0.00000000000 0.00000000000 0.00000000000 0.00000000000 0.00000000000 0.00000000000 0.00000000000 0.00000000000 0.00000000000 0.00000000000 0.00000000000 0.00000000000 0.00000000000 0.00000000000 0.00000000000 0.00000000000 0.00000000000 0.00000000000 0.00000000000 0.00000000000 0.00000000000 0.00000000000 0.00000000000 0.00000000000 0.00000000000 0.00000000000 0.00000000000 0.00000000000 0.00000000000 0.00000000000 0.00000000000 0.00000000000 0.00000000000 0.00000000000 0.00000000000 0.00000000000 0.00000000000 0.00000000000 0.00000000000 0.00000000000 0.00000000000 0.00000000000 0.00000000000 0.00000000000 0.00000000000 0.00000000000
# Linf_dev:
 0.00000000000 0.00000000000 0.00000000000 0.00000000000 0.00000000000 0.00000000000 0.00000000000 0.00000000000 0.00000000000 0.00000000000 0.00000000000 0.00000000000 0.00000000000 0.00000000000 0.00000000000 0.00000000000 0.00000000000 0.00000000000 0.00000000000 0.00000000000 0.00000000000 0.00000000000 0.00000000000 0.00000000000 0.00000000000 0.00000000000 0.00000000000 0.00000000000 0.00000000000 0.00000000000 0.00000000000 0.00000000000 0.00000000000 0.00000000000 0.00000000000 0.00000000000 0.00000000000 0.00000000000 0.00000000000 0.00000000000 0.00000000000 0.00000000000 0.00000000000 0.00000000000 0.00000000000 0.00000000000 0.00000000000 0.00000000000 0.00000000000 0.00000000000 0.00000000000 0.00000000000 0.00000000000 0.00000000000 0.00000000000 0.00000000000 0.00000000000 0.00000000000 0.00000000000 0.00000000000 0.00000000000 0.00000000000 0.00000000000 0.00000000000
# SelPars50:
2.02597975230
# SelPars95:
3.60060306884
# SelPars_dev50:
 0.00000000000 0.00000000000 0.00000000000 0.00000000000 0.00000000000 0.00000000000 0.00000000000 0.00000000000 0.00000000000 0.00000000000 0.00000000000 0.00000000000 0.00000000000 0.00000000000 0.00000000000 0.00000000000 0.00000000000 0.00000000000 0.00000000000 0.00000000000 0.00000000000 0.00000000000 0.00000000000 0.00000000000 0.00000000000 0.00000000000 0.00000000000 0.00000000000 0.00000000000 0.00000000000 0.00000000000 0.00000000000 0.00000000000 0.00000000000 0.00000000000 0.00000000000 0.00000000000 0.00000000000 0.00000000000 0.00000000000 0.00000000000 0.00000000000 0.00000000000 0.00000000000 0.00000000000 0.00000000000 0.00000000000 0.00000000000 0.00000000000 0.00000000000 0.00000000000 0.00000000000 0.00000000000 0.00000000000 0.00000000000 0.00000000000 0.00000000000 0.00000000000 0.00000000000 0.00000000000 0.00000000000 0.00000000000 0.00000000000 0.00000000000
# SelPars_dev95:
 0.00000000000 0.00000000000 0.00000000000 0.00000000000 0.00000000000 0.00000000000 0.00000000000 0.00000000000 0.00000000000 0.00000000000 0.00000000000 0.00000000000 0.00000000000 0.00000000000 0.00000000000 0.00000000000 0.00000000000 0.00000000000 0.00000000000 0.00000000000 0.00000000000 0.00000000000 0.00000000000 0.00000000000 0.00000000000 0.00000000000 0.00000000000 0.00000000000 0.00000000000 0.00000000000 0.00000000000 0.00000000000 0.00000000000 0.00000000000 0.00000000000 0.00000000000 0.00000000000 0.00000000000 0.00000000000 0.00000000000 0.00000000000 0.00000000000 0.00000000000 0.00000000000 0.00000000000 0.00000000000 0.00000000000 0.00000000000 0.00000000000 0.00000000000 0.00000000000 0.00000000000 0.00000000000 0.00000000000 0.00000000000 0.00000000000 0.00000000000 0.00000000000 0.00000000000 0.00000000000 0.00000000000 0.00000000000 0.00000000000 0.00000000000
