# Number of parameters = 188 Objective function value = 62048.1  Maximum gradient component = 0.00742231
# srv_sel50:
1.46606175892
# srv_sel95:
2.42126700457
# stNatLen:
 11.6237882591 11.4673040831 11.2512598980 11.0317765975 10.8101426724 10.5762791310 10.3290901268 10.0763711171 9.82802036228 9.59171754483 9.37199947041 9.17090174398 8.98887231694 8.82547864230 8.67986438533 8.55101879248 8.43794128177 8.33969320429 8.25543034154 8.18442863086 8.12609301461 8.07995411978 8.04567565663 8.02300724476 8.01180237561
# log_avg_fmort_dir:
-1.47815877581
# fmort_dir_dev:
 -0.312843198771 -0.567947635584 -0.488394334164 -0.245252280570 -0.129345381061 -0.0598865085171 0.0208266341170 0.177430637426 0.168593489532 0.319774876408 0.438900104202 0.345270642888 0.255509411034 0.411463296453 0.292122313271 0.218483188625 0.218519643688 0.224181185615 0.261193838791 0.0506674670090 0.244982552752 0.215185536378 0.253629642044 0.151901742135 0.0524228685943 0.177492441275 0.0281261983228 0.00794222795497 -0.139171674503 -0.192261334940 -0.0777396719592 -0.0235693358651 0.0447138839061 0.0184530992654 -0.0451386486574 -0.179125006042 -0.151079943195 -0.113645849236 -0.121082559622 -0.121725084373 -0.109465895519 -0.161130407683 -0.105877475823 -0.0667974201527 -0.0822482541221 -0.106187295718 0.0685602569274 -0.140703517500 -0.0798553552764 -0.121196591662 -0.178270452857 -0.546406065241
# mean_log_rec:
11.0668815764
# rec_dev:
 0.301819804958 0.239718183158 0.219860755321 0.221453256920 0.221415617688 0.207031482077 0.169670220901 0.139546613830 0.106015187796 0.0682901201419 0.0396058485080 0.00794784892407 -0.0345622822037 -0.0736610177700 -0.109610487659 -0.134545224016 -0.162511150417 -0.183987829425 -0.197528049850 -0.213206538049 -0.232374270394 -0.248373249383 -0.265740155244 -0.241103767360 -0.227820885501 -0.200362086884 -0.142980975634 -0.0785849039890 -0.0376136176162 -0.0673884664623 -0.0807397415606 -0.0622678200388 -0.0570182276704 -0.00650357892224 0.0686495470442 0.105401880017 0.0754985942004 0.0347171769063 0.0530027183567 0.0799686008208 0.0825517336907 0.0816863472194 0.109019142326 0.112698303446 0.0932595103440 0.0517268351169 0.0115067737860 -0.0128766255097 -0.00154297010925 0.0326252563566 0.0691082656218 0.0691082961924
# log_avg_NatM:
-1.61112616329
# m_dev:
 0.807081449102 0.188763095944 -0.118140386220 -0.267154400463 -0.228507690944 -0.142794857809 -0.0931577904165 -0.134611685077 -0.243647850462 -0.299083250137 -0.202554626871 -0.196226858654 -0.205652080802 -0.148529142508 -0.0206416272273 -0.0782976602545 -0.123686900942 -0.0642169373263 -0.0306342694283 -0.140591242556 -0.155819060862 -0.149349792767 -0.0920237456767 -0.289637165728 -0.132913969921 -0.272459938904 -0.340842829710 -0.343832712580 -0.266207743406 0.211504132715 0.560179215139 0.356145831005 0.130918286235 -0.147764386154 -0.123042965211 0.0434829919414 0.390798831475 0.420140638760 0.0660102274484 0.143672481914 0.250141536076 0.244434566841 0.0496310348576 0.145100209478 0.267739956726 0.349571515383 0.259259073554 0.234995120849 0.212006357653 0.0972846433582 -0.204127804864 -0.172709822573
# log_avg_GrowthK:
-1.60943800000
# log_avg_Linf:
4.88280200000
# GrowthK_dev:
 0.00000000000 0.00000000000 0.00000000000 0.00000000000 0.00000000000 0.00000000000 0.00000000000 0.00000000000 0.00000000000 0.00000000000 0.00000000000 0.00000000000 0.00000000000 0.00000000000 0.00000000000 0.00000000000 0.00000000000 0.00000000000 0.00000000000 0.00000000000 0.00000000000 0.00000000000 0.00000000000 0.00000000000 0.00000000000 0.00000000000 0.00000000000 0.00000000000 0.00000000000 0.00000000000 0.00000000000 0.00000000000 0.00000000000 0.00000000000 0.00000000000 0.00000000000 0.00000000000 0.00000000000 0.00000000000 0.00000000000 0.00000000000 0.00000000000 0.00000000000 0.00000000000 0.00000000000 0.00000000000 0.00000000000 0.00000000000 0.00000000000 0.00000000000 0.00000000000 0.00000000000
# Linf_dev:
 0.00000000000 0.00000000000 0.00000000000 0.00000000000 0.00000000000 0.00000000000 0.00000000000 0.00000000000 0.00000000000 0.00000000000 0.00000000000 0.00000000000 0.00000000000 0.00000000000 0.00000000000 0.00000000000 0.00000000000 0.00000000000 0.00000000000 0.00000000000 0.00000000000 0.00000000000 0.00000000000 0.00000000000 0.00000000000 0.00000000000 0.00000000000 0.00000000000 0.00000000000 0.00000000000 0.00000000000 0.00000000000 0.00000000000 0.00000000000 0.00000000000 0.00000000000 0.00000000000 0.00000000000 0.00000000000 0.00000000000 0.00000000000 0.00000000000 0.00000000000 0.00000000000 0.00000000000 0.00000000000 0.00000000000 0.00000000000 0.00000000000 0.00000000000 0.00000000000 0.00000000000
# SelPars50:
2.00868544957
# SelPars95:
3.56502616825
# SelPars_dev50:
 0.00000000000 0.00000000000 0.00000000000 0.00000000000 0.00000000000 0.00000000000 0.00000000000 0.00000000000 0.00000000000 0.00000000000 0.00000000000 0.00000000000 0.00000000000 0.00000000000 0.00000000000 0.00000000000 0.00000000000 0.00000000000 0.00000000000 0.00000000000 0.00000000000 0.00000000000 0.00000000000 0.00000000000 0.00000000000 0.00000000000 0.00000000000 0.00000000000 0.00000000000 0.00000000000 0.00000000000 0.00000000000 0.00000000000 0.00000000000 0.00000000000 0.00000000000 0.00000000000 0.00000000000 0.00000000000 0.00000000000 0.00000000000 0.00000000000 0.00000000000 0.00000000000 0.00000000000 0.00000000000 0.00000000000 0.00000000000 0.00000000000 0.00000000000 0.00000000000 0.00000000000
# SelPars_dev95:
 0.00000000000 0.00000000000 0.00000000000 0.00000000000 0.00000000000 0.00000000000 0.00000000000 0.00000000000 0.00000000000 0.00000000000 0.00000000000 0.00000000000 0.00000000000 0.00000000000 0.00000000000 0.00000000000 0.00000000000 0.00000000000 0.00000000000 0.00000000000 0.00000000000 0.00000000000 0.00000000000 0.00000000000 0.00000000000 0.00000000000 0.00000000000 0.00000000000 0.00000000000 0.00000000000 0.00000000000 0.00000000000 0.00000000000 0.00000000000 0.00000000000 0.00000000000 0.00000000000 0.00000000000 0.00000000000 0.00000000000 0.00000000000 0.00000000000 0.00000000000 0.00000000000 0.00000000000 0.00000000000 0.00000000000 0.00000000000 0.00000000000 0.00000000000 0.00000000000 0.00000000000
