# Number of parameters = 143 Objective function value = 67184.9  Maximum gradient component = 0.000370055
# srv_sel50:
1.50102902099
# srv_sel95:
2.50429636217
# stNatLen:
 11.4438816793 11.3000649874 11.0925353126 10.8986803036 10.7158767728 10.5214991762 10.3039946255 10.0668158190 9.82085880766 9.57721949347 9.34405628828 9.12628513532 8.92635252644 8.74510908548 8.58246165848 8.43785000861 8.31050445665 8.19956339041 8.10418319518 8.02362262906 7.95729152174 7.90466838809 7.86539586096 7.83930084912 7.82628116019
# log_avg_fmort_dir:
-1.67450578726
# fmort_dir_dev:
 -1.80538965326 -1.76976194713 -1.20901665998 -0.926410120834 -0.743382317217 -0.523348768150 -0.353287134692 -0.145394192425 -0.0728580683819 0.0983897487662 0.164602477751 0.271011125082 0.304465237193 0.519202829173 0.597634439459 0.504880244224 0.501933026615 0.450999862547 0.399719542836 0.492864669223 0.436878159069 0.358028814260 0.300511215579 0.353891658870 0.287267256991 0.339196626581 0.197580235204 0.260192889468 0.213750140221 0.160746809712 0.118332257016 0.166606023473 0.131559971019 0.0399065673116 0.0795392908674 0.0504108504620 0.0126559141244 0.139428954159 0.0594805238964 0.0990371692272 0.0492556415826 -0.0370411329730 0.0934726797700 0.100794873084 0.0921806581093 -0.00763953589694 0.0217838519008 0.0135802186538 -0.0352219511740 -0.00347814626899 -0.0632099034796 -0.119976478567 -0.146428273870 -0.0819128422100 -0.187559437225 -0.250455889753
# mean_log_rec:
11.1471968606
# rec_dev:
 0.369143231989 0.347465427871 0.350936150303 0.356345065330 0.356849020166 0.354102467500 0.350346151718 0.344242887284 0.326189961549 0.296327363329 0.269435304492 0.238157034840 0.184299938269 0.125196902967 0.0792088589172 0.0340391254390 -0.0223172009167 -0.0634233463226 -0.113800768919 -0.153103331846 -0.162858145515 -0.155536345487 -0.153277075304 -0.145693081787 -0.145028253104 -0.138780016699 -0.144342182561 -0.165456431885 -0.186740231096 -0.190980998449 -0.193303701526 -0.187598260384 -0.167285770620 -0.149910848480 -0.142258066641 -0.132448295427 -0.135157581799 -0.130491098996 -0.111235834515 -0.0979260912139 -0.0919499557362 -0.0919622356560 -0.101279659059 -0.108235808984 -0.107340326170 -0.0997121725764 -0.0914569024601 -0.0765006689560 -0.0619260801317 -0.0599334484694 -0.0560836676055 -0.0369630586416 -0.0133881495642 1.72751985608e-005 0.00169146315576 0.00169146318868
# log_avg_NatM:
-1.60716500000
# m_dev:
 0.00000000000 0.00000000000 0.00000000000 0.00000000000 0.00000000000 0.00000000000 0.00000000000 0.00000000000 0.00000000000 0.00000000000 0.00000000000 0.00000000000 0.00000000000 0.00000000000 0.00000000000 0.00000000000 0.00000000000 0.00000000000 0.00000000000 0.00000000000 0.00000000000 0.00000000000 0.00000000000 0.00000000000 0.00000000000 0.00000000000 0.00000000000 0.00000000000 0.00000000000 0.00000000000 0.00000000000 0.00000000000 0.00000000000 0.00000000000 0.00000000000 0.00000000000 0.00000000000 0.00000000000 0.00000000000 0.00000000000 0.00000000000 0.00000000000 0.00000000000 0.00000000000 0.00000000000 0.00000000000 0.00000000000 0.00000000000 0.00000000000 0.00000000000 0.00000000000 0.00000000000 0.00000000000 0.00000000000 0.00000000000 0.00000000000
# log_avg_GrowthK:
-1.58351900000
# log_avg_Linf:
4.94662600000
# GrowthK_dev:
 0.00000000000 0.00000000000 0.00000000000 0.00000000000 0.00000000000 0.00000000000 0.00000000000 0.00000000000 0.00000000000 0.00000000000 0.00000000000 0.00000000000 0.00000000000 0.00000000000 0.00000000000 0.00000000000 0.00000000000 0.00000000000 0.00000000000 0.00000000000 0.00000000000 0.00000000000 0.00000000000 0.00000000000 0.00000000000 0.00000000000 0.00000000000 0.00000000000 0.00000000000 0.00000000000 0.00000000000 0.00000000000 0.00000000000 0.00000000000 0.00000000000 0.00000000000 0.00000000000 0.00000000000 0.00000000000 0.00000000000 0.00000000000 0.00000000000 0.00000000000 0.00000000000 0.00000000000 0.00000000000 0.00000000000 0.00000000000 0.00000000000 0.00000000000 0.00000000000 0.00000000000 0.00000000000 0.00000000000 0.00000000000 0.00000000000
# Linf_dev:
 0.00000000000 0.00000000000 0.00000000000 0.00000000000 0.00000000000 0.00000000000 0.00000000000 0.00000000000 0.00000000000 0.00000000000 0.00000000000 0.00000000000 0.00000000000 0.00000000000 0.00000000000 0.00000000000 0.00000000000 0.00000000000 0.00000000000 0.00000000000 0.00000000000 0.00000000000 0.00000000000 0.00000000000 0.00000000000 0.00000000000 0.00000000000 0.00000000000 0.00000000000 0.00000000000 0.00000000000 0.00000000000 0.00000000000 0.00000000000 0.00000000000 0.00000000000 0.00000000000 0.00000000000 0.00000000000 0.00000000000 0.00000000000 0.00000000000 0.00000000000 0.00000000000 0.00000000000 0.00000000000 0.00000000000 0.00000000000 0.00000000000 0.00000000000 0.00000000000 0.00000000000 0.00000000000 0.00000000000 0.00000000000 0.00000000000
# SelPars50:
2.04376867028
# SelPars95:
3.63873047551
# SelPars_dev50:
 0.00000000000 0.00000000000 0.00000000000 0.00000000000 0.00000000000 0.00000000000 0.00000000000 0.00000000000 0.00000000000 0.00000000000 0.00000000000 0.00000000000 0.00000000000 0.00000000000 0.00000000000 0.00000000000 0.00000000000 0.00000000000 0.00000000000 0.00000000000 0.00000000000 0.00000000000 0.00000000000 0.00000000000 0.00000000000 0.00000000000 0.00000000000 0.00000000000 0.00000000000 0.00000000000 0.00000000000 0.00000000000 0.00000000000 0.00000000000 0.00000000000 0.00000000000 0.00000000000 0.00000000000 0.00000000000 0.00000000000 0.00000000000 0.00000000000 0.00000000000 0.00000000000 0.00000000000 0.00000000000 0.00000000000 0.00000000000 0.00000000000 0.00000000000 0.00000000000 0.00000000000 0.00000000000 0.00000000000 0.00000000000 0.00000000000
# SelPars_dev95:
 0.00000000000 0.00000000000 0.00000000000 0.00000000000 0.00000000000 0.00000000000 0.00000000000 0.00000000000 0.00000000000 0.00000000000 0.00000000000 0.00000000000 0.00000000000 0.00000000000 0.00000000000 0.00000000000 0.00000000000 0.00000000000 0.00000000000 0.00000000000 0.00000000000 0.00000000000 0.00000000000 0.00000000000 0.00000000000 0.00000000000 0.00000000000 0.00000000000 0.00000000000 0.00000000000 0.00000000000 0.00000000000 0.00000000000 0.00000000000 0.00000000000 0.00000000000 0.00000000000 0.00000000000 0.00000000000 0.00000000000 0.00000000000 0.00000000000 0.00000000000 0.00000000000 0.00000000000 0.00000000000 0.00000000000 0.00000000000 0.00000000000 0.00000000000 0.00000000000 0.00000000000 0.00000000000 0.00000000000 0.00000000000 0.00000000000
