# Number of parameters = 141 Objective function value = 65856.8  Maximum gradient component = 0.000532151
# srv_sel50:
1.69284158729
# srv_sel95:
3.04247714776
# stNatLen:
 11.8771909891 11.6947036269 11.4196091842 11.1891024330 11.0088531771 10.8385469428 10.6431656749 10.4103005064 10.1474907406 9.87074603975 9.59528131451 9.33184668055 9.08669982061 8.86281945296 8.66116692672 8.48156449432 8.32327392668 8.18534079623 8.06681370699 7.96683787837 7.88463285741 7.81959118362 7.77124087073 7.73917082949 7.72311393381
# log_avg_fmort_dir:
-1.61072740455
# fmort_dir_dev:
 -2.13703681432 -2.03083619401 -1.46057084701 -1.06423724567 -0.745103280149 -0.640103693768 -0.384886192655 -0.242232256607 -0.0281195709203 -0.0666666667099 0.154004426124 0.138000814459 0.303993744731 0.422144160344 0.421472820752 0.441698955775 0.524823610417 0.332928990139 0.398645371736 0.298912431101 0.247940606209 0.353473188389 0.273724007065 0.343295920271 0.253059115754 0.215390873016 0.174606313877 0.200827346434 0.247529561690 0.156475056927 0.288966050219 0.195151370380 0.0909034516704 0.134386550303 0.0814407437665 0.148767269999 0.171443245749 0.224780265328 0.0708565014373 0.134086594561 0.0695938022462 -0.00163271146135 0.00999429003559 0.106063689440 0.0743557968418 0.0499432865691 0.0866683779252 0.133036660967 -0.0157694482717 0.00693789687675 0.178120210352 0.452493396697 0.169688167668 0.129877316449 -0.0933073291367
# mean_log_rec:
11.3994705593
# rec_dev:
 0.529165799211 0.510288409994 0.505121921696 0.492210234873 0.478359136267 0.451683387811 0.418034587476 0.390727470097 0.362725436395 0.330141306393 0.298448858723 0.277569476361 0.253738870127 0.213147460391 0.154884683735 0.0897262486283 0.0356601950817 -0.0104506410137 -0.0551253274117 -0.0734229539453 -0.0935625705464 -0.119743840739 -0.121289520290 -0.133360484615 -0.147630303763 -0.153133680459 -0.174112627825 -0.200259103015 -0.230202158599 -0.260807101551 -0.298619441884 -0.320890692093 -0.366703003527 -0.396025490175 -0.315267466876 -0.261973282806 -0.272602191100 -0.259474504532 -0.250723767368 -0.240836609265 -0.220730137268 -0.212215517525 -0.195700574524 -0.180816027127 -0.170108210439 -0.157036267198 -0.141587677398 -0.103916738174 -0.0709433350362 -0.0368627762266 0.0107197049856 0.0787765452117 0.129986437863 0.117508940882 0.117508912115
# log_avg_NatM:
-1.49911400000
# m_dev:
 0.00000000000 0.00000000000 0.00000000000 0.00000000000 0.00000000000 0.00000000000 0.00000000000 0.00000000000 0.00000000000 0.00000000000 0.00000000000 0.00000000000 0.00000000000 0.00000000000 0.00000000000 0.00000000000 0.00000000000 0.00000000000 0.00000000000 0.00000000000 0.00000000000 0.00000000000 0.00000000000 0.00000000000 0.00000000000 0.00000000000 0.00000000000 0.00000000000 0.00000000000 0.00000000000 0.00000000000 0.00000000000 0.00000000000 0.00000000000 0.00000000000 0.00000000000 0.00000000000 0.00000000000 0.00000000000 0.00000000000 0.00000000000 0.00000000000 0.00000000000 0.00000000000 0.00000000000 0.00000000000 0.00000000000 0.00000000000 0.00000000000 0.00000000000 0.00000000000 0.00000000000 0.00000000000 0.00000000000 0.00000000000
# log_avg_GrowthK:
-1.63490400000
# log_avg_Linf:
4.90224700000
# GrowthK_dev:
 0.00000000000 0.00000000000 0.00000000000 0.00000000000 0.00000000000 0.00000000000 0.00000000000 0.00000000000 0.00000000000 0.00000000000 0.00000000000 0.00000000000 0.00000000000 0.00000000000 0.00000000000 0.00000000000 0.00000000000 0.00000000000 0.00000000000 0.00000000000 0.00000000000 0.00000000000 0.00000000000 0.00000000000 0.00000000000 0.00000000000 0.00000000000 0.00000000000 0.00000000000 0.00000000000 0.00000000000 0.00000000000 0.00000000000 0.00000000000 0.00000000000 0.00000000000 0.00000000000 0.00000000000 0.00000000000 0.00000000000 0.00000000000 0.00000000000 0.00000000000 0.00000000000 0.00000000000 0.00000000000 0.00000000000 0.00000000000 0.00000000000 0.00000000000 0.00000000000 0.00000000000 0.00000000000 0.00000000000 0.00000000000
# Linf_dev:
 0.00000000000 0.00000000000 0.00000000000 0.00000000000 0.00000000000 0.00000000000 0.00000000000 0.00000000000 0.00000000000 0.00000000000 0.00000000000 0.00000000000 0.00000000000 0.00000000000 0.00000000000 0.00000000000 0.00000000000 0.00000000000 0.00000000000 0.00000000000 0.00000000000 0.00000000000 0.00000000000 0.00000000000 0.00000000000 0.00000000000 0.00000000000 0.00000000000 0.00000000000 0.00000000000 0.00000000000 0.00000000000 0.00000000000 0.00000000000 0.00000000000 0.00000000000 0.00000000000 0.00000000000 0.00000000000 0.00000000000 0.00000000000 0.00000000000 0.00000000000 0.00000000000 0.00000000000 0.00000000000 0.00000000000 0.00000000000 0.00000000000 0.00000000000 0.00000000000 0.00000000000 0.00000000000 0.00000000000 0.00000000000
# SelPars50:
2.34010047819
# SelPars95:
4.32462739808
# SelPars_dev50:
 0.00000000000 0.00000000000 0.00000000000 0.00000000000 0.00000000000 0.00000000000 0.00000000000 0.00000000000 0.00000000000 0.00000000000 0.00000000000 0.00000000000 0.00000000000 0.00000000000 0.00000000000 0.00000000000 0.00000000000 0.00000000000 0.00000000000 0.00000000000 0.00000000000 0.00000000000 0.00000000000 0.00000000000 0.00000000000 0.00000000000 0.00000000000 0.00000000000 0.00000000000 0.00000000000 0.00000000000 0.00000000000 0.00000000000 0.00000000000 0.00000000000 0.00000000000 0.00000000000 0.00000000000 0.00000000000 0.00000000000 0.00000000000 0.00000000000 0.00000000000 0.00000000000 0.00000000000 0.00000000000 0.00000000000 0.00000000000 0.00000000000 0.00000000000 0.00000000000 0.00000000000 0.00000000000 0.00000000000 0.00000000000
# SelPars_dev95:
 0.00000000000 0.00000000000 0.00000000000 0.00000000000 0.00000000000 0.00000000000 0.00000000000 0.00000000000 0.00000000000 0.00000000000 0.00000000000 0.00000000000 0.00000000000 0.00000000000 0.00000000000 0.00000000000 0.00000000000 0.00000000000 0.00000000000 0.00000000000 0.00000000000 0.00000000000 0.00000000000 0.00000000000 0.00000000000 0.00000000000 0.00000000000 0.00000000000 0.00000000000 0.00000000000 0.00000000000 0.00000000000 0.00000000000 0.00000000000 0.00000000000 0.00000000000 0.00000000000 0.00000000000 0.00000000000 0.00000000000 0.00000000000 0.00000000000 0.00000000000 0.00000000000 0.00000000000 0.00000000000 0.00000000000 0.00000000000 0.00000000000 0.00000000000 0.00000000000 0.00000000000 0.00000000000 0.00000000000 0.00000000000
