# Number of parameters = 161 Objective function value = 78176.2  Maximum gradient component = 0.000794409
# srv_sel50:
1.51871043914
# srv_sel95:
2.55845231337
# stNatLen:
 11.4692357039 11.3097580921 11.0798802537 10.8523749092 10.6306948610 10.4009126734 10.1574823403 9.90561649969 9.65470722723 9.41310368348 9.18632576477 8.97726563408 8.78700060471 8.61553150614 8.46227877439 8.32638796095 8.20693793652 8.10304275221 8.01389442557 7.93880624022 7.87719197302 7.82850214393 7.79240658386 7.76869933276 7.75697449928
# log_avg_fmort_dir:
-1.59156693624
# fmort_dir_dev:
 -0.261509920970 -0.492891455060 -0.320395241491 -0.217738978229 -0.0334784388644 -0.00953153719055 0.0676905834957 0.269636483074 0.159463853583 0.381709792021 0.401431460366 0.398121041477 0.470021152692 0.490810339282 0.295437238712 0.308555145984 0.411258804756 0.395308305236 0.265127047204 0.237419244433 0.203455267964 0.276639670174 0.0427398346779 0.213633544800 0.217645468559 0.117872437779 0.188548799529 -0.0526111866106 0.0625671678571 -0.0464176141680 0.0495156414970 0.0926754531112 0.0217021006093 0.0118976012257 0.0147390892555 -0.0374800750913 -0.00408756717612 0.0299803719476 0.0136475801816 -0.0568316286699 -0.0254014446549 0.0625817817073 -0.0263056227931 -0.0960204375953 -0.0503932292404 -0.0159876849473 -0.0879553949823 -0.110165412960 -0.295298785909 -0.281795465277 -0.459786790174 -0.496369369410 -0.515791084327 -0.274095243188 -0.199802580632 -0.184626743271 -0.164399948495 -0.222028901799 -0.0892273053280 -0.0822763234494 -0.0681311995789 -0.0579695633536 -0.219824865663 -0.288889549847 -0.326315712798
# mean_log_rec:
11.1074244774
# rec_dev:
 0.409855230040 0.375393204442 0.361023430557 0.354104551996 0.344875862642 0.320815548143 0.289457779054 0.268932695298 0.233932610963 0.195671517743 0.137888137398 0.0604840311511 0.0121689424469 0.0167464311584 -0.0130857930897 -0.0822347691995 -0.109523766514 -0.123733445149 -0.127335282650 -0.135999613692 -0.145848932769 -0.134173378119 -0.137696086257 -0.145110330093 -0.141445769849 -0.145726597552 -0.135923163366 -0.143309835936 -0.140656373569 -0.135600149664 -0.144887655546 -0.157656549933 -0.145438082548 -0.131199256744 -0.123360051159 -0.100383058630 -0.0892802782030 -0.0951230567773 -0.0899031088867 -0.0935412208234 -0.105731293908 -0.121746034277 -0.112145587336 -0.102460114398 -0.0976433212076 -0.0762750119402 -0.0578667574041 -0.0381081780573 -0.0141432705066 0.00677036946097 0.0165093946509 0.0335264286705 0.0605483728183 0.0686323425356 0.0576245060190 0.0430555828363 0.0358558126580 0.0241031166785 0.0244331964607 0.0312355563048 0.0360123324789 0.0317093335697 0.0213087110107 0.0108100795437 0.0108100670253
# log_avg_NatM:
-1.60943800000
# m_dev:
 0.00000000000 0.00000000000 0.00000000000 0.00000000000 0.00000000000 0.00000000000 0.00000000000 0.00000000000 0.00000000000 0.00000000000 0.00000000000 0.00000000000 0.00000000000 0.00000000000 0.00000000000 0.00000000000 0.00000000000 0.00000000000 0.00000000000 0.00000000000 0.00000000000 0.00000000000 0.00000000000 0.00000000000 0.00000000000 0.00000000000 0.00000000000 0.00000000000 0.00000000000 0.00000000000 0.00000000000 0.00000000000 0.00000000000 0.00000000000 0.00000000000 0.00000000000 0.00000000000 0.00000000000 0.00000000000 0.00000000000 0.00000000000 0.00000000000 0.00000000000 0.00000000000 0.00000000000 0.00000000000 0.00000000000 0.00000000000 0.00000000000 0.00000000000 0.00000000000 0.00000000000 0.00000000000 0.00000000000 0.00000000000 0.00000000000 0.00000000000 0.00000000000 0.00000000000 0.00000000000 0.00000000000 0.00000000000 0.00000000000 0.00000000000 0.00000000000
# log_avg_GrowthK:
-1.60943800000
# log_avg_Linf:
4.88280200000
# GrowthK_dev:
 0.00000000000 0.00000000000 0.00000000000 0.00000000000 0.00000000000 0.00000000000 0.00000000000 0.00000000000 0.00000000000 0.00000000000 0.00000000000 0.00000000000 0.00000000000 0.00000000000 0.00000000000 0.00000000000 0.00000000000 0.00000000000 0.00000000000 0.00000000000 0.00000000000 0.00000000000 0.00000000000 0.00000000000 0.00000000000 0.00000000000 0.00000000000 0.00000000000 0.00000000000 0.00000000000 0.00000000000 0.00000000000 0.00000000000 0.00000000000 0.00000000000 0.00000000000 0.00000000000 0.00000000000 0.00000000000 0.00000000000 0.00000000000 0.00000000000 0.00000000000 0.00000000000 0.00000000000 0.00000000000 0.00000000000 0.00000000000 0.00000000000 0.00000000000 0.00000000000 0.00000000000 0.00000000000 0.00000000000 0.00000000000 0.00000000000 0.00000000000 0.00000000000 0.00000000000 0.00000000000 0.00000000000 0.00000000000 0.00000000000 0.00000000000 0.00000000000
# Linf_dev:
 0.00000000000 0.00000000000 0.00000000000 0.00000000000 0.00000000000 0.00000000000 0.00000000000 0.00000000000 0.00000000000 0.00000000000 0.00000000000 0.00000000000 0.00000000000 0.00000000000 0.00000000000 0.00000000000 0.00000000000 0.00000000000 0.00000000000 0.00000000000 0.00000000000 0.00000000000 0.00000000000 0.00000000000 0.00000000000 0.00000000000 0.00000000000 0.00000000000 0.00000000000 0.00000000000 0.00000000000 0.00000000000 0.00000000000 0.00000000000 0.00000000000 0.00000000000 0.00000000000 0.00000000000 0.00000000000 0.00000000000 0.00000000000 0.00000000000 0.00000000000 0.00000000000 0.00000000000 0.00000000000 0.00000000000 0.00000000000 0.00000000000 0.00000000000 0.00000000000 0.00000000000 0.00000000000 0.00000000000 0.00000000000 0.00000000000 0.00000000000 0.00000000000 0.00000000000 0.00000000000 0.00000000000 0.00000000000 0.00000000000 0.00000000000 0.00000000000
# SelPars50:
2.05827958096
# SelPars95:
3.67424720279
# SelPars_dev50:
 0.00000000000 0.00000000000 0.00000000000 0.00000000000 0.00000000000 0.00000000000 0.00000000000 0.00000000000 0.00000000000 0.00000000000 0.00000000000 0.00000000000 0.00000000000 0.00000000000 0.00000000000 0.00000000000 0.00000000000 0.00000000000 0.00000000000 0.00000000000 0.00000000000 0.00000000000 0.00000000000 0.00000000000 0.00000000000 0.00000000000 0.00000000000 0.00000000000 0.00000000000 0.00000000000 0.00000000000 0.00000000000 0.00000000000 0.00000000000 0.00000000000 0.00000000000 0.00000000000 0.00000000000 0.00000000000 0.00000000000 0.00000000000 0.00000000000 0.00000000000 0.00000000000 0.00000000000 0.00000000000 0.00000000000 0.00000000000 0.00000000000 0.00000000000 0.00000000000 0.00000000000 0.00000000000 0.00000000000 0.00000000000 0.00000000000 0.00000000000 0.00000000000 0.00000000000 0.00000000000 0.00000000000 0.00000000000 0.00000000000 0.00000000000 0.00000000000
# SelPars_dev95:
 0.00000000000 0.00000000000 0.00000000000 0.00000000000 0.00000000000 0.00000000000 0.00000000000 0.00000000000 0.00000000000 0.00000000000 0.00000000000 0.00000000000 0.00000000000 0.00000000000 0.00000000000 0.00000000000 0.00000000000 0.00000000000 0.00000000000 0.00000000000 0.00000000000 0.00000000000 0.00000000000 0.00000000000 0.00000000000 0.00000000000 0.00000000000 0.00000000000 0.00000000000 0.00000000000 0.00000000000 0.00000000000 0.00000000000 0.00000000000 0.00000000000 0.00000000000 0.00000000000 0.00000000000 0.00000000000 0.00000000000 0.00000000000 0.00000000000 0.00000000000 0.00000000000 0.00000000000 0.00000000000 0.00000000000 0.00000000000 0.00000000000 0.00000000000 0.00000000000 0.00000000000 0.00000000000 0.00000000000 0.00000000000 0.00000000000 0.00000000000 0.00000000000 0.00000000000 0.00000000000 0.00000000000 0.00000000000 0.00000000000 0.00000000000 0.00000000000
