# Number of parameters = 149 Objective function value = 70812.7  Maximum gradient component = 0.000610276
# srv_sel50:
1.54332675011
# srv_sel95:
2.63272479044
# stNatLen:
 11.4847410866 11.3041005850 11.0468902595 10.8065099502 10.5858315291 10.3640532099 10.1284864842 9.87995513288 9.62678205837 9.37827288440 9.14153254431 8.92092237418 8.71860102170 8.53528110883 8.37080681608 8.22456277881 8.09573889978 7.98345043089 7.88685929580 7.80525898559 7.73806734338 7.68482880637 7.64514669295 7.61878193937 7.60567054616
# log_avg_fmort_dir:
-1.55921433187
# fmort_dir_dev:
 -0.702231279816 -0.684160213452 -0.337606362400 -0.207032834944 -0.157091279233 -0.0101533569398 0.103184058207 0.234556293564 0.249441893236 0.399552365652 0.490853162156 0.475388816695 0.497627198821 0.434152543746 0.374439368532 0.415292372716 0.280784783843 0.317626877607 0.268755585315 0.245041477346 0.290789232857 0.170895681882 0.225837542221 0.102930434811 0.121159444115 0.164264590666 0.0921530509548 0.0670564596371 0.00237593945182 0.0825508422046 -0.0722269034924 -0.0310417945698 0.0365895227677 0.0116396703327 -0.0901787609637 -0.0569437940631 -0.0976117994379 -0.0721665136772 -0.0410867226448 -0.00647988770100 -0.00635577483142 0.000176705296962 -0.0153652190424 -0.107950851331 -0.0710079155745 0.0463056964940 -0.242035553958 -0.215625018244 -0.161223907346 -0.328232985966 -0.278335699412 -0.117591686040 -0.171204843009 -0.429033386387 -0.324403336887 -0.316648863751 -0.421006070880 -0.243076368538 -0.186312626597
# mean_log_rec:
11.1263661336
# rec_dev:
 0.408611000832 0.377575780947 0.371493894850 0.360343763488 0.336646233927 0.312006548457 0.295083062154 0.283097880039 0.248977377833 0.200147392964 0.143028883173 0.0586518052030 0.00936173905766 -0.0243379973364 -0.0543023751323 -0.0864385540254 -0.111739628245 -0.120495243866 -0.119544407156 -0.143548266838 -0.159350041130 -0.167016230364 -0.177247152219 -0.193250485714 -0.205333464538 -0.199485304601 -0.196637270792 -0.190870628462 -0.183615502186 -0.153040160596 -0.126441054093 -0.130080522827 -0.134490109007 -0.132354765225 -0.142206593360 -0.122063114784 -0.0951383148450 -0.0908948237150 -0.0815009000494 -0.0731468012305 -0.0863587085344 -0.0943806748012 -0.0835796829922 -0.0875414698342 -0.0910693991457 -0.0788792049019 -0.0593294354495 -0.0485023996114 -0.0390123562363 -0.0104428224469 0.0175051159564 0.0343629539362 0.0529342226330 0.0845853308513 0.115334206270 0.138243589370 0.150456910922 0.147609099120 0.147609074306
# log_avg_NatM:
-1.60943800000
# m_dev:
 0.00000000000 0.00000000000 0.00000000000 0.00000000000 0.00000000000 0.00000000000 0.00000000000 0.00000000000 0.00000000000 0.00000000000 0.00000000000 0.00000000000 0.00000000000 0.00000000000 0.00000000000 0.00000000000 0.00000000000 0.00000000000 0.00000000000 0.00000000000 0.00000000000 0.00000000000 0.00000000000 0.00000000000 0.00000000000 0.00000000000 0.00000000000 0.00000000000 0.00000000000 0.00000000000 0.00000000000 0.00000000000 0.00000000000 0.00000000000 0.00000000000 0.00000000000 0.00000000000 0.00000000000 0.00000000000 0.00000000000 0.00000000000 0.00000000000 0.00000000000 0.00000000000 0.00000000000 0.00000000000 0.00000000000 0.00000000000 0.00000000000 0.00000000000 0.00000000000 0.00000000000 0.00000000000 0.00000000000 0.00000000000 0.00000000000 0.00000000000 0.00000000000 0.00000000000
# log_avg_GrowthK:
-1.60943800000
# log_avg_Linf:
4.88280200000
# GrowthK_dev:
 0.00000000000 0.00000000000 0.00000000000 0.00000000000 0.00000000000 0.00000000000 0.00000000000 0.00000000000 0.00000000000 0.00000000000 0.00000000000 0.00000000000 0.00000000000 0.00000000000 0.00000000000 0.00000000000 0.00000000000 0.00000000000 0.00000000000 0.00000000000 0.00000000000 0.00000000000 0.00000000000 0.00000000000 0.00000000000 0.00000000000 0.00000000000 0.00000000000 0.00000000000 0.00000000000 0.00000000000 0.00000000000 0.00000000000 0.00000000000 0.00000000000 0.00000000000 0.00000000000 0.00000000000 0.00000000000 0.00000000000 0.00000000000 0.00000000000 0.00000000000 0.00000000000 0.00000000000 0.00000000000 0.00000000000 0.00000000000 0.00000000000 0.00000000000 0.00000000000 0.00000000000 0.00000000000 0.00000000000 0.00000000000 0.00000000000 0.00000000000 0.00000000000 0.00000000000
# Linf_dev:
 0.00000000000 0.00000000000 0.00000000000 0.00000000000 0.00000000000 0.00000000000 0.00000000000 0.00000000000 0.00000000000 0.00000000000 0.00000000000 0.00000000000 0.00000000000 0.00000000000 0.00000000000 0.00000000000 0.00000000000 0.00000000000 0.00000000000 0.00000000000 0.00000000000 0.00000000000 0.00000000000 0.00000000000 0.00000000000 0.00000000000 0.00000000000 0.00000000000 0.00000000000 0.00000000000 0.00000000000 0.00000000000 0.00000000000 0.00000000000 0.00000000000 0.00000000000 0.00000000000 0.00000000000 0.00000000000 0.00000000000 0.00000000000 0.00000000000 0.00000000000 0.00000000000 0.00000000000 0.00000000000 0.00000000000 0.00000000000 0.00000000000 0.00000000000 0.00000000000 0.00000000000 0.00000000000 0.00000000000 0.00000000000 0.00000000000 0.00000000000 0.00000000000 0.00000000000
# SelPars50:
2.09195799746
# SelPars95:
3.75400487459
# SelPars_dev50:
 0.00000000000 0.00000000000 0.00000000000 0.00000000000 0.00000000000 0.00000000000 0.00000000000 0.00000000000 0.00000000000 0.00000000000 0.00000000000 0.00000000000 0.00000000000 0.00000000000 0.00000000000 0.00000000000 0.00000000000 0.00000000000 0.00000000000 0.00000000000 0.00000000000 0.00000000000 0.00000000000 0.00000000000 0.00000000000 0.00000000000 0.00000000000 0.00000000000 0.00000000000 0.00000000000 0.00000000000 0.00000000000 0.00000000000 0.00000000000 0.00000000000 0.00000000000 0.00000000000 0.00000000000 0.00000000000 0.00000000000 0.00000000000 0.00000000000 0.00000000000 0.00000000000 0.00000000000 0.00000000000 0.00000000000 0.00000000000 0.00000000000 0.00000000000 0.00000000000 0.00000000000 0.00000000000 0.00000000000 0.00000000000 0.00000000000 0.00000000000 0.00000000000 0.00000000000
# SelPars_dev95:
 0.00000000000 0.00000000000 0.00000000000 0.00000000000 0.00000000000 0.00000000000 0.00000000000 0.00000000000 0.00000000000 0.00000000000 0.00000000000 0.00000000000 0.00000000000 0.00000000000 0.00000000000 0.00000000000 0.00000000000 0.00000000000 0.00000000000 0.00000000000 0.00000000000 0.00000000000 0.00000000000 0.00000000000 0.00000000000 0.00000000000 0.00000000000 0.00000000000 0.00000000000 0.00000000000 0.00000000000 0.00000000000 0.00000000000 0.00000000000 0.00000000000 0.00000000000 0.00000000000 0.00000000000 0.00000000000 0.00000000000 0.00000000000 0.00000000000 0.00000000000 0.00000000000 0.00000000000 0.00000000000 0.00000000000 0.00000000000 0.00000000000 0.00000000000 0.00000000000 0.00000000000 0.00000000000 0.00000000000 0.00000000000 0.00000000000 0.00000000000 0.00000000000 0.00000000000
