# Number of parameters = 159 Objective function value = 76745.2  Maximum gradient component = 0.000535883
# srv_sel50:
1.64846814973
# srv_sel95:
2.92911337845
# stNatLen:
 11.8751213155 11.6921938990 11.4372401224 11.2213267005 11.0438210273 10.8694954725 10.6692007221 10.4341020502 10.1725885112 9.89986029125 9.62991450895 9.37252766132 9.13336298700 8.91510158296 8.71855503031 8.54353436768 8.38934150723 8.25509195047 8.13983476771 8.04264547601 7.96269599974 7.89930590512 7.85199982165 7.82058342984 7.80493547470
# log_avg_fmort_dir:
-1.63833635933
# fmort_dir_dev:
 -2.10198291376 -2.06171107934 -1.52321902543 -1.13459198994 -0.883813896288 -0.648246922964 -0.404131171265 -0.273476823723 -0.127757692755 -0.00203965070599 -0.00515100514929 0.216549081693 0.225995747281 0.347792822336 0.396151455688 0.332453779372 0.499172552322 0.321780404211 0.458809343204 0.291928239326 0.400113863955 0.392499083447 0.260210978738 0.287504681131 0.318610452067 0.202442057192 0.185715955119 0.202126505657 0.0655202502439 0.128869816176 0.107406341729 0.0775037245568 0.00735864808142 0.0391750432840 0.0937861274769 0.161235780191 0.167408122466 0.0928887403300 0.148949598409 0.0554033934184 0.124581571242 0.0578017479260 0.0662050060858 0.0170737421594 0.152501703032 0.0542280155500 0.125191929998 0.173061331163 0.0260170585632 0.117845642876 0.301027767652 0.317746781663 0.191914619146 0.342910738402 0.151764033670 -0.162594420162 0.299277587174 0.0135183657047 0.158178279350 0.0946877281227 0.0723966038170 0.109987484569 -0.0774404626847 -0.0471232728029
# mean_log_rec:
11.3254018084
# rec_dev:
 0.590738560624 0.553845152568 0.546089047415 0.548851884667 0.552195634343 0.544717446535 0.525172433633 0.488853556204 0.446547119587 0.408458920967 0.376098706924 0.338458021954 0.297272212669 0.258233339700 0.216913501311 0.160146437368 0.113124872039 0.0687572667743 0.0286369803198 -0.00895650017853 -0.0236738329723 -0.0329489733125 -0.0445125989683 -0.0551068506483 -0.0661562940178 -0.0903662020648 -0.127580936187 -0.145051899391 -0.178079145720 -0.211139658963 -0.242057277129 -0.276889993604 -0.323876857842 -0.334469757911 -0.260917575429 -0.201192805307 -0.199873476298 -0.200819016151 -0.167413262541 -0.153857006597 -0.151684067463 -0.148922611077 -0.153841262583 -0.157032637434 -0.139790967300 -0.145469545999 -0.168588203994 -0.163731604467 -0.168448150922 -0.181606496037 -0.194058480008 -0.197306841075 -0.195123860484 -0.213510911779 -0.209999378415 -0.192303871837 -0.170840922474 -0.165972979339 -0.155389829472 -0.132372577610 -0.0958721484221 -0.0641462562448 -0.0760787831389 -0.0760787867913
# log_avg_NatM:
-1.46104300000
# m_dev:
 0.00000000000 0.00000000000 0.00000000000 0.00000000000 0.00000000000 0.00000000000 0.00000000000 0.00000000000 0.00000000000 0.00000000000 0.00000000000 0.00000000000 0.00000000000 0.00000000000 0.00000000000 0.00000000000 0.00000000000 0.00000000000 0.00000000000 0.00000000000 0.00000000000 0.00000000000 0.00000000000 0.00000000000 0.00000000000 0.00000000000 0.00000000000 0.00000000000 0.00000000000 0.00000000000 0.00000000000 0.00000000000 0.00000000000 0.00000000000 0.00000000000 0.00000000000 0.00000000000 0.00000000000 0.00000000000 0.00000000000 0.00000000000 0.00000000000 0.00000000000 0.00000000000 0.00000000000 0.00000000000 0.00000000000 0.00000000000 0.00000000000 0.00000000000 0.00000000000 0.00000000000 0.00000000000 0.00000000000 0.00000000000 0.00000000000 0.00000000000 0.00000000000 0.00000000000 0.00000000000 0.00000000000 0.00000000000 0.00000000000 0.00000000000
# log_avg_GrowthK:
-1.58605700000
# log_avg_Linf:
4.76840100000
# GrowthK_dev:
 0.00000000000 0.00000000000 0.00000000000 0.00000000000 0.00000000000 0.00000000000 0.00000000000 0.00000000000 0.00000000000 0.00000000000 0.00000000000 0.00000000000 0.00000000000 0.00000000000 0.00000000000 0.00000000000 0.00000000000 0.00000000000 0.00000000000 0.00000000000 0.00000000000 0.00000000000 0.00000000000 0.00000000000 0.00000000000 0.00000000000 0.00000000000 0.00000000000 0.00000000000 0.00000000000 0.00000000000 0.00000000000 0.00000000000 0.00000000000 0.00000000000 0.00000000000 0.00000000000 0.00000000000 0.00000000000 0.00000000000 0.00000000000 0.00000000000 0.00000000000 0.00000000000 0.00000000000 0.00000000000 0.00000000000 0.00000000000 0.00000000000 0.00000000000 0.00000000000 0.00000000000 0.00000000000 0.00000000000 0.00000000000 0.00000000000 0.00000000000 0.00000000000 0.00000000000 0.00000000000 0.00000000000 0.00000000000 0.00000000000 0.00000000000
# Linf_dev:
 0.00000000000 0.00000000000 0.00000000000 0.00000000000 0.00000000000 0.00000000000 0.00000000000 0.00000000000 0.00000000000 0.00000000000 0.00000000000 0.00000000000 0.00000000000 0.00000000000 0.00000000000 0.00000000000 0.00000000000 0.00000000000 0.00000000000 0.00000000000 0.00000000000 0.00000000000 0.00000000000 0.00000000000 0.00000000000 0.00000000000 0.00000000000 0.00000000000 0.00000000000 0.00000000000 0.00000000000 0.00000000000 0.00000000000 0.00000000000 0.00000000000 0.00000000000 0.00000000000 0.00000000000 0.00000000000 0.00000000000 0.00000000000 0.00000000000 0.00000000000 0.00000000000 0.00000000000 0.00000000000 0.00000000000 0.00000000000 0.00000000000 0.00000000000 0.00000000000 0.00000000000 0.00000000000 0.00000000000 0.00000000000 0.00000000000 0.00000000000 0.00000000000 0.00000000000 0.00000000000 0.00000000000 0.00000000000 0.00000000000 0.00000000000
# SelPars50:
2.20263799087
# SelPars95:
3.98184330106
# SelPars_dev50:
 0.00000000000 0.00000000000 0.00000000000 0.00000000000 0.00000000000 0.00000000000 0.00000000000 0.00000000000 0.00000000000 0.00000000000 0.00000000000 0.00000000000 0.00000000000 0.00000000000 0.00000000000 0.00000000000 0.00000000000 0.00000000000 0.00000000000 0.00000000000 0.00000000000 0.00000000000 0.00000000000 0.00000000000 0.00000000000 0.00000000000 0.00000000000 0.00000000000 0.00000000000 0.00000000000 0.00000000000 0.00000000000 0.00000000000 0.00000000000 0.00000000000 0.00000000000 0.00000000000 0.00000000000 0.00000000000 0.00000000000 0.00000000000 0.00000000000 0.00000000000 0.00000000000 0.00000000000 0.00000000000 0.00000000000 0.00000000000 0.00000000000 0.00000000000 0.00000000000 0.00000000000 0.00000000000 0.00000000000 0.00000000000 0.00000000000 0.00000000000 0.00000000000 0.00000000000 0.00000000000 0.00000000000 0.00000000000 0.00000000000 0.00000000000
# SelPars_dev95:
 0.00000000000 0.00000000000 0.00000000000 0.00000000000 0.00000000000 0.00000000000 0.00000000000 0.00000000000 0.00000000000 0.00000000000 0.00000000000 0.00000000000 0.00000000000 0.00000000000 0.00000000000 0.00000000000 0.00000000000 0.00000000000 0.00000000000 0.00000000000 0.00000000000 0.00000000000 0.00000000000 0.00000000000 0.00000000000 0.00000000000 0.00000000000 0.00000000000 0.00000000000 0.00000000000 0.00000000000 0.00000000000 0.00000000000 0.00000000000 0.00000000000 0.00000000000 0.00000000000 0.00000000000 0.00000000000 0.00000000000 0.00000000000 0.00000000000 0.00000000000 0.00000000000 0.00000000000 0.00000000000 0.00000000000 0.00000000000 0.00000000000 0.00000000000 0.00000000000 0.00000000000 0.00000000000 0.00000000000 0.00000000000 0.00000000000 0.00000000000 0.00000000000 0.00000000000 0.00000000000 0.00000000000 0.00000000000 0.00000000000 0.00000000000
