# Number of parameters = 159 Objective function value = 76718.1125575021  Maximum gradient component = 0.000592956615848884
# srv_sel50:
1.65440213725
# srv_sel95:
2.93426988686
# stNatLen:
 11.8956810569 11.7189606545 11.4459755240 11.2159507539 11.0404382235 10.8779628289 10.6856455328 10.4446310827 10.1623792033 9.85914324369 9.55479566607 9.26326845032 8.99245294833 8.74591592988 8.52465166353 8.32825503036 8.15568130041 8.00567090089 7.87700702778 7.76859652514 7.67949652695 7.60894835013 7.55643245436 7.52155996516 7.50412596008
# log_avg_fmort_dir:
-1.58750580907
# fmort_dir_dev:
 -2.13697992204 -2.00515535024 -1.40408487136 -1.06979008567 -0.820691018451 -0.617890589096 -0.526946113989 -0.276475449548 -0.131101791871 -0.0718594214983 -0.0224236370339 0.215778739235 0.138742157172 0.357800534088 0.399032330767 0.297300213934 0.401910448508 0.389768088336 0.406495162062 0.333311986251 0.274090051858 0.254037134961 0.341985224873 0.264753381679 0.216238493244 0.299669850936 0.212498742847 0.183068562960 0.280865593552 0.145710436419 0.128282413811 0.116981267403 0.0537965361347 0.0893236930235 0.196433439386 0.104880731114 0.140268261956 0.103011191737 0.0891104900570 0.0803278068362 0.0661327671263 0.0468561102178 -0.0745783103145 -0.00715572911855 0.0523738356090 0.0324457139076 0.0460090131697 0.0120392841604 0.0926469907781 0.0385582821408 0.309002957532 0.478432449754 0.467987026251 0.452152476487 -0.0227247951078 0.00439663449338 -0.0312512430768 0.112097768996 0.275735571741 -0.00636357615864 0.186261775304 -0.0718123646573 0.0511325248045 0.0575501216211
# mean_log_rec:
11.3419784795
# rec_dev:
 0.613716558426 0.592380434818 0.580919425297 0.569004674674 0.555630360205 0.534423974190 0.500275994760 0.463994875689 0.439938295796 0.408627456112 0.355915499852 0.330317743436 0.295096505401 0.237289278189 0.183351481503 0.120629364527 0.0453233558282 -0.0111176495724 -0.0346464664783 -0.0257932589837 -0.0410213361614 -0.0538858226451 -0.0595153929351 -0.0799318947523 -0.102649014212 -0.104114084756 -0.111517329409 -0.149410198923 -0.177117935439 -0.190877374075 -0.220061357602 -0.256740012054 -0.313657083843 -0.356816252647 -0.270689055875 -0.177760117646 -0.174118373968 -0.183471258732 -0.196121751632 -0.212046237276 -0.198905609112 -0.188037991918 -0.171421737430 -0.156563094232 -0.161498552511 -0.161878154352 -0.151632120138 -0.164505474161 -0.172984300888 -0.174035761140 -0.180177797870 -0.185813300405 -0.198942210222 -0.211046424019 -0.231200263063 -0.232507156386 -0.183712399686 -0.132572265701 -0.104338622889 -0.0759425942684 -0.00933948019576 0.0469442435367 0.0381777551740 0.0381772927915
# log_avg_NatM:
-1.47890400000
# m_dev:
 0.00000000000 0.00000000000 0.00000000000 0.00000000000 0.00000000000 0.00000000000 0.00000000000 0.00000000000 0.00000000000 0.00000000000 0.00000000000 0.00000000000 0.00000000000 0.00000000000 0.00000000000 0.00000000000 0.00000000000 0.00000000000 0.00000000000 0.00000000000 0.00000000000 0.00000000000 0.00000000000 0.00000000000 0.00000000000 0.00000000000 0.00000000000 0.00000000000 0.00000000000 0.00000000000 0.00000000000 0.00000000000 0.00000000000 0.00000000000 0.00000000000 0.00000000000 0.00000000000 0.00000000000 0.00000000000 0.00000000000 0.00000000000 0.00000000000 0.00000000000 0.00000000000 0.00000000000 0.00000000000 0.00000000000 0.00000000000 0.00000000000 0.00000000000 0.00000000000 0.00000000000 0.00000000000 0.00000000000 0.00000000000 0.00000000000 0.00000000000 0.00000000000 0.00000000000 0.00000000000 0.00000000000 0.00000000000 0.00000000000 0.00000000000
# log_avg_GrowthK:
-1.60943800000
# log_avg_Linf:
4.88280200000
# GrowthK_dev:
 0.00000000000 0.00000000000 0.00000000000 0.00000000000 0.00000000000 0.00000000000 0.00000000000 0.00000000000 0.00000000000 0.00000000000 0.00000000000 0.00000000000 0.00000000000 0.00000000000 0.00000000000 0.00000000000 0.00000000000 0.00000000000 0.00000000000 0.00000000000 0.00000000000 0.00000000000 0.00000000000 0.00000000000 0.00000000000 0.00000000000 0.00000000000 0.00000000000 0.00000000000 0.00000000000 0.00000000000 0.00000000000 0.00000000000 0.00000000000 0.00000000000 0.00000000000 0.00000000000 0.00000000000 0.00000000000 0.00000000000 0.00000000000 0.00000000000 0.00000000000 0.00000000000 0.00000000000 0.00000000000 0.00000000000 0.00000000000 0.00000000000 0.00000000000 0.00000000000 0.00000000000 0.00000000000 0.00000000000 0.00000000000 0.00000000000 0.00000000000 0.00000000000 0.00000000000 0.00000000000 0.00000000000 0.00000000000 0.00000000000 0.00000000000
# Linf_dev:
 0.00000000000 0.00000000000 0.00000000000 0.00000000000 0.00000000000 0.00000000000 0.00000000000 0.00000000000 0.00000000000 0.00000000000 0.00000000000 0.00000000000 0.00000000000 0.00000000000 0.00000000000 0.00000000000 0.00000000000 0.00000000000 0.00000000000 0.00000000000 0.00000000000 0.00000000000 0.00000000000 0.00000000000 0.00000000000 0.00000000000 0.00000000000 0.00000000000 0.00000000000 0.00000000000 0.00000000000 0.00000000000 0.00000000000 0.00000000000 0.00000000000 0.00000000000 0.00000000000 0.00000000000 0.00000000000 0.00000000000 0.00000000000 0.00000000000 0.00000000000 0.00000000000 0.00000000000 0.00000000000 0.00000000000 0.00000000000 0.00000000000 0.00000000000 0.00000000000 0.00000000000 0.00000000000 0.00000000000 0.00000000000 0.00000000000 0.00000000000 0.00000000000 0.00000000000 0.00000000000 0.00000000000 0.00000000000 0.00000000000 0.00000000000
# SelPars50:
2.28589135641
# SelPars95:
4.20772840867
# SelPars_dev50:
 0.00000000000 0.00000000000 0.00000000000 0.00000000000 0.00000000000 0.00000000000 0.00000000000 0.00000000000 0.00000000000 0.00000000000 0.00000000000 0.00000000000 0.00000000000 0.00000000000 0.00000000000 0.00000000000 0.00000000000 0.00000000000 0.00000000000 0.00000000000 0.00000000000 0.00000000000 0.00000000000 0.00000000000 0.00000000000 0.00000000000 0.00000000000 0.00000000000 0.00000000000 0.00000000000 0.00000000000 0.00000000000 0.00000000000 0.00000000000 0.00000000000 0.00000000000 0.00000000000 0.00000000000 0.00000000000 0.00000000000 0.00000000000 0.00000000000 0.00000000000 0.00000000000 0.00000000000 0.00000000000 0.00000000000 0.00000000000 0.00000000000 0.00000000000 0.00000000000 0.00000000000 0.00000000000 0.00000000000 0.00000000000 0.00000000000 0.00000000000 0.00000000000 0.00000000000 0.00000000000 0.00000000000 0.00000000000 0.00000000000 0.00000000000
# SelPars_dev95:
 0.00000000000 0.00000000000 0.00000000000 0.00000000000 0.00000000000 0.00000000000 0.00000000000 0.00000000000 0.00000000000 0.00000000000 0.00000000000 0.00000000000 0.00000000000 0.00000000000 0.00000000000 0.00000000000 0.00000000000 0.00000000000 0.00000000000 0.00000000000 0.00000000000 0.00000000000 0.00000000000 0.00000000000 0.00000000000 0.00000000000 0.00000000000 0.00000000000 0.00000000000 0.00000000000 0.00000000000 0.00000000000 0.00000000000 0.00000000000 0.00000000000 0.00000000000 0.00000000000 0.00000000000 0.00000000000 0.00000000000 0.00000000000 0.00000000000 0.00000000000 0.00000000000 0.00000000000 0.00000000000 0.00000000000 0.00000000000 0.00000000000 0.00000000000 0.00000000000 0.00000000000 0.00000000000 0.00000000000 0.00000000000 0.00000000000 0.00000000000 0.00000000000 0.00000000000 0.00000000000 0.00000000000 0.00000000000 0.00000000000 0.00000000000
