# Number of parameters = 203 Objective function value = 68238.2448486671  Maximum gradient component = 0.00163574933384786
# srv_sel50:
1.46758762674
# srv_sel95:
2.41645693848
# stNatLen:
 11.3368354819 11.1964155621 10.9986489882 10.8100701499 10.6245649046 10.4220193767 10.1965758625 9.95619077173 9.71310733561 9.47752733180 9.25589674347 9.05153254523 8.86566909773 8.69831877788 8.54889820575 8.41654624402 8.30031211313 8.19925897470 8.11261075659 8.03962479033 7.97964560489 7.93220600303 7.89698281384 7.87370823987 7.86209788067
# log_avg_fmort_dir:
-1.59678760200
# fmort_dir_dev:
 -1.78354834720 -1.75995973235 -1.26814936134 -0.917173991895 -0.693239109289 -0.428303412611 -0.187645939496 -0.0865492827915 0.0298631478419 0.180496555730 0.205610087576 0.282193978900 0.366200472260 0.343854167880 0.439927600252 0.461671101764 0.476708525287 0.387491326155 0.313587358646 0.305200232820 0.360485749322 0.375194993120 0.278404008552 0.314874478594 0.154142077144 0.207703082418 0.297762845328 0.315361277901 0.246062018376 0.203123011684 0.101484279902 0.0351892258554 0.0520468723511 -0.0249008758493 0.0510300357547 0.0471183600841 0.125590155851 -0.0101369094090 -0.0292831157423 -0.0137233087619 -0.0706496191690 -0.0951730430925 0.0325838148056 0.0297794445797 0.113378490690 0.0999615319409 0.0855682809666 0.0749430218351 0.0991746110922 -0.0337189746101 0.0151998461283 0.194622630967 -0.539628625155 -0.157042437833 0.0878165328844 0.130169119980 0.177251733377
# mean_log_rec:
11.1135099096
# rec_dev:
 0.292031025208 0.254771135373 0.261244418683 0.273896064781 0.249569599450 0.179720765529 0.127698625505 0.121592019189 0.108749885748 0.107025265175 0.126162582083 0.150010373927 0.164001575522 0.154320262592 0.101988963594 -0.00359503642299 -0.0656144899541 -0.0868936307897 -0.114657195207 -0.171052509136 -0.202382558482 -0.205070359725 -0.187786092450 -0.165206893184 -0.177478326732 -0.228868152501 -0.298121545722 -0.313298671056 -0.288424084190 -0.244324109251 -0.201079560928 -0.164236794674 -0.135220578695 -0.140498385061 -0.0827061886887 -0.000205475134136 0.0293743035507 0.0627491791863 0.0864505145342 0.0965530430119 0.106808296440 0.0687233550762 -0.0156658995084 -0.0685522566393 -0.0826101556146 -0.0807167594693 -0.0432250324046 0.0193699729941 0.0413414403620 0.0452950916638 0.0424390892631 0.0674974863535 0.113880202332 0.156804468119 0.111315552500 0.0230531010298 0.0230530828430
# log_avg_NatM:
-1.58625166319
# m_dev:
 -0.0856164079139 0.0748477891361 -0.119104082867 -0.198175150996 -0.0350626152326 0.177551005679 -0.0284767194988 -0.298605082028 -0.225726002500 -0.391689417505 -0.544351974918 -0.564673116817 -0.413816174509 -0.342506329612 -0.105528549324 0.206602095450 -0.108101617217 -0.108404488991 -0.0438988284654 0.109531138244 -0.116878872570 -0.206799034294 -0.291967749782 -0.196739399700 -0.0374685395358 0.104050906412 0.162828841620 -0.195870494296 -0.208815727942 -0.297697928801 -0.201653148618 -0.254927593630 -0.211406232208 0.113934267391 0.261560546636 0.157464621573 0.110075866026 -0.00689262360455 0.147998200899 0.183841946057 0.216627545294 0.368506498185 0.480796854333 0.354035464377 0.183895348001 0.165302828402 -0.0841155777986 -0.132503409683 0.137366764690 0.186882353690 0.291407032216 0.0480093117729 0.0247713945073 0.219782805990 0.375938727033 0.601368475723 0.592494261521
# log_avg_GrowthK:
-1.60943800000
# log_avg_Linf:
4.88280200000
# GrowthK_dev:
 0.00000000000 0.00000000000 0.00000000000 0.00000000000 0.00000000000 0.00000000000 0.00000000000 0.00000000000 0.00000000000 0.00000000000 0.00000000000 0.00000000000 0.00000000000 0.00000000000 0.00000000000 0.00000000000 0.00000000000 0.00000000000 0.00000000000 0.00000000000 0.00000000000 0.00000000000 0.00000000000 0.00000000000 0.00000000000 0.00000000000 0.00000000000 0.00000000000 0.00000000000 0.00000000000 0.00000000000 0.00000000000 0.00000000000 0.00000000000 0.00000000000 0.00000000000 0.00000000000 0.00000000000 0.00000000000 0.00000000000 0.00000000000 0.00000000000 0.00000000000 0.00000000000 0.00000000000 0.00000000000 0.00000000000 0.00000000000 0.00000000000 0.00000000000 0.00000000000 0.00000000000 0.00000000000 0.00000000000 0.00000000000 0.00000000000 0.00000000000
# Linf_dev:
 0.00000000000 0.00000000000 0.00000000000 0.00000000000 0.00000000000 0.00000000000 0.00000000000 0.00000000000 0.00000000000 0.00000000000 0.00000000000 0.00000000000 0.00000000000 0.00000000000 0.00000000000 0.00000000000 0.00000000000 0.00000000000 0.00000000000 0.00000000000 0.00000000000 0.00000000000 0.00000000000 0.00000000000 0.00000000000 0.00000000000 0.00000000000 0.00000000000 0.00000000000 0.00000000000 0.00000000000 0.00000000000 0.00000000000 0.00000000000 0.00000000000 0.00000000000 0.00000000000 0.00000000000 0.00000000000 0.00000000000 0.00000000000 0.00000000000 0.00000000000 0.00000000000 0.00000000000 0.00000000000 0.00000000000 0.00000000000 0.00000000000 0.00000000000 0.00000000000 0.00000000000 0.00000000000 0.00000000000 0.00000000000 0.00000000000 0.00000000000
# SelPars50:
2.01665016808
# SelPars95:
3.58121918084
# SelPars_dev50:
 0.00000000000 0.00000000000 0.00000000000 0.00000000000 0.00000000000 0.00000000000 0.00000000000 0.00000000000 0.00000000000 0.00000000000 0.00000000000 0.00000000000 0.00000000000 0.00000000000 0.00000000000 0.00000000000 0.00000000000 0.00000000000 0.00000000000 0.00000000000 0.00000000000 0.00000000000 0.00000000000 0.00000000000 0.00000000000 0.00000000000 0.00000000000 0.00000000000 0.00000000000 0.00000000000 0.00000000000 0.00000000000 0.00000000000 0.00000000000 0.00000000000 0.00000000000 0.00000000000 0.00000000000 0.00000000000 0.00000000000 0.00000000000 0.00000000000 0.00000000000 0.00000000000 0.00000000000 0.00000000000 0.00000000000 0.00000000000 0.00000000000 0.00000000000 0.00000000000 0.00000000000 0.00000000000 0.00000000000 0.00000000000 0.00000000000 0.00000000000
# SelPars_dev95:
 0.00000000000 0.00000000000 0.00000000000 0.00000000000 0.00000000000 0.00000000000 0.00000000000 0.00000000000 0.00000000000 0.00000000000 0.00000000000 0.00000000000 0.00000000000 0.00000000000 0.00000000000 0.00000000000 0.00000000000 0.00000000000 0.00000000000 0.00000000000 0.00000000000 0.00000000000 0.00000000000 0.00000000000 0.00000000000 0.00000000000 0.00000000000 0.00000000000 0.00000000000 0.00000000000 0.00000000000 0.00000000000 0.00000000000 0.00000000000 0.00000000000 0.00000000000 0.00000000000 0.00000000000 0.00000000000 0.00000000000 0.00000000000 0.00000000000 0.00000000000 0.00000000000 0.00000000000 0.00000000000 0.00000000000 0.00000000000 0.00000000000 0.00000000000 0.00000000000 0.00000000000 0.00000000000 0.00000000000 0.00000000000 0.00000000000 0.00000000000
