# Number of parameters = 159 Objective function value = 76576.8  Maximum gradient component = 0.000390212
# srv_sel50:
1.64491729215
# srv_sel95:
2.91332920685
# stNatLen:
 11.8154283330 11.6059896968 11.3065619523 11.0466306588 10.8271696617 10.6157749337 10.3893737725 10.1430935398 9.88438367110 9.62438201039 9.37266403303 9.13564430414 8.91687491689 8.71787762359 8.53892286984 8.37958028114 8.23909868951 8.11662874472 8.01134337376 7.92250983522 7.84946985757 7.79167224473 7.74866794690 7.72009705154 7.70580721860
# log_avg_fmort_dir:
-1.49913460893
# fmort_dir_dev:
 -1.10563357231 -0.912659914395 -0.583411593727 -0.453427654042 -0.313682135404 -0.117664526958 -0.000488520171294 0.00236373734540 0.131468930983 0.188008312786 0.279098333706 0.372562734392 0.346860138870 0.239167980999 0.241647713553 0.201771220942 0.198824575171 0.132567041938 0.184316717570 0.113452929276 0.0935496865541 0.0941579691781 0.0256745571622 0.00860435399811 0.0526908047164 0.108697556605 0.0136428004958 0.0331174114313 -0.0630514589103 0.0836020968013 -0.0587098355616 0.126927246995 -0.0203362284595 0.0558335609001 0.00750284225539 0.0345093114991 -0.0539111943369 -0.0385246401422 -0.0497301979804 0.00988411821011 -0.0115331870375 -0.0591572854572 -0.129622738991 0.0434865885122 -0.0187869170569 -0.00670265520626 0.344601142163 0.00907579908889 0.0563949488288 0.276730598364 0.0343404415204 -0.105728132199 -0.0401090238792 0.236485653016 0.0271101063264 -0.0702881879910 0.114759645281 0.0134810451331 -0.115889018824 -0.254089436572 0.0324395672817 -0.221168689587 0.137750426297 0.0971460990593
# mean_log_rec:
11.2844614037
# rec_dev:
 0.566350893373 0.534053455677 0.521369298876 0.503044574242 0.472612779013 0.426678627759 0.387657942861 0.350787309573 0.318309541924 0.287888739968 0.229641899120 0.170260084923 0.118660746279 0.0703576446604 0.0328427149606 0.0186886353551 -0.00665942106476 -0.0311797942556 -0.0440775585335 -0.0585385925978 -0.0610118283004 -0.0720487875335 -0.0998693632895 -0.110748084901 -0.128733562075 -0.172522304171 -0.211601347045 -0.233326465013 -0.278967808329 -0.306210595389 -0.217814149282 -0.127154436618 -0.103101506097 -0.0997936820645 -0.0907695242557 -0.0979595500718 -0.0917386364410 -0.0944920781848 -0.0967543574768 -0.0921217225938 -0.0952648887006 -0.0887706237589 -0.0946774351263 -0.101465169010 -0.104014643872 -0.109933362652 -0.113709779586 -0.118768634994 -0.115645945811 -0.129684473067 -0.156885370032 -0.149387277966 -0.123865088014 -0.120548049169 -0.130694917542 -0.125178624386 -0.0978158364233 -0.0747471130729 -0.0568769686220 -0.0450262415211 -0.0146033477248 0.0308210290450 0.0273665132901 0.0273665157342
# log_avg_NatM:
-1.47890400000
# m_dev:
 0.00000000000 0.00000000000 0.00000000000 0.00000000000 0.00000000000 0.00000000000 0.00000000000 0.00000000000 0.00000000000 0.00000000000 0.00000000000 0.00000000000 0.00000000000 0.00000000000 0.00000000000 0.00000000000 0.00000000000 0.00000000000 0.00000000000 0.00000000000 0.00000000000 0.00000000000 0.00000000000 0.00000000000 0.00000000000 0.00000000000 0.00000000000 0.00000000000 0.00000000000 0.00000000000 0.00000000000 0.00000000000 0.00000000000 0.00000000000 0.00000000000 0.00000000000 0.00000000000 0.00000000000 0.00000000000 0.00000000000 0.00000000000 0.00000000000 0.00000000000 0.00000000000 0.00000000000 0.00000000000 0.00000000000 0.00000000000 0.00000000000 0.00000000000 0.00000000000 0.00000000000 0.00000000000 0.00000000000 0.00000000000 0.00000000000 0.00000000000 0.00000000000 0.00000000000 0.00000000000 0.00000000000 0.00000000000 0.00000000000 0.00000000000
# log_avg_GrowthK:
-1.60943800000
# log_avg_Linf:
4.88280200000
# GrowthK_dev:
 0.00000000000 0.00000000000 0.00000000000 0.00000000000 0.00000000000 0.00000000000 0.00000000000 0.00000000000 0.00000000000 0.00000000000 0.00000000000 0.00000000000 0.00000000000 0.00000000000 0.00000000000 0.00000000000 0.00000000000 0.00000000000 0.00000000000 0.00000000000 0.00000000000 0.00000000000 0.00000000000 0.00000000000 0.00000000000 0.00000000000 0.00000000000 0.00000000000 0.00000000000 0.00000000000 0.00000000000 0.00000000000 0.00000000000 0.00000000000 0.00000000000 0.00000000000 0.00000000000 0.00000000000 0.00000000000 0.00000000000 0.00000000000 0.00000000000 0.00000000000 0.00000000000 0.00000000000 0.00000000000 0.00000000000 0.00000000000 0.00000000000 0.00000000000 0.00000000000 0.00000000000 0.00000000000 0.00000000000 0.00000000000 0.00000000000 0.00000000000 0.00000000000 0.00000000000 0.00000000000 0.00000000000 0.00000000000 0.00000000000 0.00000000000
# Linf_dev:
 0.00000000000 0.00000000000 0.00000000000 0.00000000000 0.00000000000 0.00000000000 0.00000000000 0.00000000000 0.00000000000 0.00000000000 0.00000000000 0.00000000000 0.00000000000 0.00000000000 0.00000000000 0.00000000000 0.00000000000 0.00000000000 0.00000000000 0.00000000000 0.00000000000 0.00000000000 0.00000000000 0.00000000000 0.00000000000 0.00000000000 0.00000000000 0.00000000000 0.00000000000 0.00000000000 0.00000000000 0.00000000000 0.00000000000 0.00000000000 0.00000000000 0.00000000000 0.00000000000 0.00000000000 0.00000000000 0.00000000000 0.00000000000 0.00000000000 0.00000000000 0.00000000000 0.00000000000 0.00000000000 0.00000000000 0.00000000000 0.00000000000 0.00000000000 0.00000000000 0.00000000000 0.00000000000 0.00000000000 0.00000000000 0.00000000000 0.00000000000 0.00000000000 0.00000000000 0.00000000000 0.00000000000 0.00000000000 0.00000000000 0.00000000000
# SelPars50:
2.21997033571
# SelPars95:
4.02943870192
# SelPars_dev50:
 0.00000000000 0.00000000000 0.00000000000 0.00000000000 0.00000000000 0.00000000000 0.00000000000 0.00000000000 0.00000000000 0.00000000000 0.00000000000 0.00000000000 0.00000000000 0.00000000000 0.00000000000 0.00000000000 0.00000000000 0.00000000000 0.00000000000 0.00000000000 0.00000000000 0.00000000000 0.00000000000 0.00000000000 0.00000000000 0.00000000000 0.00000000000 0.00000000000 0.00000000000 0.00000000000 0.00000000000 0.00000000000 0.00000000000 0.00000000000 0.00000000000 0.00000000000 0.00000000000 0.00000000000 0.00000000000 0.00000000000 0.00000000000 0.00000000000 0.00000000000 0.00000000000 0.00000000000 0.00000000000 0.00000000000 0.00000000000 0.00000000000 0.00000000000 0.00000000000 0.00000000000 0.00000000000 0.00000000000 0.00000000000 0.00000000000 0.00000000000 0.00000000000 0.00000000000 0.00000000000 0.00000000000 0.00000000000 0.00000000000 0.00000000000
# SelPars_dev95:
 0.00000000000 0.00000000000 0.00000000000 0.00000000000 0.00000000000 0.00000000000 0.00000000000 0.00000000000 0.00000000000 0.00000000000 0.00000000000 0.00000000000 0.00000000000 0.00000000000 0.00000000000 0.00000000000 0.00000000000 0.00000000000 0.00000000000 0.00000000000 0.00000000000 0.00000000000 0.00000000000 0.00000000000 0.00000000000 0.00000000000 0.00000000000 0.00000000000 0.00000000000 0.00000000000 0.00000000000 0.00000000000 0.00000000000 0.00000000000 0.00000000000 0.00000000000 0.00000000000 0.00000000000 0.00000000000 0.00000000000 0.00000000000 0.00000000000 0.00000000000 0.00000000000 0.00000000000 0.00000000000 0.00000000000 0.00000000000 0.00000000000 0.00000000000 0.00000000000 0.00000000000 0.00000000000 0.00000000000 0.00000000000 0.00000000000 0.00000000000 0.00000000000 0.00000000000 0.00000000000 0.00000000000 0.00000000000 0.00000000000 0.00000000000
