# Number of parameters = 159 Objective function value = 76775.6  Maximum gradient component = 0.000314057
# srv_sel50:
1.64220449092
# srv_sel95:
2.90203588111
# stNatLen:
 11.8467161283 11.6687570929 11.4177976153 11.2014577160 11.0161778877 10.8289660314 10.6186363529 10.3832518581 10.1326817286 9.87945850308 9.63376309160 9.40221300775 9.18840399585 8.99385620832 8.81883348442 8.66294325860 8.52552113006 8.40577625271 8.30293180198 8.21631153738 8.14529068670 8.08930914407 8.04789012450 8.02062361325 8.00709734003
# log_avg_fmort_dir:
-1.59564767366
# fmort_dir_dev:
 -2.03007323620 -2.04500289449 -1.50091081441 -1.10502877270 -0.872002899181 -0.678536069589 -0.464647681840 -0.292969306732 -0.220523107331 -0.108761782422 0.0714936193221 0.162182586276 0.261943976190 0.291588906560 0.393379871321 0.476642031306 0.309887545696 0.325760062540 0.279461727118 0.397922497501 0.335710639395 0.175715046358 0.196874231998 0.232132398428 0.234073556497 0.176050095028 0.123952653411 0.140331668387 0.234281151899 0.178005350603 0.117968344475 0.0731628827776 0.110219644406 0.151945306513 0.136612375870 0.153783503817 0.143991330875 0.0517374923636 0.186787878601 0.0604338875324 0.115015528230 0.100740286390 0.0627171146676 0.0784889902727 0.0548523002407 0.0742432243958 0.0778108127094 0.0296026325730 0.0398587186163 0.0298622868098 0.213797591160 -0.112249925418 0.144118059752 0.423283789031 0.215684486580 0.0556913720330 0.127095001021 -0.134960156202 0.0697935094320 0.319089977202 0.460777127329 0.298033551960 0.189111001550 0.201967021495
# mean_log_rec:
11.3166559326
# rec_dev:
 0.584523581725 0.553749068511 0.545812818627 0.541711721005 0.531247220751 0.503841915966 0.480820856931 0.461247533979 0.424710432455 0.393482643222 0.374171657262 0.347749186211 0.313204340699 0.268175087996 0.219802194220 0.176639219794 0.133972454817 0.0828730059959 0.0242113451316 -0.00436525195646 -0.00682148665639 -0.0361821195796 -0.0767207976920 -0.0965573430108 -0.126366395162 -0.132202413292 -0.133023866914 -0.142932146761 -0.160238882863 -0.172378405187 -0.193821807665 -0.224961675951 -0.262577455195 -0.287820010906 -0.199299498940 -0.136757131493 -0.147891207548 -0.168880641729 -0.165694479571 -0.161189068830 -0.189233150106 -0.195086218398 -0.190637647793 -0.177659612794 -0.166215317818 -0.153064658436 -0.126840298160 -0.111977074057 -0.104068835314 -0.131052980190 -0.153031821405 -0.149982997553 -0.146368105860 -0.157315101736 -0.169259478363 -0.180457168863 -0.206539367831 -0.223209497667 -0.200593976052 -0.181921725114 -0.166583275526 -0.135978367200 -0.154093772139 -0.154093750020
# log_avg_NatM:
-1.47890400000
# m_dev:
 0.00000000000 0.00000000000 0.00000000000 0.00000000000 0.00000000000 0.00000000000 0.00000000000 0.00000000000 0.00000000000 0.00000000000 0.00000000000 0.00000000000 0.00000000000 0.00000000000 0.00000000000 0.00000000000 0.00000000000 0.00000000000 0.00000000000 0.00000000000 0.00000000000 0.00000000000 0.00000000000 0.00000000000 0.00000000000 0.00000000000 0.00000000000 0.00000000000 0.00000000000 0.00000000000 0.00000000000 0.00000000000 0.00000000000 0.00000000000 0.00000000000 0.00000000000 0.00000000000 0.00000000000 0.00000000000 0.00000000000 0.00000000000 0.00000000000 0.00000000000 0.00000000000 0.00000000000 0.00000000000 0.00000000000 0.00000000000 0.00000000000 0.00000000000 0.00000000000 0.00000000000 0.00000000000 0.00000000000 0.00000000000 0.00000000000 0.00000000000 0.00000000000 0.00000000000 0.00000000000 0.00000000000 0.00000000000 0.00000000000 0.00000000000
# log_avg_GrowthK:
-1.60943800000
# log_avg_Linf:
4.88280200000
# GrowthK_dev:
 0.00000000000 0.00000000000 0.00000000000 0.00000000000 0.00000000000 0.00000000000 0.00000000000 0.00000000000 0.00000000000 0.00000000000 0.00000000000 0.00000000000 0.00000000000 0.00000000000 0.00000000000 0.00000000000 0.00000000000 0.00000000000 0.00000000000 0.00000000000 0.00000000000 0.00000000000 0.00000000000 0.00000000000 0.00000000000 0.00000000000 0.00000000000 0.00000000000 0.00000000000 0.00000000000 0.00000000000 0.00000000000 0.00000000000 0.00000000000 0.00000000000 0.00000000000 0.00000000000 0.00000000000 0.00000000000 0.00000000000 0.00000000000 0.00000000000 0.00000000000 0.00000000000 0.00000000000 0.00000000000 0.00000000000 0.00000000000 0.00000000000 0.00000000000 0.00000000000 0.00000000000 0.00000000000 0.00000000000 0.00000000000 0.00000000000 0.00000000000 0.00000000000 0.00000000000 0.00000000000 0.00000000000 0.00000000000 0.00000000000 0.00000000000
# Linf_dev:
 0.00000000000 0.00000000000 0.00000000000 0.00000000000 0.00000000000 0.00000000000 0.00000000000 0.00000000000 0.00000000000 0.00000000000 0.00000000000 0.00000000000 0.00000000000 0.00000000000 0.00000000000 0.00000000000 0.00000000000 0.00000000000 0.00000000000 0.00000000000 0.00000000000 0.00000000000 0.00000000000 0.00000000000 0.00000000000 0.00000000000 0.00000000000 0.00000000000 0.00000000000 0.00000000000 0.00000000000 0.00000000000 0.00000000000 0.00000000000 0.00000000000 0.00000000000 0.00000000000 0.00000000000 0.00000000000 0.00000000000 0.00000000000 0.00000000000 0.00000000000 0.00000000000 0.00000000000 0.00000000000 0.00000000000 0.00000000000 0.00000000000 0.00000000000 0.00000000000 0.00000000000 0.00000000000 0.00000000000 0.00000000000 0.00000000000 0.00000000000 0.00000000000 0.00000000000 0.00000000000 0.00000000000 0.00000000000 0.00000000000 0.00000000000
# SelPars50:
2.25245265386
# SelPars95:
4.12268634982
# SelPars_dev50:
 0.00000000000 0.00000000000 0.00000000000 0.00000000000 0.00000000000 0.00000000000 0.00000000000 0.00000000000 0.00000000000 0.00000000000 0.00000000000 0.00000000000 0.00000000000 0.00000000000 0.00000000000 0.00000000000 0.00000000000 0.00000000000 0.00000000000 0.00000000000 0.00000000000 0.00000000000 0.00000000000 0.00000000000 0.00000000000 0.00000000000 0.00000000000 0.00000000000 0.00000000000 0.00000000000 0.00000000000 0.00000000000 0.00000000000 0.00000000000 0.00000000000 0.00000000000 0.00000000000 0.00000000000 0.00000000000 0.00000000000 0.00000000000 0.00000000000 0.00000000000 0.00000000000 0.00000000000 0.00000000000 0.00000000000 0.00000000000 0.00000000000 0.00000000000 0.00000000000 0.00000000000 0.00000000000 0.00000000000 0.00000000000 0.00000000000 0.00000000000 0.00000000000 0.00000000000 0.00000000000 0.00000000000 0.00000000000 0.00000000000 0.00000000000
# SelPars_dev95:
 0.00000000000 0.00000000000 0.00000000000 0.00000000000 0.00000000000 0.00000000000 0.00000000000 0.00000000000 0.00000000000 0.00000000000 0.00000000000 0.00000000000 0.00000000000 0.00000000000 0.00000000000 0.00000000000 0.00000000000 0.00000000000 0.00000000000 0.00000000000 0.00000000000 0.00000000000 0.00000000000 0.00000000000 0.00000000000 0.00000000000 0.00000000000 0.00000000000 0.00000000000 0.00000000000 0.00000000000 0.00000000000 0.00000000000 0.00000000000 0.00000000000 0.00000000000 0.00000000000 0.00000000000 0.00000000000 0.00000000000 0.00000000000 0.00000000000 0.00000000000 0.00000000000 0.00000000000 0.00000000000 0.00000000000 0.00000000000 0.00000000000 0.00000000000 0.00000000000 0.00000000000 0.00000000000 0.00000000000 0.00000000000 0.00000000000 0.00000000000 0.00000000000 0.00000000000 0.00000000000 0.00000000000 0.00000000000 0.00000000000 0.00000000000
