#Simulated generalized assessment 
# 
#start/end year 
5 68 
#number of ages 
25 
#ages 
1 2 3 4 5 6 7 8 9 10 11 12 13 14 15 16 17 18 19 20 21 22 23 24 25 
#Number of length bins 
25 
#CPUE years 
64 
#years for CPUE 
5 6 7 8 9 10 11 12 13 14 15 16 17 18 19 20 21 22 23 24 25 26 27 28 29 30 31 32 33 34 35 36 37 38 39 40 41 42 43 44 45 46 47 48 49 50 51 52 53 54 55 56 57 58 59 60 61 62 63 64 65 66 67 68 
#survey years 
64 
#years for survey 
5 6 7 8 9 10 11 12 13 14 15 16 17 18 19 20 21 22 23 24 25 26 27 28 29 30 31 32 33 34 35 36 37 38 39 40 41 42 43 44 45 46 47 48 49 50 51 52 53 54 55 56 57 58 59 60 61 62 63 64 65 66 67 68 
#length freq from catch years 
64 
#years for length freq catch 
5 6 7 8 9 10 11 12 13 14 15 16 17 18 19 20 21 22 23 24 25 26 27 28 29 30 31 32 33 34 35 36 37 38 39 40 41 42 43 44 45 46 47 48 49 50 51 52 53 54 55 56 57 58 59 60 61 62 63 64 65 66 67 68 
#catch length sample sizes 
200 200 200 200 200 200 200 200 200 200 200 200 200 200 200 200 200 200 200 200 200 200 200 200 200 200 200 200 200 200 200 200 200 200 200 200 200 200 200 200 200 200 200 200 200 200 200 200 200 200 200 200 200 200 200 200 200 200 200 200 200 200 200 200 
#length freq from survey years 
64 
#years for length freq survey 
5 6 7 8 9 10 11 12 13 14 15 16 17 18 19 20 21 22 23 24 25 26 27 28 29 30 31 32 33 34 35 36 37 38 39 40 41 42 43 44 45 46 47 48 49 50 51 52 53 54 55 56 57 58 59 60 61 62 63 64 65 66 67 68 
#survey sample sizes 
200 200 200 200 200 200 200 200 200 200 200 200 200 200 200 200 200 200 200 200 200 200 200 200 200 200 200 200 200 200 200 200 200 200 200 200 200 200 200 200 200 200 200 200 200 200 200 200 200 200 200 200 200 200 200 200 200 200 200 200 200 200 200 200 
#total survey biomass 
4496495 2085147 2816390 1531134 2115036 1858564 1169630 1440944 1039241 982028.6 1190535 697044.9 721500.3 613903.1 666010.1 663894.7 523383.2 757418.3 537765.6 431557.4 565665.8 466740.3 553028.3 405256.3 583863.1 437676.7 492644.5 563338.5 497617.7 808527.1 729737.8 403745.5 437129.8 480826.7 545726.2 540963.9 738891.9 615676.2 331010.8 594613.7 659050.3 610684.1 480903.7 530530.8 947811.9 662544.2 445752.2 528641.4 580172.1 459671.3 454155.9 595505.5 770691.2 669305.4 605677 719183.5 544257.5 610150.3 613372.4 690384.9 569067.6 718584.2 682222 761054.2 
#survey CV 
0.2 0.2 0.2 0.2 0.2 0.2 0.2 0.2 0.2 0.2 0.2 0.2 0.2 0.2 0.2 0.2 0.2 0.2 0.2 0.2 0.2 0.2 0.2 0.2 0.2 0.2 0.2 0.2 0.2 0.2 0.2 0.2 0.2 0.2 0.2 0.2 0.2 0.2 0.2 0.2 0.2 0.2 0.2 0.2 0.2 0.2 0.2 0.2 0.2 0.2 0.2 0.2 0.2 0.2 0.2 0.2 0.2 0.2 0.2 0.2 0.2 0.2 0.2 0.2 
#total CPUE 
2417245 2301487 1791343 2466787 1734829 1574786 1983344 1185584 1161628 1000882 858508.5 886508 712585.7 774452.3 701332.6 468545.4 568504.3 432565.6 560605.6 514051.8 494044.8 525967 553642 354642.7 674421.8 451067.6 514507.3 502353.7 500857.8 686692 595708 589134.8 552207.8 356308.2 488571 519015.3 564098.4 520592.1 558815.7 622661.2 518491.7 545771.8 513863.3 744887.2 386543.8 560221.4 642147.9 563320.1 532871.6 670820.1 463951.8 799827.1 406611.4 447224.4 558876.6 632656.6 677984.6 392789.1 606500.4 678135.7 453874.8 497711.8 590963.1 582153.9 
#CPUE CV 
0.2 0.2 0.2 0.2 0.2 0.2 0.2 0.2 0.2 0.2 0.2 0.2 0.2 0.2 0.2 0.2 0.2 0.2 0.2 0.2 0.2 0.2 0.2 0.2 0.2 0.2 0.2 0.2 0.2 0.2 0.2 0.2 0.2 0.2 0.2 0.2 0.2 0.2 0.2 0.2 0.2 0.2 0.2 0.2 0.2 0.2 0.2 0.2 0.2 0.2 0.2 0.2 0.2 0.2 0.2 0.2 0.2 0.2 0.2 0.2 0.2 0.2 0.2 0.2 
#total catch biomass 
234633.1 272345.1 260358 303335.9 307481.8 293669.1 280312.1 286101.4 249582.1 260194.8 255272.5 203863.1 171356.7 185654.7 149510.6 130972.8 126719.4 123204.2 122441.1 97353.38 118913.8 113051.9 114460 103344.7 94994.77 110364.8 98021.95 102190.4 94662.54 92704.65 96986.73 91267.55 91509.2 89316.55 88334.42 82408.6 86507.01 86576.39 85862.25 88660.46 90862.41 86236.32 93523.59 99738.26 98071.8 93295.75 107271.3 84543.52 90073.03 87248.12 87945.76 67939.89 105388.4 105019 85161.38 89571.51 111466.5 96011.04 56272.38 90104.02 110886.3 62544.8 85197.51 100470.5 
#catch CV 
0.05 0.05 0.05 0.05 0.05 0.05 0.05 0.05 0.05 0.05 0.05 0.05 0.05 0.05 0.05 0.05 0.05 0.05 0.05 0.05 0.05 0.05 0.05 0.05 0.05 0.05 0.05 0.05 0.05 0.05 0.05 0.05 0.05 0.05 0.05 0.05 0.05 0.05 0.05 0.05 0.05 0.05 0.05 0.05 0.05 0.05 0.05 0.05 0.05 0.05 0.05 0.05 0.05 0.05 0.05 0.05 0.05 0.05 0.05 0.05 0.05 0.05 0.05 0.05 
#Length Bins 
2.752644 8.257932 13.76322 19.26851 24.7738 30.27908 35.78437 41.28966 46.79495 52.30024 57.80552 63.31081 68.8161 74.32139 79.82667 85.33196 90.83725 96.34254 101.8478 107.3531 112.8584 118.3637 123.869 129.3743 134.8796 
#catch length counts 
104.0299 169.5279 256.8066 367.1428 500.82 655.3286 823.7305 995.3243 1158.47 1303.377 1423.437 1515.624 1580.646 1622.623 1647.895 1663.298 1674.351 1683.258 1686.523 1672.946 1624.158 1520.085 1349.027 1117.422 852.0897 
126.7183 206.3967 312.4311 446.2277 607.9225 794.1899 996.2693 1200.815 1393.39 1561.892 1698.175 1798.525 1863.878 1899.503 1913.64 1915.408 1912.525 1908.797 1901.23 1877.687 1817.54 1697.936 1505.234 1246.052 949.8595 
146.0776 237.8337 359.807 513.4673 698.7461 911.5039 1141.274 1372.297 1587.627 1773.142 1919.425 2022.254 2082.796 2107.215 2105.166 2087.527 2063.937 2040.047 2014.296 1975.189 1901.791 1770.226 1565.719 1294.332 985.869 
164.9496 268.469 405.9508 578.9076 787.0397 1025.367 1281.697 1537.838 1774.318 1974.98 2129.133 2232.07 2285.223 2295.655 2274.329 2233.631 2184.812 2135.245 2085.141 2024.615 1933.871 1789.457 1576.299 1299.639 988.2805 
183.1943 298.0696 450.4986 642.0071 872.0294 1134.717 1416.142 1695.709 1951.472 2165.308 2325.321 2426.373 2470.181 2464.682 2422.065 2356.046 2279.23 2200.472 2121.765 2035.36 1923.686 1765.073 1545.149 1268.434 961.7602 
202.7652 329.7185 497.9286 708.8565 961.592 1249.34 1556.35 1859.52 2134.347 2360.71 2525.538 2623.348 2656.258 2633.178 2567.572 2474.452 2367.637 2257.262 2146.977 2031.3 1895.428 1720.321 1493.126 1217.977 919.3598 
218.1376 354.6324 535.3443 761.6501 1032.243 1339.342 1665.443 1985.191 2271.942 2504.103 2667.958 2758.103 2777.282 2735.379 2646.932 2527.9 2392.877 2252.819 2112.695 1969.29 1811.05 1622.443 1392.993 1126.711 845.1063 
231.9961 376.9286 568.5244 807.9965 1093.659 1416.915 1758.809 2092.031 2387.958 2623.491 2784.167 2864.64 2868.418 2806.607 2695.046 2550.745 2388.992 2221.325 2053.698 1884.848 1706.322 1506.195 1276.629 1021.747 760.0749 
239.203 388.5452 585.8202 832.0802 1125.263 1456.049 1804.371 2141.612 2438.026 2669.869 2822.559 2891.042 2879.414 2799.564 2668.178 2502.996 2319.815 2130.578 1941.976 1754.398 1562.228 1357.003 1133.509 895.9628 659.7703 
253.1387 411.2089 620.0036 880.5441 1190.417 1539.345 1905.518 2258.036 2564.941 2800.915 2950.688 3009.384 2981.983 2881.724 2726.782 2536.23 2326.899 2111.562 1897.855 1687.644 1477.566 1261.849 1037.35 808.4643 588.2863 
259.9848 422.0019 635.6291 901.6256 1217.237 1571.695 1942.456 2297.666 2604.397 2836.591 2978.652 3025.858 2983.805 2866.673 2693.67 2484.749 2257.357 2024.723 1795.102 1571.557 1352.703 1135.152 917.5201 704.1029 505.492 
258.7374 420.0014 632.6034 897.1567 1210.597 1561.681 1927.332 2275.324 2572.72 2793.865 2923.837 2958.601 2904.263 2775.309 2591.123 2371.787 2134.858 1893.732 1657.08 1428.905 1209.416 997.1242 791.9415 597.8094 422.895 
242.4712 393.6092 592.872 840.8306 1134.578 1463.472 1805.658 2130.545 2406.739 2609.671 2725.043 2749.157 2688.237 2556.59 2373.088 2157.049 1925.229 1690.426 1461.174 1242.001 1034.296 837.9972 653.8609 485.2165 337.8931 
229.8219 373.182 562.3119 797.8381 1077.072 1389.94 1715.668 2025.107 2288.222 2481.301 2590.233 2610.937 2548.899 2417.614 2235.306 2020.931 1791.127 1558.761 1332.65 1117.921 916.8991 730.5405 560.1498 408.5616 279.9139 
215.2923 349.4121 526.1794 746.1167 1006.752 1298.857 1603.299 1893.086 2140.216 2322.341 2425.851 2446.36 2388.389 2264.026 2089.993 1884.018 1662.032 1436.753 1217.326 1009.579 816.7612 640.7073 483.141 346.4705 233.5074 
200.008 324.6115 488.8354 693.1518 935.2381 1206.494 1489.156 1758.238 1987.927 2157.7 2255.058 2275.825 2223.783 2109.516 1947.867 1754.793 1544.918 1330.316 1120.153 920.8363 736.5179 569.9238 423.2567 298.6959 198.1103 
195.5666 317.2075 477.3251 676.2807 911.7939 1175.589 1450.549 1712.528 1936.489 2102.464 2198.256 2219.763 2170.596 2060.853 1904.595 1716.823 1511.276 1299.467 1090.516 891.3254 706.9403 541.0729 396.6263 275.9046 180.2802 
186.1993 301.7498 453.5514 641.7427 864.001 1112.427 1370.877 1616.677 1826.427 1981.6 2071.006 2090.994 2045.014 1942.463 1796.327 1620.368 1427.086 1226.923 1028.276 837.8323 660.9303 501.887 364.1751 250.3135 161.4296 
178.8916 289.9962 436.0342 617.1433 831.0112 1069.857 1317.909 1553.17 1753.124 1900.176 1983.976 2001.465 1956.314 1857.709 1718.059 1550.307 1366.045 1174.84 984.3878 800.9826 629.9592 475.9563 342.8799 233.5294 149.0102 
172.4293 279.4152 419.9419 594.1167 799.7593 1029.509 1268.339 1495.138 1688.112 1830.035 1910.64 1926.857 1882.366 1786.36 1651.155 1489.422 1312.282 1128.688 945.6989 769.0982 603.9675 454.9753 326.2398 220.7734 139.7499 
169.4523 274.5224 412.452 583.2871 784.8378 1009.864 1243.66 1465.624 1654.542 1793.679 1873.013 1889.409 1846.22 1752.226 1619.444 1460.438 1286.335 1106.051 926.4855 753.1638 590.943 444.4092 317.7536 214.1265 134.7883 
165.8457 268.6019 403.4065 570.245 766.9301 986.3656 1214.191 1430.31 1614.064 1749.211 1826.108 1841.83 1799.71 1708.258 1579.041 1424.151 1254.364 1078.411 903.0919 733.8426 575.3994 432.237 308.4928 207.3245 130.0224 
156.3018 253.2048 380.3944 537.8921 723.6472 930.9422 1146.175 1350.322 1523.842 1651.392 1723.885 1738.603 1698.753 1612.423 1490.546 1344.498 1184.369 1018.325 852.7522 692.7997 542.9825 407.5768 290.5436 194.9158 121.9409 
155.172 251.4212 377.8156 534.4404 719.3427 925.9442 1140.811 1345.067 1519.214 1647.818 1721.589 1737.581 1698.828 1613.332 1492.019 1346.304 1186.323 1020.263 854.5248 694.2707 544.0541 408.2134 290.781 194.8514 121.7042 
150.5987 243.8785 366.2387 517.7003 696.3789 896.0143 1103.797 1301.665 1470.896 1596.57 1669.583 1686.858 1651.048 1569.638 1453.03 1312.221 1157.078 995.6411 834.2286 677.9488 531.3067 398.5982 283.8235 190.0595 118.5902 
149.4214 241.9487 363.2871 513.4194 690.4251 888.0438 1093.552 1289.1 1456.292 1580.596 1653.237 1671.29 1637.303 1558.422 1444.598 1306.41 1153.439 993.6121 833.2657 677.6053 531.2572 398.6332 283.832 190.0065 118.4892 
145.6518 235.8508 354.1439 500.5212 673.1165 865.8274 1066.238 1256.917 1419.897 1541 1611.727 1629.361 1596.555 1520.384 1410.515 1277.061 1129.081 974.0383 817.9677 665.9417 522.5826 392.3636 279.4593 187.0904 116.6484 
143.8212 232.9493 349.9104 494.7464 665.6582 856.6398 1055.419 1244.742 1406.789 1527.458 1598.241 1616.36 1584.409 1509.437 1401.104 1269.485 1123.519 970.469 816.1335 665.4073 522.8494 392.9869 280.1235 187.6267 117.0073 
138.8885 224.8983 337.7121 477.3626 642.1586 826.4191 1018.462 1201.772 1359.199 1477.043 1546.905 1565.879 1536.28 1464.802 1360.751 1233.917 1093.015 945.1081 795.7829 649.706 511.2358 384.7722 274.5839 184.0815 114.8681 
139.3938 225.783 339.164 479.6054 645.4208 830.8856 1024.24 1208.907 1367.734 1487.078 1558.576 1579.266 1551.283 1481.079 1377.756 1251.002 1109.564 960.6163 809.8705 662.0908 521.7071 393.2021 280.9703 188.5822 117.7887 
139.0045 225.0925 338.022 477.846 642.9105 827.5916 1020.283 1204.558 1363.347 1483.014 1555.167 1576.828 1550.131 1481.481 1379.842 1254.689 1114.55 966.4492 816.0532 668.1595 527.2741 397.9772 284.7802 191.3871 119.678 
130.2313 210.9441 316.8836 448.133 603.1549 776.6618 957.7437 1130.988 1280.418 1393.3 1461.803 1483.119 1459.179 1395.901 1301.611 1185.121 1054.34 915.7571 774.6003 635.3372 502.2356 379.7014 272.1215 183.1402 114.6685 
153.8389 243.43 354.8652 484.7575 629.9488 786.5141 947.331 1101.328 1235.598 1338.528 1401.928 1422.02 1399.743 1340.2 1251.056 1140.58 1016.23 884.1265 749.1935 615.6565 487.6016 369.3172 265.139 178.7261 112.0664 
158.3248 255.0886 380.0746 531.0674 702.8835 885.2628 1061.989 1214.427 1328.128 1397.24 1423.554 1412.401 1369.418 1299.727 1208.319 1100.313 980.7597 854.3184 725.1277 596.9897 473.7421 359.5225 258.5946 174.622 109.6692 
158.2697 255.3544 381.5938 536.1399 716.072 913.7907 1114.543 1297.666 1441.874 1531.291 1559.215 1529.005 1452.315 1344.917 1221.538 1092.286 962.1783 832.9748 705.4418 580.838 461.5063 350.8506 252.8344 171.0493 107.6121 
159.4526 257.125 384.0018 539.237 720.1433 919.8198 1124.872 1316.55 1475.252 1585.029 1635.868 1624.625 1555.777 1441.164 1297.372 1141.227 985.6292 837.689 699.5915 571.0681 451.8697 343.1404 247.4177 167.6089 105.6164 
155.8946 251.3053 375.1422 526.4976 702.6721 896.9121 1096.287 1282.964 1438.768 1549.534 1606.803 1607.687 1554.591 1454.953 1320.307 1164.44 1000.984 841.0547 691.723 556.043 434.5578 327.2814 234.9379 158.8886 100.1215 
157.1006 253.2471 378.0307 530.5186 707.9553 903.4802 1104.005 1291.55 1447.932 1559.268 1617.768 1621.472 1573.502 1481.092 1354.133 1203.651 1040.727 875.6659 717.0741 571.0152 440.8605 328.0476 233.1822 156.6356 98.3153 
155.9057 251.2277 374.8403 525.762 701.2361 894.4868 1092.604 1277.829 1432.18 1541.938 1599.509 1603.268 1556.833 1467.906 1346.424 1202.628 1045.96 884.8665 726.8685 578.3752 444.2984 327.8651 230.7975 153.6099 95.6972 
157.2956 253.4742 378.1967 530.4552 707.4264 902.2082 1101.707 1287.977 1442.919 1552.81 1610.15 1613.468 1566.605 1477.577 1356.661 1214.263 1059.546 900.1583 742.6257 592.7399 455.605 335.3579 234.8057 155.1606 95.92694 
158.1268 254.8722 380.3935 533.713 712.0039 908.2951 1109.342 1296.987 1452.916 1563.253 1620.45 1623.116 1575.296 1485.296 1363.715 1221.219 1067.045 908.6089 751.9042 602.114 464.0044 341.8687 239.0709 157.44 96.84271 
161.106 259.6212 387.3862 543.3848 724.7497 924.4351 1129.032 1320.114 1479.027 1591.563 1649.909 1652.545 1603.561 1511.503 1387.354 1242.21 1085.658 925.2715 766.9373 615.5338 475.5124 351.0618 245.7385 161.7448 99.27826 
160.3982 258.5474 385.9039 541.4797 722.4021 921.5831 1125.565 1315.916 1474.053 1585.9 1643.773 1646.21 1597.267 1505.401 1381.528 1236.763 1080.791 921.2776 764.1038 613.9834 475.0985 351.3993 246.3633 162.2991 99.60486 
161.6544 260.5219 388.7628 545.3697 727.472 927.9957 1133.468 1325.367 1484.941 1597.9 1656.384 1658.859 1609.432 1516.692 1391.7 1245.696 1088.475 927.8123 769.6711 618.7806 479.2497 354.9125 249.1707 164.3506 100.9428 
159.777 257.5833 384.5374 539.684 720.183 918.9777 1122.646 1312.788 1470.844 1582.728 1640.723 1643.316 1594.521 1502.761 1378.95 1234.235 1078.375 919.14 762.4922 613.1309 475.0903 352.0926 247.4311 163.3775 100.4433 
161.8757 260.979 389.6391 546.9195 729.9929 931.7717 1138.705 1332.147 1493.208 1607.466 1666.947 1670.025 1620.759 1527.732 1402.051 1255.044 1096.63 934.7302 775.4487 623.6046 483.3121 358.3319 251.9693 166.5025 102.4509 
175.0271 282.0459 420.8279 590.2608 787.2227 1004.061 1226.228 1433.747 1606.413 1728.843 1792.556 1795.826 1742.957 1643.085 1508.076 1350.078 1179.753 1005.635 834.3093 670.982 520.0939 385.6885 271.3035 179.3687 110.4359 
138.4444 223.2519 333.3972 468.0861 624.8647 797.5817 974.5263 1139.658 1276.815 1373.765 1423.855 1425.858 1383.345 1303.677 1196.312 1070.861 935.7311 797.6373 661.7709 532.2495 412.5947 306.0132 215.3058 142.3923 87.70667 
148.6424 239.8951 358.6604 504.2974 674.4046 862.5796 1056.349 1238.404 1391.048 1500.552 1559.048 1564.584 1520.631 1435.068 1318.289 1180.989 1032.576 880.586 730.8432 587.9632 455.8862 338.1915 237.9977 157.4397 97.00511 
153.5677 247.4928 369.3681 518.3512 691.9527 883.8282 1081.624 1268.092 1425.463 1539.773 1602.769 1611.997 1570.411 1485.5 1367.511 1227.272 1074.546 917.3305 761.906 613.2775 475.6971 352.9929 248.4768 164.4115 101.3264 
151.7459 244.6102 365.1309 512.4135 683.8233 872.804 1066.856 1248.843 1401.5 1511.718 1572.185 1581.099 1541.514 1460.436 1347.271 1211.962 1063.601 909.8471 756.943 610.043 473.6109 351.6649 247.6526 163.9218 101.0533 
95.42438 154.0455 230.3886 324.08 433.6177 554.9272 680.0331 797.8596 897.0974 969.006 1008.623 1014.755 989.5827 937.9351 866.0648 780.3132 686.2571 588.4891 490.7884 396.4052 308.2992 229.2262 161.5843 107.0262 66.01109 
181.4418 292.75 437.5791 615.2306 823.0401 1053.696 1292.657 1519.458 1712.872 1856.014 1938.618 1957.241 1914.912 1820.144 1684.78 1521.31 1340.884 1152.587 963.7011 780.4088 608.4458 453.3524 320.1189 212.3063 131.0685 
157.1581 252.7869 376.3131 526.5113 700.5952 892.1111 1088.81 1273.767 1429.766 1543.581 1607.694 1620.105 1583.714 1505.418 1394.5 1260.713 1112.862 958.2467 802.7908 651.5284 509.1422 380.23 269.0492 178.756 110.5151 
134.0894 216.5703 324.039 455.8694 609.6444 779.1141 952.5017 1113.972 1247.981 1343.255 1394.139 1400.056 1364.572 1294.348 1197.623 1082.595 956.3654 824.6778 692.1993 562.9978 440.9846 330.11 234.1202 155.8771 96.54806 
151.9886 245.221 366.5285 515.33 689.3879 882.5153 1082.327 1271.262 1430.953 1546.756 1610.058 1618.742 1576.787 1492.919 1378.161 1243.211 1096.819 945.5085 794.159 646.8689 507.6806 380.8908 270.7613 180.6774 112.1408 
186.9324 301.164 449.2561 630.0629 840.4232 1072.531 1311.412 1536.373 1726.34 1864.962 1942.632 1956.374 1909.436 1810.545 1672.031 1507.116 1327.56 1142.494 958.4952 780.5 612.9432 460.4935 327.9488 219.2866 136.3854 
167.218 269.4165 401.8741 563.4375 750.9904 957.0727 1167.703 1363.914 1526.842 1642.552 1703.816 1709.621 1664.146 1575.525 1454.072 1310.343 1153.779 992.1142 831.3673 676.2308 530.7178 398.7422 284.1877 190.2734 118.534 
88.68335 143.4016 214.9105 302.9819 406.2196 520.644 638.4694 748.9599 841.2439 907.0338 941.7964 944.7374 918.388 867.8252 799.3808 719.2605 632.6791 543.6728 455.3266 370.1277 290.299 218.0147 155.3757 104.0761 64.89417 
149.1377 240.9085 360.6811 508.2142 681.7087 875.5122 1077.836 1271.624 1438.634 1563.681 1636.866 1654.27 1618.084 1535.893 1418.649 1278.036 1124.406 965.8911 808.5218 656.8975 514.9758 386.5938 275.4518 184.5073 115.0807 
182.766 294.0471 437.9124 613.1029 816.6642 1041.519 1273.956 1494.794 1684.241 1826.603 1912.122 1936.829 1902.231 1814.869 1685.012 1524.619 1345.412 1157.618 969.4884 787.5103 617.0442 462.9494 329.6982 220.777 137.6921 
97.31614 157.0674 234.8074 330.0302 440.9919 563.2694 688.5364 805.5922 903.4578 974.1943 1013.81 1021.773 1000.262 953.4206 886.4292 804.6116 712.9225 615.8269 517.3324 421.0336 330.1833 247.762 176.4071 118.088 73.62752 
140.5608 227.2686 340.6232 480.4133 644.7537 827.8504 1017.938 1198.376 1351.867 1464.715 1528.922 1542.491 1508.961 1436.067 1333.443 1210.277 1074.048 930.5568 784.6448 640.9098 504.082 378.989 270.1256 180.8982 112.795 
163.1177 262.701 391.7756 549.4882 733.4753 937.5937 1149.543 1351.767 1525.741 1656.355 1733.992 1754.949 1721.43 1640.89 1524.105 1382.512 1226.05 1062.291 896.8028 734.1802 579.0602 436.5529 311.849 209.164 130.5401 
#survey length counts 
1954.23 3200.796 4868.202 6961.617 9431.305 12133.52 14822.45 17213.86 19091.55 20376.57 21115.57 21420.68 21417.48 21222.65 20938.45 20648.71 20410.3 20236.83 20073.8 19776.09 19114.81 17842 15809.46 13083.62 9971.916 
1931.389 3163.351 4810.932 6878.496 9315.308 11976.63 14615.9 16948.21 18756.49 19960.48 20605.37 20801.92 20674.6 20339.33 19898.65 19438.97 19023.57 18677.58 18364.11 17961.58 17268.2 16059.71 14197.38 11733.19 8935.438 
1902.507 3116.227 4739.386 6775.791 9174.182 11789.63 14375.87 16648.44 18389.99 19518.98 20078.67 20178.04 19940.2 19480.07 18899.32 18284.27 17700.61 17181.32 16705.71 16178.05 15428.91 14263.94 12558.39 10351.17 7869.939 
1867.057 3058.443 4651.826 6650.556 9003.174 11565.24 14091.93 16300.52 17974.53 19031.8 19513.8 19527.43 19194.02 18626.92 17926.23 17176.83 16444.46 15766.63 15135.59 14479.79 13663.24 12524.93 10958.47 8993.181 6817.63 
1828.472 2994.805 4554.052 6508.727 8807.221 11306.34 13764.11 15901.21 17503.47 18488.87 18897.41 18833.98 18418.05 17761.26 16961.7 16101.97 15246.3 14434.1 13667.18 12894.74 12012.09 10891.71 9447.97 7704.418 5814.383 
1782.458 2919.977 4440.99 6347.515 8587.756 11019.27 13402.25 15460.59 16982.99 17889.14 18219.53 18078.84 17585.89 16851.08 15970.39 15023.52 14071.94 13154.81 12280.16 11413.85 10478.52 9377.673 8046.682 6506.255 4879.131 
1734.819 2841.28 4319.933 6171.938 8345.801 10701.48 13003.81 14981.86 16427.73 17261.52 17522.09 17312.46 16750.86 15947.75 14998.84 13982.36 12957.45 11962.08 11007.93 10073.26 9102.825 8026.624 6799.003 5439.584 4045.624 
1683.017 2756.633 4191.346 5987.719 8094.399 10373.11 12592.6 14487.12 15853.27 16613.52 16807 16535.7 15916.47 15058.49 14056.37 12987.14 11908.57 10858.08 9849.988 8871.789 7885.359 6841.853 5711.256 4512.616 3322.244 
1621.683 2657.691 4043.589 5780.422 7818.148 10021.33 12163.4 13983.93 15283.25 15984.62 16125.76 15806.74 15143.1 14243.4 13201.7 12094.19 10977.68 9889.315 8845.805 7841.91 6852.673 5845.453 4802.155 3741.053 2721.546 
1560.52 2556.353 3887.281 5553.427 7505.873 9613.791 11658.78 13389.66 14613.24 15254.4 15348.53 14992.04 14297.61 13372.13 12308.81 11183.09 10050.89 8948.939 7895.468 6890.622 5919.418 4961.455 4007.341 3073.891 2206.243 
1494.824 2449.502 3725.969 5324.108 7195.783 9213.082 11163.38 12803.09 13946 14521.32 14565.66 14174.41 13457.75 12519.52 11449.99 10322.35 9191.095 8092.548 7046.29 6056.624 5115.949 4212.676 3343.274 2522.563 1783.984 
1429.554 2342.341 3562.557 5089.88 6877.982 8804.058 10663.89 12223.07 13301.53 13829.62 13841.37 13428.69 12699.34 11755.86 10687.45 9566.008 8444.591 7358.702 6328.612 5361.667 4455.693 3605.351 2810.882 2084.876 1451.423 
1365.98 2238.728 3406.019 4867.932 6580.435 8426.098 10209.31 11705.23 12740.53 13246.9 13254.68 12849.45 12132.6 11201.97 10144.33 9031.13 7916.308 6836.871 5815.217 4861.88 3979.081 3166.065 2425.583 1768.255 1211.081 
1312.088 2148.938 3266.776 4665.034 6301.572 8064.948 9769.564 11201.73 12196.14 12686.68 12700.46 12316.83 11630.13 10731.71 9703.277 8613.288 7514.99 6446.799 5434.088 4491.443 3625.689 2840.224 2139.877 1533.718 1033.314 
1264.904 2071.279 3147.954 4494.003 6068.451 7763.7 9401.083 10775.47 11729.02 12199.77 12215.13 11851.42 11197.73 10338.85 9349.984 8294.37 7222.246 6171.609 5169.852 4235.488 3380.222 2611.953 1938.045 1366.923 906.289 
1227.416 2008.676 3050.609 4351.758 5872.436 7509.257 9090.624 10419.3 11343.22 11802.36 11822.79 11477.88 10853.27 10030.01 9079.083 8059.293 7017.007 5987.914 4999.415 4072.451 3222.914 2463.251 1804.026 1254.211 819.2185 
1201.586 1964.344 2979.369 4243.8 5717.945 7300.935 8826.459 10104.06 10987.84 11421.74 11433.22 11094.94 10490.25 9696.917 8782.099 7800.612 6794.987 5797.69 4834.228 3925.644 3090.002 2343.131 1698.666 1166.889 752.2551 
1177.418 1925.278 2920.82 4161.182 5606.898 7157.931 8649.782 9894.696 10749.75 11161.57 11159.68 10817.98 10220.05 9442.724 8551.16 7597.39 6620.813 5650.853 4710.633 3820.1 2997.895 2261.835 1627.96 1108.129 706.8065 
1158.806 1893.878 2871.469 4088.411 5506.089 7027.043 8490.806 9713.622 10554.69 10960.15 10957.36 10618.2 10025.5 9256.529 8377.19 7439.639 6482.335 5532.831 4612.041 3738.149 2929.139 2203.458 1578.566 1067.628 675.5539 
1144.906 1870.634 2835.211 4035.106 5431.902 6929.378 8369.526 9571.791 10398.31 10796.94 10795.04 10462.92 9880.925 9123.953 8256.531 7330.679 6385.371 5448.469 4540.475 3678.613 2879.99 2162.815 1545.027 1040.553 654.7595 
1135.102 1853.944 2808.645 3995.242 5375.381 6853.758 8274.194 9458.402 10270.52 10659.67 10653.83 10323.3 9747.862 9001.203 8146.175 7233.221 6300.342 5375.125 4478.14 3626.595 2837.363 2128.421 1517.713 1019.397 639.0676 
1126.585 1840.03 2787.522 3965.039 5334.331 6800.538 8208.364 9380.703 10182.82 10564.69 10554.71 10223.38 9650.439 8909.262 8062.114 7158.569 6235.652 5320.121 4432.054 3588.488 2806.296 2103.506 1498.141 1004.465 628.1627 
1118.708 1827.493 2769.217 3940.275 5303.151 6764.099 8169.189 9342.45 10149.43 10539.23 10538.58 10216.22 9650.639 8914.762 8070.974 7169.249 6247.003 5331.232 4442.122 3596.817 2812.4 2107.22 1499.672 1004.34 627.0726 
1116.778 1823.061 2760.166 3923.865 5276.717 6726.163 8120.461 9286.105 10090.44 10483.1 10490.05 10178.41 9624.704 8900.011 8065.423 7170.344 6252.25 5338.563 4449.974 3604.064 2818.29 2111.362 1502.044 1005.242 626.9958 
1118.391 1825.451 2763.268 3927.311 5279.744 6727.604 8118.935 9280.518 10080.71 10470.75 10478.23 10171.08 9625.4 8910.673 8085.891 7198.603 6285.181 5372.803 4482.586 3632.889 2842.032 2129.545 1514.896 1013.531 631.8047 
1121.463 1830.281 2770.234 3936.657 5291.538 6741.665 8134.718 9297.051 10096.71 10485.01 10490.15 10181.16 9635.375 8923.033 8102.979 7221.641 6313.75 5404.981 4515.604 3663.941 2868.922 2151.016 1530.674 1024.15 638.3019 
1123.949 1834.723 2777.695 3948.467 5309.131 6766.262 8166.995 9336.944 10143.44 10537.22 10546.13 10239.06 9693.525 8980.362 8159.191 7277.001 6368.5 5458.718 4567.005 3711.012 2909.614 2183.888 1555.296 1041.135 649.0257 
1130.828 1845.09 2791.848 3966.342 5330.615 6791.613 8197.057 9372.987 10186.69 10588.32 10604.77 10303.92 9762.569 9051.246 8229.752 7345.606 6434.108 5520.621 4624.416 3762.795 2954.388 2220.462 1583.165 1060.744 661.6626 
1137.436 1856.426 2810.01 3993.673 5369.254 6842.834 8260.754 9447.773 10270.69 10680.1 10703.71 10409.79 9874.584 9167.511 8347.271 7460.85 6543.722 5621.894 4715.36 3841.978 3020.793 2273.558 1623.17 1088.818 679.8227 
1146.599 1870.768 2830.634 4021.435 5404.884 6887.021 8314.028 9510.213 10341.67 10758.32 10787.55 10497.8 9965.823 9261.434 8443.198 7557.423 6638.742 5712.607 4798.976 3916.109 3083.703 2324.306 1661.729 1116.132 697.6787 
1156.283 1886.684 2854.894 4056.081 5451.477 6946.054 8384.451 9589.542 10426.82 10846.67 10877.58 10588.95 10057.98 9354.444 8536.676 7650.638 6730.467 5801.008 4881.698 3990.622 3147.785 2376.507 1701.671 1144.587 716.3877 
1364.298 2172.733 3189.112 4378.487 5688.93 7039.247 8309.471 9361.87 10088.19 10445.72 10455.5 10174.41 9668.562 9000.098 8222.592 7378.988 6501.358 5613 4732.093 3875.677 3062.956 2316.746 1661.771 1119.54 701.7254 
1407.76 2285.52 3433.033 4827.242 6397.867 8004.336 9440.716 10497.08 11049.16 11106.54 10782.25 10217.22 9520.798 8755.153 7949.272 7117.538 6270.689 5419.634 4576.408 3755.136 2973.517 2253.519 1619.48 1092.978 686.1809 
1397.636 2271.476 3419.695 4829.161 6446.392 8151.153 9749.914 11020.25 11790.2 11997.55 11693.33 11002.5 10075.61 9049.652 8022.526 7044.155 6125.329 5256.736 4426.805 3631.897 2879.302 2185.88 1573.835 1064.146 669.2424 
1392.76 2262.369 3403.934 4804.313 6411.917 8112.113 9722.007 11033.73 11887.99 12223.03 12068.36 11506.2 10639.53 9578.606 8431.924 7291.737 6219.092 5239.029 4349.26 3536.515 2791.536 2116.647 1524.768 1032.33 650.2678 
1393.299 2262.306 3401.994 4798.436 6399.45 8090.457 9689.955 10993.74 11849.34 12204.45 12097.32 11611.38 10836.86 9857.278 8750.913 7592.666 6449.884 5374.058 4394.362 3518.738 2743.021 2062.559 1479.118 999.7037 629.7018 
1395.408 2265.774 3407.249 4805.8 6408.938 8101.523 9701.342 11003.75 11856.83 12210.74 12108.43 11639.47 10898.68 9968.004 8914.922 7796.408 6663.163 5561.123 4528.816 3592.975 2767.196 2055.796 1459.794 979.9444 614.8238 
1402.163 2275.76 3420.438 4821.545 6426.191 8119.167 9718.391 11019.32 11870.03 12220.81 12115.48 11645.8 10910.07 9993.834 8965.596 7878.115 6772.462 5683.465 4643.345 3681.427 2821.296 2078.706 1461.801 972.2766 605.4569 
1409.838 2288.327 3439.471 4848.441 6461.761 8163.084 9768.778 11072.91 11923.03 12270.04 12159.19 11683.9 10944.22 10027.6 9004.399 7928.038 6837.501 5762.33 4728.239 3760.486 2883.743 2119.427 1482.482 978.9968 604.9999 
1414.428 2296.339 3452.562 4868.533 6490.661 8201.849 9817.059 11128.65 11982.76 12329.63 12214.79 11732.74 10985.22 10061.66 9034.388 7958.261 6872.495 5804.954 4777.831 3812.419 2931.164 2156.395 1506.52 991.4905 609.6196 
1420.297 2305.498 3465.685 4886.141 6513.23 8229.898 9851.073 11168.81 12028.56 12379.63 12266.57 11783.31 11031.66 10101.99 9068.213 7987.021 6899.043 5832.446 4808.221 3845.292 2963.722 2184.814 1527.876 1005.02 616.6241 
1423.013 2310.484 3474.203 4899.61 6532.771 8255.709 9881.996 11202.49 12062.27 12411.23 12295.01 11808.42 11053.52 10120.49 9083.145 7998.577 6908.25 5841.127 4818.322 3857.879 2978.322 2199.6 1540.65 1014.321 622.2479 
1427.662 2317.592 3484.129 4912.565 6549.019 8275.761 9906.58 11232.2 12097.02 12449.88 12335.51 11848.33 11090.77 10153.79 9111.939 8022.863 6928.451 5858.098 4833.233 3871.832 2991.828 2212.333 1551.714 1022.864 627.9814 
1428.964 2320.419 3489.661 4922.252 6564.134 8296.783 9932.773 11261.77 12127.85 12480.38 12364.95 11876.55 11117.61 10178.76 9134.357 8042.177 6944.51 5871.223 4844.118 3881.295 3000.491 2220.373 1558.863 1028.674 632.166 
1429.071 2320.8 3490.692 4924.614 6568.91 8305.46 9947.062 11283.17 12157.05 12516.84 12406.87 11921.44 11163.03 10222.77 9175.566 8079.6 6977.464 5899.371 4867.537 3900.427 3015.953 2232.728 1568.494 1035.829 637.1008 
1430.732 2323.049 3493.238 4926.903 6570.277 8305.409 9945.541 11280.72 12154.79 12516.17 12409.11 11927.35 11172.53 10235.04 9189.396 8093.751 6990.946 5911.527 4878.032 3909.208 3023.167 2238.597 1573.196 1039.461 639.7321 
1430.732 2323.049 3493.238 4926.903 6570.277 8305.409 9945.541 11280.72 12154.79 12516.17 12409.11 11927.35 11172.53 10235.04 9189.396 8093.751 6990.946 5911.527 4878.032 3909.208 3023.167 2238.597 1573.196 1039.461 639.7321 
1430.742 2322.791 3492.193 4923.998 6563.587 8291.917 9921.209 11241.12 12096.27 12437.27 12311.36 11815.26 11052.51 10113.97 9073.294 7987.078 6896.436 5830.459 4810.651 3855.084 2981.403 2207.906 1551.939 1025.731 631.5412 
1428.189 2321.119 3494.575 4935.796 6592.184 8345.915 10009.13 11369.74 12268.81 12651.84 12560.51 12087.07 11333.07 10389.99 9334.078 8225.145 7107.313 6012.019 4962.46 3977.961 3077.19 2279.342 1602.512 1059.431 652.4943 
1436.936 2332.103 3505.218 4941.951 6589.624 8332.607 9987.108 11345.45 12251.6 12651.37 12584.15 12138.09 11410.01 10487.28 9443.534 8338.02 7215.964 6110.855 5048.094 4048.884 3133.317 2321.63 1632.664 1079.628 665.1031 
1445.402 2346.305 3527.132 4972.961 6629.348 8377.587 10030.35 11377.94 12265.81 12645.05 12562.09 12110.56 11388.76 10481.41 9456.983 8369.397 7260.12 6161.129 5098.274 4094.357 3171.396 2351.34 1654.305 1094.312 674.3413 
1452.029 2357.464 3544.714 4999.158 6666.385 8427.095 10092.41 11450.11 12342.78 12719.38 12626.27 12159.82 11423.26 10506.21 9479.839 8397.268 7296.507 6205.328 5146.489 4141.676 3213.559 2385.721 1680.082 1112.107 685.6355 
1457.018 2368.837 3568.444 5044.433 6745.64 8555.181 10284.93 11721.02 12701.25 13166.48 13152.67 12745.9 12042.29 11129.74 10082.86 8961.349 7809.947 6661.247 5540.673 4471.552 3478.545 2588.178 1825.88 1210.225 746.8489 
1481.966 2400.335 3598.555 5058.676 6724.816 8479.252 10137.34 11492.19 12390.86 12784.64 12719.23 12287.24 11586 10699.26 9694.245 8623.063 7524.705 6428.265 5357.032 4332.633 3378.205 2519.239 1780.959 1182.56 730.8268 
1476.294 2400.239 3614.872 5106.032 6816.515 8619.822 10316.92 11687 12570.55 12922.63 12800.62 12311.15 11563 10646.11 9628.674 8559.634 7472.792 6391.957 5336.348 4325.09 3380.103 2526.598 1790.247 1191.231 737.5424 
1477.381 2400.112 3612.095 5100.544 6812.776 8630.022 10361.33 11788.81 12746 13171.41 13103.08 12634.8 11874.55 10922.17 9859.968 8748.699 7628.245 6522.981 5449.424 4423.21 3463.661 2594.911 1842.938 1229.057 762.5434 
1484.22 2409.587 3622.997 5109.915 6815.811 8620.747 10334.47 11742.93 12686.63 13111.76 13060.06 12621.49 11893.35 10963.65 9908.214 8789.485 7654.66 6535.988 5454.533 4426.309 3468.362 2602.032 1851.413 1237.252 769.2198 
1487.661 2414.313 3628.077 5112.748 6811.122 8599.613 10284.08 11648.01 12533.17 12892.1 12777.48 12291.36 11539.69 10611.91 9578.037 8491.037 7390.123 6304.096 5254.538 4259.097 3335.083 2502.125 1781.651 1192.173 742.3998 
1473.382 2395.814 3609.07 5099.921 6812.701 8622.757 10332.17 11718.87 12618.62 12979.01 12850.3 12336.16 11548.51 10585.42 9524.63 8422.862 7318.256 6235.703 5192.981 4205.745 3290.833 2467.673 1756.971 1176.15 733.065 
1472.747 2395.285 3610.286 5107.69 6837.837 8684.838 10459.97 11946.15 12974.91 13478.72 13485.33 13075.84 12346.75 11391.77 10294.85 9125.489 7936.024 6762.745 5630.453 4558.381 3565.384 2672.629 1902.494 1273.593 794.0547 
1497.364 2427.075 3642.374 5127.135 6827.304 8626.471 10340.39 11761.39 12734.35 13206.12 13215.06 12843.97 12180.09 11300.15 10270.4 9148.566 7983.96 6816.988 5679.665 4597.833 3594.59 2693.062 1916.158 1282.368 799.4679 
1503.232 2440.155 3667.723 5169.239 6885.754 8690.501 10385.64 11752.72 12635.58 12993.17 12886.2 12422.32 11707.37 10824.62 9833.696 8776.6 7684.647 6584.448 5501.53 4461.623 3490.877 2615.602 1860.541 1244.69 775.7485 
1495.081 2433.492 3670.961 5197.228 6959.844 8836.569 10629.67 12113.84 13117.82 13579.56 13539.69 13095.32 12356.33 11421.88 10370.89 9259.055 8121.515 6980.612 5854.979 4766.004 3740.223 2808.064 1999.634 1338.328 834.162 
1514.246 2455.761 3688.132 5196.421 6927.331 8763.922 10519.25 11980.46 12985.36 13473.72 13479.58 13086.99 12391.15 11481.12 10434.64 9314.659 8166.761 7020.616 5895.923 4810.308 3785.653 2850.008 2034.068 1363.509 850.6509 
