# Number of parameters = 155 Objective function value = 74310.9340323728  Maximum gradient component = 0.000299660604971388
# srv_sel50:
1.65950002517
# srv_sel95:
2.94979970794
# stNatLen:
 11.8963334272 11.7186112235 11.4441086314 11.2132544538 11.0375749597 10.8752382372 10.6832137860 10.4426093230 10.1608404320 9.85810086636 9.55421654824 9.26309616816 8.99262544638 8.74637497572 8.52534626712 8.32914185889 8.15672382730 8.00683824330 7.87827322298 7.76993983614 7.68089853510 7.61039369989 7.55790826593 7.52305501774 7.50563039374
# log_avg_fmort_dir:
-1.59065607384
# fmort_dir_dev:
 -2.13186339106 -2.00013226609 -1.39898884607 -1.06465763982 -0.815540125086 -0.612735282160 -0.521801852917 -0.271313145560 -0.125901661866 -0.0666321503539 -0.0171735008950 0.221114879808 0.144124949053 0.363287595469 0.404621207397 0.302920047463 0.407591395106 0.395483598451 0.412257485398 0.339088165181 0.279851345720 0.259764883642 0.347740724928 0.270500390092 0.221943687169 0.305384182143 0.218200767064 0.188738477823 0.286546723561 0.151360726507 0.133902580081 0.122564774199 0.0593342971061 0.0948307946517 0.201944505412 0.110364446244 0.145748009403 0.108517449165 0.0946573474082 0.0858681678549 0.0716454434578 0.0523422877215 -0.0691644599960 -0.00177396738657 0.0577333480600 0.0377559589518 0.0512526521139 0.0171644108566 0.0976193118005 0.0432829172605 0.313436234534 0.482372048244 0.471053098111 0.453794408257 -0.0230930965061 0.00144745261664 -0.0377918532418 0.100411302052 0.256402988553 -0.0356661296818 0.142631730694 -0.134369828109
# mean_log_rec:
11.3454590987
# rec_dev:
 0.609829791595 0.588701786380 0.577191772966 0.565231095731 0.551847571009 0.530545549530 0.496326712712 0.460034443881 0.436062160364 0.404480698785 0.351881836270 0.326316970605 0.291040252442 0.233127869022 0.179261924741 0.116378208906 0.0410926725643 -0.0152545639611 -0.0386209743783 -0.0298838289999 -0.0452529607676 -0.0578948592225 -0.0637775007711 -0.0842059735572 -0.106810587231 -0.108209039670 -0.115791702114 -0.153712580352 -0.181271960713 -0.195077757647 -0.224222795117 -0.260942981049 -0.317894780778 -0.360889936504 -0.274695880663 -0.181917306905 -0.178363629144 -0.187745320765 -0.200418713343 -0.216181325988 -0.202945515903 -0.192153367836 -0.175342610051 -0.160448593866 -0.165288723971 -0.165314836206 -0.154784901435 -0.167284985702 -0.175100569533 -0.175346972007 -0.179664102761 -0.182772174788 -0.192403469664 -0.199991901357 -0.214566526506 -0.208064542804 -0.147785367988 -0.0811841205226 -0.0267310789199 0.0102166172219 -0.00167830440914 -0.00167830885805
# log_avg_NatM:
-1.47890400000
# m_dev:
 0.00000000000 0.00000000000 0.00000000000 0.00000000000 0.00000000000 0.00000000000 0.00000000000 0.00000000000 0.00000000000 0.00000000000 0.00000000000 0.00000000000 0.00000000000 0.00000000000 0.00000000000 0.00000000000 0.00000000000 0.00000000000 0.00000000000 0.00000000000 0.00000000000 0.00000000000 0.00000000000 0.00000000000 0.00000000000 0.00000000000 0.00000000000 0.00000000000 0.00000000000 0.00000000000 0.00000000000 0.00000000000 0.00000000000 0.00000000000 0.00000000000 0.00000000000 0.00000000000 0.00000000000 0.00000000000 0.00000000000 0.00000000000 0.00000000000 0.00000000000 0.00000000000 0.00000000000 0.00000000000 0.00000000000 0.00000000000 0.00000000000 0.00000000000 0.00000000000 0.00000000000 0.00000000000 0.00000000000 0.00000000000 0.00000000000 0.00000000000 0.00000000000 0.00000000000 0.00000000000 0.00000000000 0.00000000000
# log_avg_GrowthK:
-1.60943800000
# log_avg_Linf:
4.88280200000
# GrowthK_dev:
 0.00000000000 0.00000000000 0.00000000000 0.00000000000 0.00000000000 0.00000000000 0.00000000000 0.00000000000 0.00000000000 0.00000000000 0.00000000000 0.00000000000 0.00000000000 0.00000000000 0.00000000000 0.00000000000 0.00000000000 0.00000000000 0.00000000000 0.00000000000 0.00000000000 0.00000000000 0.00000000000 0.00000000000 0.00000000000 0.00000000000 0.00000000000 0.00000000000 0.00000000000 0.00000000000 0.00000000000 0.00000000000 0.00000000000 0.00000000000 0.00000000000 0.00000000000 0.00000000000 0.00000000000 0.00000000000 0.00000000000 0.00000000000 0.00000000000 0.00000000000 0.00000000000 0.00000000000 0.00000000000 0.00000000000 0.00000000000 0.00000000000 0.00000000000 0.00000000000 0.00000000000 0.00000000000 0.00000000000 0.00000000000 0.00000000000 0.00000000000 0.00000000000 0.00000000000 0.00000000000 0.00000000000 0.00000000000
# Linf_dev:
 0.00000000000 0.00000000000 0.00000000000 0.00000000000 0.00000000000 0.00000000000 0.00000000000 0.00000000000 0.00000000000 0.00000000000 0.00000000000 0.00000000000 0.00000000000 0.00000000000 0.00000000000 0.00000000000 0.00000000000 0.00000000000 0.00000000000 0.00000000000 0.00000000000 0.00000000000 0.00000000000 0.00000000000 0.00000000000 0.00000000000 0.00000000000 0.00000000000 0.00000000000 0.00000000000 0.00000000000 0.00000000000 0.00000000000 0.00000000000 0.00000000000 0.00000000000 0.00000000000 0.00000000000 0.00000000000 0.00000000000 0.00000000000 0.00000000000 0.00000000000 0.00000000000 0.00000000000 0.00000000000 0.00000000000 0.00000000000 0.00000000000 0.00000000000 0.00000000000 0.00000000000 0.00000000000 0.00000000000 0.00000000000 0.00000000000 0.00000000000 0.00000000000 0.00000000000 0.00000000000 0.00000000000 0.00000000000
# SelPars50:
2.29541755938
# SelPars95:
4.23052953857
# SelPars_dev50:
 0.00000000000 0.00000000000 0.00000000000 0.00000000000 0.00000000000 0.00000000000 0.00000000000 0.00000000000 0.00000000000 0.00000000000 0.00000000000 0.00000000000 0.00000000000 0.00000000000 0.00000000000 0.00000000000 0.00000000000 0.00000000000 0.00000000000 0.00000000000 0.00000000000 0.00000000000 0.00000000000 0.00000000000 0.00000000000 0.00000000000 0.00000000000 0.00000000000 0.00000000000 0.00000000000 0.00000000000 0.00000000000 0.00000000000 0.00000000000 0.00000000000 0.00000000000 0.00000000000 0.00000000000 0.00000000000 0.00000000000 0.00000000000 0.00000000000 0.00000000000 0.00000000000 0.00000000000 0.00000000000 0.00000000000 0.00000000000 0.00000000000 0.00000000000 0.00000000000 0.00000000000 0.00000000000 0.00000000000 0.00000000000 0.00000000000 0.00000000000 0.00000000000 0.00000000000 0.00000000000 0.00000000000 0.00000000000
# SelPars_dev95:
 0.00000000000 0.00000000000 0.00000000000 0.00000000000 0.00000000000 0.00000000000 0.00000000000 0.00000000000 0.00000000000 0.00000000000 0.00000000000 0.00000000000 0.00000000000 0.00000000000 0.00000000000 0.00000000000 0.00000000000 0.00000000000 0.00000000000 0.00000000000 0.00000000000 0.00000000000 0.00000000000 0.00000000000 0.00000000000 0.00000000000 0.00000000000 0.00000000000 0.00000000000 0.00000000000 0.00000000000 0.00000000000 0.00000000000 0.00000000000 0.00000000000 0.00000000000 0.00000000000 0.00000000000 0.00000000000 0.00000000000 0.00000000000 0.00000000000 0.00000000000 0.00000000000 0.00000000000 0.00000000000 0.00000000000 0.00000000000 0.00000000000 0.00000000000 0.00000000000 0.00000000000 0.00000000000 0.00000000000 0.00000000000 0.00000000000 0.00000000000 0.00000000000 0.00000000000 0.00000000000 0.00000000000 0.00000000000
