# Number of parameters = 139 Objective function value = 64685.4  Maximum gradient component = 0.00131740
# srv_sel50:
1.53868022587
# srv_sel95:
2.61795189938
# stNatLen:
 11.4546012677 11.2741115974 11.0199051023 10.7833844766 10.5644874606 10.3425200530 10.1064888549 9.85857821817 9.60749886593 9.36228154311 9.12955497889 8.91324438824 8.71520816204 8.53596150058 8.37525177917 8.23243651832 8.10669197385 7.99717329189 7.90308023631 7.82371398906 7.75843034096 7.70664247264 7.66789959680 7.64208777205 7.62921313774
# log_avg_fmort_dir:
-1.54023367660
# fmort_dir_dev:
 -0.679182560190 -0.570203311237 -0.459547657797 -0.281417982565 -0.139514634730 -0.0880625517031 0.0937894825002 0.241021763553 0.302267414279 0.304753461743 0.307972839596 0.347163868676 0.348117841680 0.380876014234 0.334707527607 0.352119283939 0.289707143680 0.238629639727 0.284586089710 0.211457920518 0.264828875165 0.163960124595 0.0871663522822 0.162162709476 0.141341090769 0.149589072130 0.0985147109439 0.0479905379521 0.0493314240517 0.0227880066553 0.0533229318101 -0.0404717924698 0.0469757816451 -0.0599824864519 -0.00801916500555 -0.0370865329643 0.0360055521365 -0.0330597129812 0.0286366946206 -0.0604943904094 -0.134806116145 -0.0624235666618 0.00428496878035 0.00485890248072 -0.0120217881265 -0.0308662220669 -0.446551349598 -0.298826345316 -0.448011357687 -0.376038294995 -0.255599856929 -0.373097802542 -0.250003342542 -0.253639205824
# mean_log_rec:
11.1061624323
# rec_dev:
 0.374116905581 0.341895284803 0.342512490736 0.342824705418 0.332966791594 0.307048376729 0.267656208454 0.225624181844 0.199088951056 0.156663805923 0.107459367859 0.0647634119317 0.0147204206709 -0.0120892031336 -0.0451712184478 -0.0812746409807 -0.0983990767854 -0.106929827259 -0.123325834949 -0.160233932447 -0.162294519980 -0.153312837953 -0.154674840152 -0.148246236762 -0.154049285644 -0.146009875595 -0.127315319177 -0.119542529219 -0.121090437980 -0.138872839496 -0.145114425359 -0.135726739087 -0.111010408729 -0.0961711924421 -0.102800539728 -0.101926673500 -0.103057073896 -0.0956512271514 -0.0685643575234 -0.0491394422000 -0.0567551126204 -0.0712767384743 -0.0723340870262 -0.0738235275776 -0.0667431690618 -0.0517015019445 -0.0397404308295 -0.00607072896855 0.0253456683511 0.0447875046202 0.0686078557167 0.0962404790161 0.0940587243023 0.0940586974726
# log_avg_NatM:
-1.60943800000
# m_dev:
 0.00000000000 0.00000000000 0.00000000000 0.00000000000 0.00000000000 0.00000000000 0.00000000000 0.00000000000 0.00000000000 0.00000000000 0.00000000000 0.00000000000 0.00000000000 0.00000000000 0.00000000000 0.00000000000 0.00000000000 0.00000000000 0.00000000000 0.00000000000 0.00000000000 0.00000000000 0.00000000000 0.00000000000 0.00000000000 0.00000000000 0.00000000000 0.00000000000 0.00000000000 0.00000000000 0.00000000000 0.00000000000 0.00000000000 0.00000000000 0.00000000000 0.00000000000 0.00000000000 0.00000000000 0.00000000000 0.00000000000 0.00000000000 0.00000000000 0.00000000000 0.00000000000 0.00000000000 0.00000000000 0.00000000000 0.00000000000 0.00000000000 0.00000000000 0.00000000000 0.00000000000 0.00000000000 0.00000000000
# log_avg_GrowthK:
-1.60943800000
# log_avg_Linf:
4.88280200000
# GrowthK_dev:
 0.00000000000 0.00000000000 0.00000000000 0.00000000000 0.00000000000 0.00000000000 0.00000000000 0.00000000000 0.00000000000 0.00000000000 0.00000000000 0.00000000000 0.00000000000 0.00000000000 0.00000000000 0.00000000000 0.00000000000 0.00000000000 0.00000000000 0.00000000000 0.00000000000 0.00000000000 0.00000000000 0.00000000000 0.00000000000 0.00000000000 0.00000000000 0.00000000000 0.00000000000 0.00000000000 0.00000000000 0.00000000000 0.00000000000 0.00000000000 0.00000000000 0.00000000000 0.00000000000 0.00000000000 0.00000000000 0.00000000000 0.00000000000 0.00000000000 0.00000000000 0.00000000000 0.00000000000 0.00000000000 0.00000000000 0.00000000000 0.00000000000 0.00000000000 0.00000000000 0.00000000000 0.00000000000 0.00000000000
# Linf_dev:
 0.00000000000 0.00000000000 0.00000000000 0.00000000000 0.00000000000 0.00000000000 0.00000000000 0.00000000000 0.00000000000 0.00000000000 0.00000000000 0.00000000000 0.00000000000 0.00000000000 0.00000000000 0.00000000000 0.00000000000 0.00000000000 0.00000000000 0.00000000000 0.00000000000 0.00000000000 0.00000000000 0.00000000000 0.00000000000 0.00000000000 0.00000000000 0.00000000000 0.00000000000 0.00000000000 0.00000000000 0.00000000000 0.00000000000 0.00000000000 0.00000000000 0.00000000000 0.00000000000 0.00000000000 0.00000000000 0.00000000000 0.00000000000 0.00000000000 0.00000000000 0.00000000000 0.00000000000 0.00000000000 0.00000000000 0.00000000000 0.00000000000 0.00000000000 0.00000000000 0.00000000000 0.00000000000 0.00000000000
# SelPars50:
2.08674944898
# SelPars95:
3.73969633646
# SelPars_dev50:
 0.00000000000 0.00000000000 0.00000000000 0.00000000000 0.00000000000 0.00000000000 0.00000000000 0.00000000000 0.00000000000 0.00000000000 0.00000000000 0.00000000000 0.00000000000 0.00000000000 0.00000000000 0.00000000000 0.00000000000 0.00000000000 0.00000000000 0.00000000000 0.00000000000 0.00000000000 0.00000000000 0.00000000000 0.00000000000 0.00000000000 0.00000000000 0.00000000000 0.00000000000 0.00000000000 0.00000000000 0.00000000000 0.00000000000 0.00000000000 0.00000000000 0.00000000000 0.00000000000 0.00000000000 0.00000000000 0.00000000000 0.00000000000 0.00000000000 0.00000000000 0.00000000000 0.00000000000 0.00000000000 0.00000000000 0.00000000000 0.00000000000 0.00000000000 0.00000000000 0.00000000000 0.00000000000 0.00000000000
# SelPars_dev95:
 0.00000000000 0.00000000000 0.00000000000 0.00000000000 0.00000000000 0.00000000000 0.00000000000 0.00000000000 0.00000000000 0.00000000000 0.00000000000 0.00000000000 0.00000000000 0.00000000000 0.00000000000 0.00000000000 0.00000000000 0.00000000000 0.00000000000 0.00000000000 0.00000000000 0.00000000000 0.00000000000 0.00000000000 0.00000000000 0.00000000000 0.00000000000 0.00000000000 0.00000000000 0.00000000000 0.00000000000 0.00000000000 0.00000000000 0.00000000000 0.00000000000 0.00000000000 0.00000000000 0.00000000000 0.00000000000 0.00000000000 0.00000000000 0.00000000000 0.00000000000 0.00000000000 0.00000000000 0.00000000000 0.00000000000 0.00000000000 0.00000000000 0.00000000000 0.00000000000 0.00000000000 0.00000000000 0.00000000000
