# Number of parameters = 137 Objective function value = 63559.3166976595  Maximum gradient component = 0.000258211878553857
# srv_sel50:
1.51548195644
# srv_sel95:
2.55576669543
# stNatLen:
 11.4270367891 11.2804593838 11.0729935683 10.8801437252 10.6944363327 10.4928916741 10.2681575537 10.0278247222 9.78427526545 9.54793726705 9.32546867979 9.12030877099 8.93374930663 8.76585661435 8.61607048286 8.48352891504 8.36728191997 8.26640415315 8.18001468183 8.10736815507 8.04788648126 8.00098057237 7.96623390095 7.94329578591 7.93189030887
# log_avg_fmort_dir:
-1.65288353901
# fmort_dir_dev:
 -1.74938678473 -1.75337728649 -1.25750036700 -0.947591663030 -0.729953914603 -0.398625963632 -0.334743698795 -0.235473600420 0.0122055835414 0.0944914883929 0.237950429417 0.200385355595 0.363779946008 0.454904155668 0.538863586031 0.571311795106 0.445644077839 0.492139717590 0.434016233768 0.403085825393 0.405431694485 0.388858964918 0.409398738247 0.322087455626 0.271756932613 0.294452557052 0.228672362231 0.0995351518180 0.103477390637 0.198385224772 0.236300873441 0.0830765413506 0.125453455451 0.0553175545214 0.115284095759 0.0495101344451 0.105967717070 0.0722329909510 0.0991996585235 0.0666538661875 0.0826839604020 0.0511301548471 0.0361778540082 0.0678413655563 0.0453555357658 0.0432000191382 0.107101336944 0.154455367392 0.190810300248 0.104278413907 -0.353452909637 -0.608166741190 -0.494592933126
# mean_log_rec:
11.1061150194
# rec_dev:
 0.396450766638 0.379120766004 0.392487968824 0.402931937016 0.398116282231 0.399421463079 0.404440273323 0.396659225028 0.380935742260 0.360901142207 0.329572452612 0.294111734417 0.249629041019 0.187276857522 0.117059692304 0.0698456568721 0.0407062361904 0.0171024552608 -0.0120178408925 -0.0331411158111 -0.0581168573616 -0.0836298254356 -0.112351222052 -0.128569975989 -0.156147502583 -0.175858911665 -0.176197401266 -0.159969097309 -0.177102840760 -0.194305961043 -0.171535731249 -0.159976244235 -0.157104690495 -0.157529124686 -0.159084958161 -0.151319129823 -0.122338843730 -0.107086109601 -0.120906896193 -0.129748587233 -0.129021124731 -0.137711461869 -0.156231766960 -0.165299202946 -0.167368795034 -0.174903048633 -0.190636389101 -0.201678341235 -0.191531086770 -0.200138986971 -0.203034710683 -0.197587954785 -0.197587955516
# log_avg_NatM:
-1.60943800000
# m_dev:
 0.00000000000 0.00000000000 0.00000000000 0.00000000000 0.00000000000 0.00000000000 0.00000000000 0.00000000000 0.00000000000 0.00000000000 0.00000000000 0.00000000000 0.00000000000 0.00000000000 0.00000000000 0.00000000000 0.00000000000 0.00000000000 0.00000000000 0.00000000000 0.00000000000 0.00000000000 0.00000000000 0.00000000000 0.00000000000 0.00000000000 0.00000000000 0.00000000000 0.00000000000 0.00000000000 0.00000000000 0.00000000000 0.00000000000 0.00000000000 0.00000000000 0.00000000000 0.00000000000 0.00000000000 0.00000000000 0.00000000000 0.00000000000 0.00000000000 0.00000000000 0.00000000000 0.00000000000 0.00000000000 0.00000000000 0.00000000000 0.00000000000 0.00000000000 0.00000000000 0.00000000000 0.00000000000
# log_avg_GrowthK:
-1.60943800000
# log_avg_Linf:
4.88280200000
# GrowthK_dev:
 0.00000000000 0.00000000000 0.00000000000 0.00000000000 0.00000000000 0.00000000000 0.00000000000 0.00000000000 0.00000000000 0.00000000000 0.00000000000 0.00000000000 0.00000000000 0.00000000000 0.00000000000 0.00000000000 0.00000000000 0.00000000000 0.00000000000 0.00000000000 0.00000000000 0.00000000000 0.00000000000 0.00000000000 0.00000000000 0.00000000000 0.00000000000 0.00000000000 0.00000000000 0.00000000000 0.00000000000 0.00000000000 0.00000000000 0.00000000000 0.00000000000 0.00000000000 0.00000000000 0.00000000000 0.00000000000 0.00000000000 0.00000000000 0.00000000000 0.00000000000 0.00000000000 0.00000000000 0.00000000000 0.00000000000 0.00000000000 0.00000000000 0.00000000000 0.00000000000 0.00000000000 0.00000000000
# Linf_dev:
 0.00000000000 0.00000000000 0.00000000000 0.00000000000 0.00000000000 0.00000000000 0.00000000000 0.00000000000 0.00000000000 0.00000000000 0.00000000000 0.00000000000 0.00000000000 0.00000000000 0.00000000000 0.00000000000 0.00000000000 0.00000000000 0.00000000000 0.00000000000 0.00000000000 0.00000000000 0.00000000000 0.00000000000 0.00000000000 0.00000000000 0.00000000000 0.00000000000 0.00000000000 0.00000000000 0.00000000000 0.00000000000 0.00000000000 0.00000000000 0.00000000000 0.00000000000 0.00000000000 0.00000000000 0.00000000000 0.00000000000 0.00000000000 0.00000000000 0.00000000000 0.00000000000 0.00000000000 0.00000000000 0.00000000000 0.00000000000 0.00000000000 0.00000000000 0.00000000000 0.00000000000 0.00000000000
# SelPars50:
2.05867682754
# SelPars95:
3.67417847449
# SelPars_dev50:
 0.00000000000 0.00000000000 0.00000000000 0.00000000000 0.00000000000 0.00000000000 0.00000000000 0.00000000000 0.00000000000 0.00000000000 0.00000000000 0.00000000000 0.00000000000 0.00000000000 0.00000000000 0.00000000000 0.00000000000 0.00000000000 0.00000000000 0.00000000000 0.00000000000 0.00000000000 0.00000000000 0.00000000000 0.00000000000 0.00000000000 0.00000000000 0.00000000000 0.00000000000 0.00000000000 0.00000000000 0.00000000000 0.00000000000 0.00000000000 0.00000000000 0.00000000000 0.00000000000 0.00000000000 0.00000000000 0.00000000000 0.00000000000 0.00000000000 0.00000000000 0.00000000000 0.00000000000 0.00000000000 0.00000000000 0.00000000000 0.00000000000 0.00000000000 0.00000000000 0.00000000000 0.00000000000
# SelPars_dev95:
 0.00000000000 0.00000000000 0.00000000000 0.00000000000 0.00000000000 0.00000000000 0.00000000000 0.00000000000 0.00000000000 0.00000000000 0.00000000000 0.00000000000 0.00000000000 0.00000000000 0.00000000000 0.00000000000 0.00000000000 0.00000000000 0.00000000000 0.00000000000 0.00000000000 0.00000000000 0.00000000000 0.00000000000 0.00000000000 0.00000000000 0.00000000000 0.00000000000 0.00000000000 0.00000000000 0.00000000000 0.00000000000 0.00000000000 0.00000000000 0.00000000000 0.00000000000 0.00000000000 0.00000000000 0.00000000000 0.00000000000 0.00000000000 0.00000000000 0.00000000000 0.00000000000 0.00000000000 0.00000000000 0.00000000000 0.00000000000 0.00000000000 0.00000000000 0.00000000000 0.00000000000 0.00000000000
