# Number of parameters = 127 Objective function value = 57296.0  Maximum gradient component = 0.000162946
# srv_sel50:
1.68687306331
# srv_sel95:
3.02408582972
# stNatLen:
 11.8027203485 11.5883993563 11.2769455887 11.0103312438 10.7908817078 10.5825489884 10.3588932584 10.1133402243 9.85316621648 9.59011661413 9.33449607016 9.09327523393 8.87035562023 8.66744879260 8.48491662734 8.32237300990 8.17909331238 8.05425381861 7.94700289367 7.85656474709 7.78224942330 7.72344408112 7.67969521755 7.65068957386 7.63622078530
# log_avg_fmort_dir:
-1.49275367110
# fmort_dir_dev:
 -0.938217107348 -0.788729014063 -0.537810046620 -0.421834271289 -0.250842798602 -0.0353953424458 -0.0479266500154 0.155844690673 0.151685403039 0.184330343827 0.321330044076 0.298394719906 0.389841801443 0.235237311927 0.231460025172 0.178150414703 0.138535881457 0.174487105190 0.188629865635 0.238788864433 0.138902906817 0.255790910292 0.0636634621926 -0.00853573287168 0.0695928064036 0.0450001959415 0.0646223449736 -0.000610048138208 -0.0669761084736 -0.0413995567116 0.110280659275 0.0413217279759 0.00687266982863 -0.0396508266086 -0.0161621148405 -0.00983862648651 -0.0202531610688 0.0347030353371 -0.0201662319420 0.000202496312112 -0.0326752796532 -0.0518553926787 -0.0552598424989 -0.00817690177756 -0.0916515231691 -0.101549445647 -0.0320715545948 -0.100082109287
# mean_log_rec:
11.3411523470
# rec_dev:
 0.492595103873 0.468377830150 0.467599987519 0.465394611278 0.447931660465 0.430358607745 0.395497532057 0.326060221745 0.267098805062 0.220319852484 0.164918028985 0.101390139607 0.0513735402420 0.0313393694800 -0.00550553455263 -0.0265082930480 -0.0278824029966 -0.0532184540940 -0.0813410532170 -0.108766247804 -0.113344019116 -0.114326877716 -0.116040654523 -0.122938519207 -0.150287345610 -0.179485415536 -0.219517517917 -0.260714876470 -0.326114913490 -0.381301295352 -0.315533752901 -0.238510061243 -0.212419670086 -0.214445366681 -0.215485304063 -0.201792014491 -0.185064014649 -0.177824999410 -0.155785343042 -0.135489648970 -0.123556787160 -0.0991126780562 -0.0693005642253 -0.0117421466985 0.0513950204042 0.0932795395246 0.0842129608286 0.0842129608761
# log_avg_NatM:
-1.47890400000
# m_dev:
 0.00000000000 0.00000000000 0.00000000000 0.00000000000 0.00000000000 0.00000000000 0.00000000000 0.00000000000 0.00000000000 0.00000000000 0.00000000000 0.00000000000 0.00000000000 0.00000000000 0.00000000000 0.00000000000 0.00000000000 0.00000000000 0.00000000000 0.00000000000 0.00000000000 0.00000000000 0.00000000000 0.00000000000 0.00000000000 0.00000000000 0.00000000000 0.00000000000 0.00000000000 0.00000000000 0.00000000000 0.00000000000 0.00000000000 0.00000000000 0.00000000000 0.00000000000 0.00000000000 0.00000000000 0.00000000000 0.00000000000 0.00000000000 0.00000000000 0.00000000000 0.00000000000 0.00000000000 0.00000000000 0.00000000000 0.00000000000
# log_avg_GrowthK:
-1.60943800000
# log_avg_Linf:
4.88280200000
# GrowthK_dev:
 0.00000000000 0.00000000000 0.00000000000 0.00000000000 0.00000000000 0.00000000000 0.00000000000 0.00000000000 0.00000000000 0.00000000000 0.00000000000 0.00000000000 0.00000000000 0.00000000000 0.00000000000 0.00000000000 0.00000000000 0.00000000000 0.00000000000 0.00000000000 0.00000000000 0.00000000000 0.00000000000 0.00000000000 0.00000000000 0.00000000000 0.00000000000 0.00000000000 0.00000000000 0.00000000000 0.00000000000 0.00000000000 0.00000000000 0.00000000000 0.00000000000 0.00000000000 0.00000000000 0.00000000000 0.00000000000 0.00000000000 0.00000000000 0.00000000000 0.00000000000 0.00000000000 0.00000000000 0.00000000000 0.00000000000 0.00000000000
# Linf_dev:
 0.00000000000 0.00000000000 0.00000000000 0.00000000000 0.00000000000 0.00000000000 0.00000000000 0.00000000000 0.00000000000 0.00000000000 0.00000000000 0.00000000000 0.00000000000 0.00000000000 0.00000000000 0.00000000000 0.00000000000 0.00000000000 0.00000000000 0.00000000000 0.00000000000 0.00000000000 0.00000000000 0.00000000000 0.00000000000 0.00000000000 0.00000000000 0.00000000000 0.00000000000 0.00000000000 0.00000000000 0.00000000000 0.00000000000 0.00000000000 0.00000000000 0.00000000000 0.00000000000 0.00000000000 0.00000000000 0.00000000000 0.00000000000 0.00000000000 0.00000000000 0.00000000000 0.00000000000 0.00000000000 0.00000000000 0.00000000000
# SelPars50:
2.32962862030
# SelPars95:
4.29561175350
# SelPars_dev50:
 0.00000000000 0.00000000000 0.00000000000 0.00000000000 0.00000000000 0.00000000000 0.00000000000 0.00000000000 0.00000000000 0.00000000000 0.00000000000 0.00000000000 0.00000000000 0.00000000000 0.00000000000 0.00000000000 0.00000000000 0.00000000000 0.00000000000 0.00000000000 0.00000000000 0.00000000000 0.00000000000 0.00000000000 0.00000000000 0.00000000000 0.00000000000 0.00000000000 0.00000000000 0.00000000000 0.00000000000 0.00000000000 0.00000000000 0.00000000000 0.00000000000 0.00000000000 0.00000000000 0.00000000000 0.00000000000 0.00000000000 0.00000000000 0.00000000000 0.00000000000 0.00000000000 0.00000000000 0.00000000000 0.00000000000 0.00000000000
# SelPars_dev95:
 0.00000000000 0.00000000000 0.00000000000 0.00000000000 0.00000000000 0.00000000000 0.00000000000 0.00000000000 0.00000000000 0.00000000000 0.00000000000 0.00000000000 0.00000000000 0.00000000000 0.00000000000 0.00000000000 0.00000000000 0.00000000000 0.00000000000 0.00000000000 0.00000000000 0.00000000000 0.00000000000 0.00000000000 0.00000000000 0.00000000000 0.00000000000 0.00000000000 0.00000000000 0.00000000000 0.00000000000 0.00000000000 0.00000000000 0.00000000000 0.00000000000 0.00000000000 0.00000000000 0.00000000000 0.00000000000 0.00000000000 0.00000000000 0.00000000000 0.00000000000 0.00000000000 0.00000000000 0.00000000000 0.00000000000 0.00000000000
