# Number of parameters = 157 Objective function value = 75772.5  Maximum gradient component = 0.000559511
# srv_sel50:
1.52350093691
# srv_sel95:
2.57105719275
# stNatLen:
 11.4144980972 11.2640712771 11.0562345332 10.8651957217 10.6801043090 10.4772831127 10.2510420626 10.0106845850 9.76920631856 9.53678966893 9.31951892022 9.12026442832 8.93988588628 8.77812601968 8.63419956939 8.50711831763 8.39580994573 8.29929910032 8.21673988038 8.14731686086 8.09040717217 8.04550601144 8.01209060591 7.98989937771 7.97884510638
# log_avg_fmort_dir:
-1.64653964225
# fmort_dir_dev:
 -1.74369166321 -1.73575362396 -1.19784416944 -0.914182367093 -0.745630152063 -0.501119179334 -0.382327779259 -0.186962265768 -0.0700464440166 0.127321288517 0.188132462563 0.318384259839 0.414380760682 0.309737946242 0.529873482727 0.491357233300 0.520785658836 0.425238323491 0.403329823224 0.427880333256 0.516564972649 0.373203871752 0.454662805149 0.442938779684 0.389860994599 0.294832099600 0.248335463680 0.233633028853 0.273536497602 0.194582044554 0.172472571939 0.187437843616 0.116329416252 0.0743710099721 -0.0220763249330 0.0312147460544 0.129296567034 0.0628134147765 0.0101073203424 0.0832456123843 0.0589630794027 0.0341396131959 0.0302447702096 0.0579319976060 -0.000304818061563 0.0559423521917 0.0135344193009 0.000212854458605 0.0938045767331 0.0213196792100 -0.163470668446 -0.214166632237 -0.293762626682 -0.192195454086 -0.103261323127 -0.183324164763 -0.107324582463 -0.110694870317 -0.00249589153209 0.0368843761361 0.0337237807321 0.0548186422444 -0.0667457737925
# mean_log_rec:
11.1374414766
# rec_dev:
 0.336838038911 0.311347400432 0.317629393034 0.323984890837 0.326156984661 0.334121401661 0.331089241491 0.323381445169 0.315838809845 0.299353683937 0.272650430943 0.243383316141 0.213708998965 0.165478403148 0.101266937840 0.0503973594375 0.0108945986545 -0.0185716375087 -0.0307291469032 -0.0592760012020 -0.0800563410898 -0.0981800873200 -0.134577927488 -0.159216935611 -0.161044937479 -0.173898450273 -0.192226959039 -0.207994928826 -0.219135282523 -0.210852936495 -0.199631427018 -0.186059632514 -0.163425363760 -0.148796392866 -0.146586324912 -0.133289266554 -0.125174961511 -0.113055758187 -0.113627551489 -0.109863765278 -0.105752472051 -0.119733465611 -0.134508923873 -0.111169466631 -0.0891257381763 -0.0852492112826 -0.0905884792685 -0.0886849783915 -0.0706269965122 -0.0493786528761 -0.0479360115086 -0.0386403070115 -0.0169856673847 -0.00538625265415 0.00193887809115 0.00338605655170 -0.00522651714012 -0.0161263417185 -0.0119892237089 -0.00212499746122 0.00472291444546 -0.00653173115974 -0.00653173392856
# log_avg_NatM:
-1.62983300000
# m_dev:
 0.00000000000 0.00000000000 0.00000000000 0.00000000000 0.00000000000 0.00000000000 0.00000000000 0.00000000000 0.00000000000 0.00000000000 0.00000000000 0.00000000000 0.00000000000 0.00000000000 0.00000000000 0.00000000000 0.00000000000 0.00000000000 0.00000000000 0.00000000000 0.00000000000 0.00000000000 0.00000000000 0.00000000000 0.00000000000 0.00000000000 0.00000000000 0.00000000000 0.00000000000 0.00000000000 0.00000000000 0.00000000000 0.00000000000 0.00000000000 0.00000000000 0.00000000000 0.00000000000 0.00000000000 0.00000000000 0.00000000000 0.00000000000 0.00000000000 0.00000000000 0.00000000000 0.00000000000 0.00000000000 0.00000000000 0.00000000000 0.00000000000 0.00000000000 0.00000000000 0.00000000000 0.00000000000 0.00000000000 0.00000000000 0.00000000000 0.00000000000 0.00000000000 0.00000000000 0.00000000000 0.00000000000 0.00000000000 0.00000000000
# log_avg_GrowthK:
-1.64862900000
# log_avg_Linf:
4.87933700000
# GrowthK_dev:
 0.00000000000 0.00000000000 0.00000000000 0.00000000000 0.00000000000 0.00000000000 0.00000000000 0.00000000000 0.00000000000 0.00000000000 0.00000000000 0.00000000000 0.00000000000 0.00000000000 0.00000000000 0.00000000000 0.00000000000 0.00000000000 0.00000000000 0.00000000000 0.00000000000 0.00000000000 0.00000000000 0.00000000000 0.00000000000 0.00000000000 0.00000000000 0.00000000000 0.00000000000 0.00000000000 0.00000000000 0.00000000000 0.00000000000 0.00000000000 0.00000000000 0.00000000000 0.00000000000 0.00000000000 0.00000000000 0.00000000000 0.00000000000 0.00000000000 0.00000000000 0.00000000000 0.00000000000 0.00000000000 0.00000000000 0.00000000000 0.00000000000 0.00000000000 0.00000000000 0.00000000000 0.00000000000 0.00000000000 0.00000000000 0.00000000000 0.00000000000 0.00000000000 0.00000000000 0.00000000000 0.00000000000 0.00000000000 0.00000000000
# Linf_dev:
 0.00000000000 0.00000000000 0.00000000000 0.00000000000 0.00000000000 0.00000000000 0.00000000000 0.00000000000 0.00000000000 0.00000000000 0.00000000000 0.00000000000 0.00000000000 0.00000000000 0.00000000000 0.00000000000 0.00000000000 0.00000000000 0.00000000000 0.00000000000 0.00000000000 0.00000000000 0.00000000000 0.00000000000 0.00000000000 0.00000000000 0.00000000000 0.00000000000 0.00000000000 0.00000000000 0.00000000000 0.00000000000 0.00000000000 0.00000000000 0.00000000000 0.00000000000 0.00000000000 0.00000000000 0.00000000000 0.00000000000 0.00000000000 0.00000000000 0.00000000000 0.00000000000 0.00000000000 0.00000000000 0.00000000000 0.00000000000 0.00000000000 0.00000000000 0.00000000000 0.00000000000 0.00000000000 0.00000000000 0.00000000000 0.00000000000 0.00000000000 0.00000000000 0.00000000000 0.00000000000 0.00000000000 0.00000000000 0.00000000000
# SelPars50:
2.08418711766
# SelPars95:
3.74255321692
# SelPars_dev50:
 0.00000000000 0.00000000000 0.00000000000 0.00000000000 0.00000000000 0.00000000000 0.00000000000 0.00000000000 0.00000000000 0.00000000000 0.00000000000 0.00000000000 0.00000000000 0.00000000000 0.00000000000 0.00000000000 0.00000000000 0.00000000000 0.00000000000 0.00000000000 0.00000000000 0.00000000000 0.00000000000 0.00000000000 0.00000000000 0.00000000000 0.00000000000 0.00000000000 0.00000000000 0.00000000000 0.00000000000 0.00000000000 0.00000000000 0.00000000000 0.00000000000 0.00000000000 0.00000000000 0.00000000000 0.00000000000 0.00000000000 0.00000000000 0.00000000000 0.00000000000 0.00000000000 0.00000000000 0.00000000000 0.00000000000 0.00000000000 0.00000000000 0.00000000000 0.00000000000 0.00000000000 0.00000000000 0.00000000000 0.00000000000 0.00000000000 0.00000000000 0.00000000000 0.00000000000 0.00000000000 0.00000000000 0.00000000000 0.00000000000
# SelPars_dev95:
 0.00000000000 0.00000000000 0.00000000000 0.00000000000 0.00000000000 0.00000000000 0.00000000000 0.00000000000 0.00000000000 0.00000000000 0.00000000000 0.00000000000 0.00000000000 0.00000000000 0.00000000000 0.00000000000 0.00000000000 0.00000000000 0.00000000000 0.00000000000 0.00000000000 0.00000000000 0.00000000000 0.00000000000 0.00000000000 0.00000000000 0.00000000000 0.00000000000 0.00000000000 0.00000000000 0.00000000000 0.00000000000 0.00000000000 0.00000000000 0.00000000000 0.00000000000 0.00000000000 0.00000000000 0.00000000000 0.00000000000 0.00000000000 0.00000000000 0.00000000000 0.00000000000 0.00000000000 0.00000000000 0.00000000000 0.00000000000 0.00000000000 0.00000000000 0.00000000000 0.00000000000 0.00000000000 0.00000000000 0.00000000000 0.00000000000 0.00000000000 0.00000000000 0.00000000000 0.00000000000 0.00000000000 0.00000000000 0.00000000000
