# Number of parameters = 135 Objective function value = 62244.6  Maximum gradient component = 0.000347334
# srv_sel50:
1.70693665024
# srv_sel95:
3.08861105177
# stNatLen:
 11.8784092929 11.6938151224 11.4160540344 11.1842674472 11.0038028927 10.8336817235 10.6386675527 10.4063570273 10.1442740503 9.86835215344 9.59372116952 9.33107165007 9.08663077834 8.86336723294 8.66224357316 8.48308887341 8.32517309225 8.18755006730 8.06927629606 7.96950391087 7.88745862196 7.82253845457 7.77427595486 7.74226288224 7.72623374106
# log_avg_fmort_dir:
-1.61566934345
# fmort_dir_dev:
 -2.12882090930 -2.02286500012 -1.45244543599 -1.05604474211 -0.736878611613 -0.631892896146 -0.376688105990 -0.234032372911 -0.0198591760790 -0.0584176680749 0.162331317882 0.146353538551 0.312468215364 0.430764945957 0.430186750564 0.450480682440 0.533726667007 0.341799165628 0.407511718798 0.307725486607 0.256708334387 0.362276077101 0.282508253717 0.352131427130 0.261857585046 0.224135119199 0.183297744818 0.209484175355 0.256194827058 0.165084236537 0.297625698859 0.203772740445 0.0994360941785 0.142841351495 0.0897778899762 0.157010909002 0.179588367380 0.232882081035 0.0787671695987 0.141699611261 0.0767327102674 0.00484398986283 0.0155925954490 0.110444087851 0.0769748123422 0.0500836507856 0.0832374228783 0.124436822216 -0.0314647024357 -0.0184489812106 0.137345848506 0.387738479442
# mean_log_rec:
11.4012414928
# rec_dev:
 0.526962381258 0.508444384833 0.503179634995 0.490337912359 0.476412365331 0.449576249692 0.415933197975 0.388701140582 0.360491049072 0.327929863480 0.296174168856 0.275466544556 0.251497394068 0.210630358590 0.152307155516 0.0872024841511 0.0330317789880 -0.0130908054336 -0.0577939110414 -0.0758919428075 -0.0961961281791 -0.122325320450 -0.123746043946 -0.136208960843 -0.150199322541 -0.155823242182 -0.176775473187 -0.202931337056 -0.232873904617 -0.263385611737 -0.301119238782 -0.323282333465 -0.369044856024 -0.398104495466 -0.317331892381 -0.264079412036 -0.273995217719 -0.260413377939 -0.250937538980 -0.239804853816 -0.218221775996 -0.207495662960 -0.187586850128 -0.168243867523 -0.151146392663 -0.128697356951 -0.0999269074578 -0.0438065999876 0.0239800948883 0.0850268211572 0.0735978161017 0.0735978378452
# log_avg_NatM:
-1.48644400000
# m_dev:
 0.00000000000 0.00000000000 0.00000000000 0.00000000000 0.00000000000 0.00000000000 0.00000000000 0.00000000000 0.00000000000 0.00000000000 0.00000000000 0.00000000000 0.00000000000 0.00000000000 0.00000000000 0.00000000000 0.00000000000 0.00000000000 0.00000000000 0.00000000000 0.00000000000 0.00000000000 0.00000000000 0.00000000000 0.00000000000 0.00000000000 0.00000000000 0.00000000000 0.00000000000 0.00000000000 0.00000000000 0.00000000000 0.00000000000 0.00000000000 0.00000000000 0.00000000000 0.00000000000 0.00000000000 0.00000000000 0.00000000000 0.00000000000 0.00000000000 0.00000000000 0.00000000000 0.00000000000 0.00000000000 0.00000000000 0.00000000000 0.00000000000 0.00000000000 0.00000000000 0.00000000000
# log_avg_GrowthK:
-1.54232300000
# log_avg_Linf:
4.97311800000
# GrowthK_dev:
 0.00000000000 0.00000000000 0.00000000000 0.00000000000 0.00000000000 0.00000000000 0.00000000000 0.00000000000 0.00000000000 0.00000000000 0.00000000000 0.00000000000 0.00000000000 0.00000000000 0.00000000000 0.00000000000 0.00000000000 0.00000000000 0.00000000000 0.00000000000 0.00000000000 0.00000000000 0.00000000000 0.00000000000 0.00000000000 0.00000000000 0.00000000000 0.00000000000 0.00000000000 0.00000000000 0.00000000000 0.00000000000 0.00000000000 0.00000000000 0.00000000000 0.00000000000 0.00000000000 0.00000000000 0.00000000000 0.00000000000 0.00000000000 0.00000000000 0.00000000000 0.00000000000 0.00000000000 0.00000000000 0.00000000000 0.00000000000 0.00000000000 0.00000000000 0.00000000000 0.00000000000
# Linf_dev:
 0.00000000000 0.00000000000 0.00000000000 0.00000000000 0.00000000000 0.00000000000 0.00000000000 0.00000000000 0.00000000000 0.00000000000 0.00000000000 0.00000000000 0.00000000000 0.00000000000 0.00000000000 0.00000000000 0.00000000000 0.00000000000 0.00000000000 0.00000000000 0.00000000000 0.00000000000 0.00000000000 0.00000000000 0.00000000000 0.00000000000 0.00000000000 0.00000000000 0.00000000000 0.00000000000 0.00000000000 0.00000000000 0.00000000000 0.00000000000 0.00000000000 0.00000000000 0.00000000000 0.00000000000 0.00000000000 0.00000000000 0.00000000000 0.00000000000 0.00000000000 0.00000000000 0.00000000000 0.00000000000 0.00000000000 0.00000000000 0.00000000000 0.00000000000 0.00000000000 0.00000000000
# SelPars50:
2.35205816068
# SelPars95:
4.34842486012
# SelPars_dev50:
 0.00000000000 0.00000000000 0.00000000000 0.00000000000 0.00000000000 0.00000000000 0.00000000000 0.00000000000 0.00000000000 0.00000000000 0.00000000000 0.00000000000 0.00000000000 0.00000000000 0.00000000000 0.00000000000 0.00000000000 0.00000000000 0.00000000000 0.00000000000 0.00000000000 0.00000000000 0.00000000000 0.00000000000 0.00000000000 0.00000000000 0.00000000000 0.00000000000 0.00000000000 0.00000000000 0.00000000000 0.00000000000 0.00000000000 0.00000000000 0.00000000000 0.00000000000 0.00000000000 0.00000000000 0.00000000000 0.00000000000 0.00000000000 0.00000000000 0.00000000000 0.00000000000 0.00000000000 0.00000000000 0.00000000000 0.00000000000 0.00000000000 0.00000000000 0.00000000000 0.00000000000
# SelPars_dev95:
 0.00000000000 0.00000000000 0.00000000000 0.00000000000 0.00000000000 0.00000000000 0.00000000000 0.00000000000 0.00000000000 0.00000000000 0.00000000000 0.00000000000 0.00000000000 0.00000000000 0.00000000000 0.00000000000 0.00000000000 0.00000000000 0.00000000000 0.00000000000 0.00000000000 0.00000000000 0.00000000000 0.00000000000 0.00000000000 0.00000000000 0.00000000000 0.00000000000 0.00000000000 0.00000000000 0.00000000000 0.00000000000 0.00000000000 0.00000000000 0.00000000000 0.00000000000 0.00000000000 0.00000000000 0.00000000000 0.00000000000 0.00000000000 0.00000000000 0.00000000000 0.00000000000 0.00000000000 0.00000000000 0.00000000000 0.00000000000 0.00000000000 0.00000000000 0.00000000000 0.00000000000
