# Number of parameters = 145 Objective function value = 68242.6  Maximum gradient component = 0.000371896
# srv_sel50:
1.66025462676
# srv_sel95:
2.94879011376
# stNatLen:
 11.8690896150 11.6866324221 11.4246880854 11.2033365367 11.0218649481 10.8436928628 10.6413753406 10.4082393382 10.1530238722 9.88972062726 9.63074312513 9.38460812050 9.15620985250 8.94784047727 8.76017865312 8.59301045221 8.44565683841 8.31723809682 8.20685104086 8.11370481274 8.03708212103 7.97646202109 7.93138393107 7.90152366359 7.88664418994
# log_avg_fmort_dir:
-1.61596951996
# fmort_dir_dev:
 -2.07037232114 -2.03321658979 -1.47886232130 -1.11331831436 -0.791358584965 -0.627845352933 -0.377454210911 -0.197801968418 -0.118126951977 0.0457273742657 -0.0393444867143 0.187564474308 0.254725230322 0.390816302477 0.410993782540 0.437004509950 0.388417687503 0.372521955780 0.364922807551 0.345812940201 0.351127092721 0.389665221568 0.232090149580 0.185521597322 0.171787008258 0.252699857491 0.224127791844 0.196663816028 0.126163636819 0.184999691643 0.200372315492 0.113300899851 0.126720591044 0.121238442932 0.0916708763581 0.0902881429107 0.109032042273 0.0522084720486 0.0443491418274 0.145666234838 -0.0166712516581 0.0992263748269 0.147798267007 0.0140342779051 0.0808540719978 0.0604633318300 0.0648012299514 -0.00502372588024 0.120881491757 0.0377354578602 0.275145926316 0.325547344037 0.389748021023 0.226496747728 0.217785679025 -0.0176889575589 0.218366728598
# mean_log_rec:
11.3634778449
# rec_dev:
 0.548773783753 0.516565870889 0.504253189328 0.492095656074 0.478326751269 0.455860893977 0.440947578476 0.427391324636 0.401376211275 0.371429322358 0.333976925191 0.287813246521 0.233557679909 0.184075677584 0.132481150616 0.0992376219625 0.0569357377015 0.0110696195564 -0.0321146080525 -0.0711621052963 -0.105891951902 -0.116851582399 -0.113237069834 -0.102631670242 -0.115506049051 -0.148669630428 -0.148357633630 -0.141883772957 -0.155542529964 -0.195309006551 -0.228603860582 -0.270940540751 -0.333359429513 -0.355307628472 -0.268892705373 -0.196478768535 -0.205314033263 -0.224961069989 -0.223588733652 -0.214139330863 -0.210142350488 -0.201148966647 -0.183859377082 -0.183796800510 -0.178228823114 -0.160684326174 -0.150943371018 -0.150051885608 -0.151764823625 -0.137143785090 -0.116822051313 -0.105649652465 -0.0899929573126 -0.0481716496863 0.0191796591019 0.0208983218864 0.0208983093651
# log_avg_NatM:
-1.47890400000
# m_dev:
 0.00000000000 0.00000000000 0.00000000000 0.00000000000 0.00000000000 0.00000000000 0.00000000000 0.00000000000 0.00000000000 0.00000000000 0.00000000000 0.00000000000 0.00000000000 0.00000000000 0.00000000000 0.00000000000 0.00000000000 0.00000000000 0.00000000000 0.00000000000 0.00000000000 0.00000000000 0.00000000000 0.00000000000 0.00000000000 0.00000000000 0.00000000000 0.00000000000 0.00000000000 0.00000000000 0.00000000000 0.00000000000 0.00000000000 0.00000000000 0.00000000000 0.00000000000 0.00000000000 0.00000000000 0.00000000000 0.00000000000 0.00000000000 0.00000000000 0.00000000000 0.00000000000 0.00000000000 0.00000000000 0.00000000000 0.00000000000 0.00000000000 0.00000000000 0.00000000000 0.00000000000 0.00000000000 0.00000000000 0.00000000000 0.00000000000 0.00000000000
# log_avg_GrowthK:
-1.60943800000
# log_avg_Linf:
4.88280200000
# GrowthK_dev:
 0.00000000000 0.00000000000 0.00000000000 0.00000000000 0.00000000000 0.00000000000 0.00000000000 0.00000000000 0.00000000000 0.00000000000 0.00000000000 0.00000000000 0.00000000000 0.00000000000 0.00000000000 0.00000000000 0.00000000000 0.00000000000 0.00000000000 0.00000000000 0.00000000000 0.00000000000 0.00000000000 0.00000000000 0.00000000000 0.00000000000 0.00000000000 0.00000000000 0.00000000000 0.00000000000 0.00000000000 0.00000000000 0.00000000000 0.00000000000 0.00000000000 0.00000000000 0.00000000000 0.00000000000 0.00000000000 0.00000000000 0.00000000000 0.00000000000 0.00000000000 0.00000000000 0.00000000000 0.00000000000 0.00000000000 0.00000000000 0.00000000000 0.00000000000 0.00000000000 0.00000000000 0.00000000000 0.00000000000 0.00000000000 0.00000000000 0.00000000000
# Linf_dev:
 0.00000000000 0.00000000000 0.00000000000 0.00000000000 0.00000000000 0.00000000000 0.00000000000 0.00000000000 0.00000000000 0.00000000000 0.00000000000 0.00000000000 0.00000000000 0.00000000000 0.00000000000 0.00000000000 0.00000000000 0.00000000000 0.00000000000 0.00000000000 0.00000000000 0.00000000000 0.00000000000 0.00000000000 0.00000000000 0.00000000000 0.00000000000 0.00000000000 0.00000000000 0.00000000000 0.00000000000 0.00000000000 0.00000000000 0.00000000000 0.00000000000 0.00000000000 0.00000000000 0.00000000000 0.00000000000 0.00000000000 0.00000000000 0.00000000000 0.00000000000 0.00000000000 0.00000000000 0.00000000000 0.00000000000 0.00000000000 0.00000000000 0.00000000000 0.00000000000 0.00000000000 0.00000000000 0.00000000000 0.00000000000 0.00000000000 0.00000000000
# SelPars50:
2.28033408973
# SelPars95:
4.18430148816
# SelPars_dev50:
 0.00000000000 0.00000000000 0.00000000000 0.00000000000 0.00000000000 0.00000000000 0.00000000000 0.00000000000 0.00000000000 0.00000000000 0.00000000000 0.00000000000 0.00000000000 0.00000000000 0.00000000000 0.00000000000 0.00000000000 0.00000000000 0.00000000000 0.00000000000 0.00000000000 0.00000000000 0.00000000000 0.00000000000 0.00000000000 0.00000000000 0.00000000000 0.00000000000 0.00000000000 0.00000000000 0.00000000000 0.00000000000 0.00000000000 0.00000000000 0.00000000000 0.00000000000 0.00000000000 0.00000000000 0.00000000000 0.00000000000 0.00000000000 0.00000000000 0.00000000000 0.00000000000 0.00000000000 0.00000000000 0.00000000000 0.00000000000 0.00000000000 0.00000000000 0.00000000000 0.00000000000 0.00000000000 0.00000000000 0.00000000000 0.00000000000 0.00000000000
# SelPars_dev95:
 0.00000000000 0.00000000000 0.00000000000 0.00000000000 0.00000000000 0.00000000000 0.00000000000 0.00000000000 0.00000000000 0.00000000000 0.00000000000 0.00000000000 0.00000000000 0.00000000000 0.00000000000 0.00000000000 0.00000000000 0.00000000000 0.00000000000 0.00000000000 0.00000000000 0.00000000000 0.00000000000 0.00000000000 0.00000000000 0.00000000000 0.00000000000 0.00000000000 0.00000000000 0.00000000000 0.00000000000 0.00000000000 0.00000000000 0.00000000000 0.00000000000 0.00000000000 0.00000000000 0.00000000000 0.00000000000 0.00000000000 0.00000000000 0.00000000000 0.00000000000 0.00000000000 0.00000000000 0.00000000000 0.00000000000 0.00000000000 0.00000000000 0.00000000000 0.00000000000 0.00000000000 0.00000000000 0.00000000000 0.00000000000 0.00000000000 0.00000000000
