# Number of parameters = 203 Objective function value = 68241.5  Maximum gradient component = 0.00137979
# srv_sel50:
1.46959847835
# srv_sel95:
2.41819495299
# stNatLen:
 11.6785684583 11.5285705069 11.3296130653 11.1415028354 10.9557843453 10.7522627697 10.5256734487 10.2844790040 10.0411261524 9.80577950355 9.58477972550 9.38129704530 9.19644028950 9.03013908084 8.88171106399 8.75029317933 8.63492131882 8.53466797243 8.44865754806 8.37615542880 8.31659035415 8.26958828299 8.23472017832 8.21167595353 8.20026449882
# log_avg_fmort_dir:
-1.63369496556
# fmort_dir_dev:
 -1.68658733749 -1.72562997374 -1.28996827224 -0.876779570979 -0.700672278030 -0.539525451041 -0.476641125991 -0.132394776378 -0.0248741185859 0.204884764831 0.229607560160 0.281873674643 0.399858993174 0.476142542980 0.589260806066 0.568686070798 0.659726688401 0.510928923437 0.511580558352 0.377654640950 0.415232828729 0.371547585923 0.326602033259 0.347666935230 0.362667242663 0.413827196924 0.232770484125 0.265415801424 0.207430277939 0.209149494587 0.199177733444 0.0575003214503 0.0890225697333 -0.0356304165282 0.0598234661783 -0.0475726196485 -0.0426539524349 -0.0537035349715 -0.0118127707684 0.0572585114605 -0.00312809994539 -0.0180178025137 -0.0786454114509 -0.113363630995 -0.116092615887 -0.132177811901 -0.179605708382 -0.175874224770 -0.00468304110369 0.0397537882617 -0.702575460477 -0.121432502964 0.271226285276 0.420027891233 -0.296089298947 0.00678049818602 0.423045638345
# mean_log_rec:
11.1284929212
# rec_dev:
 0.348239137293 0.269415999277 0.237612208369 0.260855188914 0.313838694239 0.337667130105 0.279288549179 0.182856330695 0.121445016112 0.100054354905 0.0921061719042 0.0362436250747 -0.0141015666058 -0.0470939746084 -0.0824269224064 -0.117726898952 -0.148468654440 -0.165195638942 -0.176855828936 -0.173303674124 -0.173076359741 -0.197313315647 -0.252002083451 -0.309832042180 -0.316138044585 -0.289980168673 -0.259670439800 -0.259865760723 -0.269311683097 -0.255066366443 -0.208647525327 -0.172450162579 -0.145285745209 -0.116174140890 0.00339491634446 0.0905790306042 0.0971885001106 0.0754722579604 0.0613684265162 0.0733932735665 0.0953982084180 0.119785533724 0.163896434815 0.207603871924 0.220954684377 0.235101963970 0.222538279915 0.111081895584 -0.0289620662389 -0.0601668498323 -0.0323748252126 0.00600729542243 -0.0159398441139 -0.0306747023092 -0.0200676934105 -0.0126071743608 -0.0126068264812
# log_avg_NatM:
-1.56524642697
# m_dev:
 0.740404257374 0.329273090605 0.0372949683786 -0.218531167389 -0.462708830387 -0.221904041983 0.143603675433 0.252392458112 -0.0546006570713 -0.275249858289 -0.351743393487 -0.0104670101904 -0.187379608725 -0.376902393505 -0.473007121508 -0.474520298621 -0.340641873233 -0.275285871356 -0.258219717529 -0.338199603466 -0.293607375351 -0.110866725973 0.160268079213 0.0434395322585 -0.310596042286 -0.359610421206 -0.290006959746 -0.0432447100442 -0.0332902063308 -0.206320999334 -0.269068520392 -0.166065788799 -0.180082673359 -0.0364439523278 0.0568978680895 0.262949433280 0.190875623024 0.288514610176 0.246282244461 0.126063722117 0.215684951700 0.189313856820 0.0690858369955 0.136445548842 0.260018731966 0.233234204646 0.309390852517 0.616801981590 0.687325838632 0.184184789597 -0.00353434032884 0.181649625455 0.293792655941 0.0249699471345 0.0377656325324 0.177903667482 0.126272477841
# log_avg_GrowthK:
-1.60943800000
# log_avg_Linf:
4.88280200000
# GrowthK_dev:
 0.00000000000 0.00000000000 0.00000000000 0.00000000000 0.00000000000 0.00000000000 0.00000000000 0.00000000000 0.00000000000 0.00000000000 0.00000000000 0.00000000000 0.00000000000 0.00000000000 0.00000000000 0.00000000000 0.00000000000 0.00000000000 0.00000000000 0.00000000000 0.00000000000 0.00000000000 0.00000000000 0.00000000000 0.00000000000 0.00000000000 0.00000000000 0.00000000000 0.00000000000 0.00000000000 0.00000000000 0.00000000000 0.00000000000 0.00000000000 0.00000000000 0.00000000000 0.00000000000 0.00000000000 0.00000000000 0.00000000000 0.00000000000 0.00000000000 0.00000000000 0.00000000000 0.00000000000 0.00000000000 0.00000000000 0.00000000000 0.00000000000 0.00000000000 0.00000000000 0.00000000000 0.00000000000 0.00000000000 0.00000000000 0.00000000000 0.00000000000
# Linf_dev:
 0.00000000000 0.00000000000 0.00000000000 0.00000000000 0.00000000000 0.00000000000 0.00000000000 0.00000000000 0.00000000000 0.00000000000 0.00000000000 0.00000000000 0.00000000000 0.00000000000 0.00000000000 0.00000000000 0.00000000000 0.00000000000 0.00000000000 0.00000000000 0.00000000000 0.00000000000 0.00000000000 0.00000000000 0.00000000000 0.00000000000 0.00000000000 0.00000000000 0.00000000000 0.00000000000 0.00000000000 0.00000000000 0.00000000000 0.00000000000 0.00000000000 0.00000000000 0.00000000000 0.00000000000 0.00000000000 0.00000000000 0.00000000000 0.00000000000 0.00000000000 0.00000000000 0.00000000000 0.00000000000 0.00000000000 0.00000000000 0.00000000000 0.00000000000 0.00000000000 0.00000000000 0.00000000000 0.00000000000 0.00000000000 0.00000000000 0.00000000000
# SelPars50:
2.02534715861
# SelPars95:
3.60435286392
# SelPars_dev50:
 0.00000000000 0.00000000000 0.00000000000 0.00000000000 0.00000000000 0.00000000000 0.00000000000 0.00000000000 0.00000000000 0.00000000000 0.00000000000 0.00000000000 0.00000000000 0.00000000000 0.00000000000 0.00000000000 0.00000000000 0.00000000000 0.00000000000 0.00000000000 0.00000000000 0.00000000000 0.00000000000 0.00000000000 0.00000000000 0.00000000000 0.00000000000 0.00000000000 0.00000000000 0.00000000000 0.00000000000 0.00000000000 0.00000000000 0.00000000000 0.00000000000 0.00000000000 0.00000000000 0.00000000000 0.00000000000 0.00000000000 0.00000000000 0.00000000000 0.00000000000 0.00000000000 0.00000000000 0.00000000000 0.00000000000 0.00000000000 0.00000000000 0.00000000000 0.00000000000 0.00000000000 0.00000000000 0.00000000000 0.00000000000 0.00000000000 0.00000000000
# SelPars_dev95:
 0.00000000000 0.00000000000 0.00000000000 0.00000000000 0.00000000000 0.00000000000 0.00000000000 0.00000000000 0.00000000000 0.00000000000 0.00000000000 0.00000000000 0.00000000000 0.00000000000 0.00000000000 0.00000000000 0.00000000000 0.00000000000 0.00000000000 0.00000000000 0.00000000000 0.00000000000 0.00000000000 0.00000000000 0.00000000000 0.00000000000 0.00000000000 0.00000000000 0.00000000000 0.00000000000 0.00000000000 0.00000000000 0.00000000000 0.00000000000 0.00000000000 0.00000000000 0.00000000000 0.00000000000 0.00000000000 0.00000000000 0.00000000000 0.00000000000 0.00000000000 0.00000000000 0.00000000000 0.00000000000 0.00000000000 0.00000000000 0.00000000000 0.00000000000 0.00000000000 0.00000000000 0.00000000000 0.00000000000 0.00000000000 0.00000000000 0.00000000000
