# Number of parameters = 182 Objective function value = 59772.3  Maximum gradient component = 0.00256004
# srv_sel50:
1.46641566353
# srv_sel95:
2.41174592562
# stNatLen:
 11.3856660297 11.2485740316 11.0506909128 10.8613630007 10.6753882277 10.4724945295 10.2467699963 10.0062308096 9.76317603790 9.52779151551 9.30649355660 9.10253637661 8.91711653341 8.75023513528 8.60126520052 8.46932500762 8.35344893409 8.25272263096 8.16633098124 8.09352957703 8.03373810764 7.98649030381 7.95131834269 7.92807551073 7.91653807923
# log_avg_fmort_dir:
-1.61144931139
# fmort_dir_dev:
 -1.69569983163 -1.71401660961 -1.29891363321 -0.941919266886 -0.753607855240 -0.464567583764 -0.386796036724 -0.199901164597 -0.0787296267999 0.114249989795 0.166515531970 0.278574367143 0.323704140129 0.316217953770 0.406138981596 0.459240388539 0.519344515409 0.467821541254 0.457931131188 0.451108434137 0.346694130821 0.256267390456 0.319501649899 0.185631346601 0.287942376129 0.292614460507 0.312944858629 0.441320737764 0.370458290488 0.282962121084 0.158116646455 0.165265517057 0.108057840316 0.0271310012076 -0.00337385696204 -0.114491361106 0.0782624627027 0.0950849981788 -0.0560966094256 -0.0340364114814 0.0292165652395 0.0194157124376 -0.00595494785596 -0.00663683994162 0.00449195087709 -0.0978938106610 -0.0141064072541 -0.142567219795 0.143170708180 0.123911332983
# mean_log_rec:
11.1198917641
# rec_dev:
 0.333742146388 0.321316731510 0.343097878443 0.334588128136 0.322525788817 0.312518020608 0.281766152047 0.249073807547 0.207053756102 0.166911669515 0.147945747255 0.139361450280 0.138369768722 0.114082637367 0.0293610278083 -0.0657797558843 -0.123802905221 -0.143151225483 -0.164606369061 -0.166521491862 -0.163533165980 -0.157040316101 -0.174030723139 -0.216204890866 -0.287084602999 -0.383718752046 -0.433496699886 -0.437210053654 -0.407985788874 -0.339857665699 -0.285607496116 -0.225498847095 -0.190170257438 -0.134198517162 -0.00717709453707 0.0579391889832 0.0450320528187 0.0282430339119 0.0785899627240 0.127121685268 0.104865277914 0.0582175564108 0.00995474041177 0.0265566803978 0.100845009412 0.147837279949 0.158521706184 0.0999800964513 0.0106288823678 0.0106287553527
# log_avg_NatM:
-1.59449424052
# m_dev:
 -0.0146473313923 -0.0857420356578 -0.211187199949 0.0777601909919 -0.0692316259263 -0.0674794683341 0.0734865978315 -0.0222858074501 -0.00509786921240 -0.0203555649273 -0.177960890113 -0.259648295988 -0.323159908078 -0.162111397590 0.150007005898 0.0756974872012 -0.141963484643 -0.312318123650 -0.200192369177 -0.214850535017 -0.103494127420 -0.190325185033 -0.0438641349207 0.0921903507986 0.187733484123 0.277425103578 -0.109433347100 -0.253908093732 -0.402068842449 -0.497781350900 -0.417838281575 -0.375073110158 -0.275956803633 -0.154904373609 0.108403971699 0.274792867773 0.258559856217 0.310249144433 -0.111434015941 0.0501176584063 0.314889869500 0.418943614362 0.460242103243 0.125011075599 -0.0829168537839 0.0907656080480 0.208591401476 0.296856285229 0.725738244599 0.729768506356
# log_avg_GrowthK:
-1.60943800000
# log_avg_Linf:
4.88280200000
# GrowthK_dev:
 0.00000000000 0.00000000000 0.00000000000 0.00000000000 0.00000000000 0.00000000000 0.00000000000 0.00000000000 0.00000000000 0.00000000000 0.00000000000 0.00000000000 0.00000000000 0.00000000000 0.00000000000 0.00000000000 0.00000000000 0.00000000000 0.00000000000 0.00000000000 0.00000000000 0.00000000000 0.00000000000 0.00000000000 0.00000000000 0.00000000000 0.00000000000 0.00000000000 0.00000000000 0.00000000000 0.00000000000 0.00000000000 0.00000000000 0.00000000000 0.00000000000 0.00000000000 0.00000000000 0.00000000000 0.00000000000 0.00000000000 0.00000000000 0.00000000000 0.00000000000 0.00000000000 0.00000000000 0.00000000000 0.00000000000 0.00000000000 0.00000000000 0.00000000000
# Linf_dev:
 0.00000000000 0.00000000000 0.00000000000 0.00000000000 0.00000000000 0.00000000000 0.00000000000 0.00000000000 0.00000000000 0.00000000000 0.00000000000 0.00000000000 0.00000000000 0.00000000000 0.00000000000 0.00000000000 0.00000000000 0.00000000000 0.00000000000 0.00000000000 0.00000000000 0.00000000000 0.00000000000 0.00000000000 0.00000000000 0.00000000000 0.00000000000 0.00000000000 0.00000000000 0.00000000000 0.00000000000 0.00000000000 0.00000000000 0.00000000000 0.00000000000 0.00000000000 0.00000000000 0.00000000000 0.00000000000 0.00000000000 0.00000000000 0.00000000000 0.00000000000 0.00000000000 0.00000000000 0.00000000000 0.00000000000 0.00000000000 0.00000000000 0.00000000000
# SelPars50:
2.02571194355
# SelPars95:
3.60502484176
# SelPars_dev50:
 0.00000000000 0.00000000000 0.00000000000 0.00000000000 0.00000000000 0.00000000000 0.00000000000 0.00000000000 0.00000000000 0.00000000000 0.00000000000 0.00000000000 0.00000000000 0.00000000000 0.00000000000 0.00000000000 0.00000000000 0.00000000000 0.00000000000 0.00000000000 0.00000000000 0.00000000000 0.00000000000 0.00000000000 0.00000000000 0.00000000000 0.00000000000 0.00000000000 0.00000000000 0.00000000000 0.00000000000 0.00000000000 0.00000000000 0.00000000000 0.00000000000 0.00000000000 0.00000000000 0.00000000000 0.00000000000 0.00000000000 0.00000000000 0.00000000000 0.00000000000 0.00000000000 0.00000000000 0.00000000000 0.00000000000 0.00000000000 0.00000000000 0.00000000000
# SelPars_dev95:
 0.00000000000 0.00000000000 0.00000000000 0.00000000000 0.00000000000 0.00000000000 0.00000000000 0.00000000000 0.00000000000 0.00000000000 0.00000000000 0.00000000000 0.00000000000 0.00000000000 0.00000000000 0.00000000000 0.00000000000 0.00000000000 0.00000000000 0.00000000000 0.00000000000 0.00000000000 0.00000000000 0.00000000000 0.00000000000 0.00000000000 0.00000000000 0.00000000000 0.00000000000 0.00000000000 0.00000000000 0.00000000000 0.00000000000 0.00000000000 0.00000000000 0.00000000000 0.00000000000 0.00000000000 0.00000000000 0.00000000000 0.00000000000 0.00000000000 0.00000000000 0.00000000000 0.00000000000 0.00000000000 0.00000000000 0.00000000000 0.00000000000 0.00000000000
