# Number of parameters = 151 Objective function value = 71935.5161278078  Maximum gradient component = 0.000844819213832265
# srv_sel50:
1.63482939494
# srv_sel95:
2.87219909454
# stNatLen:
 11.8613757442 11.6861878863 11.4376194912 11.2239996298 11.0378637138 10.8459585278 10.6311532615 10.3954429392 10.1499363923 9.90623788071 9.67286611555 9.45492401915 9.25491836703 9.07371879649 8.91126146502 8.76700549404 8.64018196847 8.52994623185 8.43548287638 8.35602033475 8.29090860990 8.23960455502 8.20163188896 8.17665561505 8.16423230315
# log_avg_fmort_dir:
-1.64506613176
# fmort_dir_dev:
 -2.02645839554 -2.02391671119 -1.52610832084 -1.16837562624 -0.695478855918 -0.640107017475 -0.405460613019 -0.236612456636 -0.178244969501 0.0417990919180 0.0796483919154 0.269570364731 0.306980432200 0.354933645594 0.424824685296 0.347708181069 0.423357210034 0.489824260991 0.318629344536 0.258080863699 0.378833386619 0.286909880234 0.302337550795 0.250491916336 0.260042951970 0.271968734340 0.192472281638 0.195755385645 0.0966261783763 0.108978903407 0.100724709086 0.132226948554 0.0856949699094 0.125830879438 0.145490746656 0.0622775097209 0.202471782591 0.174603215373 0.108616454507 0.0975365038895 0.102129898289 0.139439495689 0.141232371013 0.108891980656 0.0692770067028 0.0484250715892 0.115234689153 0.0606967024786 0.138719051595 0.131277277973 0.0406379471141 -0.0459605381735 -0.0853226458274 0.0460743037036 0.167109374061 0.253319024016 0.0962087471918 0.131642166240 0.239546127978 0.106937553848
# mean_log_rec:
11.3582803075
# rec_dev:
 0.545752527202 0.507564893130 0.494950099373 0.481873668969 0.471140556745 0.469281523275 0.462965397239 0.455803040860 0.436064087894 0.403097940870 0.359485729548 0.315008633519 0.293609902378 0.259529268033 0.214909582809 0.168689243795 0.0931947725276 0.0363523171992 0.0136435548862 0.00120484568425 -0.0239070380336 -0.0396863946174 -0.0609641362600 -0.0905329881532 -0.123616932006 -0.165041956957 -0.174681877557 -0.182386400325 -0.204207511252 -0.227064273970 -0.256112323526 -0.292812767677 -0.329600570278 -0.345506435188 -0.261111475170 -0.190627455643 -0.218975405023 -0.241910548863 -0.237454551213 -0.223180462048 -0.222168771817 -0.227444420368 -0.237074568224 -0.239762486308 -0.250072632631 -0.236897906949 -0.204002824095 -0.171134006873 -0.152052309778 -0.145118633352 -0.140982628761 -0.134230454427 -0.120793663544 -0.0854136919908 -0.0518186377282 -0.0387261797904 -0.0164827105092 0.0273215469423 0.0260574672719 0.0260574307566
# log_avg_NatM:
-1.47890400000
# m_dev:
 0.00000000000 0.00000000000 0.00000000000 0.00000000000 0.00000000000 0.00000000000 0.00000000000 0.00000000000 0.00000000000 0.00000000000 0.00000000000 0.00000000000 0.00000000000 0.00000000000 0.00000000000 0.00000000000 0.00000000000 0.00000000000 0.00000000000 0.00000000000 0.00000000000 0.00000000000 0.00000000000 0.00000000000 0.00000000000 0.00000000000 0.00000000000 0.00000000000 0.00000000000 0.00000000000 0.00000000000 0.00000000000 0.00000000000 0.00000000000 0.00000000000 0.00000000000 0.00000000000 0.00000000000 0.00000000000 0.00000000000 0.00000000000 0.00000000000 0.00000000000 0.00000000000 0.00000000000 0.00000000000 0.00000000000 0.00000000000 0.00000000000 0.00000000000 0.00000000000 0.00000000000 0.00000000000 0.00000000000 0.00000000000 0.00000000000 0.00000000000 0.00000000000 0.00000000000 0.00000000000
# log_avg_GrowthK:
-1.60943800000
# log_avg_Linf:
4.88280200000
# GrowthK_dev:
 0.00000000000 0.00000000000 0.00000000000 0.00000000000 0.00000000000 0.00000000000 0.00000000000 0.00000000000 0.00000000000 0.00000000000 0.00000000000 0.00000000000 0.00000000000 0.00000000000 0.00000000000 0.00000000000 0.00000000000 0.00000000000 0.00000000000 0.00000000000 0.00000000000 0.00000000000 0.00000000000 0.00000000000 0.00000000000 0.00000000000 0.00000000000 0.00000000000 0.00000000000 0.00000000000 0.00000000000 0.00000000000 0.00000000000 0.00000000000 0.00000000000 0.00000000000 0.00000000000 0.00000000000 0.00000000000 0.00000000000 0.00000000000 0.00000000000 0.00000000000 0.00000000000 0.00000000000 0.00000000000 0.00000000000 0.00000000000 0.00000000000 0.00000000000 0.00000000000 0.00000000000 0.00000000000 0.00000000000 0.00000000000 0.00000000000 0.00000000000 0.00000000000 0.00000000000 0.00000000000
# Linf_dev:
 0.00000000000 0.00000000000 0.00000000000 0.00000000000 0.00000000000 0.00000000000 0.00000000000 0.00000000000 0.00000000000 0.00000000000 0.00000000000 0.00000000000 0.00000000000 0.00000000000 0.00000000000 0.00000000000 0.00000000000 0.00000000000 0.00000000000 0.00000000000 0.00000000000 0.00000000000 0.00000000000 0.00000000000 0.00000000000 0.00000000000 0.00000000000 0.00000000000 0.00000000000 0.00000000000 0.00000000000 0.00000000000 0.00000000000 0.00000000000 0.00000000000 0.00000000000 0.00000000000 0.00000000000 0.00000000000 0.00000000000 0.00000000000 0.00000000000 0.00000000000 0.00000000000 0.00000000000 0.00000000000 0.00000000000 0.00000000000 0.00000000000 0.00000000000 0.00000000000 0.00000000000 0.00000000000 0.00000000000 0.00000000000 0.00000000000 0.00000000000 0.00000000000 0.00000000000 0.00000000000
# SelPars50:
2.25039489076
# SelPars95:
4.11817286588
# SelPars_dev50:
 0.00000000000 0.00000000000 0.00000000000 0.00000000000 0.00000000000 0.00000000000 0.00000000000 0.00000000000 0.00000000000 0.00000000000 0.00000000000 0.00000000000 0.00000000000 0.00000000000 0.00000000000 0.00000000000 0.00000000000 0.00000000000 0.00000000000 0.00000000000 0.00000000000 0.00000000000 0.00000000000 0.00000000000 0.00000000000 0.00000000000 0.00000000000 0.00000000000 0.00000000000 0.00000000000 0.00000000000 0.00000000000 0.00000000000 0.00000000000 0.00000000000 0.00000000000 0.00000000000 0.00000000000 0.00000000000 0.00000000000 0.00000000000 0.00000000000 0.00000000000 0.00000000000 0.00000000000 0.00000000000 0.00000000000 0.00000000000 0.00000000000 0.00000000000 0.00000000000 0.00000000000 0.00000000000 0.00000000000 0.00000000000 0.00000000000 0.00000000000 0.00000000000 0.00000000000 0.00000000000
# SelPars_dev95:
 0.00000000000 0.00000000000 0.00000000000 0.00000000000 0.00000000000 0.00000000000 0.00000000000 0.00000000000 0.00000000000 0.00000000000 0.00000000000 0.00000000000 0.00000000000 0.00000000000 0.00000000000 0.00000000000 0.00000000000 0.00000000000 0.00000000000 0.00000000000 0.00000000000 0.00000000000 0.00000000000 0.00000000000 0.00000000000 0.00000000000 0.00000000000 0.00000000000 0.00000000000 0.00000000000 0.00000000000 0.00000000000 0.00000000000 0.00000000000 0.00000000000 0.00000000000 0.00000000000 0.00000000000 0.00000000000 0.00000000000 0.00000000000 0.00000000000 0.00000000000 0.00000000000 0.00000000000 0.00000000000 0.00000000000 0.00000000000 0.00000000000 0.00000000000 0.00000000000 0.00000000000 0.00000000000 0.00000000000 0.00000000000 0.00000000000 0.00000000000 0.00000000000 0.00000000000 0.00000000000
