# Number of parameters = 141 Objective function value = 65748.2  Maximum gradient component = 0.000339403
# srv_sel50:
1.66111852602
# srv_sel95:
2.95503703054
# stNatLen:
 11.8149187068 11.6042923547 11.3060006081 11.0483207320 10.8307266844 10.6202980485 10.3941582608 10.1478605477 9.88916357755 9.62933186993 9.37793750284 9.14133958251 8.92304134739 8.72452856762 8.54604941916 8.38716814642 8.24712135807 8.12504425540 8.02011703038 7.93156392179 7.85873898776 7.80108651332 7.75816419081 7.72963900420 7.71546194924
# log_avg_fmort_dir:
-1.49795205985
# fmort_dir_dev:
 -0.790515356257 -0.771473802950 -0.648600193005 -0.457597538489 -0.262586813425 -0.0523461869894 -0.0209148510521 0.0681150582423 0.223297747163 0.223202418731 0.239620769940 0.344644178031 0.335208970629 0.230003372515 0.275783962691 0.261947974396 0.211323826581 0.190645090036 0.191979367060 0.207226369799 0.142376451091 -0.0328400491885 -0.0247327813345 -0.0630252319528 0.0358737084243 0.0316906361116 0.000717942099396 -0.00506722112550 -0.0756240304796 0.0487244753909 0.0553149503272 0.0171597176571 0.0281225611379 -0.0711881548504 0.118846957263 -0.00574101396350 0.0312760122912 0.0111357881377 -0.0895110391704 0.0346554867225 -0.0358277531105 -0.0553179845571 -0.0169215679480 -0.128358372896 -0.0275619680432 0.0208197938308 0.214941980331 0.0472514621379 -0.0113730678962 -0.166574006546 0.132071117120 0.212598105247 -0.0375926131556 -0.198262304004 -0.137022348747
# mean_log_rec:
11.3119828025
# rec_dev:
 0.519135640492 0.496632934823 0.488443130711 0.468652538071 0.442579054254 0.413003968400 0.363818938171 0.329696490203 0.309495350776 0.279484053464 0.233893295741 0.177968313746 0.122197500572 0.102393195593 0.0778682663668 0.0303366369780 -0.00198304212800 -0.0358753960092 -0.0539664645701 -0.0706602801922 -0.0882573873467 -0.122666275739 -0.151477347365 -0.161660938053 -0.173842647800 -0.184879931812 -0.197313116597 -0.227190505368 -0.287535287783 -0.319318188273 -0.221226721202 -0.118119027468 -0.122312404714 -0.153753662641 -0.180967999127 -0.185899979550 -0.180225332851 -0.171301511665 -0.167203669370 -0.167743476044 -0.163183427273 -0.152884455743 -0.125331949096 -0.122342998727 -0.122650280062 -0.106747951174 -0.0942217566197 -0.108520759736 -0.107168365737 -0.0676962089461 -0.0247196937355 0.00714382937873 0.0346903067269 0.0217075052897 0.0217074907608
# log_avg_NatM:
-1.47890400000
# m_dev:
 0.00000000000 0.00000000000 0.00000000000 0.00000000000 0.00000000000 0.00000000000 0.00000000000 0.00000000000 0.00000000000 0.00000000000 0.00000000000 0.00000000000 0.00000000000 0.00000000000 0.00000000000 0.00000000000 0.00000000000 0.00000000000 0.00000000000 0.00000000000 0.00000000000 0.00000000000 0.00000000000 0.00000000000 0.00000000000 0.00000000000 0.00000000000 0.00000000000 0.00000000000 0.00000000000 0.00000000000 0.00000000000 0.00000000000 0.00000000000 0.00000000000 0.00000000000 0.00000000000 0.00000000000 0.00000000000 0.00000000000 0.00000000000 0.00000000000 0.00000000000 0.00000000000 0.00000000000 0.00000000000 0.00000000000 0.00000000000 0.00000000000 0.00000000000 0.00000000000 0.00000000000 0.00000000000 0.00000000000 0.00000000000
# log_avg_GrowthK:
-1.60943800000
# log_avg_Linf:
4.88280200000
# GrowthK_dev:
 0.00000000000 0.00000000000 0.00000000000 0.00000000000 0.00000000000 0.00000000000 0.00000000000 0.00000000000 0.00000000000 0.00000000000 0.00000000000 0.00000000000 0.00000000000 0.00000000000 0.00000000000 0.00000000000 0.00000000000 0.00000000000 0.00000000000 0.00000000000 0.00000000000 0.00000000000 0.00000000000 0.00000000000 0.00000000000 0.00000000000 0.00000000000 0.00000000000 0.00000000000 0.00000000000 0.00000000000 0.00000000000 0.00000000000 0.00000000000 0.00000000000 0.00000000000 0.00000000000 0.00000000000 0.00000000000 0.00000000000 0.00000000000 0.00000000000 0.00000000000 0.00000000000 0.00000000000 0.00000000000 0.00000000000 0.00000000000 0.00000000000 0.00000000000 0.00000000000 0.00000000000 0.00000000000 0.00000000000 0.00000000000
# Linf_dev:
 0.00000000000 0.00000000000 0.00000000000 0.00000000000 0.00000000000 0.00000000000 0.00000000000 0.00000000000 0.00000000000 0.00000000000 0.00000000000 0.00000000000 0.00000000000 0.00000000000 0.00000000000 0.00000000000 0.00000000000 0.00000000000 0.00000000000 0.00000000000 0.00000000000 0.00000000000 0.00000000000 0.00000000000 0.00000000000 0.00000000000 0.00000000000 0.00000000000 0.00000000000 0.00000000000 0.00000000000 0.00000000000 0.00000000000 0.00000000000 0.00000000000 0.00000000000 0.00000000000 0.00000000000 0.00000000000 0.00000000000 0.00000000000 0.00000000000 0.00000000000 0.00000000000 0.00000000000 0.00000000000 0.00000000000 0.00000000000 0.00000000000 0.00000000000 0.00000000000 0.00000000000 0.00000000000 0.00000000000 0.00000000000
# SelPars50:
2.26501558337
# SelPars95:
4.13891285116
# SelPars_dev50:
 0.00000000000 0.00000000000 0.00000000000 0.00000000000 0.00000000000 0.00000000000 0.00000000000 0.00000000000 0.00000000000 0.00000000000 0.00000000000 0.00000000000 0.00000000000 0.00000000000 0.00000000000 0.00000000000 0.00000000000 0.00000000000 0.00000000000 0.00000000000 0.00000000000 0.00000000000 0.00000000000 0.00000000000 0.00000000000 0.00000000000 0.00000000000 0.00000000000 0.00000000000 0.00000000000 0.00000000000 0.00000000000 0.00000000000 0.00000000000 0.00000000000 0.00000000000 0.00000000000 0.00000000000 0.00000000000 0.00000000000 0.00000000000 0.00000000000 0.00000000000 0.00000000000 0.00000000000 0.00000000000 0.00000000000 0.00000000000 0.00000000000 0.00000000000 0.00000000000 0.00000000000 0.00000000000 0.00000000000 0.00000000000
# SelPars_dev95:
 0.00000000000 0.00000000000 0.00000000000 0.00000000000 0.00000000000 0.00000000000 0.00000000000 0.00000000000 0.00000000000 0.00000000000 0.00000000000 0.00000000000 0.00000000000 0.00000000000 0.00000000000 0.00000000000 0.00000000000 0.00000000000 0.00000000000 0.00000000000 0.00000000000 0.00000000000 0.00000000000 0.00000000000 0.00000000000 0.00000000000 0.00000000000 0.00000000000 0.00000000000 0.00000000000 0.00000000000 0.00000000000 0.00000000000 0.00000000000 0.00000000000 0.00000000000 0.00000000000 0.00000000000 0.00000000000 0.00000000000 0.00000000000 0.00000000000 0.00000000000 0.00000000000 0.00000000000 0.00000000000 0.00000000000 0.00000000000 0.00000000000 0.00000000000 0.00000000000 0.00000000000 0.00000000000 0.00000000000 0.00000000000
