# Number of parameters = 139 Objective function value = 64683.3  Maximum gradient component = 0.00656742
# srv_sel50:
1.49482633696
# srv_sel95:
2.48329707329
# stNatLen:
 11.4786410718 11.3161256361 11.0849795418 10.8562203712 10.6325889631 10.4006792500 10.1560043310 9.90443679666 9.65537043313 9.41675630887 9.19364786316 8.98856762951 8.80232128704 8.63472557751 8.48509636306 8.35252845813 8.23605829314 8.13476594955 8.04778695601 7.97440019629 7.91405636964 7.86629103882 7.83078567169 7.80733915162 7.79573184124
# log_avg_fmort_dir:
-1.58508277666
# fmort_dir_dev:
 -0.413860459650 -0.576021829945 -0.379162061256 -0.198317248156 -0.0859493019907 -0.109886582461 0.108767734343 0.118017219793 0.212919630072 0.288954034684 0.386906734706 0.424220700757 0.401923323400 0.330966701686 0.388409812099 0.322710735369 0.307369323544 0.203934574022 0.322115985498 0.259387497329 0.172871879803 0.155699871268 0.0885934982100 0.148994237824 0.138273351885 0.0758562443186 0.0538548334702 0.0117296876912 0.0536400850367 0.0817246919635 0.0125625762084 -0.0341736017457 -0.0342076407968 -0.00885223860959 -0.0856294866438 -0.0232635527791 0.0151898866883 0.0375374506699 0.000915986003962 0.0195829521893 -0.00810067167353 -0.0690543158781 -0.131396792376 -0.0384027158062 -0.0669509905511 -0.0878399618590 -0.400889531930 -0.470674859296 -0.363013591659 -0.340235525282 -0.297075080816 -0.243076891923 -0.404369628618 -0.273226678830
# mean_log_rec:
11.1121516176
# rec_dev:
 0.407362760214 0.370664468543 0.349736490113 0.326204683946 0.305874251466 0.281637711571 0.271262503204 0.255287948051 0.226507123708 0.186588916314 0.133970342449 0.0861977116437 0.0583885324764 0.0282656775482 -0.0126572356502 -0.0350741815030 -0.0684833866710 -0.133740355414 -0.179494975709 -0.191890232658 -0.193840254756 -0.188435107635 -0.205240768202 -0.212598881420 -0.201634928619 -0.199369428970 -0.201983181791 -0.205345863187 -0.198304125701 -0.168497298314 -0.135186918177 -0.102358771404 -0.0759186531566 -0.0600318330037 -0.0516389335776 -0.0649189702622 -0.0776402561089 -0.0947866909542 -0.119013514324 -0.115185457442 -0.113090770336 -0.106119891187 -0.0894899826641 -0.0616040983352 -0.0368443854488 -0.0178726688850 0.00147773527805 0.0250764383965 0.0498584088756 0.0810076958925 0.108871961631 0.124223600506 0.119913516483 0.119913523157
# log_avg_NatM:
-1.60943800000
# m_dev:
 0.00000000000 0.00000000000 0.00000000000 0.00000000000 0.00000000000 0.00000000000 0.00000000000 0.00000000000 0.00000000000 0.00000000000 0.00000000000 0.00000000000 0.00000000000 0.00000000000 0.00000000000 0.00000000000 0.00000000000 0.00000000000 0.00000000000 0.00000000000 0.00000000000 0.00000000000 0.00000000000 0.00000000000 0.00000000000 0.00000000000 0.00000000000 0.00000000000 0.00000000000 0.00000000000 0.00000000000 0.00000000000 0.00000000000 0.00000000000 0.00000000000 0.00000000000 0.00000000000 0.00000000000 0.00000000000 0.00000000000 0.00000000000 0.00000000000 0.00000000000 0.00000000000 0.00000000000 0.00000000000 0.00000000000 0.00000000000 0.00000000000 0.00000000000 0.00000000000 0.00000000000 0.00000000000 0.00000000000
# log_avg_GrowthK:
-1.60943800000
# log_avg_Linf:
4.88280200000
# GrowthK_dev:
 0.00000000000 0.00000000000 0.00000000000 0.00000000000 0.00000000000 0.00000000000 0.00000000000 0.00000000000 0.00000000000 0.00000000000 0.00000000000 0.00000000000 0.00000000000 0.00000000000 0.00000000000 0.00000000000 0.00000000000 0.00000000000 0.00000000000 0.00000000000 0.00000000000 0.00000000000 0.00000000000 0.00000000000 0.00000000000 0.00000000000 0.00000000000 0.00000000000 0.00000000000 0.00000000000 0.00000000000 0.00000000000 0.00000000000 0.00000000000 0.00000000000 0.00000000000 0.00000000000 0.00000000000 0.00000000000 0.00000000000 0.00000000000 0.00000000000 0.00000000000 0.00000000000 0.00000000000 0.00000000000 0.00000000000 0.00000000000 0.00000000000 0.00000000000 0.00000000000 0.00000000000 0.00000000000 0.00000000000
# Linf_dev:
 0.00000000000 0.00000000000 0.00000000000 0.00000000000 0.00000000000 0.00000000000 0.00000000000 0.00000000000 0.00000000000 0.00000000000 0.00000000000 0.00000000000 0.00000000000 0.00000000000 0.00000000000 0.00000000000 0.00000000000 0.00000000000 0.00000000000 0.00000000000 0.00000000000 0.00000000000 0.00000000000 0.00000000000 0.00000000000 0.00000000000 0.00000000000 0.00000000000 0.00000000000 0.00000000000 0.00000000000 0.00000000000 0.00000000000 0.00000000000 0.00000000000 0.00000000000 0.00000000000 0.00000000000 0.00000000000 0.00000000000 0.00000000000 0.00000000000 0.00000000000 0.00000000000 0.00000000000 0.00000000000 0.00000000000 0.00000000000 0.00000000000 0.00000000000 0.00000000000 0.00000000000 0.00000000000 0.00000000000
# SelPars50:
2.02775705774
# SelPars95:
3.59703015520
# SelPars_dev50:
 0.00000000000 0.00000000000 0.00000000000 0.00000000000 0.00000000000 0.00000000000 0.00000000000 0.00000000000 0.00000000000 0.00000000000 0.00000000000 0.00000000000 0.00000000000 0.00000000000 0.00000000000 0.00000000000 0.00000000000 0.00000000000 0.00000000000 0.00000000000 0.00000000000 0.00000000000 0.00000000000 0.00000000000 0.00000000000 0.00000000000 0.00000000000 0.00000000000 0.00000000000 0.00000000000 0.00000000000 0.00000000000 0.00000000000 0.00000000000 0.00000000000 0.00000000000 0.00000000000 0.00000000000 0.00000000000 0.00000000000 0.00000000000 0.00000000000 0.00000000000 0.00000000000 0.00000000000 0.00000000000 0.00000000000 0.00000000000 0.00000000000 0.00000000000 0.00000000000 0.00000000000 0.00000000000 0.00000000000
# SelPars_dev95:
 0.00000000000 0.00000000000 0.00000000000 0.00000000000 0.00000000000 0.00000000000 0.00000000000 0.00000000000 0.00000000000 0.00000000000 0.00000000000 0.00000000000 0.00000000000 0.00000000000 0.00000000000 0.00000000000 0.00000000000 0.00000000000 0.00000000000 0.00000000000 0.00000000000 0.00000000000 0.00000000000 0.00000000000 0.00000000000 0.00000000000 0.00000000000 0.00000000000 0.00000000000 0.00000000000 0.00000000000 0.00000000000 0.00000000000 0.00000000000 0.00000000000 0.00000000000 0.00000000000 0.00000000000 0.00000000000 0.00000000000 0.00000000000 0.00000000000 0.00000000000 0.00000000000 0.00000000000 0.00000000000 0.00000000000 0.00000000000 0.00000000000 0.00000000000 0.00000000000 0.00000000000 0.00000000000 0.00000000000
