# Number of parameters = 197 Objective function value = 65823.9  Maximum gradient component = 0.000181072
# srv_sel50:
1.46978866230
# srv_sel95:
2.41930123769
# stNatLen:
 11.6781817505 11.5281717678 11.3295075059 11.1415988610 10.9559277969 10.7523757518 10.5257362096 10.2844962375 10.0411086442 9.80573731872 9.58472058444 9.38122658942 9.19636236923 9.03005664275 8.88162614905 8.75020734308 8.63483550726 8.53458281601 8.44857359655 8.37607288020 8.31650929546 8.26950871706 8.23464178462 8.21159841878 8.20018736273
# log_avg_fmort_dir:
-1.64006573900
# fmort_dir_dev:
 -1.68029148658 -1.71933684255 -1.28368004818 -0.870498192364 -0.694387602808 -0.533231311299 -0.470353068926 -0.126135133465 -0.0186396089603 0.211117444573 0.235854158979 0.288105451476 0.406040489204 0.482296467167 0.595404725257 0.574835027873 0.665873687188 0.517058038547 0.517684656544 0.383753983385 0.421354788182 0.377696783690 0.332739315734 0.353752624857 0.368737893414 0.419926026476 0.238907592330 0.271558928937 0.213540918123 0.215240599188 0.205279345114 0.0636152655351 0.0951464344289 -0.0294963964137 0.0659613602803 -0.0414352867824 -0.0365263186919 -0.0475925419239 -0.00572714842271 0.0633454736135 0.00296728356745 -0.0119297589104 -0.0725543453806 -0.107258373895 -0.109973256089 -0.126024028748 -0.173398242916 -0.169725521077 0.000873522743378 0.0440901386032 -0.699369580046 -0.118042319555 0.281893888009 0.453440378563 -0.222486277595
# mean_log_rec:
11.1266721083
# rec_dev:
 0.349760787771 0.270858005067 0.239074500383 0.262288462680 0.315233371025 0.339051603160 0.280691075366 0.184263136562 0.122855469232 0.101361854058 0.0934157226711 0.0375936450446 -0.0127714167017 -0.0457699328978 -0.0811740164247 -0.116524263273 -0.147308030979 -0.163999490768 -0.175616912876 -0.172101350259 -0.171870417880 -0.196108468325 -0.250730490554 -0.308535621416 -0.314825450239 -0.288739027831 -0.258479719864 -0.258647757672 -0.268049396848 -0.253823785010 -0.207382032202 -0.171195926343 -0.144030329839 -0.114958088674 0.00463807669247 0.0918535148218 0.0984326851724 0.0767201881277 0.0626144288698 0.0746291686259 0.0966317576755 0.121055565508 0.165131472379 0.208827622529 0.222212477042 0.236339554082 0.223767817256 0.112759714579 -0.0262273778395 -0.0563925019780 -0.0282371302595 0.00609753308814 -0.0336169716930 -0.0655216643015 -0.0655216365218
# log_avg_NatM:
-1.56535355084
# m_dev:
 0.740539841658 0.329314488626 0.0372572479429 -0.218628467177 -0.462813155214 -0.222061033743 0.143388108446 0.252129841018 -0.0548726710847 -0.275583095789 -0.352159727890 -0.0111843408623 -0.188106254661 -0.377676013141 -0.473873120312 -0.475479449201 -0.341749440317 -0.276405621677 -0.259284918366 -0.339083892615 -0.294372443685 -0.111584893803 0.159475608727 0.0426821980760 -0.311229808049 -0.360288236118 -0.290711395614 -0.0440581864579 -0.0340698239424 -0.207000141350 -0.269721913304 -0.166767028773 -0.180684554630 -0.0370047069116 0.0564384060960 0.262513750267 0.190529233020 0.288139930249 0.245880920208 0.125664575532 0.215218535002 0.188845833345 0.0686750868831 0.136061264182 0.259690954258 0.233028357438 0.309188705590 0.616101753414 0.684807391798 0.179982615555 -0.00697680535482 0.189005677922 0.338876090916 0.130978328078 0.219016395798
# log_avg_GrowthK:
-1.60943800000
# log_avg_Linf:
4.88280200000
# GrowthK_dev:
 0.00000000000 0.00000000000 0.00000000000 0.00000000000 0.00000000000 0.00000000000 0.00000000000 0.00000000000 0.00000000000 0.00000000000 0.00000000000 0.00000000000 0.00000000000 0.00000000000 0.00000000000 0.00000000000 0.00000000000 0.00000000000 0.00000000000 0.00000000000 0.00000000000 0.00000000000 0.00000000000 0.00000000000 0.00000000000 0.00000000000 0.00000000000 0.00000000000 0.00000000000 0.00000000000 0.00000000000 0.00000000000 0.00000000000 0.00000000000 0.00000000000 0.00000000000 0.00000000000 0.00000000000 0.00000000000 0.00000000000 0.00000000000 0.00000000000 0.00000000000 0.00000000000 0.00000000000 0.00000000000 0.00000000000 0.00000000000 0.00000000000 0.00000000000 0.00000000000 0.00000000000 0.00000000000 0.00000000000 0.00000000000
# Linf_dev:
 0.00000000000 0.00000000000 0.00000000000 0.00000000000 0.00000000000 0.00000000000 0.00000000000 0.00000000000 0.00000000000 0.00000000000 0.00000000000 0.00000000000 0.00000000000 0.00000000000 0.00000000000 0.00000000000 0.00000000000 0.00000000000 0.00000000000 0.00000000000 0.00000000000 0.00000000000 0.00000000000 0.00000000000 0.00000000000 0.00000000000 0.00000000000 0.00000000000 0.00000000000 0.00000000000 0.00000000000 0.00000000000 0.00000000000 0.00000000000 0.00000000000 0.00000000000 0.00000000000 0.00000000000 0.00000000000 0.00000000000 0.00000000000 0.00000000000 0.00000000000 0.00000000000 0.00000000000 0.00000000000 0.00000000000 0.00000000000 0.00000000000 0.00000000000 0.00000000000 0.00000000000 0.00000000000 0.00000000000 0.00000000000
# SelPars50:
2.02268125304
# SelPars95:
3.59541898817
# SelPars_dev50:
 0.00000000000 0.00000000000 0.00000000000 0.00000000000 0.00000000000 0.00000000000 0.00000000000 0.00000000000 0.00000000000 0.00000000000 0.00000000000 0.00000000000 0.00000000000 0.00000000000 0.00000000000 0.00000000000 0.00000000000 0.00000000000 0.00000000000 0.00000000000 0.00000000000 0.00000000000 0.00000000000 0.00000000000 0.00000000000 0.00000000000 0.00000000000 0.00000000000 0.00000000000 0.00000000000 0.00000000000 0.00000000000 0.00000000000 0.00000000000 0.00000000000 0.00000000000 0.00000000000 0.00000000000 0.00000000000 0.00000000000 0.00000000000 0.00000000000 0.00000000000 0.00000000000 0.00000000000 0.00000000000 0.00000000000 0.00000000000 0.00000000000 0.00000000000 0.00000000000 0.00000000000 0.00000000000 0.00000000000 0.00000000000
# SelPars_dev95:
 0.00000000000 0.00000000000 0.00000000000 0.00000000000 0.00000000000 0.00000000000 0.00000000000 0.00000000000 0.00000000000 0.00000000000 0.00000000000 0.00000000000 0.00000000000 0.00000000000 0.00000000000 0.00000000000 0.00000000000 0.00000000000 0.00000000000 0.00000000000 0.00000000000 0.00000000000 0.00000000000 0.00000000000 0.00000000000 0.00000000000 0.00000000000 0.00000000000 0.00000000000 0.00000000000 0.00000000000 0.00000000000 0.00000000000 0.00000000000 0.00000000000 0.00000000000 0.00000000000 0.00000000000 0.00000000000 0.00000000000 0.00000000000 0.00000000000 0.00000000000 0.00000000000 0.00000000000 0.00000000000 0.00000000000 0.00000000000 0.00000000000 0.00000000000 0.00000000000 0.00000000000 0.00000000000 0.00000000000 0.00000000000
