# Number of parameters = 137 Objective function value = 63492.2078978476  Maximum gradient component = 0.000105303140628222
# srv_sel50:
1.67398475270
# srv_sel95:
2.98964590441
# stNatLen:
 11.8713854512 11.6858621865 11.4162440000 11.1897056389 11.0073971711 10.8310193113 10.6307742334 10.3984279444 10.1423250173 9.87682862802 9.61491525506 9.36556973805 9.13397946162 8.92260161333 8.73216803509 8.56246739791 8.41281961163 8.28236691193 8.17021968575 8.07560497908 7.99785303056 7.93634739041 7.89057494415 7.86016210944 7.84503268198
# log_avg_fmort_dir:
-1.64362622804
# fmort_dir_dev:
 -2.08816401776 -2.06710010242 -1.44892532528 -1.08408207911 -0.777610168800 -0.634588284651 -0.386746985603 -0.169233021823 -0.0758961297230 0.0821424740718 0.0902668148298 0.268509649217 0.377551023968 0.437768517360 0.498330759193 0.513599683252 0.486293469841 0.396295096298 0.357379724371 0.359737827415 0.414022551550 0.257165605794 0.342071872030 0.206929956199 0.259384064856 0.323297048359 0.181219629620 0.218418832722 0.223984067797 0.138952694001 0.101698329358 0.119184436283 0.136939940053 0.151919401616 0.221686813608 0.0711061290686 0.156998289448 0.0795978551120 0.108414959153 -0.0215043404955 0.100440683938 0.0899714210766 0.128503844320 0.0655287555523 0.0843907943248 0.105775759500 0.163922875646 0.0691968838286 0.0966836766503 0.0605379446504 0.0380345856306 0.158584592162 0.0114111219284
# mean_log_rec:
11.3752082831
# rec_dev:
 0.528251456602 0.505237518753 0.506979254458 0.499838777763 0.479875602129 0.460258040165 0.436694572826 0.409693798312 0.386953730150 0.365019961337 0.338348274595 0.299036100043 0.259908452430 0.221602040288 0.158139496987 0.0944863069086 0.0611470634725 0.0281549516878 -0.00655138660057 -0.0324772829315 -0.0463867030988 -0.0587762067967 -0.0703465994333 -0.0964457076739 -0.132861759414 -0.170773377625 -0.176757748856 -0.174922924056 -0.183635862097 -0.187412475670 -0.217865839522 -0.275100819300 -0.340081209847 -0.382324601588 -0.321555718513 -0.258464507865 -0.276446814102 -0.302362299249 -0.296854004753 -0.275430757045 -0.267413199667 -0.261417162495 -0.250872652799 -0.224848017374 -0.197722076056 -0.179266711875 -0.143491052833 -0.108749214071 -0.0789798297310 -0.0278127914094 0.00562948649859 -0.0104237852475 -0.0104237858112
# log_avg_NatM:
-1.47890400000
# m_dev:
 0.00000000000 0.00000000000 0.00000000000 0.00000000000 0.00000000000 0.00000000000 0.00000000000 0.00000000000 0.00000000000 0.00000000000 0.00000000000 0.00000000000 0.00000000000 0.00000000000 0.00000000000 0.00000000000 0.00000000000 0.00000000000 0.00000000000 0.00000000000 0.00000000000 0.00000000000 0.00000000000 0.00000000000 0.00000000000 0.00000000000 0.00000000000 0.00000000000 0.00000000000 0.00000000000 0.00000000000 0.00000000000 0.00000000000 0.00000000000 0.00000000000 0.00000000000 0.00000000000 0.00000000000 0.00000000000 0.00000000000 0.00000000000 0.00000000000 0.00000000000 0.00000000000 0.00000000000 0.00000000000 0.00000000000 0.00000000000 0.00000000000 0.00000000000 0.00000000000 0.00000000000 0.00000000000
# log_avg_GrowthK:
-1.60943800000
# log_avg_Linf:
4.88280200000
# GrowthK_dev:
 0.00000000000 0.00000000000 0.00000000000 0.00000000000 0.00000000000 0.00000000000 0.00000000000 0.00000000000 0.00000000000 0.00000000000 0.00000000000 0.00000000000 0.00000000000 0.00000000000 0.00000000000 0.00000000000 0.00000000000 0.00000000000 0.00000000000 0.00000000000 0.00000000000 0.00000000000 0.00000000000 0.00000000000 0.00000000000 0.00000000000 0.00000000000 0.00000000000 0.00000000000 0.00000000000 0.00000000000 0.00000000000 0.00000000000 0.00000000000 0.00000000000 0.00000000000 0.00000000000 0.00000000000 0.00000000000 0.00000000000 0.00000000000 0.00000000000 0.00000000000 0.00000000000 0.00000000000 0.00000000000 0.00000000000 0.00000000000 0.00000000000 0.00000000000 0.00000000000 0.00000000000 0.00000000000
# Linf_dev:
 0.00000000000 0.00000000000 0.00000000000 0.00000000000 0.00000000000 0.00000000000 0.00000000000 0.00000000000 0.00000000000 0.00000000000 0.00000000000 0.00000000000 0.00000000000 0.00000000000 0.00000000000 0.00000000000 0.00000000000 0.00000000000 0.00000000000 0.00000000000 0.00000000000 0.00000000000 0.00000000000 0.00000000000 0.00000000000 0.00000000000 0.00000000000 0.00000000000 0.00000000000 0.00000000000 0.00000000000 0.00000000000 0.00000000000 0.00000000000 0.00000000000 0.00000000000 0.00000000000 0.00000000000 0.00000000000 0.00000000000 0.00000000000 0.00000000000 0.00000000000 0.00000000000 0.00000000000 0.00000000000 0.00000000000 0.00000000000 0.00000000000 0.00000000000 0.00000000000 0.00000000000 0.00000000000
# SelPars50:
2.31936615774
# SelPars95:
4.28193113492
# SelPars_dev50:
 0.00000000000 0.00000000000 0.00000000000 0.00000000000 0.00000000000 0.00000000000 0.00000000000 0.00000000000 0.00000000000 0.00000000000 0.00000000000 0.00000000000 0.00000000000 0.00000000000 0.00000000000 0.00000000000 0.00000000000 0.00000000000 0.00000000000 0.00000000000 0.00000000000 0.00000000000 0.00000000000 0.00000000000 0.00000000000 0.00000000000 0.00000000000 0.00000000000 0.00000000000 0.00000000000 0.00000000000 0.00000000000 0.00000000000 0.00000000000 0.00000000000 0.00000000000 0.00000000000 0.00000000000 0.00000000000 0.00000000000 0.00000000000 0.00000000000 0.00000000000 0.00000000000 0.00000000000 0.00000000000 0.00000000000 0.00000000000 0.00000000000 0.00000000000 0.00000000000 0.00000000000 0.00000000000
# SelPars_dev95:
 0.00000000000 0.00000000000 0.00000000000 0.00000000000 0.00000000000 0.00000000000 0.00000000000 0.00000000000 0.00000000000 0.00000000000 0.00000000000 0.00000000000 0.00000000000 0.00000000000 0.00000000000 0.00000000000 0.00000000000 0.00000000000 0.00000000000 0.00000000000 0.00000000000 0.00000000000 0.00000000000 0.00000000000 0.00000000000 0.00000000000 0.00000000000 0.00000000000 0.00000000000 0.00000000000 0.00000000000 0.00000000000 0.00000000000 0.00000000000 0.00000000000 0.00000000000 0.00000000000 0.00000000000 0.00000000000 0.00000000000 0.00000000000 0.00000000000 0.00000000000 0.00000000000 0.00000000000 0.00000000000 0.00000000000 0.00000000000 0.00000000000 0.00000000000 0.00000000000 0.00000000000 0.00000000000
