#Simulated generalized assessment 
# 
#start/end year 
1 63 
#number of ages 
25 
#ages 
1 2 3 4 5 6 7 8 9 10 11 12 13 14 15 16 17 18 19 20 21 22 23 24 25 
#Number of length bins 
25 
#CPUE years 
63 
#years for CPUE 
1 2 3 4 5 6 7 8 9 10 11 12 13 14 15 16 17 18 19 20 21 22 23 24 25 26 27 28 29 30 31 32 33 34 35 36 37 38 39 40 41 42 43 44 45 46 47 48 49 50 51 52 53 54 55 56 57 58 59 60 61 62 63 
#survey years 
63 
#years for survey 
1 2 3 4 5 6 7 8 9 10 11 12 13 14 15 16 17 18 19 20 21 22 23 24 25 26 27 28 29 30 31 32 33 34 35 36 37 38 39 40 41 42 43 44 45 46 47 48 49 50 51 52 53 54 55 56 57 58 59 60 61 62 63 
#length freq from catch years 
63 
#years for length freq catch 
1 2 3 4 5 6 7 8 9 10 11 12 13 14 15 16 17 18 19 20 21 22 23 24 25 26 27 28 29 30 31 32 33 34 35 36 37 38 39 40 41 42 43 44 45 46 47 48 49 50 51 52 53 54 55 56 57 58 59 60 61 62 63 
#catch length sample sizes 
200 200 200 200 200 200 200 200 200 200 200 200 200 200 200 200 200 200 200 200 200 200 200 200 200 200 200 200 200 200 200 200 200 200 200 200 200 200 200 200 200 200 200 200 200 200 200 200 200 200 200 200 200 200 200 200 200 200 200 200 200 200 200 
#length freq from survey years 
63 
#years for length freq survey 
1 2 3 4 5 6 7 8 9 10 11 12 13 14 15 16 17 18 19 20 21 22 23 24 25 26 27 28 29 30 31 32 33 34 35 36 37 38 39 40 41 42 43 44 45 46 47 48 49 50 51 52 53 54 55 56 57 58 59 60 61 62 63 
#survey sample sizes 
200 200 200 200 200 200 200 200 200 200 200 200 200 200 200 200 200 200 200 200 200 200 200 200 200 200 200 200 200 200 200 200 200 200 200 200 200 200 200 200 200 200 200 200 200 200 200 200 200 200 200 200 200 200 200 200 200 200 200 200 200 200 200 
#total survey biomass 
3086344 2531087 3856840 2535575 2367062 3298209 2512933 2658615 2320412 1554678 1335486 1043756 1214508 1378879 1077853 685640.7 906437.3 544057.3 604774.9 695492.5 608828.2 587908.2 617959.4 652166.1 561553.3 413406 545049.2 378634.7 596171.4 501450.4 620937.7 519993.8 549604.1 601701.5 684901 663365 895336.5 475519.9 508380.7 430728.6 421696.1 802970 668675.9 775950.8 468484.2 851146.2 730075.8 589183.8 424105.8 486745.9 642719 729340.1 534052.1 591573 741479.6 658656.6 478831.1 635475.7 492216.3 681832.4 509968.7 611028 469911.1 
#survey CV 
0.2 0.2 0.2 0.2 0.2 0.2 0.2 0.2 0.2 0.2 0.2 0.2 0.2 0.2 0.2 0.2 0.2 0.2 0.2 0.2 0.2 0.2 0.2 0.2 0.2 0.2 0.2 0.2 0.2 0.2 0.2 0.2 0.2 0.2 0.2 0.2 0.2 0.2 0.2 0.2 0.2 0.2 0.2 0.2 0.2 0.2 0.2 0.2 0.2 0.2 0.2 0.2 0.2 0.2 0.2 0.2 0.2 0.2 0.2 0.2 0.2 0.2 0.2 
#total CPUE 
3575675 4603804 3825001 2068062 2566827 2348604 2552076 2020893 2039038 1444414 972659.1 1172152 944482.6 1083877 1375797 931171.9 986813.3 743528.5 692117.1 724300.8 625534.1 603948.4 806872.8 651860.3 458036.5 607036.1 643667.4 505867.3 659035 556279.3 418958.4 656706 439236.7 456294.3 447008 426603.2 471882.5 619910.8 643109 480227.6 731034.6 522065.9 459959.7 420138.1 666792 659491.3 660225.8 503328.5 655616.6 602888.5 491813.3 807287.9 595881.3 458313.6 490629.2 406386.5 499068.4 414636.7 424979.3 729991.6 634595.7 721316 631738.2 
#CPUE CV 
0.2 0.2 0.2 0.2 0.2 0.2 0.2 0.2 0.2 0.2 0.2 0.2 0.2 0.2 0.2 0.2 0.2 0.2 0.2 0.2 0.2 0.2 0.2 0.2 0.2 0.2 0.2 0.2 0.2 0.2 0.2 0.2 0.2 0.2 0.2 0.2 0.2 0.2 0.2 0.2 0.2 0.2 0.2 0.2 0.2 0.2 0.2 0.2 0.2 0.2 0.2 0.2 0.2 0.2 0.2 0.2 0.2 0.2 0.2 0.2 0.2 0.2 0.2 
#total catch biomass 
0 98806.82 162829.5 208085.9 226739.2 284902.3 281298.6 304923.5 301433.4 289454.7 293188.6 272351 263952.4 240023 225545.4 202668.9 178652.2 172053.3 141496.2 147082.5 140640.8 126290.9 118384.2 125683.5 104594.8 104975.9 110224.6 101510.1 98182.35 95510.44 98781.71 101155 92621.75 95378.96 96393.9 89796.26 85944.83 88694.68 82412.74 85657.45 91733.67 96409.65 87420.67 84983 88619.03 91396.56 85124.42 104886 92764.04 92829.74 81939.19 99433.59 139539.1 92770.13 67503.69 112989 92688.53 80142.28 81822.61 55531.27 111535 100522.3 112519.3 
#catch CV 
0.05 0.05 0.05 0.05 0.05 0.05 0.05 0.05 0.05 0.05 0.05 0.05 0.05 0.05 0.05 0.05 0.05 0.05 0.05 0.05 0.05 0.05 0.05 0.05 0.05 0.05 0.05 0.05 0.05 0.05 0.05 0.05 0.05 0.05 0.05 0.05 0.05 0.05 0.05 0.05 0.05 0.05 0.05 0.05 0.05 0.05 0.05 0.05 0.05 0.05 0.05 0.05 0.05 0.05 0.05 0.05 0.05 0.05 0.05 0.05 0.05 0.05 0.05 
#Length Bins 
2.752644 8.257932 13.76322 19.26851 24.7738 30.27908 35.78437 41.28966 46.79495 52.30024 57.80552 63.31081 68.8161 74.32139 79.82667 85.33196 90.83725 96.34254 101.8478 107.3531 112.8584 118.3637 123.869 129.3743 134.8796 
#catch length counts 
0 0 0 0 0 0 0 0 0 0 0 0 0 0 0 0 0 0 0 0 0 0 0 0 0 
35.10043 57.30175 87.02281 124.8389 171.0487 225.065 284.8414 347.0444 407.9268 464.1891 513.3925 554.1065 586.0243 609.9434 627.4706 640.5306 650.7807 658.8625 663.4172 660.2 642.1974 601.7155 534.3283 442.7374 337.668 
58.74707 95.80609 145.2946 208.0631 284.4772 373.415 471.3324 572.585 670.9329 761.0097 838.9993 902.8263 952.2724 988.8815 1015.436 1035.137 1050.671 1063.023 1069.931 1064.481 1035.31 969.9715 861.3058 713.6497 544.2808 
82.21381 134.0528 203.2263 290.8329 397.213 520.529 655.4828 793.8465 926.6776 1046.467 1148.114 1229.161 1289.869 1332.981 1362.871 1384.317 1401.172 1414.803 1422.097 1413.684 1374.282 1287.211 1142.842 946.8499 722.1066 
103.8445 169.2356 256.3833 366.5702 500.0853 654.4226 822.6436 994.0382 1156.948 1301.557 1421.248 1513.009 1577.593 1619.17 1644.119 1659.29 1670.187 1678.996 1682.212 1668.649 1619.975 1516.166 1345.547 1114.539 849.8907 
125.6386 204.6522 309.8184 442.5453 602.9818 787.8423 988.4457 1191.554 1382.832 1550.234 1685.625 1785.258 1850.022 1885.146 1898.847 1900.244 1897.061 1893.113 1885.442 1861.998 1802.305 1683.681 1492.587 1235.58 941.8753 
146.3845 238.3423 360.5953 514.6281 700.3875 913.744 1144.228 1376.062 1592.265 1778.669 1925.795 2029.348 2090.418 2115.113 2113.072 2095.212 2071.256 2046.954 2020.815 1981.353 1907.582 1775.538 1570.382 1298.172 988.7883 
167.8571 273.2217 413.1752 589.2686 801.2009 1043.897 1304.934 1565.79 1806.654 2011.104 2168.285 2273.414 2327.921 2338.931 2317.524 2276.235 2226.487 2175.811 2124.487 2062.534 1969.853 1822.593 1605.397 1323.587 1006.473 
182.9587 297.6228 449.7044 640.6891 869.9965 1131.808 1412.27 1690.879 1945.766 2158.857 2318.289 2418.961 2462.62 2457.211 2414.878 2349.245 2272.8 2194.303 2115.725 2029.375 1917.808 1759.487 1540.125 1264.234 958.5379 
200.4943 326.0762 492.5167 701.2748 951.4307 1236.199 1539.911 1839.648 2111.168 2334.637 2497.233 2593.623 2625.948 2603.029 2538.17 2446.192 2340.718 2231.71 2122.719 2008.302 1873.848 1700.585 1475.865 1203.805 908.6104 
214.134 348.1321 525.5574 747.7925 1013.608 1315.433 1636.144 1950.846 2233.294 2462.116 2623.669 2712.543 2731.442 2690.169 2603.117 2486.042 2353.308 2215.66 2077.938 1936.936 1781.275 1595.699 1369.943 1107.991 831.0132 
231.512 376.2246 567.6217 806.9768 1092.657 1416.102 1758.394 2092.263 2389.128 2625.89 2788.002 2869.938 2874.983 2814.056 2702.926 2558.66 2396.677 2228.645 2060.59 1891.26 1712.167 1511.347 1280.958 1025.165 762.5774 
243.4929 395.4454 596.1025 846.5101 1144.587 1480.926 1835.232 2178.505 2480.555 2717.229 2873.643 2944.576 2934.082 2854.114 2721.484 2554.113 2368.026 2175.416 1983.188 1791.824 1595.654 1386.076 1157.793 915.1383 673.8676 
255.1923 414.5019 624.8741 887.2764 1199.193 1550.177 1918.183 2272.088 2579.828 2816.147 2965.961 3024.592 2997.153 2896.915 2742.006 2551.401 2341.823 2125.972 1911.46 1700.174 1488.787 1271.555 1045.376 814.7277 592.837 
262.3704 425.79 641.1681 909.196 1227.021 1583.725 1956.522 2313.263 2620.748 2852.787 2993.843 3039.45 2995.58 2876.793 2702.555 2492.888 2265.138 2032.335 1802.529 1578.639 1359.213 1140.866 922.2659 707.7973 508.1597 
256.4227 416.2927 627.0994 889.4551 1200.281 1548.329 1910.575 2254.929 2548.656 2766.338 2893.287 2925.683 2869.814 2740.31 2556.641 2338.887 2104.476 1866.548 1633.447 1408.875 1192.835 983.7483 781.5058 590.0304 417.4348 
242.7566 394.1547 593.8546 842.4944 1137.215 1467.367 1811.013 2137.396 2414.886 2618.654 2734.18 2757.66 2695.37 2561.836 2376.248 2158.269 1924.936 1689.204 1459.601 1240.52 1033.149 837.24 653.4301 485.0057 337.8055 
220.2895 357.7524 539.1675 765.2006 1033.359 1334.079 1647.52 1945.746 2199.864 2386.91 2493.036 2514.002 2454.835 2328.407 2152.308 1944.976 1722.707 1498.159 1280.001 1073.222 879.9879 701.0784 537.6011 392.1771 268.7366 
215.4989 349.7603 526.7413 747.0097 1008.173 1301.121 1606.854 1898.489 2148.05 2333.08 2439.703 2463.144 2407.479 2284.414 2110.454 1903.35 1679.279 1451.362 1229.169 1018.862 823.8703 646.0581 487.0884 349.2907 235.4244 
204.9338 332.4529 500.3534 709.0197 956.0256 1232.615 1520.756 1795.11 2029.518 2203.22 2303.589 2326.362 2275.23 2160.664 1997.404 1801.375 1587.315 1367.577 1151.748 946.6929 756.9529 585.5076 434.6809 306.6866 203.3875 
196.2703 318.2754 478.7744 678.033 913.6391 1177.158 1451.319 1711.903 1933.969 2097.845 2191.772 2212.083 2162.676 2053.697 1898.998 1713.184 1509.543 1299.218 1091.148 892.2694 707.8071 541.6901 396.9876 276.0826 180.356 
186.0164 301.5478 453.4188 641.8065 864.3712 1113.11 1371.694 1617.239 1826.18 1979.95 2067.487 2085.44 2037.671 1933.984 1787.628 1612.375 1420.495 1222.037 1025.009 835.8316 659.7625 501.188 363.7156 249.9854 161.1947 
179.7175 291.3221 438.0128 619.9445 834.8383 1074.946 1324.485 1561.351 1762.801 1910.926 1995.063 2011.978 1965.4 1864.819 1723.094 1553.606 1368.213 1176.506 985.9918 802.6876 631.6971 477.5548 344.1878 234.4831 149.6335 
174.7264 283.1001 425.406 601.7211 809.8118 1042.216 1283.74 1513.062 1708.193 1851.763 1933.376 1949.83 1904.679 1807.091 1669.525 1504.975 1324.971 1138.818 953.7541 775.5467 609.1376 459.0458 329.31 222.9451 141.1689 
166.7117 270.1467 405.9949 574.3305 772.9928 994.7992 1225.179 1443.756 1629.598 1766.254 1843.944 1859.681 1816.823 1724.003 1592.981 1436.067 1264.234 1086.374 909.4204 738.9013 579.5726 435.8335 311.6712 210.0881 132.2892 
163.8122 265.3843 398.7269 563.898 758.8077 976.4919 1202.762 1417.693 1600.721 1735.589 1812.552 1828.579 1786.941 1696.127 1567.684 1413.665 1244.795 1069.776 895.4275 727.2293 569.937 427.9818 305.4025 205.2484 128.7382 
157.501 255.1322 383.2693 541.9459 729.1378 938.1559 1155.399 1361.793 1537.679 1667.532 1742.03 1758.205 1719.063 1632.596 1509.773 1362.116 1199.917 1031.547 863.5791 701.32 549.4142 412.226 293.7543 197.0248 123.249 
157.3849 254.8904 382.8061 541.1366 727.8541 936.3087 1152.981 1358.898 1534.497 1664.325 1739.109 1755.895 1717.648 1632.258 1510.536 1363.832 1202.309 1034.271 866.2916 703.7262 551.3042 413.5014 294.4363 197.2351 123.1625 
155.6823 252.1084 378.5766 535.0629 719.5287 925.3673 1139.195 1342.268 1515.309 1643.149 1716.745 1733.283 1695.747 1611.916 1492.398 1348.284 1189.465 1024.008 858.3175 697.6606 546.7559 410.1231 291.9526 195.4431 121.9134 
146.5131 237.2271 356.1723 503.3171 676.7559 870.314 1071.454 1262.581 1425.549 1546.038 1615.482 1631.209 1596.051 1517.387 1405.243 1270.058 1121.082 965.8087 810.1575 659.012 516.7981 387.8209 276.1209 184.8155 115.2266 
145.279 235.4244 353.8382 500.6202 673.9552 867.69 1069.263 1261.052 1424.903 1546.483 1617.173 1634.183 1600.193 1522.445 1410.9 1276.009 1127.083 971.6678 815.6996 664.0538 521.1565 391.353 278.7701 186.6331 116.3554 
141.1041 228.449 342.9823 484.7342 652.0156 839.1195 1034.25 1220.658 1380.846 1500.737 1571.601 1590.349 1559.304 1485.343 1378.073 1247.633 1103.1 951.8694 799.7888 651.6668 511.8662 384.6773 274.1984 183.665 114.5391 
140.1827 227.037 340.995 482.0913 648.585 834.6741 1028.508 1213.444 1372.317 1491.534 1562.782 1583.092 1554.522 1483.428 1378.872 1250.612 1107.563 957.129 805.2575 656.8859 516.5055 388.5284 277.1719 185.7849 115.9229 
136.8556 221.6005 332.7516 470.3443 632.7266 814.3304 1003.691 1184.599 1340.23 1457.178 1527.256 1547.646 1520.555 1452.342 1351.803 1228.191 1089.846 943.7105 795.4725 650.0035 511.8456 385.5078 275.3109 184.7027 115.332 
136.3191 220.7897 331.6422 468.9454 631.0675 812.4494 1001.648 1182.512 1338.313 1455.734 1526.606 1548.038 1522.118 1455.114 1355.804 1233.435 1096.273 951.0853 803.3529 657.8108 519.0018 391.57 280.049 188.1094 117.5756 
130.4932 211.3734 317.5445 449.1094 604.5612 778.6459 960.4684 1134.588 1284.947 1398.691 1467.878 1489.64 1465.919 1402.689 1308.335 1191.703 1060.695 921.7578 780.0666 640.0691 506.0756 382.5942 274.133 184.4282 115.4276 
156.976 248.2979 361.7752 493.891 641.3956 800.3205 963.5007 1119.781 1256.132 1360.802 1425.469 1446.24 1423.992 1363.835 1273.523 1161.457 1035.228 901.0491 763.8972 628.0315 497.5945 376.9781 270.6585 182.4297 114.3635 
160.0456 257.8386 384.1185 536.6034 709.9897 893.8278 1071.658 1224.629 1338.218 1406.692 1432.098 1420.032 1376.3 1306.062 1214.259 1105.928 986.0505 859.2399 729.6103 600.9483 477.0902 362.1974 260.5869 175.9902 110.5282 
157.4918 254.1647 379.9371 533.9973 713.4363 910.6306 1110.779 1293.167 1436.479 1524.847 1551.644 1520.365 1442.842 1335.01 1211.689 1082.978 953.7957 825.7617 699.4999 576.1506 457.9695 348.3036 251.0886 169.9144 106.9161 
158.5322 255.6834 381.9367 536.4967 716.7405 915.8445 1120.497 1312.003 1470.741 1580.654 1631.571 1620.216 1551.032 1435.946 1291.709 1135.327 979.8167 832.309 694.9182 567.2545 448.9422 341.0248 245.979 166.6894 105.0654 
157.8689 254.4813 379.8745 533.1352 711.5503 908.32 1110.405 1299.8 1458.126 1571.006 1629.768 1631.323 1577.919 1476.956 1340.103 1181.442 1014.997 852.2421 700.4763 562.8186 439.7541 331.1956 237.7871 160.8561 101.389 
156.4953 252.1947 376.3133 527.8718 704.1002 898.1872 1097.17 1283.248 1438.427 1548.984 1607.224 1611.201 1563.952 1472.537 1346.637 1197.109 1034.959 870.5235 712.5033 567.0526 437.579 325.4918 231.329 155.3926 97.5478 
160.4643 258.5731 385.7902 541.0806 721.5572 920.1728 1123.565 1313.426 1471.3 1583.219 1641.571 1644.869 1596.933 1505.678 1381.212 1233.906 1073.315 908.0331 745.7924 593.248 455.5306 336.0058 236.4412 157.3287 98.0043 
159.3389 256.7985 383.213 537.5694 716.9902 914.4264 1116.518 1304.974 1461.369 1571.78 1628.679 1630.749 1582.112 1491.112 1368.294 1224.2 1067.994 907.2527 748.4286 597.2974 459.0053 337.7547 236.4 156.1622 96.52125 
157.5558 253.9338 378.9609 531.6567 709.2085 904.6856 1104.906 1291.77 1446.981 1556.627 1613.1 1614.977 1566.347 1475.642 1353.631 1211.128 1057.43 899.9054 744.4064 595.9476 459.1508 338.2149 236.4533 155.6712 95.7276 
159.1643 256.5399 382.8777 537.2004 716.6816 914.3358 1116.865 1306.007 1463.291 1574.651 1632.334 1634.785 1585.99 1494.371 1370.84 1226.499 1071.006 911.9934 755.3449 605.8482 467.8053 345.2451 241.5939 158.9731 97.55131 
158.8396 256.0123 382.0831 536.077 715.1778 912.4257 1114.567 1303.396 1460.498 1571.849 1629.718 1632.539 1584.245 1493.167 1370.115 1226.141 1070.934 912.2277 755.9848 606.964 469.3197 346.9104 243.0961 160.0839 98.21377 
160.0717 258.0396 385.1867 540.5542 721.3121 920.4275 1124.503 1315.146 1473.771 1586.242 1644.785 1647.839 1599.378 1507.786 1383.926 1238.899 1082.449 922.3869 764.7655 614.4143 475.5062 351.877 246.8735 162.7429 99.90905 
161.191 259.8322 387.8436 544.2606 726.2467 926.7477 1132.305 1324.416 1484.355 1597.845 1657.007 1660.245 1611.563 1519.438 1394.832 1248.929 1091.52 930.4449 771.7812 620.3859 480.4544 355.8355 249.8889 164.8915 101.3146 
159.3139 256.7882 383.2646 537.7773 717.5157 915.5133 1118.489 1308.192 1466.153 1578.297 1636.851 1640.219 1592.325 1501.504 1378.57 1234.573 1079.196 920.186 763.5388 614.0348 475.8009 352.6259 247.8268 163.6678 100.6463 
152.0576 245.2116 366.2149 514.2248 686.6018 876.6708 1071.661 1254.019 1405.99 1514.043 1570.694 1574.389 1528.865 1442.09 1324.414 1186.422 1037.41 884.8277 734.4481 590.8738 458.0705 339.6761 238.8801 157.8719 97.15449 
165.6182 266.9565 398.4687 559.1936 746.2911 952.6379 1164.553 1363.134 1529.139 1647.758 1710.651 1715.902 1667.406 1573.74 1446.14 1296.139 1133.89 967.5497 803.4559 646.6705 501.5557 372.1089 261.8347 173.1479 106.6246 
242.2772 389.7183 580.1074 811.3366 1078.629 1371.25 1669.346 1946 2174.365 2334.499 2415.967 2417.27 2344.582 2210.091 2029.332 1818.113 1590.312 1357.088 1127.136 907.4361 704.046 522.548 367.8587 243.383 149.9571 
178.0519 286.5036 426.5739 596.5612 792.5338 1005.851 1220.973 1417.309 1574.901 1679.737 1725.623 1713.413 1649.567 1544.434 1409.99 1257.56 1096.436 933.651 774.4764 623.1265 483.3619 358.7787 252.6303 167.2037 103.0635 
133.0157 215.1578 322.5257 454.6661 609.1718 779.5011 953.2103 1113.449 1243.467 1330.906 1369.609 1359.502 1305.807 1217.662 1105.941 980.9183 850.78 721.3069 596.3829 478.7947 370.9338 275.1633 193.7226 128.23 79.06172 
184.9332 298.2245 445.4854 625.9594 836.9659 1071.125 1313.53 1542.78 1736.054 1874.516 1946.29 1947.479 1882.326 1762.132 1602.443 1419.432 1227.044 1035.691 852.3407 681.4715 526.2753 389.5526 273.9022 181.1872 111.6905 
155.2996 249.8614 372.0552 520.646 692.7714 881.8476 1075.521 1256.872 1408.787 1518.087 1577.02 1582.979 1538.134 1449.068 1325.706 1179.53 1021.754 861.9742 707.5261 563.5157 433.3845 319.6074 224.0735 147.9286 91.07606 
136.314 220.0329 328.9736 462.4178 617.8661 788.9839 963.8536 1126.406 1260.795 1355.446 1404.469 1407.116 1366.794 1289.978 1184.838 1059.915 923.3297 782.4858 643.883 512.9154 393.7787 289.5605 202.3568 133.2013 81.81782 
152.2986 245.5425 366.6478 514.861 687.7702 879.0553 1076.279 1261.948 1417.891 1529.765 1589.251 1594.386 1549.077 1461.765 1343.085 1203.455 1051.731 895.1435 739.8607 591.4413 454.91 334.5348 233.4671 153.3428 93.96117 
107.8696 173.9417 259.774 364.8172 487.3169 622.7472 762.33 893.8877 1004.961 1085.815 1130.682 1137.749 1108.928 1049.362 966.2498 867.2559 759.2297 647.6874 536.9785 430.7641 332.4071 245.0252 171.1856 112.4168 68.80646 
202.8885 326.9724 487.9497 684.6415 913.6394 1166.411 1426.543 1671.368 1877.861 2028.327 2112.664 2128.086 2078.29 1972.276 1822.304 1641.47 1441.902 1233.945 1026.152 825.7514 639.2295 472.5887 330.9606 217.6722 133.306 
176.2852 283.3939 421.5177 589.0271 782.4239 993.9928 1209.499 1409.617 1575.077 1691.63 1751.972 1755.314 1706.311 1613.649 1487.984 1339.796 1178.102 1010.256 842.3661 679.8594 527.8938 391.4385 274.8773 181.1975 111.1519 
200.3349 323.0738 482.3953 676.871 902.3593 1149.047 1398.994 1628.411 1814.274 1940.372 1999.369 1991.887 1924.912 1809.944 1660.421 1489.031 1306.028 1119.011 933.6996 754.9879 587.7579 437.1034 307.8409 203.4714 125.0999 
#survey length counts 
0 0 0 0 0 0 0 0 0 0 0 0 0 0 0 0 0 0 0 0 0 0 0 0 0 
1994.727 3267.015 4969.587 7110.091 9643.098 12431.14 15236.12 17782.19 19861.16 21400.16 22447.96 23112.82 23509.5 23737.39 23877.21 23990.61 24114.5 24244.65 24306.34 24125 23430.88 21934.19 19467.64 16125.74 12296.59 
1986.221 3253.983 4951.005 7084.252 9606.132 12375.15 15147.87 17643.21 19649.73 21094.66 22030.47 22572.17 22842.97 22950.81 22983.47 23006.88 23059.27 23136.14 23163.55 22971.59 22299.95 20870.03 18520.55 15340.1 11697.04 
1972.414 3230.984 4915.146 7031.123 9530.448 12270.61 15006.72 17455.22 19400.74 20765.74 21598.96 22014.91 22140.92 22093.22 21970.17 21848 21773.11 21746.87 21700.96 21473.86 20817.85 19467.81 17268.84 14300.09 10902.71 
1954.421 3201.265 4869.222 6963.597 9434.774 12139.07 14830.63 17225.08 19105.95 20393.85 21134.86 21440.52 21436.12 21238.44 20950.29 20656.32 20414.16 20237.83 20072.92 19774.13 19112.36 17839.47 15807.11 13081.64 9970.391 
1931.1 3163.011 4810.683 6878.624 9316.268 11979.06 14620.6 16956.1 18768.45 19977.19 20627.08 20828.24 20704.45 20371.03 19930.24 19468.66 19050.2 18700.78 18384.18 17979.13 17283.75 16073.46 14209.21 11742.82 8942.73 
1900.072 3112.654 4734.726 6770.349 9168.44 11784.13 14371.14 16645.01 18388.45 19520.02 20083.03 20186.31 19952.65 19496.4 18918.58 18304.97 17721.08 17200.16 16722.07 16191.72 15440.13 14273.07 12565.72 10356.88 7874.141 
1866.715 3057.197 4648.671 6644.11 8991.98 11548.24 14068.86 16271.98 17941.68 18995.92 19476.08 19488.97 19155.95 18590.37 17892.08 17145.43 16415.47 15739.13 15108.56 14452.59 13636 12498.59 10934.47 8972.938 6802.019 
1827.068 2992.878 4551.751 6506.261 8804.598 11303.05 13758.98 15892.68 17490.11 18470.07 18873.59 18806.4 18388.35 17731.01 16932.19 16074.09 15220.48 14410.27 13644.84 12873.34 11991.37 10871.95 9429.987 7689.167 5802.537 
1782.054 2919.148 4439.469 6345.082 8584.442 11015.59 13399.28 15459.63 16985.01 17894.21 18226.72 18086.66 17593.03 16856.84 15974.82 15027.12 14075.29 13158.28 12283.81 11417.44 10481.66 9380.055 8048.203 6507.033 4879.406 
1732.663 2838.378 4316.703 6169.217 8344.738 10703.34 13009.85 14993.3 16445.82 17287.34 17556.26 17354.63 16799.52 16000.5 15053.02 14035.74 13008.6 12010.34 11053.05 10115.02 9140.781 8060.059 6827.122 5461.83 4061.957 
1681.573 2754.021 4186.973 5980.995 8085.039 10361.53 12580.2 14476.17 15846.42 16613.12 16814.62 16552.01 15941.28 15090.81 14094.48 13028.84 11951.6 10900.48 9890.368 8909.237 7919.191 6871.422 5735.949 4532.036 3336.428 
1620.038 2654.86 4038.965 5773.155 7807.088 10005.06 12140.47 13953.24 15244.61 15939.16 16075.93 15755.91 15094.81 14200.59 13166.22 12066.67 10957.61 9875.439 8836.535 7835.76 6848.489 5842.469 4799.928 3739.36 2720.284 
1560.224 2555.49 3885.237 5549.286 7498.481 9601.888 11641.14 13365.14 14580.88 15213.56 15299.23 14935.38 14235.92 13308.76 12247.42 11126.9 10002.03 8908.204 7862.521 6864.427 5898.743 4945.23 3994.797 3064.5 2199.571 
1493.346 2447.272 3722.88 5320.015 7190.312 9205.408 11152.11 12786.38 13921.93 14488.34 14523 14122.2 13397.16 12452.73 11380.05 10252.8 9125.381 8033.404 6995.305 6014.22 5081.693 4185.714 3322.674 2507.439 1773.469 
1425.864 2336.847 3555.256 5081.163 6868.604 8795.008 10656.19 12217.49 13298.22 13827.82 13839.39 13424.27 12690.33 11740.86 10666.26 9539.684 8415.195 7328.78 6300.566 5337.238 4435.74 3589.935 2799.548 2076.936 1446.149 
1362.713 2233.164 3397.204 4854.888 6562.456 8403.171 10182.45 11676.44 12712.26 13221.24 13232.67 12830.81 12115.96 11185.36 10125.91 9009.822 7892.09 6810.79 5789.012 4837.425 3957.865 3148.905 2412.605 1759.066 1204.999 
1311.054 2147.331 3264.563 4662.418 6299.207 8064.178 9772.581 11211.47 12215.78 12718.9 12746.63 12376.39 11700.48 10808.5 9781.211 8687.179 7580.753 6502.091 5478.401 4525.704 3651.569 2859.493 2154.005 1543.794 1040.174 
1267.234 2074.36 3151.284 4496.686 6069.46 7762.327 9397.372 10770.45 11724.69 12198.82 12220.51 11865.76 11222.57 10374.11 9393.705 8343.03 7271.571 6217.585 5209.595 4267.641 3404.828 2629.958 1950.741 1375.559 911.9139 
1231.339 2014.642 3058.73 4361.619 5882.885 7518.252 9095.28 10416.36 11330 11777.88 11788.45 11437.34 10811.57 9992.229 9049.131 8039.056 7006.174 5984.442 5000.447 4075.303 3225.743 2465.218 1805.058 1254.596 819.2863 
1202.77 1966.909 2984.384 4252.578 5731.611 7319.768 8849.293 10128.14 11009.28 11436.5 11438.17 11088.76 10473.9 9673.446 8755.867 7776.041 6775.374 5784.494 4827.07 3922.934 3089.804 2343.869 1699.429 1167.359 752.4499 
1178.378 1926.782 2923.036 4164.38 5611.582 7164.932 8660.162 9909.349 10768.77 11183.71 11182.25 10837.43 10233.11 9447.545 8547.955 7588.323 6609.149 5639.787 4702.308 3815.211 2995.93 2261.705 1628.61 1108.871 707.3501 
1160.338 1896.241 2874.779 4092.674 5511.193 7032.785 8496.959 9720.063 10561.52 10967.68 10965.83 10627.31 10034.13 9262.87 8379.452 7436.916 6475.128 5522.897 4601.652 3729.211 2922.632 2199.401 1576.384 1066.603 675.1182 
1144.472 1870.244 2835.178 4035.837 5433.687 6932.093 8372.438 9573.635 10397.67 10792.77 10787.08 10451.67 9867.33 9108.894 8240.424 7313.492 6367.029 5429.341 4521.568 3661.314 2865.528 2151.815 1537.405 1035.714 651.9256 
1132.934 1850.845 2804.813 3991.265 5372.238 6852.741 8276.724 9465.715 10283.25 10677.5 10675.43 10346.69 9771.019 9022.53 8164.662 7248.298 6311.703 5382.707 4482.25 3627.975 2837.048 2127.42 1516.729 1018.737 638.7416 
1124.711 1836.924 2782.786 3958.395 5325.854 6790.949 8199.246 9374.404 10181.97 10571.43 10570.05 10246.84 9680.174 8942.563 8096.073 7190.651 6264.02 5343.71 4450.503 3602.033 2815.636 2109.594 1501.947 1006.787 629.5569 
1120.133 1829.073 2770.211 3939.482 5299.15 6755.689 8155.846 9324.613 10128.55 10517.57 10518.84 10200.95 9641.648 8912.601 8074.866 7177.411 6257.232 5341.494 4450.959 3603.49 2816.825 2109.768 1500.919 1004.842 627.23 
1116.984 1823.684 2761.559 3926.325 5280.138 6729.613 8121.973 9282.987 10080.13 10464.22 10463.11 10145.77 9589.93 8866.824 8036.762 7147.772 6235.864 5327.348 4442.412 3598.718 2814.156 2107.948 1499.227 1003.052 625.4462 
1118.181 1824.855 2761.873 3924.495 5274.693 6719.344 8106.315 9262.109 10054.74 10435.27 10431.66 10113.04 9557.359 8836.087 8009.559 7125.512 6219.359 5316.623 4436.717 3596.741 2814.382 2109.024 1500.229 1003.561 625.451 
1115.234 1821.56 2759.713 3925.868 5282.433 6735.925 8133.179 9299.5 10102.03 10491.38 10495.29 10182.54 9630.631 8910.677 8083.028 7195.819 6285.03 5376.648 4490.298 3643.127 2852.905 2139.328 1522.523 1018.719 634.8746 
1120.998 1828.92 2767.199 3931.21 5283.626 6732.709 8128.009 9297.185 10108.05 10509.86 10527.73 10227.85 9686.084 8972.932 8148.759 7262.001 6349.066 5436.444 4544.267 3690.114 2892.134 2170.441 1545.7 1034.749 645.0569 
1127.159 1839.58 2784.332 3956.785 5318.895 6777.332 8179.667 9352.356 10163.88 10565.97 10586.61 10293.4 9761.271 9058.159 8241.664 7358.434 6444.377 5526.44 4625.666 3760.656 2950.537 2216.365 1579.713 1058.25 660.0596 
1136.484 1854.112 2805.126 3984.65 5354.564 6821.562 8233.021 9414.672 10233.78 10640.94 10663.8 10370.9 9838.991 9137.511 8324.265 7444.622 6532.514 5613.267 4707.294 3833.554 3012.186 2265.537 1616.492 1083.86 676.5292 
1145.714 1869.593 2829.311 4020.156 5403.707 6885.663 8311.814 9506.31 10335.54 10750.11 10778.11 10488.39 9957.766 9255.846 8440.921 7558.849 6643.535 5719.602 4806.48 3922.538 3088.142 2326.682 1662.558 1116.106 697.3484 
1155.533 1885.515 2853.271 4054.128 5449.592 6945.006 8385.359 9593.627 10434.98 10859.1 10893.73 10607.81 10078.59 9376.179 8559.25 7673.917 6754.182 5824.531 4903.987 4010.426 3164.047 2388.73 1710.042 1149.809 719.3618 
1367.752 2177.487 3194.675 4383.87 5692.939 7040.958 8308.648 9359.112 10084.76 10443.16 10455.2 10177.24 9674.705 9009.19 8233.991 7392.062 6515.584 5627.872 4746.964 3889.707 3075.254 2326.629 1668.986 1124.3 704.5548 
1411.896 2292.116 3442.643 4840.089 6413.545 8021.498 9456.951 10509.28 11054.44 11103.29 10770.81 10199.65 9500.083 8734.194 7930.248 7101.707 6258.537 5411.126 4571.164 3752.528 2972.753 2253.781 1620.098 1093.539 686.5319 
1398.661 2273.704 3424.073 4836.874 6458.512 8168.081 9770.854 11043.03 11811.58 12014 11701.9 11001.64 10065.55 9032.325 8000.898 7021.381 6104.005 5238.527 4412.441 3621.372 2872.127 2181.321 1571.114 1062.595 668.3797 
1391.818 2261.169 3402.796 4803.879 6413.172 8116.297 9730.41 11047.32 11906.92 12246.2 12093.33 11529.65 10658.19 9590.206 8435.88 7289.136 6212.147 5230.252 4340.74 3529.537 2786.562 2113.533 1523.06 1031.514 649.9299 
1392.05 2260.326 3399.137 4794.685 6395.031 8085.982 9686.525 10992.9 11852.75 12213.45 12112.34 11631.56 10860.05 9880.473 8771.1 7607.697 6459.05 5378.076 4394.852 3517.49 2741.42 2061.353 1478.495 999.5349 629.7678 
1397.381 2268.223 3409.514 4806.751 6407.216 8095.96 9691.364 10989.59 11839.52 12191.89 12089.99 11623.28 10886 9959.163 8909.167 7792.24 6658.967 5555.827 4522.239 3585.713 2760.193 2049.867 1455.349 976.9708 613.0369 
1403.794 2278.659 3425.21 4828.78 6436.171 8131.489 9731.747 11031.69 11879.32 12225.7 12115.93 11642.97 10905.82 9989.996 8963.354 7877.712 6773.286 5684.471 4643.607 3680.54 2819.448 2076.44 1459.674 970.6316 604.3731 
1407.911 2285.621 3436.166 4844.912 6458.372 8159.866 9765.149 11067.57 11914.1 12255.52 12137.52 11654.58 10908.2 9987.169 8962.64 7887.986 6801.407 5731.328 4702.474 3739.536 2867.043 2106.496 1472.918 972.3582 600.7421 
1412.454 2292.944 3447.115 4860.353 6479.175 8186.811 9798.689 11107.52 11959.37 12303.99 12186.17 11700.02 10947.45 10018.78 8987.563 7909.803 6825.25 5761.558 4740.127 3781.252 2906.537 2137.779 1493.118 982.3854 603.8499 
1416.759 2300.116 3458.256 4876.666 6501.822 8216.669 9836.102 11152.21 12010.57 12360.6 12246.79 11762.73 11009.78 10077.97 9041.327 7957.228 6867.266 5800.432 4778.025 3818.676 2941.762 2167.815 1515.524 996.6192 611.3078 
1421.04 2306.982 3468.426 4890.779 6520.374 8239.897 9863.849 11183.89 12045.3 12397.46 12285.04 11801.83 11049.19 10116.93 9078.817 7992.165 6899.013 5829.15 4804.51 3843.651 2965.121 2188.482 1532.099 1008.293 618.35 
1423.416 2311.278 3475.697 4902.299 6537.378 8263.181 9893.403 11218.82 12084.13 12438.6 12327.16 11844.02 11090.86 10157.67 9118.141 8029.5 6933.73 5860.781 4832.907 3868.91 2987.291 2207.32 1547.152 1019.275 625.487 
1425.466 2314.539 3480.504 4908.993 6546.35 8274.879 9908.26 11237.09 12105.71 12462.91 12353.25 11870.78 11117.36 10183.31 9142.704 8052.937 6955.988 5881.71 4852.297 3886.549 3002.962 2220.756 1558.057 1027.464 631.0514 
1428.828 2319.707 3487.721 4918.278 6557.499 8287.501 9921.825 11251.02 12119.51 12476.36 12366.36 11883.71 11130.2 10196.03 9155.192 8065.115 6967.846 5893.261 4863.497 3897.247 3012.899 2229.601 1565.475 1033.22 635.1141 
1429.16 2321.018 3491.124 4925.295 6569.711 8305.99 9946.698 11281.32 12153.59 12512.45 12403.05 11920.06 11165.66 10230.21 9187.733 8095.613 6995.924 5918.632 4885.985 3916.762 3029.391 2243.051 1575.932 1040.862 640.2877 
1429.16 2321.018 3491.124 4925.295 6569.711 8305.99 9946.698 11281.32 12153.59 12512.45 12403.05 11920.06 11165.66 10230.21 9187.733 8095.613 6995.924 5918.632 4885.985 3916.762 3029.391 2243.051 1575.932 1040.862 640.2877 
1432.852 2326.59 3498.841 4935.493 6583.221 8324.609 9973.313 11319.38 12206.01 12580.37 12485.24 12013.13 11265.02 10331.11 9286.002 8187.997 7080.083 5993.043 4949.826 3969.801 3071.891 2275.696 1599.775 1057.261 650.8013 
1437.446 2333.269 3507.287 4944.516 6590.586 8327.037 9966.826 11300.18 12171.8 12531.58 12425.33 11947.61 11199.78 10270.85 9233.54 8144.399 7045.208 5966.097 4929.745 3955.456 3062.183 2269.579 1596.275 1055.512 650.0913 
1435.003 2326.814 3492.242 4913.031 6530.611 8221.949 9796.248 11042.67 11809.5 12055.81 11840.78 11273.37 10466.42 9515 8491.607 7447.473 6416.131 5418.833 4470.392 3583.9 2773.629 2055.702 1446.131 956.5401 589.3716 
1400.712 2281.197 3442.685 4873.689 6519.838 8257.416 9889.844 11196.94 12016.15 12296.15 12088.47 11499.7 10647.03 9635.583 8550.343 7453.356 6384.544 5366.494 4411.509 3528.347 2726.869 2019.698 1420.523 939.6862 579.1364 
1391.255 2261.261 3405.361 4812.757 6435.246 8162.125 9813.649 11182.53 12106.63 12519.25 12445.58 11964.76 11174.83 10174.57 9054.899 7892.048 6742.933 5644.917 4619.807 3680.11 2835.247 2095.471 1471.935 973.0838 599.6028 
1407.614 2280.882 3421.13 4811.426 6397.992 8067.276 9641.589 10922.46 11763.7 12118.49 12028.56 11578.14 10855.3 9937.926 8894.582 7786.539 6666.988 5578.929 4554.029 3613.735 2772.508 2041.437 1429.79 943.3062 580.5267 
1404.257 2282.196 3435.412 4849.988 6471.478 8180.076 9787.23 11083.26 11915.82 12240.6 12110.25 11624.28 10884.19 9973.515 8955.886 7879.691 6783.873 5702.547 4666.814 3704.089 2836.956 2082.883 1454.136 956.5567 587.3052 
1410.302 2289.853 3443.618 4858.281 6482.575 8202.643 9836.444 11177.02 12067.13 12450.02 12363.5 11897.5 11153.98 10225.84 9188.849 8099.112 6995.486 5906.05 4855.15 3867.388 2967.734 2179.154 1519.316 997.2606 610.8168 
1424.847 2311.453 3472.044 4891.267 6515.638 8229.54 9850.635 11174.36 12049.02 12424.83 12344.21 11895.9 11174.97 10266.14 9240.713 8156.048 7055.225 5969.173 4921.457 3933.595 3028.244 2228.778 1555.584 1020.887 624.5842 
1434.752 2331.23 3508.899 4955.007 6617.485 8379.789 10056.04 11436.54 12364.61 12787.04 12744.89 12326.95 11628.35 10732.35 9707.38 8608.251 7478.036 6350.669 5254.124 4213.726 3254.748 2402.848 1681.203 1105.063 676.4921 
1454.402 2355.597 3530.996 4962.054 6592.076 8302.619 9909.014 11205.42 12041.26 12371.54 12247.26 11767.32 11035.06 10137.9 9143.117 8099.279 7039.978 5989.356 4967.699 3995.515 3095.496 2292.046 1608.039 1059.373 649.5937 
1441.973 2344.634 3531.293 4987.673 6656.709 8412.654 10058.05 11373.93 12202.09 12498.08 12320.02 11777.03 10982.61 10032.95 9001.89 7941.465 6884.872 5852.133 4857.155 3913.942 3040.251 2257.77 1588.648 1049.422 644.9662 
