# Number of parameters = 185 Objective function value = 60995.2025567108  Maximum gradient component = 0.00257470877530297
# srv_sel50:
1.47247064497
# srv_sel95:
2.42451904768
# stNatLen:
 11.4111198808 11.2696032216 11.0667428102 10.8759157441 10.6904091052 10.4885225558 10.2636699605 10.0236549504 9.78077358457 9.54529952937 9.32372892194 9.11938933945 8.93353341969 8.76617446806 8.61672885718 8.48433738250 8.36806802927 8.26702458733 8.18035683762 8.10734363267 8.04738448660 7.99999363951 7.96472420118 7.94137849648 7.92976118461
# log_avg_fmort_dir:
-1.63406640173
# fmort_dir_dev:
 -1.87022636716 -1.86720665349 -1.32421511093 -0.831140297733 -0.631803606320 -0.461389622993 -0.177516114472 -0.168761054984 0.0318296647458 0.0931071956954 0.134950989718 0.234049668728 0.326326848991 0.363113346261 0.522613213205 0.537060044128 0.595356102080 0.453295747001 0.421490218958 0.393247526809 0.240796331684 0.300121800344 0.292042669989 0.336129327831 0.352074283639 0.197561668881 0.290417345800 0.252802757059 0.273599310626 0.203279271011 0.177843147607 0.113310065789 0.0106663878134 0.175935545577 0.0221781722207 0.00649168583788 0.0457936300604 0.187322749138 0.0534622425713 -0.0275357430895 0.0239902145679 -0.176244586548 -0.185872730062 -0.173528096961 0.0139329501382 -0.0139806885314 -0.00265948568310 -0.0142394551669 -0.0871273836540 0.0114592369350 0.325795636332
# mean_log_rec:
11.1449469462
# rec_dev:
 0.342920316834 0.319077695860 0.305924310322 0.252989162587 0.200756727661 0.167147029939 0.150199030338 0.140607531087 0.155318670188 0.184382993219 0.200301975482 0.190874144683 0.130152545368 0.0520275876297 -0.0475550255339 -0.136470424673 -0.140259992890 -0.115856669952 -0.0881217123490 -0.0798767214659 -0.111643710789 -0.161573344968 -0.213206380036 -0.228745827092 -0.273384780496 -0.278120455980 -0.267409826802 -0.260016414802 -0.244908969237 -0.236146691545 -0.230045974485 -0.224365344073 -0.234228405278 -0.208184855719 -0.0841108849351 -0.0132496871911 -0.0635040443539 -0.0848406712988 -0.0195351639947 0.0935322658818 0.208505076233 0.284930472287 0.238902954270 0.0938627082127 0.0533572567768 0.0500449017807 0.0594492439286 0.0700687972971 0.0584630680789 0.0207827547527 0.0207827592415
# log_avg_NatM:
-1.58082299646
# m_dev:
 -0.0806969491995 -0.0319239500253 -0.0367083037259 0.220016985274 0.0768727949948 -0.0126627709432 -0.0863304063242 -0.153095412772 -0.368986443768 -0.409337568804 -0.347439158060 -0.208286885799 0.0371234348185 -0.0279296257593 0.156475607257 -0.0392802220061 -0.483146699355 -0.554675781473 -0.391351546633 -0.146327084959 0.0413535065119 0.117629797591 0.0748628042803 -0.0744443386143 0.164122769401 -0.175511498804 -0.148397293912 -0.178002448785 -0.193193073594 -0.116349851480 -0.0320793593632 0.0122268318647 -0.0569049661082 -0.0531393362773 0.0579537586905 0.189671698621 0.419487039614 0.233241005713 -0.0857397454363 -0.350328999964 -0.211148160272 -0.0266471977459 0.485622497566 0.747103643486 0.291286712792 0.301922712597 0.155879676246 0.218785806321 0.247349397932 0.439984972237 0.391091626155
# log_avg_GrowthK:
-1.60943800000
# log_avg_Linf:
4.88280200000
# GrowthK_dev:
 0.00000000000 0.00000000000 0.00000000000 0.00000000000 0.00000000000 0.00000000000 0.00000000000 0.00000000000 0.00000000000 0.00000000000 0.00000000000 0.00000000000 0.00000000000 0.00000000000 0.00000000000 0.00000000000 0.00000000000 0.00000000000 0.00000000000 0.00000000000 0.00000000000 0.00000000000 0.00000000000 0.00000000000 0.00000000000 0.00000000000 0.00000000000 0.00000000000 0.00000000000 0.00000000000 0.00000000000 0.00000000000 0.00000000000 0.00000000000 0.00000000000 0.00000000000 0.00000000000 0.00000000000 0.00000000000 0.00000000000 0.00000000000 0.00000000000 0.00000000000 0.00000000000 0.00000000000 0.00000000000 0.00000000000 0.00000000000 0.00000000000 0.00000000000 0.00000000000
# Linf_dev:
 0.00000000000 0.00000000000 0.00000000000 0.00000000000 0.00000000000 0.00000000000 0.00000000000 0.00000000000 0.00000000000 0.00000000000 0.00000000000 0.00000000000 0.00000000000 0.00000000000 0.00000000000 0.00000000000 0.00000000000 0.00000000000 0.00000000000 0.00000000000 0.00000000000 0.00000000000 0.00000000000 0.00000000000 0.00000000000 0.00000000000 0.00000000000 0.00000000000 0.00000000000 0.00000000000 0.00000000000 0.00000000000 0.00000000000 0.00000000000 0.00000000000 0.00000000000 0.00000000000 0.00000000000 0.00000000000 0.00000000000 0.00000000000 0.00000000000 0.00000000000 0.00000000000 0.00000000000 0.00000000000 0.00000000000 0.00000000000 0.00000000000 0.00000000000 0.00000000000
# SelPars50:
2.02997603172
# SelPars95:
3.61201086216
# SelPars_dev50:
 0.00000000000 0.00000000000 0.00000000000 0.00000000000 0.00000000000 0.00000000000 0.00000000000 0.00000000000 0.00000000000 0.00000000000 0.00000000000 0.00000000000 0.00000000000 0.00000000000 0.00000000000 0.00000000000 0.00000000000 0.00000000000 0.00000000000 0.00000000000 0.00000000000 0.00000000000 0.00000000000 0.00000000000 0.00000000000 0.00000000000 0.00000000000 0.00000000000 0.00000000000 0.00000000000 0.00000000000 0.00000000000 0.00000000000 0.00000000000 0.00000000000 0.00000000000 0.00000000000 0.00000000000 0.00000000000 0.00000000000 0.00000000000 0.00000000000 0.00000000000 0.00000000000 0.00000000000 0.00000000000 0.00000000000 0.00000000000 0.00000000000 0.00000000000 0.00000000000
# SelPars_dev95:
 0.00000000000 0.00000000000 0.00000000000 0.00000000000 0.00000000000 0.00000000000 0.00000000000 0.00000000000 0.00000000000 0.00000000000 0.00000000000 0.00000000000 0.00000000000 0.00000000000 0.00000000000 0.00000000000 0.00000000000 0.00000000000 0.00000000000 0.00000000000 0.00000000000 0.00000000000 0.00000000000 0.00000000000 0.00000000000 0.00000000000 0.00000000000 0.00000000000 0.00000000000 0.00000000000 0.00000000000 0.00000000000 0.00000000000 0.00000000000 0.00000000000 0.00000000000 0.00000000000 0.00000000000 0.00000000000 0.00000000000 0.00000000000 0.00000000000 0.00000000000 0.00000000000 0.00000000000 0.00000000000 0.00000000000 0.00000000000 0.00000000000 0.00000000000 0.00000000000
