# Number of parameters = 129 Objective function value = 58503.2  Maximum gradient component = 0.000223111
# srv_sel50:
1.68169262969
# srv_sel95:
3.01032704267
# stNatLen:
 11.8024003275 11.5889703133 11.2788717548 11.0129088494 10.7935413416 10.5850727523 10.3611893669 10.1153238997 9.85476013668 9.59127433794 9.33520750045 9.09355830340 8.87024472379 8.66698559771 8.48414441720 8.32133368747 8.17782603809 8.05279452533 7.94538416646 7.85481601465 7.78039726558 7.72151252605 7.67770603687 7.64866283945 7.63417544673
# log_avg_fmort_dir:
-1.49106195734
# fmort_dir_dev:
 -0.942374120403 -0.792295338662 -0.541592330980 -0.425772677573 -0.254892534121 -0.0395442948059 -0.0521266260842 0.151576363923 0.147396340660 0.180022406748 0.316958685063 0.293980096412 0.385334124420 0.230720329470 0.226939935869 0.173663681776 0.134079531106 0.170032467723 0.184185288419 0.234313683488 0.134453132243 0.251296695257 0.0592207481410 -0.0129171833715 0.0652315920050 0.0406771712188 0.0603190052563 -0.00486432907710 -0.0711580195295 -0.0455184570023 0.106173693766 0.0372774888405 0.00290017099077 -0.0435570563958 -0.0199669879814 -0.0134363848398 -0.0235047892036 0.0319350993562 -0.0222274207305 -0.000859844080726 -0.0323085984960 -0.0494695729322 -0.0500083512708 0.00114580413300 -0.0766697491074 -0.0788763724778 0.00196009946451 -0.0497139233761 0.0218613267501
# mean_log_rec:
11.3365801510
# rec_dev:
 0.497530223771 0.473160727241 0.472385765060 0.470264169694 0.452844977603 0.435237813877 0.400613770900 0.331318082162 0.272348710973 0.225562934903 0.170236193643 0.106744539355 0.0566270575188 0.0365937932677 -9.76024518022e-005 -0.0213269704163 -0.0225646042073 -0.0479118702370 -0.0759220480221 -0.103407215336 -0.108046319411 -0.109028484754 -0.110737129457 -0.117573478284 -0.144907472653 -0.174212129332 -0.214206607258 -0.255561918977 -0.320879226602 -0.376252456106 -0.310689668992 -0.233832049046 -0.208061977854 -0.210413454210 -0.212074609475 -0.199350775689 -0.183824791838 -0.178428132159 -0.159037628592 -0.142203221215 -0.135153961658 -0.117766973123 -0.0975308877703 -0.0533532316440 -0.0148883941497 0.0250946716542 0.0831084968865 0.0747866832952 0.0747866791147
# log_avg_NatM:
-1.47890400000
# m_dev:
 0.00000000000 0.00000000000 0.00000000000 0.00000000000 0.00000000000 0.00000000000 0.00000000000 0.00000000000 0.00000000000 0.00000000000 0.00000000000 0.00000000000 0.00000000000 0.00000000000 0.00000000000 0.00000000000 0.00000000000 0.00000000000 0.00000000000 0.00000000000 0.00000000000 0.00000000000 0.00000000000 0.00000000000 0.00000000000 0.00000000000 0.00000000000 0.00000000000 0.00000000000 0.00000000000 0.00000000000 0.00000000000 0.00000000000 0.00000000000 0.00000000000 0.00000000000 0.00000000000 0.00000000000 0.00000000000 0.00000000000 0.00000000000 0.00000000000 0.00000000000 0.00000000000 0.00000000000 0.00000000000 0.00000000000 0.00000000000 0.00000000000
# log_avg_GrowthK:
-1.60943800000
# log_avg_Linf:
4.88280200000
# GrowthK_dev:
 0.00000000000 0.00000000000 0.00000000000 0.00000000000 0.00000000000 0.00000000000 0.00000000000 0.00000000000 0.00000000000 0.00000000000 0.00000000000 0.00000000000 0.00000000000 0.00000000000 0.00000000000 0.00000000000 0.00000000000 0.00000000000 0.00000000000 0.00000000000 0.00000000000 0.00000000000 0.00000000000 0.00000000000 0.00000000000 0.00000000000 0.00000000000 0.00000000000 0.00000000000 0.00000000000 0.00000000000 0.00000000000 0.00000000000 0.00000000000 0.00000000000 0.00000000000 0.00000000000 0.00000000000 0.00000000000 0.00000000000 0.00000000000 0.00000000000 0.00000000000 0.00000000000 0.00000000000 0.00000000000 0.00000000000 0.00000000000 0.00000000000
# Linf_dev:
 0.00000000000 0.00000000000 0.00000000000 0.00000000000 0.00000000000 0.00000000000 0.00000000000 0.00000000000 0.00000000000 0.00000000000 0.00000000000 0.00000000000 0.00000000000 0.00000000000 0.00000000000 0.00000000000 0.00000000000 0.00000000000 0.00000000000 0.00000000000 0.00000000000 0.00000000000 0.00000000000 0.00000000000 0.00000000000 0.00000000000 0.00000000000 0.00000000000 0.00000000000 0.00000000000 0.00000000000 0.00000000000 0.00000000000 0.00000000000 0.00000000000 0.00000000000 0.00000000000 0.00000000000 0.00000000000 0.00000000000 0.00000000000 0.00000000000 0.00000000000 0.00000000000 0.00000000000 0.00000000000 0.00000000000 0.00000000000 0.00000000000
# SelPars50:
2.31951595649
# SelPars95:
4.27302219891
# SelPars_dev50:
 0.00000000000 0.00000000000 0.00000000000 0.00000000000 0.00000000000 0.00000000000 0.00000000000 0.00000000000 0.00000000000 0.00000000000 0.00000000000 0.00000000000 0.00000000000 0.00000000000 0.00000000000 0.00000000000 0.00000000000 0.00000000000 0.00000000000 0.00000000000 0.00000000000 0.00000000000 0.00000000000 0.00000000000 0.00000000000 0.00000000000 0.00000000000 0.00000000000 0.00000000000 0.00000000000 0.00000000000 0.00000000000 0.00000000000 0.00000000000 0.00000000000 0.00000000000 0.00000000000 0.00000000000 0.00000000000 0.00000000000 0.00000000000 0.00000000000 0.00000000000 0.00000000000 0.00000000000 0.00000000000 0.00000000000 0.00000000000 0.00000000000
# SelPars_dev95:
 0.00000000000 0.00000000000 0.00000000000 0.00000000000 0.00000000000 0.00000000000 0.00000000000 0.00000000000 0.00000000000 0.00000000000 0.00000000000 0.00000000000 0.00000000000 0.00000000000 0.00000000000 0.00000000000 0.00000000000 0.00000000000 0.00000000000 0.00000000000 0.00000000000 0.00000000000 0.00000000000 0.00000000000 0.00000000000 0.00000000000 0.00000000000 0.00000000000 0.00000000000 0.00000000000 0.00000000000 0.00000000000 0.00000000000 0.00000000000 0.00000000000 0.00000000000 0.00000000000 0.00000000000 0.00000000000 0.00000000000 0.00000000000 0.00000000000 0.00000000000 0.00000000000 0.00000000000 0.00000000000 0.00000000000 0.00000000000 0.00000000000
