# Number of parameters = 149 Objective function value = 70913.8374943505  Maximum gradient component = 0.000513899514721378
# srv_sel50:
1.52529956221
# srv_sel95:
2.58168780441
# stNatLen:
 11.4278399464 11.2790340873 11.0698108755 10.8766752825 10.6912153932 10.4898557207 10.2652007977 10.0249778876 9.78165578293 9.54566964236 9.32364358606 9.11897497856 8.93292030952 8.76552047712 8.61619877374 8.48408339605 8.36821911342 8.26767833853 8.18157967413 8.10917856129 8.04989858791 8.00315206109 7.96852407775 7.94566498901 7.93429920793
# log_avg_fmort_dir:
-1.67987476725
# fmort_dir_dev:
 -1.71988696283 -1.72438893763 -1.22835097136 -0.918330858405 -0.700622389126 -0.369222732362 -0.305288639016 -0.205988630803 0.0417601590174 0.124113325700 0.267663933108 0.230124623564 0.393595401555 0.484817773500 0.568894011995 0.601483051013 0.475876387150 0.522426876102 0.464329102391 0.433377106468 0.435722484151 0.419130748878 0.439683054285 0.352339224469 0.301960661509 0.324626243552 0.258812633379 0.129590995249 0.133471942962 0.228363398527 0.266304759691 0.113020744780 0.155330760678 0.0850835460419 0.144936365797 0.0789712328950 0.135210609639 0.101160252653 0.127691546097 0.0945069454745 0.109638762163 0.0768156327591 0.0601468515001 0.0894386100610 0.0636520618223 0.0571097457023 0.114942504045 0.153749553782 0.178188749748 0.0762053850696 -0.397417163717 -0.668290060027 -0.571767182338 -0.425189073516 -0.438524609652 -0.164437955323 -0.0413149786839 -0.0167298711740 -0.0185167429522
# mean_log_rec:
11.1259424030
# rec_dev:
 0.376587792950 0.359088640075 0.372574162759 0.382948863088 0.378168803419 0.379478850190 0.384543272119 0.376651959665 0.361033309855 0.340932837630 0.309555163861 0.274086326848 0.229472983186 0.167013707623 0.0966724586432 0.0496233047116 0.0204717094411 -0.00319958327673 -0.0323725384403 -0.0535594518343 -0.0784571704450 -0.104167570059 -0.132815882886 -0.149091836690 -0.176720906152 -0.196473581123 -0.196605343988 -0.180344850191 -0.197782811188 -0.214610205917 -0.191724097719 -0.180093474672 -0.177025317659 -0.177141009503 -0.178447068463 -0.169904304173 -0.140006897314 -0.123724937329 -0.135953163021 -0.142559329443 -0.138855851551 -0.143556094868 -0.156921337982 -0.158911719669 -0.151462968989 -0.146195006481 -0.145116527359 -0.135014853460 -0.102292508022 -0.0959018827465 -0.0911895074539 -0.0556132569945 -0.0254832315263 -0.0123311806985 -0.000137655876647 0.0117520999564 0.0149889210582 0.00305987711216 0.00305987097450
# log_avg_NatM:
-1.60943800000
# m_dev:
 0.00000000000 0.00000000000 0.00000000000 0.00000000000 0.00000000000 0.00000000000 0.00000000000 0.00000000000 0.00000000000 0.00000000000 0.00000000000 0.00000000000 0.00000000000 0.00000000000 0.00000000000 0.00000000000 0.00000000000 0.00000000000 0.00000000000 0.00000000000 0.00000000000 0.00000000000 0.00000000000 0.00000000000 0.00000000000 0.00000000000 0.00000000000 0.00000000000 0.00000000000 0.00000000000 0.00000000000 0.00000000000 0.00000000000 0.00000000000 0.00000000000 0.00000000000 0.00000000000 0.00000000000 0.00000000000 0.00000000000 0.00000000000 0.00000000000 0.00000000000 0.00000000000 0.00000000000 0.00000000000 0.00000000000 0.00000000000 0.00000000000 0.00000000000 0.00000000000 0.00000000000 0.00000000000 0.00000000000 0.00000000000 0.00000000000 0.00000000000 0.00000000000 0.00000000000
# log_avg_GrowthK:
-1.60943800000
# log_avg_Linf:
4.88280200000
# GrowthK_dev:
 0.00000000000 0.00000000000 0.00000000000 0.00000000000 0.00000000000 0.00000000000 0.00000000000 0.00000000000 0.00000000000 0.00000000000 0.00000000000 0.00000000000 0.00000000000 0.00000000000 0.00000000000 0.00000000000 0.00000000000 0.00000000000 0.00000000000 0.00000000000 0.00000000000 0.00000000000 0.00000000000 0.00000000000 0.00000000000 0.00000000000 0.00000000000 0.00000000000 0.00000000000 0.00000000000 0.00000000000 0.00000000000 0.00000000000 0.00000000000 0.00000000000 0.00000000000 0.00000000000 0.00000000000 0.00000000000 0.00000000000 0.00000000000 0.00000000000 0.00000000000 0.00000000000 0.00000000000 0.00000000000 0.00000000000 0.00000000000 0.00000000000 0.00000000000 0.00000000000 0.00000000000 0.00000000000 0.00000000000 0.00000000000 0.00000000000 0.00000000000 0.00000000000 0.00000000000
# Linf_dev:
 0.00000000000 0.00000000000 0.00000000000 0.00000000000 0.00000000000 0.00000000000 0.00000000000 0.00000000000 0.00000000000 0.00000000000 0.00000000000 0.00000000000 0.00000000000 0.00000000000 0.00000000000 0.00000000000 0.00000000000 0.00000000000 0.00000000000 0.00000000000 0.00000000000 0.00000000000 0.00000000000 0.00000000000 0.00000000000 0.00000000000 0.00000000000 0.00000000000 0.00000000000 0.00000000000 0.00000000000 0.00000000000 0.00000000000 0.00000000000 0.00000000000 0.00000000000 0.00000000000 0.00000000000 0.00000000000 0.00000000000 0.00000000000 0.00000000000 0.00000000000 0.00000000000 0.00000000000 0.00000000000 0.00000000000 0.00000000000 0.00000000000 0.00000000000 0.00000000000 0.00000000000 0.00000000000 0.00000000000 0.00000000000 0.00000000000 0.00000000000 0.00000000000 0.00000000000
# SelPars50:
2.06785975960
# SelPars95:
3.69421092630
# SelPars_dev50:
 0.00000000000 0.00000000000 0.00000000000 0.00000000000 0.00000000000 0.00000000000 0.00000000000 0.00000000000 0.00000000000 0.00000000000 0.00000000000 0.00000000000 0.00000000000 0.00000000000 0.00000000000 0.00000000000 0.00000000000 0.00000000000 0.00000000000 0.00000000000 0.00000000000 0.00000000000 0.00000000000 0.00000000000 0.00000000000 0.00000000000 0.00000000000 0.00000000000 0.00000000000 0.00000000000 0.00000000000 0.00000000000 0.00000000000 0.00000000000 0.00000000000 0.00000000000 0.00000000000 0.00000000000 0.00000000000 0.00000000000 0.00000000000 0.00000000000 0.00000000000 0.00000000000 0.00000000000 0.00000000000 0.00000000000 0.00000000000 0.00000000000 0.00000000000 0.00000000000 0.00000000000 0.00000000000 0.00000000000 0.00000000000 0.00000000000 0.00000000000 0.00000000000 0.00000000000
# SelPars_dev95:
 0.00000000000 0.00000000000 0.00000000000 0.00000000000 0.00000000000 0.00000000000 0.00000000000 0.00000000000 0.00000000000 0.00000000000 0.00000000000 0.00000000000 0.00000000000 0.00000000000 0.00000000000 0.00000000000 0.00000000000 0.00000000000 0.00000000000 0.00000000000 0.00000000000 0.00000000000 0.00000000000 0.00000000000 0.00000000000 0.00000000000 0.00000000000 0.00000000000 0.00000000000 0.00000000000 0.00000000000 0.00000000000 0.00000000000 0.00000000000 0.00000000000 0.00000000000 0.00000000000 0.00000000000 0.00000000000 0.00000000000 0.00000000000 0.00000000000 0.00000000000 0.00000000000 0.00000000000 0.00000000000 0.00000000000 0.00000000000 0.00000000000 0.00000000000 0.00000000000 0.00000000000 0.00000000000 0.00000000000 0.00000000000 0.00000000000 0.00000000000 0.00000000000 0.00000000000
