# Number of parameters = 188 Objective function value = 62179.3  Maximum gradient component = 0.00104920
# srv_sel50:
1.47796331069
# srv_sel95:
2.44494977170
# stNatLen:
 11.3518566425 11.2204615129 11.0237470295 10.8337343445 10.6478859803 10.4463969895 10.2223742285 9.98282317129 9.73962569665 9.50304777146 9.27978440578 9.07340425174 8.88534968428 8.71578850657 8.56420724808 8.42979974494 8.31167662946 8.20893479614 8.12074956163 8.04644036150 7.98538041679 7.93705427383 7.90107242076 7.87714746726 7.86523755020
# log_avg_fmort_dir:
-1.65319128157
# fmort_dir_dev:
 -1.78793782426 -1.78007579673 -1.42171637493 -1.05682271724 -0.795191871268 -0.527038617267 -0.377171833850 -0.279800939818 -0.0363915331730 0.109006084239 0.248741079208 0.273911295678 0.328890180907 0.401935614653 0.542384749841 0.529729068237 0.475656861553 0.437133744047 0.361903332350 0.378788203384 0.340153544271 0.402601727455 0.297940661462 0.264812148117 0.314978622700 0.212913411853 0.106290598994 0.178670255046 0.113757347624 0.138011270804 0.145899866981 0.0517568344768 0.162379541669 0.112341446823 0.117748548107 0.0568133815788 0.124486497532 -0.132952200344 0.0246117300072 -0.0304836386876 0.0751944594948 0.136339656361 0.0389389370539 0.0872358127369 0.0291756330668 0.116134621798 0.0707295724118 0.222528110878 0.181265101346 0.148666728324 -0.0913153821187 -0.0435575533742
# mean_log_rec:
11.1586733268
# rec_dev:
 0.359569486383 0.381032619587 0.407649456283 0.380087843050 0.329923848356 0.291229377725 0.281732994552 0.259945753304 0.218356124496 0.183157344813 0.152359587308 0.112737235269 0.0744182553884 0.0310557985231 -0.0243300947559 -0.0772195848942 -0.0908511428508 -0.0724570046950 -0.0627365115224 -0.132845086690 -0.209697558062 -0.228047518160 -0.214534234339 -0.191985445545 -0.157861595463 -0.124404026797 -0.135860100553 -0.156201237682 -0.183936860874 -0.195987778816 -0.173639550565 -0.174253055929 -0.209824740013 -0.209767518585 -0.102573161569 0.0296549451478 0.0998201768183 0.144408911812 0.138718143860 0.0371542815757 -0.0754868270835 -0.0682608180990 -0.00669314214596 0.0243960887657 -0.0130201279579 -0.101565709429 -0.153076211133 -0.147356314052 -0.117681713607 -0.0694065769214 -0.0279235431141 -0.0279234811124
# log_avg_NatM:
-1.58043942468
# m_dev:
 -0.467227631676 -0.415984656616 -0.0878418574374 0.110900122100 0.204540511245 0.107056398914 -0.0839493618237 -0.00343413425205 -0.0334932556797 -0.147010149315 -0.0702648156795 -0.00418691351531 -0.122219763642 -0.168809063560 -0.0436788406823 -0.00700049220919 -0.331792803299 -0.466767368708 -0.210565072676 0.200478066896 0.179118685934 -0.0521585979481 -0.158484462470 -0.253182281038 -0.263014649053 -0.127160773346 0.0723810859595 0.121622565340 0.179240096721 -0.00379443096525 -0.139548417433 -0.0107742931451 0.0521730584854 0.106725227150 0.119253397748 -0.0523694466037 0.00461617692870 -0.0216108985930 0.183843271633 0.607060211400 0.569660696261 0.0882177548357 -0.0416649195659 0.0261253360227 0.326238894606 0.523132595463 0.259454515261 0.0245613830482 0.107566145493 -0.0658227806146 -0.158033290273 -0.162120775624
# log_avg_GrowthK:
-1.60943800000
# log_avg_Linf:
4.88280200000
# GrowthK_dev:
 0.00000000000 0.00000000000 0.00000000000 0.00000000000 0.00000000000 0.00000000000 0.00000000000 0.00000000000 0.00000000000 0.00000000000 0.00000000000 0.00000000000 0.00000000000 0.00000000000 0.00000000000 0.00000000000 0.00000000000 0.00000000000 0.00000000000 0.00000000000 0.00000000000 0.00000000000 0.00000000000 0.00000000000 0.00000000000 0.00000000000 0.00000000000 0.00000000000 0.00000000000 0.00000000000 0.00000000000 0.00000000000 0.00000000000 0.00000000000 0.00000000000 0.00000000000 0.00000000000 0.00000000000 0.00000000000 0.00000000000 0.00000000000 0.00000000000 0.00000000000 0.00000000000 0.00000000000 0.00000000000 0.00000000000 0.00000000000 0.00000000000 0.00000000000 0.00000000000 0.00000000000
# Linf_dev:
 0.00000000000 0.00000000000 0.00000000000 0.00000000000 0.00000000000 0.00000000000 0.00000000000 0.00000000000 0.00000000000 0.00000000000 0.00000000000 0.00000000000 0.00000000000 0.00000000000 0.00000000000 0.00000000000 0.00000000000 0.00000000000 0.00000000000 0.00000000000 0.00000000000 0.00000000000 0.00000000000 0.00000000000 0.00000000000 0.00000000000 0.00000000000 0.00000000000 0.00000000000 0.00000000000 0.00000000000 0.00000000000 0.00000000000 0.00000000000 0.00000000000 0.00000000000 0.00000000000 0.00000000000 0.00000000000 0.00000000000 0.00000000000 0.00000000000 0.00000000000 0.00000000000 0.00000000000 0.00000000000 0.00000000000 0.00000000000 0.00000000000 0.00000000000 0.00000000000 0.00000000000
# SelPars50:
2.00945608263
# SelPars95:
3.54829572843
# SelPars_dev50:
 0.00000000000 0.00000000000 0.00000000000 0.00000000000 0.00000000000 0.00000000000 0.00000000000 0.00000000000 0.00000000000 0.00000000000 0.00000000000 0.00000000000 0.00000000000 0.00000000000 0.00000000000 0.00000000000 0.00000000000 0.00000000000 0.00000000000 0.00000000000 0.00000000000 0.00000000000 0.00000000000 0.00000000000 0.00000000000 0.00000000000 0.00000000000 0.00000000000 0.00000000000 0.00000000000 0.00000000000 0.00000000000 0.00000000000 0.00000000000 0.00000000000 0.00000000000 0.00000000000 0.00000000000 0.00000000000 0.00000000000 0.00000000000 0.00000000000 0.00000000000 0.00000000000 0.00000000000 0.00000000000 0.00000000000 0.00000000000 0.00000000000 0.00000000000 0.00000000000 0.00000000000
# SelPars_dev95:
 0.00000000000 0.00000000000 0.00000000000 0.00000000000 0.00000000000 0.00000000000 0.00000000000 0.00000000000 0.00000000000 0.00000000000 0.00000000000 0.00000000000 0.00000000000 0.00000000000 0.00000000000 0.00000000000 0.00000000000 0.00000000000 0.00000000000 0.00000000000 0.00000000000 0.00000000000 0.00000000000 0.00000000000 0.00000000000 0.00000000000 0.00000000000 0.00000000000 0.00000000000 0.00000000000 0.00000000000 0.00000000000 0.00000000000 0.00000000000 0.00000000000 0.00000000000 0.00000000000 0.00000000000 0.00000000000 0.00000000000 0.00000000000 0.00000000000 0.00000000000 0.00000000000 0.00000000000 0.00000000000 0.00000000000 0.00000000000 0.00000000000 0.00000000000 0.00000000000 0.00000000000
