#Simulated generalized assessment 
# 
#start/end year 
1 65 
#number of ages 
25 
#ages 
1 2 3 4 5 6 7 8 9 10 11 12 13 14 15 16 17 18 19 20 21 22 23 24 25 
#Number of length bins 
25 
#CPUE years 
65 
#years for CPUE 
1 2 3 4 5 6 7 8 9 10 11 12 13 14 15 16 17 18 19 20 21 22 23 24 25 26 27 28 29 30 31 32 33 34 35 36 37 38 39 40 41 42 43 44 45 46 47 48 49 50 51 52 53 54 55 56 57 58 59 60 61 62 63 64 65 
#survey years 
65 
#years for survey 
1 2 3 4 5 6 7 8 9 10 11 12 13 14 15 16 17 18 19 20 21 22 23 24 25 26 27 28 29 30 31 32 33 34 35 36 37 38 39 40 41 42 43 44 45 46 47 48 49 50 51 52 53 54 55 56 57 58 59 60 61 62 63 64 65 
#length freq from catch years 
65 
#years for length freq catch 
1 2 3 4 5 6 7 8 9 10 11 12 13 14 15 16 17 18 19 20 21 22 23 24 25 26 27 28 29 30 31 32 33 34 35 36 37 38 39 40 41 42 43 44 45 46 47 48 49 50 51 52 53 54 55 56 57 58 59 60 61 62 63 64 65 
#catch length sample sizes 
200 200 200 200 200 200 200 200 200 200 200 200 200 200 200 200 200 200 200 200 200 200 200 200 200 200 200 200 200 200 200 200 200 200 200 200 200 200 200 200 200 200 200 200 200 200 200 200 200 200 200 200 200 200 200 200 200 200 200 200 200 200 200 200 200 
#length freq from survey years 
65 
#years for length freq survey 
1 2 3 4 5 6 7 8 9 10 11 12 13 14 15 16 17 18 19 20 21 22 23 24 25 26 27 28 29 30 31 32 33 34 35 36 37 38 39 40 41 42 43 44 45 46 47 48 49 50 51 52 53 54 55 56 57 58 59 60 61 62 63 64 65 
#survey sample sizes 
200 200 200 200 200 200 200 200 200 200 200 200 200 200 200 200 200 200 200 200 200 200 200 200 200 200 200 200 200 200 200 200 200 200 200 200 200 200 200 200 200 200 200 200 200 200 200 200 200 200 200 200 200 200 200 200 200 200 200 200 200 200 200 200 200 
#total survey biomass 
3822853 3481591 3024525 3051080 2923698 3838837 3064171 1573117 1423760 1957740 1501086 1196903 989268.9 792133.1 871919.2 939714.6 973858.8 729611.7 635847.5 716393.2 635329.8 533495.2 495873.8 437359.7 571318.5 486275.4 418102.1 740707.4 377133.2 507977.2 472704.6 419962.9 514727.1 483227.3 526099.2 518606.1 558046.5 666113.1 720090.2 408548 580651 618508.8 399763.9 551421.2 494964.1 620807.7 497005.3 645318.1 534572.6 410245.1 843288.2 835225 589744.9 505843.5 505459.6 620085.9 468231.3 560976.6 383064.2 421823.6 418979.8 664514.8 488221.4 465373 568706.5 
#survey CV 
0.2 0.2 0.2 0.2 0.2 0.2 0.2 0.2 0.2 0.2 0.2 0.2 0.2 0.2 0.2 0.2 0.2 0.2 0.2 0.2 0.2 0.2 0.2 0.2 0.2 0.2 0.2 0.2 0.2 0.2 0.2 0.2 0.2 0.2 0.2 0.2 0.2 0.2 0.2 0.2 0.2 0.2 0.2 0.2 0.2 0.2 0.2 0.2 0.2 0.2 0.2 0.2 0.2 0.2 0.2 0.2 0.2 0.2 0.2 0.2 0.2 0.2 0.2 0.2 0.2 
#total CPUE 
4817919 2662844 3270196 3252221 3653532 2383934 2201318 1757204 2273784 1770861 1327793 1856000 1033386 1104157 907082.6 830555.9 739243.5 546193.4 568800.3 672758.5 466394.3 506607.7 671965.2 600582.4 539468 536952.8 400674.3 448740.5 534571.8 440227.6 657622.6 611179.5 496410.1 436810.1 562475.5 592990.1 576404.2 439929.4 637647.8 432920.9 503000.1 507804.6 565848.5 821830.7 585005.9 568098.9 525818.5 510900.5 554190.3 561719.6 679289.3 781150.6 388796.6 837028.9 433497.8 560286.9 492886.7 621275.7 279581.7 471777.8 402357.9 497797.9 434746.7 547346.5 480297.5 
#CPUE CV 
0.2 0.2 0.2 0.2 0.2 0.2 0.2 0.2 0.2 0.2 0.2 0.2 0.2 0.2 0.2 0.2 0.2 0.2 0.2 0.2 0.2 0.2 0.2 0.2 0.2 0.2 0.2 0.2 0.2 0.2 0.2 0.2 0.2 0.2 0.2 0.2 0.2 0.2 0.2 0.2 0.2 0.2 0.2 0.2 0.2 0.2 0.2 0.2 0.2 0.2 0.2 0.2 0.2 0.2 0.2 0.2 0.2 0.2 0.2 0.2 0.2 0.2 0.2 0.2 0.2 
#total catch biomass 
0 90711.85 148193 211230.9 240718.9 280326.3 325569.9 306743.4 289876.9 277106.2 288127.3 273756.7 278813.1 249913.2 220490.9 225716.6 174625.7 163056.8 141626.8 135849.4 127174.2 134658 123199.5 108057.5 110302.6 102579.7 95402.92 99630.27 107811.2 95531.91 88675.75 107939.2 108009.7 91970.3 91104.58 87711.91 92277.21 91454.69 88084.31 80588.18 82599.12 81989.65 84974.16 90391.47 88891.27 91147.63 95969.25 87429.61 94118.24 96568.6 89188.32 119946 134909.1 97118.59 120916.7 86291.73 93404.73 92897.83 98459.02 61630.68 73483.67 69083.98 88433.27 82231.67 89509.73 
#catch CV 
0.05 0.05 0.05 0.05 0.05 0.05 0.05 0.05 0.05 0.05 0.05 0.05 0.05 0.05 0.05 0.05 0.05 0.05 0.05 0.05 0.05 0.05 0.05 0.05 0.05 0.05 0.05 0.05 0.05 0.05 0.05 0.05 0.05 0.05 0.05 0.05 0.05 0.05 0.05 0.05 0.05 0.05 0.05 0.05 0.05 0.05 0.05 0.05 0.05 0.05 0.05 0.05 0.05 0.05 0.05 0.05 0.05 0.05 0.05 0.05 0.05 0.05 0.05 0.05 0.05 
#Length Bins 
2.752644 8.257932 13.76322 19.26851 24.7738 30.27908 35.78437 41.28966 46.79495 52.30024 57.80552 63.31081 68.8161 74.32139 79.82667 85.33196 90.83725 96.34254 101.8478 107.3531 112.8584 118.3637 123.869 129.3743 134.8796 
#catch length counts 
0 0 0 0 0 0 0 0 0 0 0 0 0 0 0 0 0 0 0 0 0 0 0 0 0 
35.06249 57.23984 86.92887 124.7043 170.8644 224.8228 284.5351 346.6717 407.489 463.6915 512.8425 553.5132 585.3972 609.2909 626.7996 639.8457 650.085 658.1582 662.7081 659.4944 641.5111 601.0724 533.7572 442.2642 337.3071 
58.58876 95.56416 144.9583 207.6298 283.9488 372.7923 470.6126 571.7638 670.008 759.9842 837.8828 901.6331 951.0191 987.5837 1014.106 1033.783 1049.298 1061.635 1068.535 1063.092 1033.959 968.7059 860.182 712.7187 543.5707 
80.9435 131.9616 200.0214 286.1995 390.8407 512.1647 644.997 781.2712 912.1903 1030.335 1130.64 1210.639 1270.569 1313.124 1342.622 1363.78 1380.404 1393.843 1401.035 1392.75 1353.934 1268.153 1125.922 932.8319 711.416 
104.8145 170.8377 258.8474 370.1445 505.0132 660.9008 830.776 1003.82 1168.292 1314.344 1435.35 1528.284 1593.867 1636.237 1661.769 1677.342 1688.517 1697.516 1700.819 1687.132 1637.932 1532.978 1360.47 1126.901 859.3174 
126.0539 205.3081 310.7754 443.8613 604.7206 790.0765 991.2451 1194.959 1386.823 1554.731 1690.512 1790.436 1855.452 1890.851 1904.876 1906.621 1903.764 1900.076 1892.566 1869.146 1809.281 1690.224 1498.398 1240.395 945.547 
143.4368 233.5909 353.4951 504.6295 686.9468 896.3739 1122.602 1350.122 1562.274 1745.176 1889.555 1991.206 2051.2 2075.538 2073.698 2056.411 2033.212 2009.702 1984.358 1945.856 1873.567 1743.967 1542.501 1275.141 971.2529 
165.7871 269.7541 407.7555 581.285 790.0645 1029.183 1286.529 1543.955 1781.948 1984.234 2139.967 2244.306 2298.598 2309.869 2289.08 2248.641 2199.86 2150.181 2099.856 2038.975 1947.629 1802.213 1587.549 1308.922 995.3433 
189.8909 308.9581 466.9276 665.3399 903.5354 1175.354 1466.283 1754.979 2018.843 2239.358 2404.477 2509.05 2554.854 2549.959 2506.779 2439.334 2360.557 2279.564 2198.42 2109.13 1993.539 1829.231 1601.343 1314.579 996.755 
199.0381 323.6439 488.7257 695.6987 943.6411 1225.837 1526.759 1823.639 2092.339 2313.09 2473.169 2567.447 2598.337 2574.87 2510.371 2419.476 2315.516 2208.18 2100.861 1988.103 1855.404 1684.153 1461.812 1192.468 900.1186 
216.2702 351.6512 530.9486 755.5674 1024.238 1329.24 1653.181 1970.838 2255.687 2486.177 2648.571 2737.426 2755.498 2712.779 2623.975 2505.19 2371.038 2232.343 2093.862 1952.198 1795.74 1609.013 1381.629 1117.601 838.3096 
233.5355 379.4781 572.4675 813.772 1101.743 1427.763 1772.767 2109.238 2408.294 2646.553 2809.282 2890.914 2894.834 2832.176 2718.976 2572.58 2408.669 2239.09 2069.93 1899.847 1720.16 1518.686 1287.428 1030.518 766.6649 
243.3261 395.2286 595.8711 846.3162 1144.465 1480.85 1835.085 2178.102 2479.69 2715.726 2871.376 2941.45 2930.003 2848.993 2715.282 2546.891 2359.978 2166.869 1974.56 1783.554 1588.132 1379.593 1152.514 911.1008 670.9914 
252.9577 410.7739 619.0767 878.7838 1187.414 1534.698 1898.921 2249.339 2554.181 2788.32 2936.661 2994.462 2966.755 2866.729 2712.408 2522.668 2314.172 2099.62 1886.68 1677.319 1468.274 1253.811 1030.746 803.3668 584.6274 
257.708 418.3317 630.1355 893.8519 1206.683 1557.836 1924.816 2275.946 2578.594 2807.079 2946.183 2991.479 2948.699 2831.988 2660.371 2453.53 2228.622 1998.625 1771.64 1550.701 1334.486 1119.688 904.9363 694.4269 498.5568 
262.2716 425.7179 641.1773 909.2646 1226.876 1582.625 1953.119 2305.656 2606.758 2830.312 2961.123 2995.145 2938.732 2806.8 2619.205 2396.411 2156.211 1912.089 1672.714 1442.057 1220.29 1005.9 798.7936 602.9234 426.4933 
240.1494 389.8501 587.2243 832.8325 1123.775 1449.471 1788.229 2109.712 2382.811 2583.203 2696.74 2719.766 2658.458 2527.042 2344.319 2129.571 1899.52 1666.896 1440.125 1223.613 1018.649 825.1028 643.6662 477.5772 332.5384 
228.8385 371.6995 560.2961 795.3303 1074.169 1386.759 1712.32 2021.682 2284.775 2477.842 2586.723 2607.293 2545.011 2413.365 2230.604 2015.741 1785.512 1552.896 1326.789 1112.345 911.8594 726.2244 556.6615 405.9197 278.0558 
215.5008 349.6955 526.5134 746.4726 1007.144 1299.399 1604.233 1894.739 2142.895 2326.203 2430.822 2452.143 2394.534 2270.038 2095.421 1888.516 1665.397 1438.941 1218.443 1009.846 816.4535 640.0981 482.4509 345.8462 233.0215 
201.7246 327.2577 492.55 697.9738 941.1173 1213.316 1496.763 1766.461 1996.633 2166.837 2264.644 2285.866 2234.175 2119.988 1958.01 1764.15 1553.095 1337.055 1125.373 924.6239 739.084 571.5429 424.2067 299.2136 198.3723 
195.7213 317.4628 477.7023 676.7628 912.2784 1175.836 1450.161 1711.003 1933.36 2097.473 2191.484 2211.642 2161.795 2052.094 1896.458 1709.635 1505.103 1294.192 1085.957 887.3351 703.4556 538.104 394.2135 274.068 178.9886 
187.8587 304.4762 457.719 647.7471 872.2179 1123.124 1384.091 1632.11 1843.427 1999.234 2088.23 2106.869 2058.909 1954.158 1805.973 1628.317 1433.703 1232.452 1032.825 841.4279 663.6042 503.7289 365.3372 250.9794 161.7735 
182.1281 295.1879 443.7366 627.8804 845.2495 1087.938 1339.929 1578.869 1781.844 1930.906 2015.455 2032.326 1985.273 1883.764 1740.638 1569.293 1381.676 1187.532 994.5707 809.0075 636.1002 480.458 346.002 235.5579 150.2357 
173.1645 280.6373 421.8271 596.836 803.4316 1034.134 1273.742 1500.969 1693.921 1835.384 1915.178 1930.336 1884.61 1787.249 1650.646 1487.598 1309.387 1125.107 941.8777 765.4405 600.757 452.3547 324.2351 219.3341 138.7846 
168.9353 273.7206 411.3168 581.7965 782.9925 1007.676 1241.138 1462.745 1651.225 1789.77 1868.319 1883.766 1839.566 1744.632 1611.091 1451.575 1277.255 1097.09 918.0078 745.5288 584.4392 439.1966 313.8398 211.3851 133.0057 
162.0468 262.53 394.4443 557.8382 750.6212 965.8691 1189.512 1401.834 1582.526 1715.567 1791.366 1806.915 1765.395 1675.147 1547.6 1394.763 1227.366 1054.11 881.7633 715.7068 560.5764 420.6931 300.0028 201.4784 126.2836 
155.3331 251.6362 378.0493 534.6218 719.3731 925.7153 1140.229 1344.075 1517.814 1646.076 1719.621 1735.506 1696.706 1611.119 1489.574 1343.449 1182.939 1016.379 850.3338 690.0957 540.2537 405.0814 288.4714 193.3531 120.8718 
156.2965 253.144 380.217 537.5386 723.1167 930.3698 1145.89 1350.841 1525.779 1655.309 1730.142 1747.254 1709.513 1624.709 1503.577 1357.422 1196.394 1028.816 861.3022 699.2566 547.4385 410.3163 291.9649 195.4464 121.9649 
155.1187 251.0903 376.8516 532.321 715.4557 919.7374 1131.965 1333.622 1505.627 1632.923 1706.49 1723.454 1686.685 1603.813 1485.297 1342.11 1184.084 1019.279 854.1344 693.9767 543.5778 407.4852 289.8809 193.9244 120.8856 
148.4612 240.4347 361.077 510.3587 686.3022 882.5442 1086.248 1279.5 1443.952 1565.261 1634.979 1650.583 1615.002 1535.644 1422.525 1286.06 1135.505 978.394 820.7283 667.5092 523.2956 392.5176 279.3097 186.8355 116.4125 
143.6058 232.6449 349.5373 494.352 665.2989 856.3445 1055.14 1244.303 1405.854 1525.538 1594.78 1610.871 1576.623 1499.392 1389.147 1256.208 1109.653 956.7757 803.3075 653.9992 513.2224 385.3045 274.3601 183.5941 114.3996 
144.737 234.3812 351.9756 497.5606 669.3742 861.4848 1061.692 1252.745 1416.705 1539.212 1611.406 1630.164 1597.861 1521.55 1411.132 1277.099 1128.832 973.9174 818.2782 666.7443 523.7127 393.5533 280.4754 187.8152 117.0826 
140.28 227.1127 340.9567 481.8017 647.8932 833.461 1026.714 1211.051 1369.303 1487.833 1558.303 1577.784 1548.436 1476.734 1371.823 1243.499 1100.681 950.7554 799.6233 652.143 512.7065 385.6335 275.0761 184.3495 114.9999 
138.2852 223.9958 336.4904 475.8286 640.3098 824.2025 1015.77 1198.507 1355.377 1472.906 1542.942 1562.737 1534.57 1464.888 1362.617 1237.174 1097.058 949.3305 799.7457 653.1867 514.1689 387.1584 276.4369 185.4273 115.764 
136.1159 220.4068 330.9726 467.8668 629.4798 810.3223 999.0423 1179.544 1335.063 1452.167 1522.567 1543.337 1516.638 1448.879 1348.966 1226.23 1088.976 943.9862 796.7395 651.941 514.0678 387.6655 277.1572 186.1161 116.304 
129.7026 210.1228 315.7165 446.5904 601.2273 774.3585 955.1 1128.078 1277.356 1390.22 1458.819 1480.283 1456.46 1393.212 1298.868 1182.298 1051.481 912.9426 771.9084 632.8252 499.9543 377.7108 270.4842 181.8939 113.8028 
154.7413 244.7809 356.689 487.0199 632.5942 789.5183 950.73 1105.202 1240.025 1343.53 1407.447 1427.916 1405.817 1346.213 1256.758 1145.739 1020.671 887.7539 751.9958 617.6862 488.9553 370.1221 265.5408 178.8705 112.0768 
157.0404 252.9918 376.8914 526.5068 696.6533 877.1134 1051.782 1202.203 1314.135 1381.913 1407.465 1396.167 1353.619 1284.821 1194.609 1087.95 969.7828 844.7023 716.8296 589.9733 467.9773 354.9669 255.1707 172.2027 108.0798 
159.004 256.578 383.4934 538.9154 719.9038 918.7812 1120.649 1304.657 1449.354 1538.774 1566.241 1535.248 1457.647 1349.398 1225.339 1095.584 965.0802 835.501 707.5572 582.5015 462.7105 351.6366 253.2841 171.2633 107.6857 
154.7403 249.5365 372.6933 523.41 699.1084 893.1253 1092.485 1278.976 1433.503 1540.466 1590.012 1579.004 1511.8 1399.997 1259.845 1107.814 956.488 812.7567 678.6813 553.9381 438.2493 332.721 239.8281 162.4024 102.2884 
157.3766 253.7497 378.899 531.9497 710.2085 906.8669 1108.859 1298.159 1456.384 1569.181 1627.916 1629.536 1576.322 1475.683 1339.268 1181.104 1015.132 852.7374 701.1591 563.5055 440.3045 331.5437 237.9417 160.8735 101.3371 
158.0269 254.6326 379.8995 532.8349 710.6642 906.5643 1107.517 1295.597 1452.628 1564.68 1623.883 1628.192 1580.653 1488.425 1361.336 1210.392 1046.712 880.7058 721.115 574.1177 443.151 329.6717 234.279 157.3318 98.72466 
159.8025 257.4601 384.0378 538.4669 717.8431 915.1437 1117.093 1305.53 1462.179 1573.236 1631.2 1634.598 1587.179 1496.728 1373.235 1226.987 1067.495 903.3138 742.1241 590.5192 453.5797 334.6524 235.5212 156.7146 97.60591 
157.8909 254.4967 379.8347 532.9115 710.8641 906.665 1107.01 1293.714 1448.494 1557.589 1613.622 1615.387 1567.048 1476.898 1355.356 1212.804 1058.261 899.1905 741.9681 592.3092 455.3081 335.1307 234.6195 155.0095 95.81254 
159.8091 257.5638 384.378 539.2643 719.3851 917.7318 1120.95 1310.677 1468.312 1579.677 1636.986 1638.778 1589.235 1496.997 1373.07 1228.47 1072.622 912.9551 755.3548 604.8656 466.153 343.4721 240.194 158.1701 97.27981 
159.4504 256.984 383.5065 538.0236 717.6909 915.5051 1118.152 1307.359 1464.657 1575.989 1633.612 1635.959 1587.002 1495.159 1371.368 1226.786 1071.123 912.0395 755.4056 605.9699 467.9906 345.4659 241.8115 159.1564 97.68502 
160.1557 258.1661 385.3565 540.7562 721.5184 920.5893 1124.546 1314.973 1473.275 1585.324 1643.372 1645.903 1596.929 1504.876 1380.643 1235.369 1078.826 918.8234 761.3792 611.2799 472.6838 349.4437 244.9178 161.3189 98.99349 
158.8833 256.0769 382.1711 536.1931 715.337 912.6594 1114.921 1303.916 1461.202 1572.708 1630.662 1633.487 1585.145 1494.013 1370.932 1226.954 1071.758 913.0834 756.9188 608.0336 470.5389 348.2049 244.3168 161.0794 98.90483 
160.5332 258.7709 386.2539 542.0117 723.2009 922.7725 1127.305 1318.38 1477.386 1590.171 1648.939 1652.107 1603.625 1511.874 1387.74 1242.369 1085.551 925.1337 767.1959 616.5747 477.4296 353.5629 248.2868 163.8407 100.678 
161.1843 259.819 387.8182 544.2127 726.1594 926.5955 1132.055 1324.037 1483.823 1597.164 1656.213 1659.4 1610.744 1518.707 1394.229 1248.464 1091.192 930.2509 771.7272 620.4801 480.6935 356.1904 250.3024 165.2932 101.6457 
152.318 245.6474 366.8957 515.2286 688.0054 878.5318 1073.994 1256.78 1409.071 1517.282 1573.903 1577.381 1531.491 1444.265 1326.123 1187.703 1038.322 885.4303 734.7981 591.0274 458.088 339.6176 238.7959 157.7948 97.0988 
212.4715 342.0598 509.7528 713.9942 950.9003 1211.288 1477.801 1726.592 1933.516 2080.182 2156.465 2160.335 2096.973 1977.316 1815.536 1626.11 1421.736 1212.584 1006.524 809.8313 627.9114 465.7271 327.6314 216.6153 133.371 
253.4924 407.2918 605.2829 844.7115 1119.921 1419.015 1720.736 1996.862 2219.938 2370.513 2439.633 2427.748 2342.866 2198.503 2010.871 1795.834 1566.877 1334.531 1106.827 890.1604 690.1171 511.9208 360.2234 238.2527 146.7586 
198.2097 319.3145 476.0789 666.6787 886.4881 1125.185 1364.398 1580.107 1749.417 1856.789 1896.168 1869.942 1787.001 1660.465 1504.826 1333.192 1155.736 979.6046 809.7235 649.799 503.1271 372.973 262.3925 173.557 106.9321 
233.2096 376.2487 562.1184 789.3034 1053.073 1341.872 1634.21 1901.069 2113.585 2250.56 2301.813 2268.165 2160.068 1995.02 1793.428 1574.192 1351.865 1136.042 932.3753 744.2114 574.0812 424.5614 298.2764 197.1574 121.4438 
181.5967 292.4256 435.8764 610.5345 812.8054 1034.279 1259.246 1466.218 1633.414 1744.224 1789.703 1768.777 1687.715 1558.819 1397.785 1220.405 1039.921 865.779 703.7191 556.7276 426.3129 313.5418 219.44 144.6948 89.00131 
213.9625 344.893 514.6975 721.8078 961.8608 1224.551 1490.898 1735.428 1932.973 2065.005 2121.982 2102.818 2013.846 1867.538 1680.273 1469.422 1250.814 1037.148 837.3816 656.9559 498.6785 363.8331 252.9603 165.9697 101.7337 
199.505 320.8044 477.2803 667.0266 885.8426 1124.474 1365.965 1587.348 1765.657 1883.853 1933.331 1913.679 1831.536 1698.848 1530.29 1340.596 1142.83 947.7331 763.607 596.3573 449.6994 325.576 224.6131 146.3512 89.20084 
231.37 372.3728 554.5271 775.5625 1030.166 1306.727 1584.534 1836.314 2035.741 2164.346 2213.872 2185.249 2086.874 1932.682 1739.408 1523.566 1299.399 1078.249 868.8266 677.6665 509.4184 366.9875 251.6003 162.8262 98.59496 
139.6389 224.9681 335.4873 470.0565 625.6903 795.4886 966.8112 1122.687 1246.343 1325.608 1354.773 1334.395 1270.336 1172.238 1051.323 918.1887 781.4857 647.6941 521.5357 406.4915 305.1409 219.2591 149.7333 96.41508 58.05074 
146.4329 236.6303 354.3088 498.9095 667.8926 854.3986 1045.22 1222.201 1366.888 1465.061 1508.785 1496.592 1433.106 1327.993 1193.811 1043.347 887.5849 734.8736 591.0827 460.2313 345.1086 247.6072 168.7122 108.2918 64.93941 
135.8782 218.5904 325.5081 455.6949 606.9408 773.88 945.9699 1108.185 1244.591 1342.12 1392.503 1392.776 1345.306 1257.21 1138.763 1001.286 855.3609 709.8001 571.3217 444.6987 333.1518 238.7155 162.3787 103.9991 62.19293 
177.8786 286.0935 425.7691 595.2817 791.0229 1005.034 1222.798 1424.856 1592.048 1710.27 1771.906 1775.015 1722.427 1621.138 1481.258 1314.473 1132.606 946.5997 765.8834 598.0265 448.6525 321.5075 218.5178 139.7517 83.41027 
166.2173 267.2314 397.4737 555.2915 737.1128 935.1927 1135.501 1319.258 1468.048 1568.713 1615.187 1607.841 1552.067 1456.551 1331.227 1185.568 1027.913 865.6986 705.8562 554.8476 418.3385 300.7241 204.6926 130.9314 78.0848 
170.6246 274.8899 409.9456 574.4284 764.7711 972.7225 1183.178 1375.93 1531.143 1634.539 1679.407 1666.16 1601.158 1495.001 1359.991 1207.503 1046.506 883.6243 724.1267 572.9043 434.827 314.3876 214.9236 137.8552 82.32305 
#survey length counts 
0 0 0 0 0 0 0 0 0 0 0 0 0 0 0 0 0 0 0 0 0 0 0 0 0 
1992.102 3263.274 4964.93 7105.03 9638.301 12427.18 15233.3 17780.5 19860.36 21399.98 22448.15 23113.22 23510.03 23738 23877.88 23991.32 24115.24 24245.41 24307.12 24125.78 23431.63 21934.9 19468.27 16126.26 12296.98 
1985.883 3252.841 4948.232 7078.822 9597.202 12362.6 15132.67 17627.29 19635.32 21083.44 22023.1 22568.31 22841.73 22951.24 22984.83 23008.72 23061.35 23138.35 23165.82 22973.87 22302.18 20872.12 18522.42 15341.65 11698.22 
1970.69 3228.644 4912.438 7028.466 9528.192 12268.76 15004.84 17452.75 19397.56 20762.62 21597.56 22017.14 22148.13 22105.74 21987.34 21868.64 21796.04 21771.17 21725.96 21498.99 20842.39 19490.85 17289.31 14317.06 10915.65 
1953.429 3199.332 4865.746 6957.877 9426.24 12127.57 14816.62 17209.43 19089.55 20377.21 21118.17 21424.05 21420.58 21225.01 20940.15 20650.1 20411.71 20238.42 20075.58 19777.99 19116.72 17843.83 15811.1 13084.98 9972.953 
1927.845 3158.199 4804.294 6870.839 9307.275 11968.8 14608.66 16941.92 18751.63 19957.81 20605.71 20805.74 20681.69 20348.86 19909.54 19450.35 19034.97 18688.91 18375.4 17972.8 17279.13 16069.98 14206.52 11740.76 8941.215 
1903.287 3116.601 4738.364 6772.089 9166.795 11778.61 14362.88 16636.54 18382.72 19519.21 20087.93 20196.43 19966.88 19513.64 18938.12 18326.55 17744.81 17226.25 16750.54 16222.09 15471.26 14303.3 12593.15 10379.89 7891.801 
1866.924 3058.559 4652.532 6652.162 9005.613 11567.71 14092.81 16297.93 17967.37 19020.64 19501.08 19516.64 19188.44 18628.56 17935.55 17193.01 16465.99 15791.79 15162.77 14507.61 13690.49 12550.4 10980.98 9011.765 6831.765 
1827.835 2993.43 4551.308 6503.687 8798.676 11292.85 13744.01 15872.6 17464.23 18437.1 18832.1 18755.93 18330.27 17668.48 16869.18 16014.08 15165.63 14361.4 13601.89 12835.91 11959.1 10844.68 9407.666 7671.77 5789.832 
1781.337 2918.509 4439.441 6346.38 8587.653 11020.75 13405.62 15465.72 16989.21 17895.14 18223.37 18078.25 17578.93 16836.91 15949.86 14999.01 14046.54 13131.3 12260.22 11397.96 10466.29 9368.392 8039.688 6501.081 4875.459 
1731.592 2836.472 4313.549 6164.374 8337.874 10694.4 12999.09 14981.12 16432.34 17272.08 17538.15 17332.36 16772.04 15967.36 15014.51 13992.92 12963.2 11964.58 11009.2 10074.94 9105.714 8030.637 6803.523 5443.882 4049.166 
1678.157 2748.844 4179.839 5971.851 8073.814 10347.94 12563.68 14456.03 15822.1 16584.4 16781.62 16514.95 15900.27 15045.83 14045.56 12976.37 11896.53 10844.36 9835.19 8857.116 7872.052 6830.757 5702.671 4506.409 3318.041 
1620.009 2654.013 4036.237 5767.12 7796.366 9988.924 12119.24 13928.23 15217.44 15911 16047.09 15725.97 15063.07 14166.42 13129.24 12026.8 10915.15 9831.141 8791.708 7792.143 6808.003 5806.867 4770.471 3716.597 2703.987 
1559.45 2554.66 3884.743 5549.651 7500.099 9604.694 11644.46 13367.96 14582.36 15213.59 15298.43 14934.61 14235.62 13308.54 12246.23 11123.47 9995.343 8897.878 7848.903 6848.548 5882.084 4929.372 3981.048 3053.636 2191.754 
1493.847 2447.985 3723.841 5321.41 7192.713 9210.007 11160.74 12801.16 13944.54 14519.35 14561.61 14166.62 13445.16 12502.07 11428.61 10298.58 9166.52 8068.465 7023.539 6035.703 5097.21 4196.464 3329.919 2512.245 1776.606 
1427.83 2339.47 3558.076 5083.221 6868.474 8790.97 10646.55 12201 13274.58 13797.96 13805.4 13388.86 12656.06 11709.56 10638.84 9516.221 8395.139 7311.226 6284.563 5322.121 4421.345 3576.599 2787.879 2067.492 1439.168 
1361.606 2232.257 3397.475 4857.766 6569.406 8415.054 10198.99 11696.14 12732.84 13240.43 13248.89 12843.51 12125.59 11193 10132.71 9016.579 7899.023 6817.589 5795.068 4842.127 3960.869 3150.258 2412.692 1758.432 1204.144 
1308.843 2143.299 3257.664 4651.343 6282.574 8040.83 9741.824 11173.03 12169.54 12664.61 12684.02 12305.66 11622.86 10726.54 9698.475 8607.474 7507.322 6437.043 5422.593 4479.009 3613.328 2828.909 2130.329 1526.301 1028.029 
1265.803 2071.929 3147.39 4490.721 6060.655 7749.784 9380.17 10747.8 11696.05 12163.99 12179.54 11818.83 11169.99 10316.52 9332.388 8280.101 7209.754 6159.673 5157.838 4223.37 3368.446 2601.187 1928.907 1359.783 901.1848 
1228.394 2010.327 3053.128 4355.151 5876.241 7512.239 9090.65 10413.65 11329.38 11779.01 11790.43 11438.85 10811.05 9988.228 9040.565 8025.551 6988.262 5963.526 4978.459 4054.188 3207.008 2449.721 1793.041 1245.853 813.343 
1200.784 1963.383 2978.561 4243.661 5719.057 7303.695 8830.78 10109.14 10992.07 11422.93 11429.08 11083.83 10471.86 9672.502 8754.149 7771.997 6768.101 5773.933 4813.998 3908.702 3075.919 2331.584 1689.49 1159.972 747.4012 
1176.737 1923.978 2918.515 4157.411 5601.256 7150.244 8640.226 9883.717 10737.77 11148.61 11145.12 10800.63 10198.65 9416.505 8520.393 7563.514 6586.072 5617.623 4680.778 3794.653 2977.125 2245.52 1615.655 1099.297 700.8522 
1156.046 1889.659 2865.565 4080.64 5496.143 7014.301 8474.291 9692.199 10527.46 10926.8 10918.31 10574.37 9977.949 9206.184 8324.869 7386.341 6429.502 5482.352 4565.929 3698.078 2896.089 2177.614 1559.443 1054.297 666.8573 
1140.338 1863.429 2824.782 4021.052 5414.058 6907.851 8344.693 9544.162 10368.24 10764.37 10759.5 10423.85 9838.098 9077.721 8207.753 7280.536 6335.241 5399.908 4495.18 3638.245 2845.861 2135.608 1524.678 1026.341 645.5393 
1128.236 1843.159 2793.113 3974.449 5349.199 6822.548 8238.91 9420.561 10231.88 10621.71 10617.31 10288.1 9713.193 8966.046 8109.766 7195.362 6261.496 5336.32 4440.783 3592.238 2807.427 2103.9 1498.964 1006.099 630.3673 
1120.186 1829.562 2771.696 3942.742 5305.003 6764.678 8167.935 9339.034 10143.86 10531.88 10530.09 10207.24 9641.494 8905.202 8060.207 7156.285 6231.174 5312.627 4421.726 3576.287 2793.592 2091.666 1488.189 996.9004 622.9593 
1115.563 1821.702 2759.234 3924.206 5279.144 6731.005 8127.227 9293.524 10096.89 10487.21 10491.13 10176.55 9620.506 8894.202 8058.46 7162.233 6242.658 5327.162 4436.848 3589.92 2804.344 2098.954 1492.183 998.3107 622.7413 
1116.453 1821.993 2757.483 3918.223 5266.354 6709.121 8094.941 9250.906 10045.42 10429.54 10430.77 10117.36 9566.213 8847.786 8021.776 7135.832 6225.865 5318.342 4433.787 3590.269 2806.047 2100.563 1492.974 998.1886 621.999 
1115.845 1821.604 2757.929 3920.235 5270.316 6714.462 8099.779 9252.328 10040.43 10416.23 10409.09 10089.17 9534.675 8816.514 7994.042 7114.009 6211.117 5310.567 4431.816 3592.265 2810.008 2104.795 1496.392 1000.383 623.0769 
1114.889 1820.345 2756.695 3919.815 5272.152 6720.726 8113.165 9275.391 10074.58 10460.86 10461.46 10145.21 9590.406 8869.204 8042.622 7158.707 6252.701 5349.616 4468.28 3625.433 2838.806 2128.256 1514.083 1012.594 630.7197 
1118.612 1825.665 2763.418 3927.509 5280.58 6730.471 8126.099 9294.667 10104.02 10503.86 10519.82 10218.29 9674.992 8960.276 8134.685 7247.122 6334.418 5423.106 4532.957 3681.021 2885.041 2164.979 1541.541 1031.668 642.8921 
1126.397 1837.655 2780.175 3948.991 5306.059 6758.542 8154.847 9322.18 10129.26 10527.54 10544.56 10247.84 9712.662 9007.519 8190.449 7308.283 6396.924 5483.192 4587.852 3729.044 2925.325 2197.209 1565.883 1048.811 654.0172 
1132.373 1848.217 2797.652 3976.114 5345.418 6811.7 8221.52 9400.027 10214.55 10616.38 10634.09 10336.86 9801.597 9097.642 8282.761 7402.492 6491.044 5573.942 4671.582 3802.657 2986.836 2245.891 1602.167 1074.077 670.3039 
1142.57 1863.985 2819.994 4005.758 5383.138 6858.655 8279.249 9469.957 10297.21 10710.72 10737.44 10445.52 9911.925 9207.021 8389.904 7506.97 6592.377 5670.831 4761.738 3883.276 3055.409 2300.93 1643.563 1103.05 689.0385 
1151.487 1879.182 2844.145 4041.76 5433.499 6924.614 8360.122 9563.324 10400.04 10820.68 10853.39 10566.92 10037.79 9335.315 8517.845 7631.741 6711.636 5782.668 4864.285 3974.464 3133.18 2363.814 1691.263 1136.683 710.9068 
1362.264 2168.828 3182.148 4367.023 5671.659 7015.561 8279.929 9328.225 10052.89 10411.17 10423.49 10145.93 9643.86 8978.843 8204.063 7362.316 6485.803 5598.147 4717.895 3862.35 3050.842 2306.209 1653.116 1112.923 697.0789 
1407.558 2284.883 3431.447 4823.883 6391.601 7993.827 9424.662 10474.57 11020.07 11071.82 10743.86 10177.67 9482.515 8719.89 7917.889 7090.095 6246.744 5398.585 4557.768 3738.669 2959.229 2241.547 1609.946 1085.866 681.2746 
1395.967 2269.174 3416.979 4826.453 6444.138 8149.545 9748.655 11018.5 11786.74 11991.17 11683.2 10988.59 10058.75 9031.296 8004.301 7027.358 6110.627 5244.185 4416.09 3622.628 2871.231 2178.954 1568.126 1059.728 666.0862 
1391.274 2259.794 3399.784 4798.09 6403.278 8101.088 9709.128 11019.9 11874.06 12209.36 12054.62 11491.57 10623.22 9560.345 8412.189 7271.575 6199.724 5221.436 4333.969 3523.63 2780.921 2108.102 1518.123 1027.417 646.8739 
1390.129 2257.765 3396.316 4792.295 6393.87 8086.642 9689.145 10997.14 11858.01 12219.14 12118.12 11637.41 10866.26 9887.47 8779.318 7617.346 6469.943 5389.578 4406.007 3527.306 2749.169 2066.773 1481.792 1001.221 630.4395 
1396.012 2265.8 3405.547 4800.776 6399.041 8085.97 9680.695 10979.94 11832.59 12188.73 12090.67 11627.08 10891.87 9966.22 8916.948 7800.624 6667.945 5565.251 4531.692 3594.557 2767.767 2055.721 1459.381 979.4156 614.3198 
1404.507 2279.356 3425.375 4827.557 6432.478 8124.261 9720.235 11015.73 11859.53 12203.42 12092.95 11621.09 10886.37 9973.603 8950.089 7867.375 6765.658 5679.354 4640.725 3679.436 2819.501 2077.012 1460.279 971.0226 604.5187 
1408.111 2286.167 3437.373 4847.134 6461.819 8164.355 9769.931 11071.41 11915.67 12253.85 12132.45 11646.81 10899.02 9978.041 8954.741 7881.978 6797.454 5729.264 4701.97 3740.188 2868.399 2108.1 1474.391 973.479 601.4583 
1412.319 2292.825 3447.152 4860.82 6480.518 8189.642 9803.69 11115.23 11969.91 12316.82 12200.17 11713.79 10959.84 10029.26 8996.264 7917.268 6832.075 5768.124 4746.52 3787.327 2912.038 2142.451 1496.792 985.0291 605.5726 
1416.641 2299.787 3457.492 4875.135 6499.122 8212.404 9829.994 11144.2 12000.87 12349.65 12235.11 11750.76 10997.73 10065.86 9029.223 7945.382 6856.18 5790.707 4770.141 3812.827 2937.827 2165.44 1514.26 996.0389 611.0852 
1418.995 2304.052 3464.73 4886.634 6516.14 8235.752 9859.637 11179.14 12039.41 12389.97 12275.81 11791.08 11037.39 10104.61 9066.431 7980.071 6887.542 5818.676 4795.435 3836.3 2959.62 2184.715 1529.753 1006.97 617.6764 
1423.148 2310.335 3473.354 4897.599 6529.401 8251.427 9878.074 11200.75 12064.38 12417.96 12305.9 11822.03 11068.04 10134.18 9094.517 8006.479 6912.076 5841.158 4815.831 3854.728 2976.144 2199.101 1541.512 1015.698 623.3982 
1426.199 2315.689 3482.126 4911.039 6548.593 8276.857 9909.31 11236.53 12103.12 12458.38 12347.33 11864.16 11110.5 10176.3 9135.349 8045.056 6947.634 5873.203 4844.117 3879.191 2996.806 2215.996 1554.677 1025.273 629.7623 
1428.508 2319.44 3487.792 4919.12 6559.596 8291.216 9927.231 11257.81 12127.07 12483.89 12373.14 11889.29 11134.46 10199.1 9157.232 8066.18 6967.906 5892.324 4861.722 3894.96 3010.499 2227.442 1563.774 1032.038 634.3873 
1427.194 2318.006 3486.928 4919.903 6563.214 8298.54 9938.472 11272.48 12144.22 12502.5 12392.33 11908.34 11152.81 10216.38 9173.321 8081.177 6982.015 5905.676 4874.28 3906.527 3020.803 2236.22 1570.848 1037.362 638.0807 
1427.194 2318.006 3486.928 4919.903 6563.214 8298.54 9938.472 11272.48 12144.22 12502.5 12392.33 11908.34 11152.81 10216.38 9173.321 8081.177 6982.015 5905.676 4874.28 3906.527 3020.803 2236.22 1570.848 1037.362 638.0807 
1432.52 2325.669 3496.757 4931.491 6576.569 8314.902 9960.713 11304.62 12190.12 12564.29 12469.52 11997.89 11250.08 10316.2 9270.983 8172.954 7065.332 5979.028 4937.001 3958.538 3062.441 2268.176 1594.152 1053.354 648.3022 
1435.354 2327.821 3494.846 4919.165 6543.829 8248.029 9843.347 11120.52 11927.46 12220.14 12052.19 11525.88 10747.98 9809.729 8782.926 7720.974 6661.4 5629.912 4645.197 3723.221 2880.19 2133.488 1499.918 991.4727 610.4941 
1410.41 2291.07 3446.02 4858.857 6470.934 8156.357 9719.413 10944.3 11676.51 11875.72 11605.22 10980.7 10122.81 9133.776 8091.108 7047.878 6036.292 5073.929 4170.757 3334.898 2576.145 1906.889 1340.259 885.963 545.6447 
1368.025 2227.709 3361.606 4758.634 6366.118 8063.772 9659.567 10936.84 11733.01 11992.73 11761.91 11143.75 10256.77 9211.801 8101.577 6994.988 5935.836 4946.881 4037.343 3210.765 2470.945 1824.655 1280.7 846.0166 520.9201 
1346.095 2185.005 3284.276 4629.36 6168.083 7787.065 9307.139 10526.3 11292.65 11553.5 11349.02 10770.73 9923.651 8907.866 7811.655 6706.898 5645.652 4659.992 3765.548 2967.429 2266.569 1664.314 1163.619 766.7698 471.4404 
1322.285 2150.623 3240.41 4579.411 6116.397 7737.069 9260.575 10484.46 11259.02 11535.64 11357.78 10816.21 10009.73 9028.278 7950.142 6841.717 5756.526 4734.282 3801.007 2970.823 2249.499 1638.589 1138.08 746.2118 457.2076 
1316.483 2134.977 3205.349 4512.068 6003.448 7569.17 9036 10209.54 10945.22 11195.89 11004.84 10463.56 9672.531 8721.948 7686.365 6624.49 5581.182 4590.484 3677.96 2861.639 2152.564 1555.909 1072.286 698.1938 425.3594 
1300.16 2112.441 3178.475 4484.139 5976.983 7543.125 9004.363 10162.91 10874.96 11098.41 10883.29 10326.25 9529.771 8583.531 7560.425 6516.794 5494.145 4522.514 3624.259 2816.571 2112.222 1519.277 1040.529 672.9425 407.3035 
1284.492 2084.319 3131.221 4409.778 5867.732 7393.604 8813.202 9932.303 10608.26 10797.87 10550.15 9963.539 9145.389 8191.162 7177.398 6160.293 5177.679 4253.828 3405 2643.484 1979.288 1419.844 968.5675 623.2302 375.0664 
1260.78 2052.647 3096.846 4383.467 5865.107 7433.201 8914.04 10111.25 10876.77 11158.11 10991.82 10463.35 9670.721 8706.924 7653.629 6577.401 5527.576 4537.457 3628.317 2814.087 2104.772 1507.612 1026.133 658.1826 394.5095 
1281.068 2075.163 3111.8 4376.394 5822.176 7349.073 8797.979 9987.292 10777.27 11114.03 11024.5 10580.29 9865.123 8960.005 7938.938 6866.64 5796.535 4770.052 3817.491 2959.999 2211.885 1582.258 1075.112 688.09 411.2944 
1305.965 2117.337 3177.761 4471.539 5947.646 7498.206 8955.172 10132.27 10894.49 11202.28 11099.95 10670.27 9996.142 9146.823 8179.662 7144.672 6087.021 5047.552 4062.117 3160.464 2365.406 1692.405 1149.083 734.3878 438.1181 
1326.959 2149.741 3223.166 4529.823 6016.348 7571.574 9022.894 10178.76 10900.23 11148.26 10974.69 10476.75 9754.609 8890.684 7945.323 6960.063 5964.324 4982.913 4041.048 3165.239 2380.932 1708.925 1162.036 742.7997 442.7931 
1328.456 2157.071 3243.272 4572.271 6091.081 7685.27 9175.589 10362.54 11100.46 11346.22 11150.56 10612.82 9839.375 8922.937 7935.921 6929.065 5933.865 4969.249 4049.96 3192.69 2417.578 1745.325 1191.983 764.0639 456.0806 
