#True quantities 
# 
#recruitment 
NA 99909.53 99701.28 99053 97862.53 96837.36 95527.88 93769.4 91688.2 89410.92 86919.08 84430.96 81185.29 78096.99 74888.02 71456.01 68434.98 65815.2 63707.86 61966.03 60475.07 59392.06 58247.72 57592.81 57040.87 56742.36 56429.61 56451.08 56336.45 56618.9 56676.65 57130.03 57285.08 57783.71 58352.12 72896.12 71948.57 71349.99 71172.82 71436.13 71504.79 71689.54 72163.73 72298.85 72541.22 72457.97 72947.68 72873.31 72991.22 73059.5 73137.98 71593.9 71086.96 70996.09 70372.5 69970 70172.55 69821.9 69209.45 69243.11 70253.83 71407.06 70825.88 69208.55 67149.6 65325.06 65168.64 65595.36 65919.45 66071.46 
NA 99852.34 99660.83 99004.98 98192.9 96932.06 95394.16 93733.63 91598.91 89494 87037.6 84173.04 81237.35 78254.89 75008.52 71706.98 68466.29 65811.06 63891.6 62037.26 60478.54 59284.27 58265.96 57478.81 57046.66 56868.7 56348.27 56389.03 56539.99 56589.66 56787.9 57076.07 57455.37 57907.12 58524.55 72856.97 72003.1 71110.5 70949.93 71109.86 71403.44 71679.65 72068.8 72263.06 72246.96 72389.44 72641.27 72749.32 72895.94 72724.42 72832.33 72482.08 72699.85 72889.27 73073.98 72473.19 72179.93 71336.49 72098.66 71951.23 71995.98 70683.14 69718.8 68708.9 68339.93 67738.91 66172.64 66657.21 66051.29 67319.95 
NA 99953.16 99598.26 98900.75 97979.49 96674.21 95394.21 93561.97 91467.8 89242.91 86648.67 83881.03 81010.52 78110.98 74703.92 71355.84 68224.79 65688.22 63534.2 61804.11 60284.94 59079.91 58033.81 57506.65 56890.59 56698.38 56325.25 56348.78 56358.44 56427.74 56666.49 57120.77 57159.38 57696.88 58333.5 72692.63 71663.26 71084.91 70891.18 70971.56 71359.66 71609.51 71867.72 72209.88 72346.78 72583.78 72603.14 72721.95 72961.78 73045.29 73187.74 71500.16 69987.63 69971.61 69771.9 69284.55 68932.06 67791.86 66437.17 64909.03 66538.4 67570.89 68066.63 68623.21 67243.47 65845.32 64930.46 64988.16 66221.89 67124.63 
NA 100021.9 99607.59 99164.48 97891.41 97059.99 95502.23 93510.94 91854.93 89438.21 87074.99 84236.95 81394.53 78162.77 74917.13 71529.2 68388.96 65742.7 63546.73 61706.89 60320.55 59172.89 58152.67 57305.35 56956.35 56574.69 56484.04 56487.42 56550.02 56675.52 56741.84 56867.03 57244.71 57856.57 58356.17 72779.42 71814.14 71252.14 71006.28 71251.48 71398.93 71642.07 71885.09 72114.74 72576.35 72569.71 72839.39 72959.49 72878.6 73080.53 73125.98 73150.08 73065.79 72958.57 72517.79 71592.98 70691.84 69974.09 68812.55 69274 69826.84 69977.15 70638.48 69146.36 68537.16 70196.15 71468.38 71674.33 71667.96 70162.01 
NA 99960.53 99553.14 98994.62 97963.74 96729.93 95334.45 93711.11 91544.97 89354.97 86695.52 84062.36 80945.5 78026.48 74790.92 71497.94 68342.64 65896.88 63615.12 61969.65 60565.89 59288.53 58320.37 57643.27 57112.39 56877.3 56469.24 56375.61 56413.19 56506.61 56893.88 57135.62 57523.21 58021.2 58347.28 72708.81 72013.64 71288.42 71284.4 71514.46 71505.58 71947.85 72003.91 72188.95 72366.11 72586.82 72726.89 72863.08 72929.29 72858.83 73058.97 72079.25 71737.42 71969.87 72819.59 71954.07 70975.13 71382 72138.63 72099.91 71449.4 70980.68 70564.04 69401.27 68734.76 69524.17 70550.24 70436.04 70882.87 70339.03 
NA 100266.9 99630.26 98777.21 98125.2 96972.61 95366.46 93809.42 91629.89 89398.9 86923.7 84212.67 81187.21 78128.96 74987.82 71526.27 68211.17 65629.97 63566.02 61823.8 60474.96 59462.32 58314.24 57653.35 57146.49 56766.92 56452.01 56248.71 56343.65 56600.66 56739.1 57106.48 57398.97 57908.28 58460.93 72727.2 71928.47 71254.23 71191.93 71409.83 71615.76 71905.29 72001.54 72297.89 72658.74 72719.46 72742.99 72921.82 72885.77 72889.8 72967.67 72603.16 72374.56 71105.83 70130.76 69122.93 68422.74 66518.91 67102.8 66008.94 65296.46 64687.06 66471.45 68282.3 68536.2 69199.27 69595.91 69219.82 69638 70237.51 
NA 100225.5 99751 98997.2 97999.73 96997.2 95448.6 93762.03 91710.25 89646.46 86977.61 84517.57 81173.42 78389.94 75015.99 71804.41 68683.92 66133.49 63686.34 62012.42 60367.77 59252.07 58366.94 57551.74 57066.65 56589.35 56399.18 56247.23 56341.84 56523.07 56563.17 57048.55 57298.34 57879.54 58249.81 72759.43 71856.73 71078 70839.88 71056.03 71483.56 71822.41 71876.83 72317.6 72493 72470.35 72598.08 72783.5 72739.15 72890.23 72821.52 74037.6 74480.37 74375.28 73442.54 72725.62 72237.85 71605.31 71492.53 71493.64 71220.13 70790.1 70770.13 70875.75 70514.9 71042.89 70894.57 69849.95 68610.75 67304.37 
NA 99819.24 99508.5 99012.48 98025.04 96957.93 95304.6 93742.53 91409.96 89282.3 86860.46 84060.52 81201.94 78129.81 74882.11 71703.43 68578.62 65820.47 63591.71 61821.22 60328.77 59223.3 58349.94 57620.24 57103.95 56658.22 56431.38 56316.83 56371.15 56571.58 56726.66 56946.81 57423.21 57859.86 58377.02 72760.13 71754.31 71019.52 70912.13 71256.99 71511.32 71587.69 72006.31 72233.53 72486.41 72606.3 72843.02 73000.06 72958.35 73149.2 73158.35 72099.45 72712.4 72546.36 73184.32 72743.98 71503.43 71041.28 69714.74 69185.7 70314.77 71032.37 70174.41 69948.02 68790.13 69005.18 70194.55 71301.81 71668.26 72374.02 
NA 99930.12 99531.48 98902.67 98113.64 96885.49 95302.06 93678.18 91508.2 89246.87 86920.26 84170.8 81164.59 78224.29 74590.12 71610.56 68214.57 65709.65 63403.22 61543.48 59995.35 58974.22 58079.26 57431.85 56845.27 56506 56363.71 56369.63 56379.12 56498.28 56715.4 56939.65 57253.98 57769.58 58311.15 72736.27 71954.26 71299.87 70963.08 71126.16 71365.45 71733.72 71926.9 72010.91 72274.4 72635.2 72470.16 72692.8 72737.66 72940.19 72990.68 71415.98 71247.45 71214.34 70086.32 70029.36 71366.19 71633.2 70720.35 70704.44 71257.18 71528.19 71292.17 NA NA NA NA NA NA NA 
NA 100045.7 99589.78 99024.91 97988.13 96830.6 95452.26 93701.56 91510.41 89487.88 87063.11 84253.77 81445.59 78382.12 75012.44 71717.79 68740.74 66126.04 64031.68 62428.56 60717.95 59626.88 58650.51 57967.5 57297.47 57067.31 56941.41 56837.72 56761.62 56947.28 57201.25 57595.6 57813.62 58180.02 58634.82 73128.97 71924.36 71350.9 71288.65 71237.26 71610.01 71706.71 72047.79 72248.96 72434.16 72626.2 72688.7 72788.9 73014.62 73003.11 NA NA NA NA NA NA NA NA NA NA NA NA NA NA NA NA NA NA NA NA 
#Catch 
NA 97749.56 156122.4 205549.7 245051.5 277340.8 294702.6 300136.1 303990.9 292273.3 292593.9 283317.3 262900.4 247727.1 235007.6 207454.4 186362.1 167011.1 151891.9 140823 131597.2 127800.6 118289 114116.9 109167.1 108027.6 102324.8 101980.2 99169.01 97298.35 96028.31 97756.42 95220.11 94280.22 93334.46 90122.07 89112.6 86385.15 85323.62 87034.11 88638.73 88028.39 87350.15 90250.85 90477.37 89404.42 92471.94 91755.89 91824.11 93501.79 121905 99619.9 93779.9 102262 97847.9 86400.3 98231.6 100414 89210.7 75676.5 71736.9 101367 116109 119483 112136 89092 81395.7 82847.3 85233.4 68535.8 
NA 96960.1 155017.3 203448.8 246354.6 271701.1 295642.5 303222.9 298910.2 297063.6 292283.2 277115.3 262833.2 251494 234128.8 211261.8 185713.1 166565.9 155598.2 139960.1 133973.6 125305.4 119762.4 112971.7 108431.7 107418.2 102147.7 101626.2 99073.79 98286.41 98182.58 95281.66 94056.34 95707.11 95000.1 92367.78 90084.08 86510.01 86133.46 85996.83 86400.46 87951.22 89687.66 90524.64 89379.8 91353.45 91013.54 91669.9 93340.22 92139.29 99711.2 88302 91261.1 91895.6 103705 98385.2 105640 81791.5 93146.9 93030.3 113969 108730 106570 96464.7 97506.4 108719 81889.5 96691.9 68677.7 71600 
NA 96169.15 155618.3 209561.6 248121.9 271348.3 291711.6 304531.6 307235.4 303092.2 290036.4 278355.9 257016.2 250363.4 235906.6 208029.4 183790.6 164594.6 152815 140628.8 133772.6 123983.1 117357.6 113343.7 109181.3 106861 103001.3 99980.78 98908.92 98723 95632.64 97642.18 94246.93 94952.22 94730.11 93456 88989.76 85693.26 84323.64 85755.2 86304.31 88406.88 88019.52 88721.24 91233.14 91566.18 91330.29 89362.23 90540.85 92558.09 122876 117865 90095.8 94888.1 96964.2 96993 106396 107773 107007 66888.1 73234.7 79438.2 80949.7 105883 105874 99424.6 84632.5 72031.4 72184.9 71818.4 
NA 96498.88 153147.9 205787.8 242924.5 275859.8 292323 299236.6 300153.2 301285.9 291579.8 277825.8 269375.7 246742.6 235933.6 211182 187051 168184.4 150650.4 141253.3 132283.9 125471.4 118955.1 112595.8 107749.2 105374.5 102380.1 100884.8 98799.41 99472.37 98806.07 96656.29 95330.25 94499.53 93867.64 91329.16 90108.92 86163.8 85523.84 86678.63 87467.43 86350.73 87558.51 88978.03 90287.69 89507.74 91602.43 93046.2 92059.81 92179.49 93578 94299.9 94541 102895 109615 107860 103170 109225 84894.8 81481.4 86775.9 82248 113684 95536.6 66989.9 71031.7 88359.8 91335.7 116169 107482 
NA 95147.94 152124.2 206920.9 246660.2 270750 296409.4 302615.4 303836.5 306530.6 289235.9 277998.7 262567.1 245504.2 232734.5 210480.5 186717.9 165633.7 151488 138840.7 134107.9 124976.6 118929.9 114646 108280.8 107142.8 104786.7 100408.5 99362.01 96390.6 98011.27 96197.5 96619.18 96281.62 92983.85 90585.09 89279.35 86258.49 84820.18 85997.34 87486.99 89700 88768.82 90245.32 90097.48 90544.73 91553.45 92220.43 92885.08 92822.65 108731 99380.6 88274.9 78207.7 110031 108256 84584.1 80723.6 93413.1 104071 100672 98142.9 110088 98781.3 79259.7 75500.8 91730.9 85935.1 97896.3 88032.8 
NA 96433.41 152276.6 203307.1 245610.1 272845.7 291187.1 301979.1 307181.6 302843.5 291442.6 278899 261413.2 247615.9 234302 214552.1 187594.9 164645.1 151045 138238.6 129834.2 127863.4 118024.9 114042.2 110434.9 107820.8 104033.4 100292 98570.06 98110.31 96798.75 97118.07 95299.43 93931.19 96230.02 91613.61 88026.02 84882.12 84625.95 86203.24 87889.76 88801.28 88501.13 89111.37 90930.13 91614.23 91264.12 92725.54 92184.25 92655.59 102328 97186.5 115128 106985 106733 99296.8 117474 81359.6 102640 96904.2 93770.9 62183.2 61162 84636.8 78956.1 82362 94467.7 82462.7 80349.4 71237.3 
NA 97134.61 153454.3 205614.9 244280.3 269170.2 290572.3 297327.6 302086.7 298839.8 295253.7 282977.1 262354 251524.1 229887.8 213528.5 184507 173202.3 150047.7 144702.6 131483.9 123884.1 119669.1 113745.7 110394.4 106490.6 103939.2 101281.1 99685.28 98214.79 94869.31 96788.62 95955.13 94596.15 93941.92 91404.71 89697.28 86992.4 86245.82 84782.71 86266.93 87486.84 88857.6 90530.79 89602.89 91492.69 91534.98 91079.1 93422.17 92736.58 71504.4 88642.6 94898.2 112052 108891 99259.7 104546 94698.1 96243.5 93075.8 102039 91602.9 91633.6 96823.6 80709 96097.2 105776 109660 109538 99537.9 
NA 95141.67 154376.8 206265.1 244287.7 276836.1 296746.5 302528.2 302505.3 296455.1 290623.3 281616.1 258298.7 249789.8 230062.7 210910 189444.3 167932.2 152650.9 140996.1 130419.7 124846.6 118528.9 114213.5 110292.6 107029.8 104071.9 99901.37 99551.53 98867.97 95997.78 95308.14 95342.55 94570.86 96564.85 92344.33 89701.91 85617.31 84239.2 86111.32 87502.27 88061.9 88493.83 88714.84 90364.93 89957.91 88383.34 93133.61 91745.84 92316.35 114589 79837.4 96692.7 82219.1 103711 113396 101234 112563 97912.1 72766.7 81053.5 105536 94856.3 110038 84846.6 73258.7 71660.1 86170.6 81708.4 87097.1 
NA 95378.53 154389.2 205807.1 244138 273448.2 291158.6 305761.3 305080.7 297027.5 291177.4 277538.6 263972.5 252558.1 228038.6 216609.9 186326.9 167956.6 152681.1 141011 129895 124498.6 116467.7 111342.6 109483.7 105922 102523.6 100478.8 97829.73 99460.77 97792.88 95722.08 94773.1 95901.09 92313.2 91750.22 88430.29 86776.15 86048.17 86421.07 86920.59 88887.84 88298.93 89994.1 89312.07 91034.85 90612.84 92360.45 91657.91 92184.06 120447 94907.4 94456.2 111058 87718.1 72953.8 87950.2 109118 90902.4 79377.7 89730.5 94619.8 80656.5 NA NA NA NA NA NA NA 
NA 95709.82 153217 203804.7 248516.9 271531.5 294446.7 299654 300473 299588.9 286792.9 277809.4 267527.7 248976.4 234320 209606.8 185343.8 167574.3 152598.4 142106 133271.4 127032.3 119777.9 113676.7 109526.8 107613.7 103766.7 101984 101291.9 98461.19 96337.52 98411.19 97392.53 95876.66 94678.8 92633.19 89863.06 86990.93 86993.69 87182.52 87453.18 88050.95 88326.63 89196.25 90166.36 92591.78 90496.84 91257.26 91627.58 92255.16 NA NA NA NA NA NA NA NA NA NA NA NA NA NA NA NA NA NA NA NA 
#fishing mortality 
0.01 0.03 0.05 0.07 0.09 0.11 0.13 0.15 0.17 0.19 0.21 0.23 0.25 0.27 0.29 0.3 0.295 0.29 0.285 0.28 0.275 0.27 0.265 0.26 0.255 0.25 0.245 0.24 0.235 0.23 0.225 0.22 0.215 0.21 0.205 0.2 0.2 0.2 0.2 0.2 0.2 0.2 0.2 0.2 0.2 0.2 0.2 0.2 0.2 0.2 0.2716493 0.2318404 0.2209795 0.2441158 0.2381972 0.2108515 0.2400052 0.2503197 0.2251727 0.1875013 0.1702814 0.2368695 0.2827735 0.3130723 0.3176318 0.263087 0.2392043 0.2395229 0.2441352 0.1912617 
0.01 0.03 0.05 0.07 0.09 0.11 0.13 0.15 0.17 0.19 0.21 0.23 0.25 0.27 0.29 0.3 0.295 0.29 0.285 0.28 0.275 0.27 0.265 0.26 0.255 0.25 0.245 0.24 0.235 0.23 0.225 0.22 0.215 0.21 0.205 0.2 0.2 0.2 0.2 0.2 0.2 0.2 0.2 0.2 0.2 0.2 0.2 0.2 0.2 0.2 0.2191074 0.1944522 0.1993237 0.1997214 0.2273118 0.2195842 0.2407936 0.1872178 0.2103627 0.2098865 0.2632464 0.2633369 0.269558 0.2515808 0.2592212 0.299967 0.2310754 0.2738594 0.1921966 0.1907023 
0.01 0.03 0.05 0.07 0.09 0.11 0.13 0.15 0.17 0.19 0.21 0.23 0.25 0.27 0.29 0.3 0.295 0.29 0.285 0.28 0.275 0.27 0.265 0.26 0.255 0.25 0.245 0.24 0.235 0.23 0.225 0.22 0.215 0.21 0.205 0.2 0.2 0.2 0.2 0.2 0.2 0.2 0.2 0.2 0.2 0.2 0.2 0.2 0.2 0.2 0.2737721 0.2804499 0.2217935 0.2342192 0.2416892 0.2453606 0.2771542 0.2947998 0.3098219 0.1945362 0.2024228 0.2118538 0.2110664 0.279543 0.2943217 0.2903189 0.2522374 0.2100363 0.201558 0.1919659 
0.01 0.03 0.05 0.07 0.09 0.11 0.13 0.15 0.17 0.19 0.21 0.23 0.25 0.27 0.29 0.3 0.295 0.29 0.285 0.28 0.275 0.27 0.265 0.26 0.255 0.25 0.245 0.24 0.235 0.23 0.225 0.22 0.215 0.21 0.205 0.2 0.2 0.2 0.2 0.2 0.2 0.2 0.2 0.2 0.2 0.2 0.2 0.2 0.2 0.2 0.2023332 0.203975 0.2048038 0.2252837 0.247022 0.2525083 0.2497893 0.2743893 0.2171188 0.2044506 0.2135978 0.1990827 0.2793706 0.243944 0.1680379 0.1686439 0.2031149 0.2087879 0.2731288 0.2664953 
0.01 0.03 0.05 0.07 0.09 0.11 0.13 0.15 0.17 0.19 0.21 0.23 0.25 0.27 0.29 0.3 0.295 0.29 0.285 0.28 0.275 0.27 0.265 0.26 0.255 0.25 0.245 0.24 0.235 0.23 0.225 0.22 0.215 0.21 0.205 0.2 0.2 0.2 0.2 0.2 0.2 0.2 0.2 0.2 0.2 0.2 0.2 0.2 0.2 0.2 0.2401071 0.2251804 0.2008043 0.1740519 0.2444765 0.2495411 0.1975027 0.1843934 0.2100753 0.2368715 0.2347703 0.2333136 0.2698211 0.2507986 0.2009253 0.1849459 0.2198229 0.2046653 0.2335563 0.2112825 
0.01 0.03 0.05 0.07 0.09 0.11 0.13 0.15 0.17 0.19 0.21 0.23 0.25 0.27 0.29 0.3 0.295 0.29 0.285 0.28 0.275 0.27 0.265 0.26 0.255 0.25 0.245 0.24 0.235 0.23 0.225 0.22 0.215 0.21 0.205 0.2 0.2 0.2 0.2 0.2 0.2 0.2 0.2 0.2 0.2 0.2 0.2 0.2 0.2 0.2 0.2237698 0.2156879 0.2631845 0.2559183 0.2654474 0.2549164 0.3162496 0.2260543 0.2878162 0.2812933 0.2798114 0.181844 0.1663483 0.2199283 0.2016633 0.2063732 0.236322 0.206217 0.1969482 0.1684879 
0.01 0.03 0.05 0.07 0.09 0.11 0.13 0.15 0.17 0.19 0.21 0.23 0.25 0.27 0.29 0.3 0.295 0.29 0.285 0.28 0.275 0.27 0.265 0.26 0.255 0.25 0.245 0.24 0.235 0.23 0.225 0.22 0.215 0.21 0.205 0.2 0.2 0.2 0.2 0.2 0.2 0.2 0.2 0.2 0.2 0.2 0.2 0.2 0.2 0.2 0.1525244 0.1831421 0.1946208 0.2340456 0.2359719 0.2206376 0.2369966 0.2179992 0.2228202 0.2164151 0.2399675 0.2180711 0.2181024 0.23169 0.1920011 0.226474 0.2546044 0.2753467 0.2898953 0.2753914 
0.01 0.03 0.05 0.07 0.09 0.11 0.13 0.15 0.17 0.19 0.21 0.23 0.25 0.27 0.29 0.3 0.295 0.29 0.285 0.28 0.275 0.27 0.265 0.26 0.255 0.25 0.245 0.24 0.235 0.23 0.225 0.22 0.215 0.21 0.205 0.2 0.2 0.2 0.2 0.2 0.2 0.2 0.2 0.2 0.2 0.2 0.2 0.2 0.2 0.2 0.2521381 0.1777095 0.212695 0.1791919 0.2252611 0.2545973 0.2355985 0.2716258 0.2448074 0.179736 0.192723 0.2508351 0.2305956 0.2757847 0.2173265 0.1827325 0.1705567 0.1983764 0.1845873 0.1933282 
0.01 0.03 0.05 0.07 0.09 0.11 0.13 0.15 0.17 0.19 0.21 0.23 0.25 0.27 0.29 0.3 0.295 0.29 0.285 0.28 0.275 0.27 0.265 0.26 0.255 0.25 0.245 0.24 0.235 0.23 0.225 0.22 0.215 0.21 0.205 0.2 0.2 0.2 0.2 0.2 0.2 0.2 0.2 0.2 0.2 0.2 0.2 0.2 0.2 0.2 0.2694196 0.2202343 0.2207249 0.2657357 0.2141663 0.1735672 0.2029521 0.2548178 0.2170029 0.1870997 0.2075914 0.2185963 0.1845736 NA NA NA NA NA NA NA 
0.01 0.03 0.05 0.07 0.09 0.11 0.13 0.15 0.17 0.19 0.21 0.23 0.25 0.27 0.29 0.3 0.295 0.29 0.285 0.28 0.275 0.27 0.265 0.26 0.255 0.25 0.245 0.24 0.235 0.23 0.225 0.22 0.215 0.21 0.205 0.2 0.2 0.2 0.2 0.2 0.2 0.2 0.2 0.2 0.2 0.2 0.2 0.2 0.2 0.2 NA NA NA NA NA NA NA NA NA NA NA NA NA NA NA NA NA NA NA NA 
#spawning biomass 
3634688 3529910 3367294 3160706 2924550 2668990 2411275 2164309 1928374 1718329 1517889 1334603 1178428 1041116 917247.7 822496.1 748990 694301.4 653566.1 622227.2 598477.8 576108.8 562365.7 551652.3 545189.8 538822.2 538380 537960.5 540648.4 545731.1 552702 558066.9 566960.6 577916.6 591024.5 574029.4 559143.4 556201.2 559695.8 564133.4 568023.4 573287.7 579706.1 582875.3 585947.7 590543.4 591611.9 593553.6 595684.5 595876.4 595876.4 561095 551949.8 550564.3 538507.1 530867.1 537044.7 528713.8 516608.6 517760.8 536094.2 560217.8 548255 516794.6 479818.6 450260.7 447982.2 455138.9 459918.5 461086.6 
3634688 3530756 3369268 3164767 2926900 2677235 2418350 2167770 1937112 1721348 1520833 1344397 1188302 1046419 923355 824119.1 751337.6 697418.2 652361.4 621927.1 595341.4 575923.2 560491.7 551066 545531.1 539948.6 539860.1 540043.5 542938.3 546886.9 551220.2 559482.8 570063.7 579562.5 590781.9 571146.7 555139.9 552100.3 554660.3 560229.9 566724.2 571976.2 575384.3 577958.6 582227.6 584372.9 586970.6 588921.6 588994.2 590629.1 590629.1 583082.1 589139.9 592092.6 594157.1 581662.8 575078 559622.5 572957.6 573266.8 573059.6 546876 525528.7 506183.1 498406.8 488865.8 464184.1 471232.7 460257.8 482890.2 
3634688 3531604 3369466 3158452 2918908 2669886 2415414 2163387 1923548 1701086 1503175 1325403 1175871 1035282 909948.3 814097.6 743214.1 691231.1 649227.2 617761.6 590871.5 572510.9 559635.7 549520.3 542702.2 537442 535937 537727.8 540690.9 543926.1 551117.8 556367.2 566308.3 576381 587535.8 566358.5 551399.3 549134.8 553701.9 559564.9 566122.5 570699.5 576034.4 580788 582715.1 584389 586559.1 591420.1 595125.7 596496.2 596496.2 560556.5 528782.9 530600.7 527092.9 520084.9 512188.9 491779.3 468038 443688.6 468306.3 486725.5 497078.2 505682.5 483627.4 460176.6 444010.2 445621.9 463217.5 481269.8 
3634688 3531250 3371800 3164806 2930698 2676457 2421020 2174725 1942495 1721725 1521852 1344505 1180840 1044322 919358.4 820151.9 745573.9 689255.9 649734.4 617662.9 592656.9 572594.9 557692.8 548383.7 543372.6 540072.1 539601.9 540484.6 543767.7 546354.4 549884.7 556376.9 565071.7 575537.8 587807.9 569399.8 553328 550612.7 553845.7 558677.4 563949.2 571275.6 577521.1 582205.2 585375.2 589680.8 591767.9 592181 593944.7 595746.4 595746.4 595921.3 595266.9 594335.3 583102.9 562957.5 544090.7 530343.3 508392.1 515331.6 527139.5 532303.1 542854.5 514715.8 507135.3 535794 561137.5 565223 565314.1 535013.4 
3634688 3532698 3374259 3165841 2927455 2678588 2418454 2168097 1931650 1705135 1507948 1330530 1174629 1039585 918146.7 819673.4 745370.2 692077.3 651749.7 622862.3 596144.4 577125.5 562816.7 551478.1 546143.6 541061.6 537851.2 539406.5 542056.3 548375.8 553051.8 560250.6 567642.7 576183 589780.5 572519.6 557568.7 554804.2 558972.7 564770 570294.9 573719.9 578442.4 581640.8 585101.9 588178.5 590192.9 591548.6 592233.9 593124.3 593124.3 574485.4 566385.2 572176.7 590808.4 570717.8 551043.9 560242.4 575251 574830.2 560647.8 549955.4 542230.9 519415.8 509256.2 523225 542599.8 542010.1 547932.8 539543.2 
3634688 3531321 3372882 3168730 2931620 2680395 2425996 2176335 1936078 1713554 1513804 1335276 1180767 1043499 920429.2 817258.5 741810.2 689558.9 649590.6 621181.1 599580.6 577208.8 563853 553367.1 545481.6 539405.8 536944.6 538539.2 542074.1 546159.8 552070.8 558078.4 566879.9 578296.2 587967 569236.8 555726.4 554705.1 559212.2 564778.3 569708.4 574130.4 579229.5 583844.6 586381.3 588253.2 590804.5 591748.8 593418.2 594647.1 594647.1 583955.9 578987 551933.5 533493.8 514862.4 504378.2 470338.5 478792.3 461296.4 448542 438837.7 468241 500942.7 505036.5 515796.9 523526.5 516939.8 525296 537443.7 
3634688 3530569 3370888 3164363 2929062 2682238 2428677 2184189 1949464 1731110 1526775 1343294 1187419 1045542 927552.9 826036.8 754857 693159.8 654722.7 618991.4 595216.6 577620.1 562427.7 552139.9 544202.2 539628 537230.2 537428.7 539295 542920.2 550990.1 557375.8 565247.6 575602.1 587812.8 569316.5 553680.8 549942.4 552193.4 559133 565758.8 571586.3 576153.1 578877.5 582862.2 584899.9 587025.2 589800.8 589860.2 590759.2 590759.2 617942.1 625385.6 624692.2 602977.3 584377.7 577443.7 564076 562109.2 558127.2 557502.1 545596.9 545799.6 546128.3 539852.6 553149.4 548253.5 530509.1 506978.1 482438.9 
3634688 3532704 3371804 3164054 2928205 2672732 2412519 2162744 1928223 1713295 1514720 1333143 1182050 1042167 923940.4 825287.1 748022.6 692116 650383 618667.3 596124.2 577254.8 563288.9 552399.7 544539.8 539327.5 536770.4 538746.2 541032.2 544079.3 550848.2 559105.6 568005.8 578623.9 587787.9 568029.6 552351.8 550269.2 555011.6 560435.5 565562.2 570703.7 575651.5 580542.1 583711 587587.3 593693.3 594289.4 596577 598309.4 598309.4 572657.3 588557.5 585264.8 599047.5 587060.2 562011.9 551046.1 526058.1 517723.6 540652.9 554294.9 537062.3 531583.8 507505.2 513394.7 534829.1 559096.9 565906.7 578052.3 
3634688 3532451 3371585 3164449 2928817 2676987 2422722 2169016 1931204 1715237 1515789 1338680 1181122 1037861 921808.1 816295.3 742093.3 685763.1 643422.3 611115.5 588572.1 569424.5 557261.7 549413.3 542285.6 538144.6 537226.3 538338.2 542583.9 545002.5 549511.1 556977.7 566351.2 575163.8 589249.2 570288.7 556130.8 552678 555278.3 560385.1 566249.7 570316.5 575372 578670.4 582943.5 585292.7 588360.9 589532.7 591552.7 593080.4 593080.4 559875.3 556450.3 554370.8 531313.6 535672.3 559187.4 564842.8 543563.6 543621.7 558832.4 562077.8 558934.5 NA NA NA NA NA NA NA 
3634688 3532096 3372541 3167642 2927331 2677726 2419873 2172919 1940266 1721384 1526749 1349413 1187812 1048717 925653 828626.4 756604.7 701813.7 660889.2 628692.7 603604.5 582903.4 568140.7 558681.2 552698.8 547783.9 546518.1 546978.1 548069.2 552554 559970.3 565438.4 572650.4 582519 594840.2 575359 559950.5 556569.2 558133.1 562379.6 567745.5 573020.7 578315.6 582745.6 586191.7 586803.8 590056.9 592669.8 594972.5 596646.8 NA NA NA NA NA NA NA NA NA NA NA NA NA NA NA NA NA NA NA NA 
#survey index 
3643456 3538684 3376080 3169486 2933274 2677614 2419823 2172745 1936652 1726425 1525784 1342284 1185888 1048281 924142.8 829108 755296.5 700349 659392.3 627878.1 603983.2 581490.1 567658.8 556846.7 550334.8 543922.8 543459.3 543013.9 545708 550782.4 557781.3 563151.8 572089.5 583057.3 596214.4 579207 565688.9 562465.2 565871.5 570298.3 574217 579487.8 585927 589137 592218.8 596832.5 597894 599881.4 602000.1 602202.6 1201647 1282467 1393180 1510748 1614772 1718931 1831633 1923884 2005839 2093992 2192028 2288492 2341612 2368292 2382721 2398306 2435540 2477232 2512268 2539688 
3643456 3539530 3378047 3173543 2935624 2685893 2426899 2176189 1945388 1729436 1528740 1352085 1195733 1053593 930267.2 830742.4 757667.4 703464.3 658187.5 627598.1 600850.7 581303.5 565773.3 556263.1 550665 545052.6 544950.2 545086.1 547994.8 551958.1 556295.5 564579 575186.7 584720.4 595983.8 576338.1 561680.4 558367.3 560811.1 566374.6 572890.7 578171.1 581605.1 584213.5 588494.2 590634.5 593248.6 595221.6 595301.9 596946.9 1197398 1305537 1431538 1553691 1671992 1771315 1871224 1956141 2063253 2150218 2229606 2275621 2319274 2357765 2401289 2436929 2451839 2493539 2512568 2561580 
3643456 3540378 3378255 3167219 2927621 2678523 2423942 2171809 1931808 1709164 1511059 1333055 1183280 1042438 916848 820692.6 749512.6 697259 655041.8 623397.4 596362.5 577875.3 564898.6 554698.1 547841.1 542530.1 541012.9 542771.8 545741.9 548978.7 556179.5 561454 571435.8 581508.3 592719.5 571534.6 557925.1 555373.3 559854.9 565703.1 572276.6 576891.5 582248 587024.3 588979.3 590664.3 592853.6 597714 601430.6 602821.9 1202318 1282089 1370236 1491003 1603499 1708440 1807173 1887250 1957389 2019829 2124010 2214596 2290209 2357103 2386694 2408682 2432052 2468154 2515749 2559791 
3643456 3540026 3380595 3173575 2939434 2685085 2429588 2183150 1950749 1729840 1529752 1352198 1188280 1051512 926257.3 826765.9 751887.8 695297.9 655553.4 623296.5 598138.8 577964.3 562966.4 553570.2 548491.1 545166.8 544666.4 545546.3 548832.5 551425.5 554967.7 561465.1 570173.4 580679.4 593006.9 574576.2 559861.1 556865.9 560013.2 564827.4 570127.8 577468.7 583735.5 588440.5 591633.3 595977.7 598059.4 598497.8 600268.5 602062.4 1203940 1319746 1438913 1557112 1662105 1753909 1841665 1928462 2000347 2093978 2185112 2262374 2337722 2367374 2411204 2485060 2550144 2589110 2619443 2615004 
3643456 3541473 3383047 3174603 2936177 2687222 2426986 2176514 1939925 1713219 1515841 1338186 1182053 1046732 925038.1 826277.4 751682.6 698117.7 657583.7 628503.6 601651.3 582515.9 568098.3 556681.4 551293.9 546169.4 542941.7 544461.7 547107.8 553433.8 558121.2 565358.9 572771.4 581349.4 594991 577690.4 564097.2 561076.1 565144.1 570946.8 576493.7 579920.7 584685.2 587883.9 591362.5 594454.7 596487.8 597854.6 598550.7 599444.2 1199250 1296232 1408055 1532940 1667783 1759628 1846684 1956402 2065309 2151816 2217187 2278547 2335602 2370681 2411964 2471277 2530470 2564688 2600878 2618493 
3643456 3540100 3381702 3177492 2940319 2689051 2434551 2184752 1944361 1721644 1521701 1342955 1188205 1050667 927328.9 823879.6 748122.1 695583.4 655400.2 626820.3 605074.2 582592.5 569154 558567.4 550632.1 544516.2 542024.6 543592.6 547113.1 551213.9 557149.9 563170 572006.9 583449.7 593168.4 574421.7 562255.8 560968.4 565379.6 570945.7 575900.5 580343 585466.7 590089.1 592654.7 594556.5 597108 598054 599739.3 600962 1201118 1306067 1420948 1512948 1610565 1703537 1799435 1865752 1968110 2037363 2104315 2166824 2261336 2352174 2407985 2464251 2511671 2539703 2578155 2616302 
3643456 3539348 3379706 3173141 2937780 2690877 2437236 2192612 1957741 1739210 1534694 1350978 1194885 1052707 934478.2 832658.2 761198.6 699228.3 660577 624634.7 600726.2 582989.5 567708.3 557347.9 549342.1 544730.2 542293.2 542479.7 544335.8 547974.5 556060.4 562450.1 570370.4 580747.4 593011.4 574482.4 560214.2 556197.5 558342.7 565268.5 571922.6 577791.5 582383.6 585112.7 589138.9 591184.9 593306.6 596095.8 596168.8 597064.1 1198334 1341278 1468619 1587215 1681644 1774713 1874087 1961073 2052946 2135742 2214648 2274883 2339994 2398298 2443449 2502143 2536998 2553999 2560557 2561946 
3643456 3541477 3380578 3172815 2936931 2681375 2421074 2171155 1936499 1721364 1522608 1340817 1189476 1049338 930840 831898.7 754355 698175.3 656206.4 624305.5 601616.1 582622.5 568568.2 557607.1 549687.2 544433.1 541840 543800.2 546078.5 549135.3 555924.5 564194.2 573116.9 583781.2 592984 573208.2 558882.9 556514.3 561157.3 566579.5 571744.2 576906.2 581861.8 586791.4 589977.5 593874.6 599990 600604.9 602905 604632.4 1204562 1294660 1430519 1546310 1676287 1775986 1857457 1946940 2015800 2094383 2196790 2282652 2330569 2383197 2410431 2461643 2522707 2581725 2618781 2657160 
3643456 3541225 3380370 3173209 2937532 2685640 2431267 2177426 1939475 1723316 1523672 1346361 1188556 1045029 928714.7 822876.1 748419.3 691788.4 649239.1 616736.1 594037.7 574762.7 562520.6 554597.3 547415.7 543227 542284.6 543388.6 547637.3 550056.8 554579.9 562067.2 571460.5 580303.8 594439.5 575460.9 562663.5 558944.3 561447.7 566528.6 572416.6 576508.5 581597.4 584907.9 589188.7 591563.7 594659.5 595812.5 597855.3 599386.4 1200676 1283257 1399787 1516713 1609715 1725711 1855477 1961554 2034282 2121241 2215953 2291416 2353287 NA NA NA NA NA NA NA 
3643456 3540872 3381338 3176407 2936055 2686364 2428416 2181346 1948536 1729464 1534657 1357103 1195253 1055912 932573.5 835247.4 762937.2 707888.8 666743 634374 609151 588303.1 573454.9 563914.3 557875 552905.3 551628.2 552079.2 553161.2 557642.6 565079.7 570572.4 577820.9 587707 600062.3 580557.9 566512.3 562827 564309.9 568553.6 573921.2 579232.5 584535.5 588996.4 592458 593085.4 596355.2 598970.4 601283.5 602976.4 NA NA NA NA NA NA NA NA NA NA NA NA NA NA NA NA NA NA NA NA 
#cpue index 
3591149 3487191 3325550 3119980 2884884 2630521 2374066 2128310 1893662 1684876 1485908 1304146 1149357 1013461 891145.4 797633.9 725251.8 671572.3 631710 601125.2 577984.8 556208.1 542829.4 532427.6 526202.7 520050.5 519660.7 519305.9 521983.7 526996.2 533870.4 539164.3 547898 558643.4 571535.2 555456.5 540371.4 535498.5 538378.9 542739.9 546643.6 551839.3 558164.1 561296 564282.3 568764.2 569832 571732.9 573781 573981.7 573981.7 540024 530760.7 529239.3 517623.5 510172.1 516142.1 508148.3 496352.5 497335.3 515226.7 539023.4 527644.3 496776.8 460259.4 431091.1 428697.2 435879 440897.8 442199.4 
3591149 3488029 3327513 3124027 2887248 2638699 2381050 2131752 1902347 1687928 1488864 1313811 1159136 1018792 897205.1 799261.6 727547.3 674605.4 630549.2 600821.7 574882.3 555979.1 540984 531848.1 526532.5 521168.4 521115 521346.7 524259.2 528156.3 532418.8 540532 550927.5 560278.3 571296.2 552607.5 536402.3 531435.9 533410.9 538901.8 545369.3 550585.9 553953.7 556463.6 560599.1 562704.5 565266.1 567175.3 567233.6 568806.1 568806.1 561440.2 567298.5 570216.8 572312.7 560128.4 553554.6 538358.1 551261.4 551726.1 551659.6 526068.6 504994.8 485885.8 478218.4 468968.6 444984 451659.7 441112.8 463235.3 
3591149 3488871 3327706 3117751 2879314 2631410 2378158 2127442 1888938 1667880 1471352 1295009 1146822 1007781 883978.9 789349 719536.2 668521.5 627455.2 596743.9 570531.8 552647.2 540148.6 530365.9 523789 518702.4 517278.1 519068.4 522036.1 525245.9 532318.8 537509.6 547246.9 557136.5 568127.7 547931 532731.6 528532.2 532480.3 538247.2 544787.3 549353.6 554587.3 559247.5 561136.2 562749.6 564849 569582.8 573238 574602.8 574602.8 539513.7 508165.8 509543.7 506264.6 499640.3 491945.5 472014.2 448737.5 424828 448614.6 466972.2 477523.5 485930.8 464377.4 441219.2 425133.2 426626.6 443933.9 461870.9 
3591149 3488521 3330015 3124048 2891002 2637936 2383733 2138632 1907698 1688353 1489862 1313923 1151785 1016665 893223.9 795341.3 721882.2 666589 627912.4 596627 572276.7 552755.6 538252.1 529217.9 524417.1 521290.8 520892 521816.3 525062.3 527626.3 531099.2 537467.6 546024 556327.8 568371.5 550881 534630 529986 532615.1 537359.3 542623.2 549846.6 556014.1 560635.8 563756.9 567948 569971.9 570381.8 572073.6 573831.2 573831.2 574019.8 573365.2 572436.8 561457.9 541703.2 523100.4 509529.7 488088 494742.8 506405.4 511734.9 522098.5 494708.7 487015.5 514727.1 539874.3 544289.2 544311.3 514550.4 
3591149 3489957 3332463 3125098 2887822 2640067 2381213 2132132 1896977 1671903 1476075 1300076 1145618 1011994 892062.4 794895.3 721702.7 669362.8 629906.5 601717.6 575710.3 557181.2 543264.6 532271 527127.5 522235 519146.4 520698.9 523364.8 529603 534242.4 541317.5 548561.9 556940.3 570255.8 553915.4 538809.9 534131.7 537655.8 543348.8 548844.9 552272.4 556926.9 560056.5 563455.6 566470.6 568440.5 569754.2 570411 571264.4 571264.4 553072.3 544990 550510.7 568835.3 549495.1 530141.1 538784.3 553539.7 553434.1 539616.9 528959.4 521268.1 498993.7 488931.5 502467.5 521637.3 521409.5 527160.9 518897.8 
3591149 3488593 3331074 3127896 2891935 2641893 2388668 2140272 1901379 1680234 1481889 1304783 1151662 1015848 894299.9 792519.3 718169.4 666854.8 627789.9 600088.9 579074.4 557315.1 544301.1 534110.3 526494.3 520613.4 518245.1 519849.9 523383 527456.8 533273.3 539174.2 547810.8 559008.3 568522.5 550712 536964.6 534000.7 537887.7 543368.9 548295.1 552680.1 557689 562219 564726.2 566537 568995.5 569925.8 571558.4 572756.5 572756.5 562336.7 557388.9 530908.8 512694.1 494345.1 484067.8 450944 458969 442101.9 429758.4 420168.9 448756.2 481018.9 485509 495926.5 503304.8 496855.4 504844.3 516687.7 
3591149 3487847 3329098 3123559 2889348 2643663 2391325 2148048 1914643 1697655 1494784 1312762 1158260 1017879 901303.6 801147.7 731011.8 670447.8 632785.3 597911.3 574755.7 557643.4 542910 532926.3 525236.2 520831.6 518545.5 518800 520674.6 524264.4 532179.3 538481.9 546232.3 556378 568361.5 550797.8 534988.4 529337.6 531002.5 537813.9 544424.4 550197.9 554678.5 557354.1 561248.6 563216.9 565290.1 568018.5 568085.2 568951.3 568951.3 595491.5 603008.5 602459.8 581112.3 562654.6 555655.8 542607.2 540670.7 536838.2 536287.4 524692.2 524792.7 525120.7 519062.4 531984.3 527321.6 510037.8 486869 462710.1 
3591149 3489962 3330036 3123347 2888573 2634264 2375291 2126760 1893537 1679932 1482811 1302714 1152944 1014569 897747.2 800422.7 724332.6 669395.2 628543.7 597604.2 575661.6 557325.4 543768.6 533195.9 525571.9 520531.6 518082.7 520069.1 522370.1 525404.3 532049.9 540160.2 548925.8 559364.8 568362.6 549543.8 533661.7 529638.2 533763.1 539120.8 544241.2 549310.9 554182.2 558990.7 562085.6 565864 571827.7 572445.5 574667.2 576359.8 576359.8 551330.7 566590.3 563466.1 577041.8 565440.5 540910.3 529878.6 505391.1 497148.4 519467 533173.9 516664.7 511083.5 487408.5 492952.3 513899.8 537947.5 544898.6 556737.6 
3591149 3489711 3329811 3123715 2889175 2638492 2385407 2133023 1896543 1681889 1483877 1308182 1152049 1010328 895617.6 791578.1 718487.9 663143.4 621718.7 590175.1 568231.5 549638.3 537848.2 530254.7 523374 519394.2 518563.6 519707.9 523901.1 526314.6 530757.1 538082.9 547288.1 555965.8 569784.6 551775.4 537398.7 532035.1 534026.3 539039.6 544900.6 548961.1 553924.4 557150.1 561333.6 563651.7 566629 567766 569757.8 571248.7 571248.7 538837 535157.3 533022.5 510686.4 514781.3 537729.7 543639.4 523022.7 522745.6 537452.3 540845.6 537884.8 NA NA NA NA NA NA NA 
3591149 3489360 3330752 3126861 2887687 2639204 2382604 2136881 1905493 1687999 1494728 1318793 1158691 1021041 899436.3 803675.8 732742.8 678950.1 638894.4 607466.8 582997.9 562829.7 548489.5 539311 533542.5 528823.1 527658.9 528148 529248.4 533672 540976.5 546373.3 553443.5 563107.5 575211.4 556712.2 541116.6 535829.5 536856.2 541009.1 546346.3 551583.7 556793.3 561156.2 564529.1 565132.3 568287 570835.3 573100.6 574740.8 NA NA NA NA NA NA NA NA NA NA NA NA NA NA NA NA NA NA NA NA 
# 
#BMSY begin 
811419.1 
#FMSY begin 
0.1513248 
#BMSY end 
811419.1 
#FMSY end 
0.1513248 
#B35in 
NA NA NA NA NA NA NA NA NA NA NA NA NA NA NA NA NA NA NA NA NA NA NA NA NA NA NA NA NA NA NA NA NA NA NA NA NA NA NA NA NA NA NA NA NA NA NA NA NA 563734.7 563853 563730.8 563537.4 563338 563056 562727.3 562438.5 562111.9 561714.3 561334.6 561098.8 561018 560866.7 560520.4 559934.2 559147.5 558366.2 557657.8 557007.3 556392.9 
NA NA NA NA NA NA NA NA NA NA NA NA NA NA NA NA NA NA NA NA NA NA NA NA NA NA NA NA NA NA NA NA NA NA NA NA NA NA NA NA NA NA NA NA NA NA NA NA NA 563587.7 563661.3 563678.6 563727.8 563803 563902 563912.4 563881.6 563736.6 563699 563643.2 563595.1 563380.9 563052.5 562609.7 562135.7 561604.4 560904.3 560281.5 559607.5 559096.3 
NA NA NA NA NA NA NA NA NA NA NA NA NA NA NA NA NA NA NA NA NA NA NA NA NA NA NA NA NA NA NA NA NA NA NA NA NA NA NA NA NA NA NA NA NA NA NA NA NA 562579.6 562728.7 562614.3 562277.7 561951.5 561608.6 561209.1 560774.8 560200 559463.1 558549.5 557877.8 557359.9 556921.1 556565 556052.1 555387.4 554634.9 553911.6 553350.9 552908.3 
NA NA NA NA NA NA NA NA NA NA NA NA NA NA NA NA NA NA NA NA NA NA NA NA NA NA NA NA NA NA NA NA NA NA NA NA NA NA NA NA NA NA NA NA NA NA NA NA NA 563416.8 563539.6 563661.2 563765.6 563850.3 563868.2 563754.5 563519.6 563194.8 562725.3 562332.5 562024.7 561746.1 561559.6 561194.5 560766.7 560550.9 560491.7 560458.3 560425.1 560222.8 
NA NA NA NA NA NA NA NA NA NA NA NA NA NA NA NA NA NA NA NA NA NA NA NA NA NA NA NA NA NA NA NA NA NA NA NA NA NA NA NA NA NA NA NA NA NA NA NA NA 563531.9 563642 563598.1 563504.7 563449 563517.9 563461.7 563271.4 563143.4 563121.4 563095 562985 562818.8 562605.7 562255.5 561835.2 561522.4 561340.2 561150.1 561016.8 560826 
NA NA NA NA NA NA NA NA NA NA NA NA NA NA NA NA NA NA NA NA NA NA NA NA NA NA NA NA NA NA NA NA NA NA NA NA NA NA NA NA NA NA NA NA NA NA NA NA NA 563711.7 563804 563836.9 563834.4 563645.5 563322.9 562869.4 562334.6 561558.5 560887.6 560095 559236.3 558328 557673.1 557262.9 556896.4 556620.7 556400.1 556142.4 555940.1 555811.4 
NA NA NA NA NA NA NA NA NA NA NA NA NA NA NA NA NA NA NA NA NA NA NA NA NA NA NA NA NA NA NA NA NA NA NA NA NA NA NA NA NA NA NA NA NA NA NA NA NA 563606.9 563678.5 563933 564244 564527.8 564666.6 564698.8 564662 564540.1 564407.3 564279 564119.6 563910.5 563705.6 563520.3 563296.8 563143.5 562977.4 562694.7 562278.5 561726.8 
NA NA NA NA NA NA NA NA NA NA NA NA NA NA NA NA NA NA NA NA NA NA NA NA NA NA NA NA NA NA NA NA NA NA NA NA NA NA NA NA NA NA NA NA NA NA NA NA NA 563346.9 563476.1 563438.6 563494.3 563523.5 563643.6 563697 563576 563396.1 563044.2 562634.4 562384.8 562235.1 561982.4 561709.7 561304.7 560937.8 560722.5 560642.3 560606.4 560651.2 
NA NA NA NA NA NA NA NA NA NA NA NA NA NA NA NA NA NA NA NA NA NA NA NA NA NA NA NA NA NA NA NA NA NA NA NA NA NA NA NA NA NA NA NA NA NA NA NA NA 562686.1 562802.4 562673.7 562524.7 562376.4 562071 561768.6 561662.9 561597.4 561411.6 561229.9 561126.1 561060.3 560967 NA NA NA NA NA NA NA 
NA NA NA NA NA NA NA NA NA NA NA NA NA NA NA NA NA NA NA NA NA NA NA NA NA NA NA NA NA NA NA NA NA NA NA NA NA NA NA NA NA NA NA NA NA NA NA NA NA 564947 NA NA NA NA NA NA NA NA NA NA NA NA NA NA NA NA NA NA NA NA 
#F35in 
0 0 0 0 0 0 0 0 0 0 0 0 0 0 0 0 0 0 0 0 0 0 0 0 0 0 0 0 0 0 0 0 0 0 0 0 0 0 0 0 0 0 0 0 0 0 0 0 0 0.2151274 0.2151274 0.2151274 0.2151274 0.2151274 0.2151274 0.2151274 0.2151274 0.2151274 0.2151274 0.2151274 0.2151274 0.2151274 0.2151274 0.2151274 0.2151274 0.2151274 0.2151274 0.2151274 0.2151274 0.2151274 
#OFL 
NA NA NA NA NA NA NA NA NA NA NA NA NA NA NA NA NA NA NA NA NA NA NA NA NA NA NA NA NA NA NA NA NA NA NA NA NA NA NA NA NA NA NA NA NA NA NA NA NA NA 98961.24 93119.37 91123.14 89477.76 87335.24 84313.91 84182.46 83847.34 80728.77 79157.48 82228.24 88979.94 90860.53 83836.84 73447.62 64085.63 59958.61 60736.92 62475.71 63377.68 
NA NA NA NA NA NA NA NA NA NA NA NA NA NA NA NA NA NA NA NA NA NA NA NA NA NA NA NA NA NA NA NA NA NA NA NA NA NA NA NA NA NA NA NA NA NA NA NA NA NA 80752.63 96804.14 97813.05 98314.07 98673.68 96577.52 95449.1 92835.74 94395.54 95133.56 95120.93 90718.49 84657.18 78449.79 74522.86 72052.34 67162.44 64880.7 64379.53 66134.28 
NA NA NA NA NA NA NA NA NA NA NA NA NA NA NA NA NA NA NA NA NA NA NA NA NA NA NA NA NA NA NA NA NA NA NA NA NA NA NA NA NA NA NA NA NA NA NA NA NA NA 85499.05 93031.32 87338.07 82863.81 82646.78 81093.65 78877.91 74634.85 68287.37 61687.16 61897.98 68014.97 72280.08 75127.92 73053.02 66539.68 61150.73 59321.58 62021.36 67088.37 
NA NA NA NA NA NA NA NA NA NA NA NA NA NA NA NA NA NA NA NA NA NA NA NA NA NA NA NA NA NA NA NA NA NA NA NA NA NA NA NA NA NA NA NA NA NA NA NA NA NA 84981.7 98968.01 98855.68 98696.27 96807.58 93410.37 90090.86 84980.68 79479.73 77402.49 80320.11 82996.91 85512.03 82602.44 77313.57 80599.66 89155.7 93846.54 93852.67 88735.62 
NA NA NA NA NA NA NA NA NA NA NA NA NA NA NA NA NA NA NA NA NA NA NA NA NA NA NA NA NA NA NA NA NA NA NA NA NA NA NA NA NA NA NA NA NA NA NA NA NA NA 93719.58 95364.34 93976.92 94927.65 98077.71 94746.37 91420.14 90984.71 94978.29 95424.68 93047.96 90856.76 87933.33 83081.6 78160.65 78857.5 84067.92 87042.3 87938.59 87489.55 
NA NA NA NA NA NA NA NA NA NA NA NA NA NA NA NA NA NA NA NA NA NA NA NA NA NA NA NA NA NA NA NA NA NA NA NA NA NA NA NA NA NA NA NA NA NA NA NA NA NA 94698.41 96957.86 96108.35 91553.43 86667.9 80939.55 76649.68 70070.72 66710.5 65467.24 61448.55 58533.38 61269.47 70069.98 75580.15 77861.52 80684.38 80834.4 81174.47 84396.43 
NA NA NA NA NA NA NA NA NA NA NA NA NA NA NA NA NA NA NA NA NA NA NA NA NA NA NA NA NA NA NA NA NA NA NA NA NA NA NA NA NA NA NA NA NA NA NA NA NA NA 93735.97 102662.1 103951.2 103856.2 100186.3 97015.63 95814.23 93568.61 93162.19 92214.93 91516.62 89470.39 87691.07 87806.99 86872.77 88083.85 89393.06 85761.91 79371.29 72261.89 
NA NA NA NA NA NA NA NA NA NA NA NA NA NA NA NA NA NA NA NA NA NA NA NA NA NA NA NA NA NA NA NA NA NA NA NA NA NA NA NA NA NA NA NA NA NA NA NA NA NA 85568.01 95064.32 97693.82 97153.58 99488.06 97490.25 93272.2 91137.16 85340.75 80343.34 82716.07 88540.59 87895.26 84398.07 79747 77180.12 81405.23 88658.15 93705.34 95990.39 
NA NA NA NA NA NA NA NA NA NA NA NA NA NA NA NA NA NA NA NA NA NA NA NA NA NA NA NA NA NA NA NA NA NA NA NA NA NA NA NA NA NA NA NA NA NA NA NA NA NA 98490.86 92914.98 91849.71 90972.81 86877.69 84124.52 88603.1 93344.94 90191.04 87408.3 89899.85 92896.94 92750 NA NA NA NA NA NA NA 
NA NA NA NA NA NA NA NA NA NA NA NA NA NA NA NA NA NA NA NA NA NA NA NA NA NA NA NA NA NA NA NA NA NA NA NA NA NA NA NA NA NA NA NA NA NA NA NA NA NA NA NA NA NA NA NA NA NA NA NA NA NA NA NA NA NA NA NA NA NA 
