# Number of parameters = 206 Objective function value = 69437.9004549572  Maximum gradient component = 0.00136667100242501
# srv_sel50:
1.46314392149
# srv_sel95:
2.40779967118
# stNatLen:
 11.3264290109 11.2028334865 11.0035334559 10.8101909494 10.6243734382 10.4257131501 10.2050112431 9.96737434211 9.72399663613 9.48534791108 9.25868885815 9.04814300659 8.85557617722 8.68147523186 8.52553813478 8.38707771430 8.26522740910 8.15912046064 8.06794699916 7.99098697041 7.92770885678 7.87762990024 7.84027693522 7.81538765473 7.80291237972
# log_avg_fmort_dir:
-1.59963940513
# fmort_dir_dev:
 -1.92189908412 -1.85638476696 -1.49688003562 -1.13050895063 -0.879502674421 -0.638613568660 -0.578710689490 -0.288548317914 -0.0294140609079 0.164253132029 0.261996426313 0.376707538236 0.433611881418 0.530346771617 0.562444384165 0.611283611926 0.525031987268 0.579394952644 0.541082117845 0.458381329334 0.355753660143 0.412019847308 0.355069724688 0.281499363437 0.301818741962 0.293228871038 0.282542845342 0.218845652155 0.179151890052 0.154226145389 0.235706967130 0.160214333168 0.249027525009 0.130445629970 0.0420528935610 0.125547542016 0.162750757474 0.0942317559564 0.0665716313231 0.0447014194384 0.0324827428224 -0.0538248891957 -0.0473640046888 -0.203298364888 -0.215132077089 -0.198032310231 -0.0556145331239 -0.00463519434909 0.151830666499 0.110878180558 -0.0426443622827 -0.108954484693 0.173918477787 0.432698198298 0.246016203981 -0.817514802537 -0.0400843836200 0.269795756120
# mean_log_rec:
11.1111386230
# rec_dev:
 0.420890934834 0.458175505083 0.494002167194 0.471726517165 0.459412058134 0.459849821381 0.383942228058 0.240454859535 0.0989795853754 0.00399152040353 -0.0394078963997 -0.0486686779129 -0.0519705862933 -0.0775526188634 -0.113990121096 -0.150466411743 -0.201236807671 -0.238507486783 -0.255056608760 -0.239060378632 -0.218593069462 -0.194070432571 -0.200917658052 -0.226855395007 -0.240440341570 -0.260967310137 -0.261172640306 -0.254913588359 -0.255252843015 -0.255349071549 -0.268422662438 -0.300030177197 -0.317081412422 -0.284070342818 -0.162880938680 -0.0843036077656 -0.0629274245202 -0.0249653905467 0.0206916626282 0.0182049471573 0.0636566274857 0.142919425292 0.210246303635 0.263623919195 0.254089515926 0.183509520441 0.0455038202409 -0.0986139066640 -0.101591126339 -0.0320969092575 0.0463689109504 0.0838832846082 0.0705749753958 0.0434171756997 0.0603808017667 0.138852422410 0.192042655200 0.192042677638
# log_avg_NatM:
-1.65388769125
# m_dev:
 -0.705953021175 -0.479925951242 -0.0687094596641 0.259285892790 0.0423451632516 -0.0223353706538 0.353644955604 0.468226357082 0.406993304275 0.201369488692 -0.231533577891 -0.465268403222 -0.544570188970 -0.434733145096 -0.376684467831 -0.324557354672 -0.230241359334 -0.251728089184 -0.218458342608 -0.381846750967 -0.467112946489 -0.387428324735 -0.00661483744878 -0.0254670431482 -0.0231849962003 0.0263823348774 -0.102201046592 -0.0294694316100 -0.0837106508333 -0.0749664595537 0.0197544639890 0.0776903969590 -0.0399900815458 -0.109651486496 0.0356717510484 0.248947199119 0.0781452464043 -0.0542902508567 0.00581571033447 0.384304683755 0.0786888486533 0.00205328519470 0.0825599242331 0.147921028725 0.463088848496 0.509243886901 0.762729328185 0.710864331463 0.0810152124881 -0.0289412549267 -0.116683026599 0.0378832740044 0.369753821894 0.352937515960 -0.0160727173077 0.0155019613002 0.0553239439975 0.0241878771761
# log_avg_GrowthK:
-1.60943800000
# log_avg_Linf:
4.88280200000
# GrowthK_dev:
 0.00000000000 0.00000000000 0.00000000000 0.00000000000 0.00000000000 0.00000000000 0.00000000000 0.00000000000 0.00000000000 0.00000000000 0.00000000000 0.00000000000 0.00000000000 0.00000000000 0.00000000000 0.00000000000 0.00000000000 0.00000000000 0.00000000000 0.00000000000 0.00000000000 0.00000000000 0.00000000000 0.00000000000 0.00000000000 0.00000000000 0.00000000000 0.00000000000 0.00000000000 0.00000000000 0.00000000000 0.00000000000 0.00000000000 0.00000000000 0.00000000000 0.00000000000 0.00000000000 0.00000000000 0.00000000000 0.00000000000 0.00000000000 0.00000000000 0.00000000000 0.00000000000 0.00000000000 0.00000000000 0.00000000000 0.00000000000 0.00000000000 0.00000000000 0.00000000000 0.00000000000 0.00000000000 0.00000000000 0.00000000000 0.00000000000 0.00000000000 0.00000000000
# Linf_dev:
 0.00000000000 0.00000000000 0.00000000000 0.00000000000 0.00000000000 0.00000000000 0.00000000000 0.00000000000 0.00000000000 0.00000000000 0.00000000000 0.00000000000 0.00000000000 0.00000000000 0.00000000000 0.00000000000 0.00000000000 0.00000000000 0.00000000000 0.00000000000 0.00000000000 0.00000000000 0.00000000000 0.00000000000 0.00000000000 0.00000000000 0.00000000000 0.00000000000 0.00000000000 0.00000000000 0.00000000000 0.00000000000 0.00000000000 0.00000000000 0.00000000000 0.00000000000 0.00000000000 0.00000000000 0.00000000000 0.00000000000 0.00000000000 0.00000000000 0.00000000000 0.00000000000 0.00000000000 0.00000000000 0.00000000000 0.00000000000 0.00000000000 0.00000000000 0.00000000000 0.00000000000 0.00000000000 0.00000000000 0.00000000000 0.00000000000 0.00000000000 0.00000000000
# SelPars50:
2.02579671694
# SelPars95:
3.61592370933
# SelPars_dev50:
 0.00000000000 0.00000000000 0.00000000000 0.00000000000 0.00000000000 0.00000000000 0.00000000000 0.00000000000 0.00000000000 0.00000000000 0.00000000000 0.00000000000 0.00000000000 0.00000000000 0.00000000000 0.00000000000 0.00000000000 0.00000000000 0.00000000000 0.00000000000 0.00000000000 0.00000000000 0.00000000000 0.00000000000 0.00000000000 0.00000000000 0.00000000000 0.00000000000 0.00000000000 0.00000000000 0.00000000000 0.00000000000 0.00000000000 0.00000000000 0.00000000000 0.00000000000 0.00000000000 0.00000000000 0.00000000000 0.00000000000 0.00000000000 0.00000000000 0.00000000000 0.00000000000 0.00000000000 0.00000000000 0.00000000000 0.00000000000 0.00000000000 0.00000000000 0.00000000000 0.00000000000 0.00000000000 0.00000000000 0.00000000000 0.00000000000 0.00000000000 0.00000000000
# SelPars_dev95:
 0.00000000000 0.00000000000 0.00000000000 0.00000000000 0.00000000000 0.00000000000 0.00000000000 0.00000000000 0.00000000000 0.00000000000 0.00000000000 0.00000000000 0.00000000000 0.00000000000 0.00000000000 0.00000000000 0.00000000000 0.00000000000 0.00000000000 0.00000000000 0.00000000000 0.00000000000 0.00000000000 0.00000000000 0.00000000000 0.00000000000 0.00000000000 0.00000000000 0.00000000000 0.00000000000 0.00000000000 0.00000000000 0.00000000000 0.00000000000 0.00000000000 0.00000000000 0.00000000000 0.00000000000 0.00000000000 0.00000000000 0.00000000000 0.00000000000 0.00000000000 0.00000000000 0.00000000000 0.00000000000 0.00000000000 0.00000000000 0.00000000000 0.00000000000 0.00000000000 0.00000000000 0.00000000000 0.00000000000 0.00000000000 0.00000000000 0.00000000000 0.00000000000
