# Number of parameters = 167 Objective function value = 81570.2  Maximum gradient component = 0.000110693
# srv_sel50:
1.64827417113
# srv_sel95:
2.92582909422
# stNatLen:
 11.8478787382 11.6686562014 11.4056655155 11.1823618978 11.0027134050 10.8295284119 10.6301694801 10.3935300783 10.1277190608 9.84884219547 9.57198148650 9.30769145378 9.06206499446 8.83796373934 8.63624718257 8.45669249514 8.29853778856 8.16079832887 8.04249582709 7.94270769043 7.86070251925 7.79585121936 7.74764124734 7.71572246543 7.69985592115
# log_avg_fmort_dir:
-1.61053330449
# fmort_dir_dev:
 -2.04822536750 -2.02580877517 -1.40664665099 -1.06143394419 -0.811280189738 -0.637130135931 -0.500421870556 -0.247546531714 -0.116289588829 -0.0578886139070 0.0350873762967 0.153634360854 0.319247798284 0.366639462442 0.440331990789 0.408392942455 0.367641131645 0.289713829932 0.315193303654 0.419310415779 0.323041157913 0.244689782826 0.274918013749 0.168985691063 0.203209950067 0.155633457401 0.178127362052 0.115966601287 0.131865480421 0.0513157075480 0.170878157807 0.154098144189 0.0988103086022 0.0408378330102 0.120853380237 0.0657023422188 0.0979536886842 0.0606537185161 0.0935230694583 0.0448876477367 0.105705939667 0.0503367019451 0.125693632970 0.0787376478510 0.0826544665624 0.0699530747808 0.0751369293612 0.126933488688 0.0988743736067 0.0588573436457 0.147633079624 0.343982072001 0.278255156229 0.248988075297 -0.0947955163633 0.285922411780 0.153885148474 0.140296053649 0.0252677317968 -0.0447112003970 -0.0126922728198 0.226669255697 0.149633181421 0.143959830391 0.0208767526440 0.0578345375510 0.139645789494 -0.0820061239335
# mean_log_rec:
11.3135037474
# rec_dev:
 0.587707467078 0.563410896769 0.559333042102 0.548728613179 0.531456925925 0.519961170043 0.496028095290 0.467323583385 0.433100512401 0.395026245030 0.360195014867 0.318932931757 0.282687252955 0.255069246065 0.217602057935 0.185021018693 0.149076711722 0.109278999714 0.0659352580001 0.0148604886212 -0.0313425230500 -0.0461274534446 -0.0558839862388 -0.0739822605207 -0.0768819456451 -0.0880837188007 -0.112052986747 -0.137832824340 -0.151036016972 -0.175333677001 -0.224571426556 -0.260225564338 -0.300087945856 -0.337241337856 -0.256672938732 -0.175311947424 -0.179148233095 -0.190449268633 -0.170323762083 -0.148736558167 -0.150764372961 -0.160266607885 -0.167284956053 -0.147162708272 -0.136115695873 -0.141637818103 -0.140318221179 -0.153509030736 -0.157695424494 -0.146964806512 -0.143033088111 -0.137706865958 -0.154054338406 -0.164773997921 -0.160049084356 -0.155062139639 -0.159689282112 -0.153697530729 -0.151243679196 -0.141290144603 -0.136871280852 -0.128859660538 -0.123041952315 -0.111312653422 -0.0914684461282 -0.0728704673899 -0.0913324374605 -0.0913324648301
# log_avg_NatM:
-1.44298700000
# m_dev:
 0.00000000000 0.00000000000 0.00000000000 0.00000000000 0.00000000000 0.00000000000 0.00000000000 0.00000000000 0.00000000000 0.00000000000 0.00000000000 0.00000000000 0.00000000000 0.00000000000 0.00000000000 0.00000000000 0.00000000000 0.00000000000 0.00000000000 0.00000000000 0.00000000000 0.00000000000 0.00000000000 0.00000000000 0.00000000000 0.00000000000 0.00000000000 0.00000000000 0.00000000000 0.00000000000 0.00000000000 0.00000000000 0.00000000000 0.00000000000 0.00000000000 0.00000000000 0.00000000000 0.00000000000 0.00000000000 0.00000000000 0.00000000000 0.00000000000 0.00000000000 0.00000000000 0.00000000000 0.00000000000 0.00000000000 0.00000000000 0.00000000000 0.00000000000 0.00000000000 0.00000000000 0.00000000000 0.00000000000 0.00000000000 0.00000000000 0.00000000000 0.00000000000 0.00000000000 0.00000000000 0.00000000000 0.00000000000 0.00000000000 0.00000000000 0.00000000000 0.00000000000 0.00000000000 0.00000000000
# log_avg_GrowthK:
-1.62229700000
# log_avg_Linf:
4.85918000000
# GrowthK_dev:
 0.00000000000 0.00000000000 0.00000000000 0.00000000000 0.00000000000 0.00000000000 0.00000000000 0.00000000000 0.00000000000 0.00000000000 0.00000000000 0.00000000000 0.00000000000 0.00000000000 0.00000000000 0.00000000000 0.00000000000 0.00000000000 0.00000000000 0.00000000000 0.00000000000 0.00000000000 0.00000000000 0.00000000000 0.00000000000 0.00000000000 0.00000000000 0.00000000000 0.00000000000 0.00000000000 0.00000000000 0.00000000000 0.00000000000 0.00000000000 0.00000000000 0.00000000000 0.00000000000 0.00000000000 0.00000000000 0.00000000000 0.00000000000 0.00000000000 0.00000000000 0.00000000000 0.00000000000 0.00000000000 0.00000000000 0.00000000000 0.00000000000 0.00000000000 0.00000000000 0.00000000000 0.00000000000 0.00000000000 0.00000000000 0.00000000000 0.00000000000 0.00000000000 0.00000000000 0.00000000000 0.00000000000 0.00000000000 0.00000000000 0.00000000000 0.00000000000 0.00000000000 0.00000000000 0.00000000000
# Linf_dev:
 0.00000000000 0.00000000000 0.00000000000 0.00000000000 0.00000000000 0.00000000000 0.00000000000 0.00000000000 0.00000000000 0.00000000000 0.00000000000 0.00000000000 0.00000000000 0.00000000000 0.00000000000 0.00000000000 0.00000000000 0.00000000000 0.00000000000 0.00000000000 0.00000000000 0.00000000000 0.00000000000 0.00000000000 0.00000000000 0.00000000000 0.00000000000 0.00000000000 0.00000000000 0.00000000000 0.00000000000 0.00000000000 0.00000000000 0.00000000000 0.00000000000 0.00000000000 0.00000000000 0.00000000000 0.00000000000 0.00000000000 0.00000000000 0.00000000000 0.00000000000 0.00000000000 0.00000000000 0.00000000000 0.00000000000 0.00000000000 0.00000000000 0.00000000000 0.00000000000 0.00000000000 0.00000000000 0.00000000000 0.00000000000 0.00000000000 0.00000000000 0.00000000000 0.00000000000 0.00000000000 0.00000000000 0.00000000000 0.00000000000 0.00000000000 0.00000000000 0.00000000000 0.00000000000 0.00000000000
# SelPars50:
2.23758967391
# SelPars95:
4.08136712216
# SelPars_dev50:
 0.00000000000 0.00000000000 0.00000000000 0.00000000000 0.00000000000 0.00000000000 0.00000000000 0.00000000000 0.00000000000 0.00000000000 0.00000000000 0.00000000000 0.00000000000 0.00000000000 0.00000000000 0.00000000000 0.00000000000 0.00000000000 0.00000000000 0.00000000000 0.00000000000 0.00000000000 0.00000000000 0.00000000000 0.00000000000 0.00000000000 0.00000000000 0.00000000000 0.00000000000 0.00000000000 0.00000000000 0.00000000000 0.00000000000 0.00000000000 0.00000000000 0.00000000000 0.00000000000 0.00000000000 0.00000000000 0.00000000000 0.00000000000 0.00000000000 0.00000000000 0.00000000000 0.00000000000 0.00000000000 0.00000000000 0.00000000000 0.00000000000 0.00000000000 0.00000000000 0.00000000000 0.00000000000 0.00000000000 0.00000000000 0.00000000000 0.00000000000 0.00000000000 0.00000000000 0.00000000000 0.00000000000 0.00000000000 0.00000000000 0.00000000000 0.00000000000 0.00000000000 0.00000000000 0.00000000000
# SelPars_dev95:
 0.00000000000 0.00000000000 0.00000000000 0.00000000000 0.00000000000 0.00000000000 0.00000000000 0.00000000000 0.00000000000 0.00000000000 0.00000000000 0.00000000000 0.00000000000 0.00000000000 0.00000000000 0.00000000000 0.00000000000 0.00000000000 0.00000000000 0.00000000000 0.00000000000 0.00000000000 0.00000000000 0.00000000000 0.00000000000 0.00000000000 0.00000000000 0.00000000000 0.00000000000 0.00000000000 0.00000000000 0.00000000000 0.00000000000 0.00000000000 0.00000000000 0.00000000000 0.00000000000 0.00000000000 0.00000000000 0.00000000000 0.00000000000 0.00000000000 0.00000000000 0.00000000000 0.00000000000 0.00000000000 0.00000000000 0.00000000000 0.00000000000 0.00000000000 0.00000000000 0.00000000000 0.00000000000 0.00000000000 0.00000000000 0.00000000000 0.00000000000 0.00000000000 0.00000000000 0.00000000000 0.00000000000 0.00000000000 0.00000000000 0.00000000000 0.00000000000 0.00000000000 0.00000000000 0.00000000000
