# Number of parameters = 133 Objective function value = 61037.1  Maximum gradient component = 0.000946384
# srv_sel50:
1.63836353004
# srv_sel95:
2.88638511319
# stNatLen:
 11.9052443053 11.7246197639 11.4689315995 11.2529230059 11.0740514441 10.8967864475 10.6950794048 10.4630113201 10.2094123386 9.94805948221 9.69112825233 9.44697488420 9.22039713242 9.01363731904 8.82738015643 8.66139484765 8.51496307913 8.38722974460 8.27737719046 8.18460102556 8.10823859102 8.04761479854 8.00232341198 7.97214678547 7.95708277301
# log_avg_fmort_dir:
-1.67933393496
# fmort_dir_dev:
 -2.12498216261 -2.07447632903 -1.51656422188 -1.09206756729 -0.850279673447 -0.576383476372 -0.477966420911 -0.260267778250 -0.151126251521 0.0180225434372 0.151712355164 0.266225342845 0.315928833255 0.404451485020 0.454034832999 0.443372236344 0.484284264058 0.404974346016 0.420020282329 0.367020132036 0.414108581315 0.223855594703 0.248294009503 0.382373211650 0.237540889740 0.262362982143 0.133021252133 0.158234272873 0.200062235843 0.201322342979 0.132419266255 0.144321859502 0.0865411403514 0.102387958929 0.164894459652 0.232034641130 0.166737392111 0.206446504685 0.0920055653379 0.0814534951028 0.138014495945 0.0833629034827 0.0651384939602 0.143524094616 0.158583107571 0.193708724724 0.100964829229 0.161656328457 0.106894745911 0.134905513916 0.236896334062
# mean_log_rec:
11.3675733504
# rec_dev:
 0.558703334121 0.519043590969 0.501682693166 0.495783638030 0.475655110997 0.455334158201 0.427402856073 0.408555224425 0.401483967856 0.370150579506 0.329607664632 0.307792369223 0.285537146600 0.250635493798 0.193472635748 0.142438368111 0.0983700497970 0.0623621486644 0.0152177863234 -0.0332948893358 -0.0536984869980 -0.0687419462888 -0.0827443703551 -0.118779358837 -0.145601919660 -0.145797514359 -0.162227639970 -0.182483498836 -0.198326622890 -0.231202410625 -0.274663302255 -0.305186087568 -0.347730190001 -0.377728813698 -0.305758431996 -0.245772766196 -0.239206977005 -0.228733675376 -0.231841579817 -0.233082869375 -0.228905166349 -0.221974061750 -0.219275123826 -0.225578339789 -0.219935682065 -0.213619622545 -0.206131024280 -0.169983564157 -0.120020142554 -0.130601374100 -0.130601363383
# log_avg_NatM:
-1.47890400000
# m_dev:
 0.00000000000 0.00000000000 0.00000000000 0.00000000000 0.00000000000 0.00000000000 0.00000000000 0.00000000000 0.00000000000 0.00000000000 0.00000000000 0.00000000000 0.00000000000 0.00000000000 0.00000000000 0.00000000000 0.00000000000 0.00000000000 0.00000000000 0.00000000000 0.00000000000 0.00000000000 0.00000000000 0.00000000000 0.00000000000 0.00000000000 0.00000000000 0.00000000000 0.00000000000 0.00000000000 0.00000000000 0.00000000000 0.00000000000 0.00000000000 0.00000000000 0.00000000000 0.00000000000 0.00000000000 0.00000000000 0.00000000000 0.00000000000 0.00000000000 0.00000000000 0.00000000000 0.00000000000 0.00000000000 0.00000000000 0.00000000000 0.00000000000 0.00000000000 0.00000000000
# log_avg_GrowthK:
-1.60943800000
# log_avg_Linf:
4.88280200000
# GrowthK_dev:
 0.00000000000 0.00000000000 0.00000000000 0.00000000000 0.00000000000 0.00000000000 0.00000000000 0.00000000000 0.00000000000 0.00000000000 0.00000000000 0.00000000000 0.00000000000 0.00000000000 0.00000000000 0.00000000000 0.00000000000 0.00000000000 0.00000000000 0.00000000000 0.00000000000 0.00000000000 0.00000000000 0.00000000000 0.00000000000 0.00000000000 0.00000000000 0.00000000000 0.00000000000 0.00000000000 0.00000000000 0.00000000000 0.00000000000 0.00000000000 0.00000000000 0.00000000000 0.00000000000 0.00000000000 0.00000000000 0.00000000000 0.00000000000 0.00000000000 0.00000000000 0.00000000000 0.00000000000 0.00000000000 0.00000000000 0.00000000000 0.00000000000 0.00000000000 0.00000000000
# Linf_dev:
 0.00000000000 0.00000000000 0.00000000000 0.00000000000 0.00000000000 0.00000000000 0.00000000000 0.00000000000 0.00000000000 0.00000000000 0.00000000000 0.00000000000 0.00000000000 0.00000000000 0.00000000000 0.00000000000 0.00000000000 0.00000000000 0.00000000000 0.00000000000 0.00000000000 0.00000000000 0.00000000000 0.00000000000 0.00000000000 0.00000000000 0.00000000000 0.00000000000 0.00000000000 0.00000000000 0.00000000000 0.00000000000 0.00000000000 0.00000000000 0.00000000000 0.00000000000 0.00000000000 0.00000000000 0.00000000000 0.00000000000 0.00000000000 0.00000000000 0.00000000000 0.00000000000 0.00000000000 0.00000000000 0.00000000000 0.00000000000 0.00000000000 0.00000000000 0.00000000000
# SelPars50:
2.23975417332
# SelPars95:
4.08308310565
# SelPars_dev50:
 0.00000000000 0.00000000000 0.00000000000 0.00000000000 0.00000000000 0.00000000000 0.00000000000 0.00000000000 0.00000000000 0.00000000000 0.00000000000 0.00000000000 0.00000000000 0.00000000000 0.00000000000 0.00000000000 0.00000000000 0.00000000000 0.00000000000 0.00000000000 0.00000000000 0.00000000000 0.00000000000 0.00000000000 0.00000000000 0.00000000000 0.00000000000 0.00000000000 0.00000000000 0.00000000000 0.00000000000 0.00000000000 0.00000000000 0.00000000000 0.00000000000 0.00000000000 0.00000000000 0.00000000000 0.00000000000 0.00000000000 0.00000000000 0.00000000000 0.00000000000 0.00000000000 0.00000000000 0.00000000000 0.00000000000 0.00000000000 0.00000000000 0.00000000000 0.00000000000
# SelPars_dev95:
 0.00000000000 0.00000000000 0.00000000000 0.00000000000 0.00000000000 0.00000000000 0.00000000000 0.00000000000 0.00000000000 0.00000000000 0.00000000000 0.00000000000 0.00000000000 0.00000000000 0.00000000000 0.00000000000 0.00000000000 0.00000000000 0.00000000000 0.00000000000 0.00000000000 0.00000000000 0.00000000000 0.00000000000 0.00000000000 0.00000000000 0.00000000000 0.00000000000 0.00000000000 0.00000000000 0.00000000000 0.00000000000 0.00000000000 0.00000000000 0.00000000000 0.00000000000 0.00000000000 0.00000000000 0.00000000000 0.00000000000 0.00000000000 0.00000000000 0.00000000000 0.00000000000 0.00000000000 0.00000000000 0.00000000000 0.00000000000 0.00000000000 0.00000000000 0.00000000000
