# Number of parameters = 131 Objective function value = 59890.3812981104  Maximum gradient component = 0.000928667060539671
# srv_sel50:
1.51210955565
# srv_sel95:
2.53653966912
# stNatLen:
 11.4366786511 11.2868865687 11.0806281091 10.8907671969 10.7034378280 10.4951232930 10.2632050796 10.0198070637 9.77895326155 9.55047899967 9.33956557870 9.14814886305 8.97633369373 8.82333145388 8.68798215996 8.56907863414 8.46547174513 8.37608041918 8.29996018559 8.23633037860 8.18447236071 8.14381781321 8.11374498617 8.09388536240 8.08401778620
# log_avg_fmort_dir:
-1.64963847316
# fmort_dir_dev:
 -1.86393171236 -1.87597706278 -1.35497277412 -0.909846765368 -0.741078848987 -0.526725080642 -0.330046275190 -0.216888486503 -0.0171752985414 0.0648190573668 0.0634633716445 0.302933856818 0.419582073428 0.355528892438 0.503273819828 0.510135075549 0.531382508633 0.485800980232 0.434428805277 0.353407979373 0.400763516919 0.375276238749 0.411054586545 0.316922298175 0.246256695717 0.273124829062 0.278104763015 0.275973165701 0.173620052206 0.168126886075 0.0986372750935 0.0908919930757 0.0972856085852 0.0631367620638 -0.0510304426287 0.0968704447906 -0.0650829231485 -0.00529502411202 -0.00568497394922 0.0241154028965 0.0885513266609 0.131785042331 0.0831553986113 0.0457354919544 0.00840836089931 0.138465437935 0.0204214363683 -0.0140443966075 -0.0163792989485 0.0627199298757
# mean_log_rec:
11.1560391732
# rec_dev:
 0.348686561458 0.327484897504 0.339164719092 0.347530223402 0.348952788604 0.345189131054 0.341424229246 0.335154165070 0.316264351103 0.301600627831 0.272424108914 0.232588892627 0.199827598029 0.155100612520 0.102332806354 0.0420478090677 -0.0210908519150 -0.0607044350045 -0.0873924329264 -0.104936447806 -0.127738801601 -0.155214072219 -0.169777886215 -0.185133757735 -0.193396636269 -0.207594895570 -0.220800739098 -0.233694007695 -0.229597581979 -0.203095734421 -0.196466640764 -0.187700066494 -0.177636682928 -0.155031402576 -0.144485337634 -0.144197029547 -0.140326038973 -0.138571075646 -0.130814836194 -0.126723851490 -0.110731559610 -0.0912958110504 -0.0820513003970 -0.0758496177111 -0.0726805815837 -0.0575423420778 -0.0361582634392 -0.0252415707671 -0.0310506577630 -0.0310505747747
# log_avg_NatM:
-1.60943800000
# m_dev:
 0.00000000000 0.00000000000 0.00000000000 0.00000000000 0.00000000000 0.00000000000 0.00000000000 0.00000000000 0.00000000000 0.00000000000 0.00000000000 0.00000000000 0.00000000000 0.00000000000 0.00000000000 0.00000000000 0.00000000000 0.00000000000 0.00000000000 0.00000000000 0.00000000000 0.00000000000 0.00000000000 0.00000000000 0.00000000000 0.00000000000 0.00000000000 0.00000000000 0.00000000000 0.00000000000 0.00000000000 0.00000000000 0.00000000000 0.00000000000 0.00000000000 0.00000000000 0.00000000000 0.00000000000 0.00000000000 0.00000000000 0.00000000000 0.00000000000 0.00000000000 0.00000000000 0.00000000000 0.00000000000 0.00000000000 0.00000000000 0.00000000000 0.00000000000
# log_avg_GrowthK:
-1.60943800000
# log_avg_Linf:
4.88280200000
# GrowthK_dev:
 0.00000000000 0.00000000000 0.00000000000 0.00000000000 0.00000000000 0.00000000000 0.00000000000 0.00000000000 0.00000000000 0.00000000000 0.00000000000 0.00000000000 0.00000000000 0.00000000000 0.00000000000 0.00000000000 0.00000000000 0.00000000000 0.00000000000 0.00000000000 0.00000000000 0.00000000000 0.00000000000 0.00000000000 0.00000000000 0.00000000000 0.00000000000 0.00000000000 0.00000000000 0.00000000000 0.00000000000 0.00000000000 0.00000000000 0.00000000000 0.00000000000 0.00000000000 0.00000000000 0.00000000000 0.00000000000 0.00000000000 0.00000000000 0.00000000000 0.00000000000 0.00000000000 0.00000000000 0.00000000000 0.00000000000 0.00000000000 0.00000000000 0.00000000000
# Linf_dev:
 0.00000000000 0.00000000000 0.00000000000 0.00000000000 0.00000000000 0.00000000000 0.00000000000 0.00000000000 0.00000000000 0.00000000000 0.00000000000 0.00000000000 0.00000000000 0.00000000000 0.00000000000 0.00000000000 0.00000000000 0.00000000000 0.00000000000 0.00000000000 0.00000000000 0.00000000000 0.00000000000 0.00000000000 0.00000000000 0.00000000000 0.00000000000 0.00000000000 0.00000000000 0.00000000000 0.00000000000 0.00000000000 0.00000000000 0.00000000000 0.00000000000 0.00000000000 0.00000000000 0.00000000000 0.00000000000 0.00000000000 0.00000000000 0.00000000000 0.00000000000 0.00000000000 0.00000000000 0.00000000000 0.00000000000 0.00000000000 0.00000000000 0.00000000000
# SelPars50:
2.06540040575
# SelPars95:
3.69043870956
# SelPars_dev50:
 0.00000000000 0.00000000000 0.00000000000 0.00000000000 0.00000000000 0.00000000000 0.00000000000 0.00000000000 0.00000000000 0.00000000000 0.00000000000 0.00000000000 0.00000000000 0.00000000000 0.00000000000 0.00000000000 0.00000000000 0.00000000000 0.00000000000 0.00000000000 0.00000000000 0.00000000000 0.00000000000 0.00000000000 0.00000000000 0.00000000000 0.00000000000 0.00000000000 0.00000000000 0.00000000000 0.00000000000 0.00000000000 0.00000000000 0.00000000000 0.00000000000 0.00000000000 0.00000000000 0.00000000000 0.00000000000 0.00000000000 0.00000000000 0.00000000000 0.00000000000 0.00000000000 0.00000000000 0.00000000000 0.00000000000 0.00000000000 0.00000000000 0.00000000000
# SelPars_dev95:
 0.00000000000 0.00000000000 0.00000000000 0.00000000000 0.00000000000 0.00000000000 0.00000000000 0.00000000000 0.00000000000 0.00000000000 0.00000000000 0.00000000000 0.00000000000 0.00000000000 0.00000000000 0.00000000000 0.00000000000 0.00000000000 0.00000000000 0.00000000000 0.00000000000 0.00000000000 0.00000000000 0.00000000000 0.00000000000 0.00000000000 0.00000000000 0.00000000000 0.00000000000 0.00000000000 0.00000000000 0.00000000000 0.00000000000 0.00000000000 0.00000000000 0.00000000000 0.00000000000 0.00000000000 0.00000000000 0.00000000000 0.00000000000 0.00000000000 0.00000000000 0.00000000000 0.00000000000 0.00000000000 0.00000000000 0.00000000000 0.00000000000 0.00000000000
