# Number of parameters = 137 Objective function value = 63456.0  Maximum gradient component = 0.000217641
# srv_sel50:
1.48867957665
# srv_sel95:
2.46809374604
# stNatLen:
 11.4779939195 11.3172639012 11.0874746627 10.8587495232 10.6347132377 10.4024832064 10.1576187232 9.90589184983 9.65662628669 9.41775676916 9.19435013914 8.98895040196 8.80238179789 8.63447489322 8.48455498397 8.35172208417 8.23501553017 8.13351669328 8.04636088954 7.97282626088 7.91236240089 7.86450329983 7.82892885613 7.80543667437 7.79380624705
# log_avg_fmort_dir:
-1.57606112294
# fmort_dir_dev:
 -0.426072107637 -0.586675180287 -0.390034106742 -0.209382426991 -0.0971669655350 -0.121188184133 0.0973607083795 0.106530797779 0.201368157795 0.277327837322 0.375189394755 0.412408753166 0.390034030225 0.319057493378 0.376477340582 0.310777360186 0.295445071678 0.192088231960 0.310280734306 0.247548103825 0.161059344676 0.143902722496 0.0768310950930 0.137241758318 0.126519099057 0.0641229371109 0.0421571383604 7.92422951955e-005 0.0420083347059 0.0700921911315 0.000959161150709 -0.0457139800454 -0.0456802717240 -0.0202422886210 -0.0968752564628 -0.0343501469138 0.00431442149963 0.0269545890571 -0.00924332700512 0.00999740275097 -0.0168882544646 -0.0767802090024 -0.137704229644 -0.0427731737292 -0.0686810837892 -0.0860848678491 -0.394937200822 -0.459658170709 -0.345408373362 -0.314067528937 -0.260091436598 -0.192617690482 -0.339816991552
# mean_log_rec:
11.0969359472
# rec_dev:
 0.422827688788 0.386155140476 0.365256540612 0.341650560762 0.321450511941 0.297154376775 0.286722958605 0.270893056203 0.242182118772 0.202359847228 0.149782430317 0.102061304502 0.0741059676511 0.0441687304361 0.00319117333686 -0.0193073472834 -0.0524781409062 -0.117574553801 -0.163532241359 -0.175903446441 -0.178025554319 -0.172447897266 -0.189139278162 -0.196673796837 -0.185678290954 -0.183386959103 -0.185935110035 -0.189346593698 -0.182430698202 -0.152761530810 -0.119473943823 -0.0868390179066 -0.0604625313987 -0.0449778059287 -0.0368476860299 -0.0506332294238 -0.0641618686859 -0.0821685482872 -0.107829908439 -0.105891639083 -0.106128503868 -0.102332818032 -0.0901353716278 -0.0681262814098 -0.0507629239264 -0.0402409532847 -0.0303225621054 -0.0174768202174 -0.00450897285435 0.0151617690273 0.0285755275911 0.0301215639648 0.0301215585176
# log_avg_NatM:
-1.60943800000
# m_dev:
 0.00000000000 0.00000000000 0.00000000000 0.00000000000 0.00000000000 0.00000000000 0.00000000000 0.00000000000 0.00000000000 0.00000000000 0.00000000000 0.00000000000 0.00000000000 0.00000000000 0.00000000000 0.00000000000 0.00000000000 0.00000000000 0.00000000000 0.00000000000 0.00000000000 0.00000000000 0.00000000000 0.00000000000 0.00000000000 0.00000000000 0.00000000000 0.00000000000 0.00000000000 0.00000000000 0.00000000000 0.00000000000 0.00000000000 0.00000000000 0.00000000000 0.00000000000 0.00000000000 0.00000000000 0.00000000000 0.00000000000 0.00000000000 0.00000000000 0.00000000000 0.00000000000 0.00000000000 0.00000000000 0.00000000000 0.00000000000 0.00000000000 0.00000000000 0.00000000000 0.00000000000 0.00000000000
# log_avg_GrowthK:
-1.60943800000
# log_avg_Linf:
4.88280200000
# GrowthK_dev:
 0.00000000000 0.00000000000 0.00000000000 0.00000000000 0.00000000000 0.00000000000 0.00000000000 0.00000000000 0.00000000000 0.00000000000 0.00000000000 0.00000000000 0.00000000000 0.00000000000 0.00000000000 0.00000000000 0.00000000000 0.00000000000 0.00000000000 0.00000000000 0.00000000000 0.00000000000 0.00000000000 0.00000000000 0.00000000000 0.00000000000 0.00000000000 0.00000000000 0.00000000000 0.00000000000 0.00000000000 0.00000000000 0.00000000000 0.00000000000 0.00000000000 0.00000000000 0.00000000000 0.00000000000 0.00000000000 0.00000000000 0.00000000000 0.00000000000 0.00000000000 0.00000000000 0.00000000000 0.00000000000 0.00000000000 0.00000000000 0.00000000000 0.00000000000 0.00000000000 0.00000000000 0.00000000000
# Linf_dev:
 0.00000000000 0.00000000000 0.00000000000 0.00000000000 0.00000000000 0.00000000000 0.00000000000 0.00000000000 0.00000000000 0.00000000000 0.00000000000 0.00000000000 0.00000000000 0.00000000000 0.00000000000 0.00000000000 0.00000000000 0.00000000000 0.00000000000 0.00000000000 0.00000000000 0.00000000000 0.00000000000 0.00000000000 0.00000000000 0.00000000000 0.00000000000 0.00000000000 0.00000000000 0.00000000000 0.00000000000 0.00000000000 0.00000000000 0.00000000000 0.00000000000 0.00000000000 0.00000000000 0.00000000000 0.00000000000 0.00000000000 0.00000000000 0.00000000000 0.00000000000 0.00000000000 0.00000000000 0.00000000000 0.00000000000 0.00000000000 0.00000000000 0.00000000000 0.00000000000 0.00000000000 0.00000000000
# SelPars50:
2.01854832474
# SelPars95:
3.57517038540
# SelPars_dev50:
 0.00000000000 0.00000000000 0.00000000000 0.00000000000 0.00000000000 0.00000000000 0.00000000000 0.00000000000 0.00000000000 0.00000000000 0.00000000000 0.00000000000 0.00000000000 0.00000000000 0.00000000000 0.00000000000 0.00000000000 0.00000000000 0.00000000000 0.00000000000 0.00000000000 0.00000000000 0.00000000000 0.00000000000 0.00000000000 0.00000000000 0.00000000000 0.00000000000 0.00000000000 0.00000000000 0.00000000000 0.00000000000 0.00000000000 0.00000000000 0.00000000000 0.00000000000 0.00000000000 0.00000000000 0.00000000000 0.00000000000 0.00000000000 0.00000000000 0.00000000000 0.00000000000 0.00000000000 0.00000000000 0.00000000000 0.00000000000 0.00000000000 0.00000000000 0.00000000000 0.00000000000 0.00000000000
# SelPars_dev95:
 0.00000000000 0.00000000000 0.00000000000 0.00000000000 0.00000000000 0.00000000000 0.00000000000 0.00000000000 0.00000000000 0.00000000000 0.00000000000 0.00000000000 0.00000000000 0.00000000000 0.00000000000 0.00000000000 0.00000000000 0.00000000000 0.00000000000 0.00000000000 0.00000000000 0.00000000000 0.00000000000 0.00000000000 0.00000000000 0.00000000000 0.00000000000 0.00000000000 0.00000000000 0.00000000000 0.00000000000 0.00000000000 0.00000000000 0.00000000000 0.00000000000 0.00000000000 0.00000000000 0.00000000000 0.00000000000 0.00000000000 0.00000000000 0.00000000000 0.00000000000 0.00000000000 0.00000000000 0.00000000000 0.00000000000 0.00000000000 0.00000000000 0.00000000000 0.00000000000 0.00000000000 0.00000000000
