# Number of parameters = 141 Objective function value = 65961.5  Maximum gradient component = 0.000353599
# srv_sel50:
1.53423009474
# srv_sel95:
2.60355118610
# stNatLen:
 11.4191179016 11.2659411017 11.0517541792 10.8559636461 10.6695419133 10.4676793691 10.2424868374 10.0017261958 9.75800596746 9.52183681436 9.29983022899 9.09532398532 8.90951753782 8.74239243115 8.59330424309 8.46135836231 8.34560116223 8.24513944439 8.15915249724 8.08691532145 8.02778470384 7.98124257969 7.94682674084 7.92418027659 7.91303049003
# log_avg_fmort_dir:
-1.64271028125
# fmort_dir_dev:
 -1.69388465953 -1.78052502621 -1.33603930957 -0.884950832312 -0.683591143169 -0.502130288421 -0.327463804106 -0.139567806466 -0.0487676139266 0.0672137087946 0.231636347872 0.247501706205 0.359820411772 0.468409851063 0.520326522453 0.508888784411 0.484316726852 0.433844347874 0.484951896854 0.441931447039 0.414233933181 0.345769646317 0.448160293175 0.357932312690 0.322768354604 0.293666968087 0.250852098735 0.248631551194 0.264355143869 0.172659816559 0.187646673268 0.199058136647 0.0330828021782 0.0689630522290 0.115552850820 -0.0133648883361 -0.0234022975471 0.0148253531636 0.0675943829691 0.0723001373292 0.0250188787706 0.0584691092222 0.0694114548555 0.0507915112390 0.0994751406761 0.112801555980 0.00895513752276 0.0536203124183 0.000259235017957 0.0230941855948 -0.248436814169 -0.249355022540 -0.297152867638 -0.189742565747 -0.210416839814
# mean_log_rec:
11.1493235700
# rec_dev:
 0.346742872487 0.332833256508 0.346849274548 0.354369985780 0.359375286396 0.361526873428 0.353804755731 0.341943630390 0.327630241065 0.305403884640 0.289115458997 0.262178620930 0.222290793751 0.178849506757 0.119905200427 0.0548746011934 -0.00173118049619 -0.0401505213880 -0.0593637678062 -0.0849911349923 -0.0986679298587 -0.119084041240 -0.139865890062 -0.167773793229 -0.177281759594 -0.185309594142 -0.197990787557 -0.210690942257 -0.219370636025 -0.218121997884 -0.220995789850 -0.218640649522 -0.211693092550 -0.219942616532 -0.206790460263 -0.196887134359 -0.198186371477 -0.176550691712 -0.165478909332 -0.161352393030 -0.135587558260 -0.112245490526 -0.0892960667728 -0.0690380144897 -0.0716903085929 -0.0858749836566 -0.0985856782384 -0.0870617232366 -0.0539821176961 -0.0291945327939 -0.0147973700236 0.0159592159001 0.0540777691675 0.0582673393240 0.0582673620240
# log_avg_NatM:
-1.60727900000
# m_dev:
 0.00000000000 0.00000000000 0.00000000000 0.00000000000 0.00000000000 0.00000000000 0.00000000000 0.00000000000 0.00000000000 0.00000000000 0.00000000000 0.00000000000 0.00000000000 0.00000000000 0.00000000000 0.00000000000 0.00000000000 0.00000000000 0.00000000000 0.00000000000 0.00000000000 0.00000000000 0.00000000000 0.00000000000 0.00000000000 0.00000000000 0.00000000000 0.00000000000 0.00000000000 0.00000000000 0.00000000000 0.00000000000 0.00000000000 0.00000000000 0.00000000000 0.00000000000 0.00000000000 0.00000000000 0.00000000000 0.00000000000 0.00000000000 0.00000000000 0.00000000000 0.00000000000 0.00000000000 0.00000000000 0.00000000000 0.00000000000 0.00000000000 0.00000000000 0.00000000000 0.00000000000 0.00000000000 0.00000000000 0.00000000000
# log_avg_GrowthK:
-1.60468500000
# log_avg_Linf:
4.82358000000
# GrowthK_dev:
 0.00000000000 0.00000000000 0.00000000000 0.00000000000 0.00000000000 0.00000000000 0.00000000000 0.00000000000 0.00000000000 0.00000000000 0.00000000000 0.00000000000 0.00000000000 0.00000000000 0.00000000000 0.00000000000 0.00000000000 0.00000000000 0.00000000000 0.00000000000 0.00000000000 0.00000000000 0.00000000000 0.00000000000 0.00000000000 0.00000000000 0.00000000000 0.00000000000 0.00000000000 0.00000000000 0.00000000000 0.00000000000 0.00000000000 0.00000000000 0.00000000000 0.00000000000 0.00000000000 0.00000000000 0.00000000000 0.00000000000 0.00000000000 0.00000000000 0.00000000000 0.00000000000 0.00000000000 0.00000000000 0.00000000000 0.00000000000 0.00000000000 0.00000000000 0.00000000000 0.00000000000 0.00000000000 0.00000000000 0.00000000000
# Linf_dev:
 0.00000000000 0.00000000000 0.00000000000 0.00000000000 0.00000000000 0.00000000000 0.00000000000 0.00000000000 0.00000000000 0.00000000000 0.00000000000 0.00000000000 0.00000000000 0.00000000000 0.00000000000 0.00000000000 0.00000000000 0.00000000000 0.00000000000 0.00000000000 0.00000000000 0.00000000000 0.00000000000 0.00000000000 0.00000000000 0.00000000000 0.00000000000 0.00000000000 0.00000000000 0.00000000000 0.00000000000 0.00000000000 0.00000000000 0.00000000000 0.00000000000 0.00000000000 0.00000000000 0.00000000000 0.00000000000 0.00000000000 0.00000000000 0.00000000000 0.00000000000 0.00000000000 0.00000000000 0.00000000000 0.00000000000 0.00000000000 0.00000000000 0.00000000000 0.00000000000 0.00000000000 0.00000000000 0.00000000000 0.00000000000
# SelPars50:
2.09344706329
# SelPars95:
3.76088278608
# SelPars_dev50:
 0.00000000000 0.00000000000 0.00000000000 0.00000000000 0.00000000000 0.00000000000 0.00000000000 0.00000000000 0.00000000000 0.00000000000 0.00000000000 0.00000000000 0.00000000000 0.00000000000 0.00000000000 0.00000000000 0.00000000000 0.00000000000 0.00000000000 0.00000000000 0.00000000000 0.00000000000 0.00000000000 0.00000000000 0.00000000000 0.00000000000 0.00000000000 0.00000000000 0.00000000000 0.00000000000 0.00000000000 0.00000000000 0.00000000000 0.00000000000 0.00000000000 0.00000000000 0.00000000000 0.00000000000 0.00000000000 0.00000000000 0.00000000000 0.00000000000 0.00000000000 0.00000000000 0.00000000000 0.00000000000 0.00000000000 0.00000000000 0.00000000000 0.00000000000 0.00000000000 0.00000000000 0.00000000000 0.00000000000 0.00000000000
# SelPars_dev95:
 0.00000000000 0.00000000000 0.00000000000 0.00000000000 0.00000000000 0.00000000000 0.00000000000 0.00000000000 0.00000000000 0.00000000000 0.00000000000 0.00000000000 0.00000000000 0.00000000000 0.00000000000 0.00000000000 0.00000000000 0.00000000000 0.00000000000 0.00000000000 0.00000000000 0.00000000000 0.00000000000 0.00000000000 0.00000000000 0.00000000000 0.00000000000 0.00000000000 0.00000000000 0.00000000000 0.00000000000 0.00000000000 0.00000000000 0.00000000000 0.00000000000 0.00000000000 0.00000000000 0.00000000000 0.00000000000 0.00000000000 0.00000000000 0.00000000000 0.00000000000 0.00000000000 0.00000000000 0.00000000000 0.00000000000 0.00000000000 0.00000000000 0.00000000000 0.00000000000 0.00000000000 0.00000000000 0.00000000000 0.00000000000
