# Number of parameters = 135 Objective function value = 62225.9  Maximum gradient component = 0.00270749
# srv_sel50:
1.54127954922
# srv_sel95:
2.62708070627
# stNatLen:
 11.4722689076 11.2953457622 11.0467356574 10.8121357321 10.5916693635 10.3664603758 10.1275164879 9.87831861642 9.62788943936 9.38492375658 9.15551498539 8.94310397488 8.74918488391 8.57402780724 8.41722952532 8.27804701367 8.15563497723 8.04912363196 7.95770999588 7.88062218092 7.81723388581 7.76704942581 7.72968296747 7.70486432023 7.69251965554
# log_avg_fmort_dir:
-1.52565015795
# fmort_dir_dev:
 -0.617447126719 -0.608417649105 -0.423150531218 -0.343550436099 -0.227755175221 -0.0383798117595 0.145292998051 0.192446329645 0.261109260324 0.265451130568 0.299095059196 0.442180075551 0.403618441508 0.369110944321 0.337086970510 0.280794733713 0.314748254475 0.295066504531 0.235891020182 0.224117781140 0.230677571933 0.218542185831 0.158720442155 0.148854858593 0.0873568244833 0.0573991681929 0.0711773098249 0.0201409853840 0.0574668570928 -0.0109986193637 -0.0208005722993 -0.0864874861332 -0.0398871202616 -0.0507368274936 0.0108986003069 -0.0581802896843 -0.0602404359712 -0.142508403475 -0.215318438341 -0.100188125621 -0.0386367137504 -0.123934309976 -0.129410035538 -0.105057124618 -0.0870300297224 -0.0496689118613 -0.235554187030 -0.182513972284 -0.232154852938 -0.280309430283 -0.284868338919 -0.334059351826
# mean_log_rec:
11.1259517064
# rec_dev:
 0.382429187436 0.358081486554 0.361981472353 0.358546510063 0.344028926383 0.328265740307 0.296347932153 0.265635243978 0.232271234385 0.201883806129 0.140729063830 0.0644639868181 0.00496007519527 -0.0451273921297 -0.0797178316535 -0.0885075638396 -0.111017595098 -0.129810386391 -0.145861906857 -0.167015687263 -0.180885971820 -0.194479021788 -0.206350197251 -0.197797534732 -0.173241914105 -0.167715793200 -0.157558608204 -0.145337420236 -0.147131542899 -0.131056316672 -0.113620269957 -0.101073871498 -0.102323690595 -0.104051135257 -0.111129113710 -0.117121708510 -0.114834863772 -0.105879170468 -0.0978535635897 -0.0813784310065 -0.0511631370949 -0.0301592375320 -0.0338527740162 -0.0494366359609 -0.0441941056816 -0.0211924034067 0.0151854351024 0.0424860220749 0.0699163806711 0.0955415804114 0.0925613437469 0.0925613686063
# log_avg_NatM:
-1.60943800000
# m_dev:
 0.00000000000 0.00000000000 0.00000000000 0.00000000000 0.00000000000 0.00000000000 0.00000000000 0.00000000000 0.00000000000 0.00000000000 0.00000000000 0.00000000000 0.00000000000 0.00000000000 0.00000000000 0.00000000000 0.00000000000 0.00000000000 0.00000000000 0.00000000000 0.00000000000 0.00000000000 0.00000000000 0.00000000000 0.00000000000 0.00000000000 0.00000000000 0.00000000000 0.00000000000 0.00000000000 0.00000000000 0.00000000000 0.00000000000 0.00000000000 0.00000000000 0.00000000000 0.00000000000 0.00000000000 0.00000000000 0.00000000000 0.00000000000 0.00000000000 0.00000000000 0.00000000000 0.00000000000 0.00000000000 0.00000000000 0.00000000000 0.00000000000 0.00000000000 0.00000000000 0.00000000000
# log_avg_GrowthK:
-1.60943800000
# log_avg_Linf:
4.88280200000
# GrowthK_dev:
 0.00000000000 0.00000000000 0.00000000000 0.00000000000 0.00000000000 0.00000000000 0.00000000000 0.00000000000 0.00000000000 0.00000000000 0.00000000000 0.00000000000 0.00000000000 0.00000000000 0.00000000000 0.00000000000 0.00000000000 0.00000000000 0.00000000000 0.00000000000 0.00000000000 0.00000000000 0.00000000000 0.00000000000 0.00000000000 0.00000000000 0.00000000000 0.00000000000 0.00000000000 0.00000000000 0.00000000000 0.00000000000 0.00000000000 0.00000000000 0.00000000000 0.00000000000 0.00000000000 0.00000000000 0.00000000000 0.00000000000 0.00000000000 0.00000000000 0.00000000000 0.00000000000 0.00000000000 0.00000000000 0.00000000000 0.00000000000 0.00000000000 0.00000000000 0.00000000000 0.00000000000
# Linf_dev:
 0.00000000000 0.00000000000 0.00000000000 0.00000000000 0.00000000000 0.00000000000 0.00000000000 0.00000000000 0.00000000000 0.00000000000 0.00000000000 0.00000000000 0.00000000000 0.00000000000 0.00000000000 0.00000000000 0.00000000000 0.00000000000 0.00000000000 0.00000000000 0.00000000000 0.00000000000 0.00000000000 0.00000000000 0.00000000000 0.00000000000 0.00000000000 0.00000000000 0.00000000000 0.00000000000 0.00000000000 0.00000000000 0.00000000000 0.00000000000 0.00000000000 0.00000000000 0.00000000000 0.00000000000 0.00000000000 0.00000000000 0.00000000000 0.00000000000 0.00000000000 0.00000000000 0.00000000000 0.00000000000 0.00000000000 0.00000000000 0.00000000000 0.00000000000 0.00000000000 0.00000000000
# SelPars50:
2.07764990670
# SelPars95:
3.71050673554
# SelPars_dev50:
 0.00000000000 0.00000000000 0.00000000000 0.00000000000 0.00000000000 0.00000000000 0.00000000000 0.00000000000 0.00000000000 0.00000000000 0.00000000000 0.00000000000 0.00000000000 0.00000000000 0.00000000000 0.00000000000 0.00000000000 0.00000000000 0.00000000000 0.00000000000 0.00000000000 0.00000000000 0.00000000000 0.00000000000 0.00000000000 0.00000000000 0.00000000000 0.00000000000 0.00000000000 0.00000000000 0.00000000000 0.00000000000 0.00000000000 0.00000000000 0.00000000000 0.00000000000 0.00000000000 0.00000000000 0.00000000000 0.00000000000 0.00000000000 0.00000000000 0.00000000000 0.00000000000 0.00000000000 0.00000000000 0.00000000000 0.00000000000 0.00000000000 0.00000000000 0.00000000000 0.00000000000
# SelPars_dev95:
 0.00000000000 0.00000000000 0.00000000000 0.00000000000 0.00000000000 0.00000000000 0.00000000000 0.00000000000 0.00000000000 0.00000000000 0.00000000000 0.00000000000 0.00000000000 0.00000000000 0.00000000000 0.00000000000 0.00000000000 0.00000000000 0.00000000000 0.00000000000 0.00000000000 0.00000000000 0.00000000000 0.00000000000 0.00000000000 0.00000000000 0.00000000000 0.00000000000 0.00000000000 0.00000000000 0.00000000000 0.00000000000 0.00000000000 0.00000000000 0.00000000000 0.00000000000 0.00000000000 0.00000000000 0.00000000000 0.00000000000 0.00000000000 0.00000000000 0.00000000000 0.00000000000 0.00000000000 0.00000000000 0.00000000000 0.00000000000 0.00000000000 0.00000000000 0.00000000000 0.00000000000
