# Number of parameters = 135 Objective function value = 62247.4  Maximum gradient component = 0.000687831
# srv_sel50:
1.69844006849
# srv_sel95:
3.06653453755
# stNatLen:
 11.8517762560 11.6635485283 11.3885656053 11.1597065633 10.9792390073 10.8069536612 10.6092816731 10.3751853457 10.1127112227 9.83761773740 9.56459711990 9.30392978952 9.06156693787 8.84032145255 8.64105710867 8.46358009361 8.30716578308 8.17086724755 8.05374184475 7.95489869587 7.87363615482 7.80934995592 7.76154765672 7.72989470480 7.71416129702
# log_avg_fmort_dir:
-1.63502140651
# fmort_dir_dev:
 -2.00636232651 -1.98638185163 -1.36644039756 -1.02077944779 -0.770434132521 -0.596266985649 -0.459586593902 -0.206590793489 -0.0750889669233 -0.0165668074196 0.0766174732977 0.195602040809 0.361984588133 0.410169512043 0.484798664570 0.453437055116 0.413003006777 0.334911486579 0.360304720943 0.464730721703 0.368366352406 0.289772705998 0.320024932212 0.213803201424 0.247934545789 0.200216076834 0.222644286302 0.160247129040 0.176027089542 0.0951798090064 0.214800648974 0.197974327771 0.142520923755 0.0841512429032 0.163927923857 0.108354556032 0.140311096781 0.102855134749 0.135583110112 0.0862391371764 0.146009416652 0.0888400052901 0.161931440541 0.111504857331 0.110598814103 0.0911258404184 0.0867319643723 0.124853785253 0.0776311565303 0.0112041676061 0.0630229556431 0.204550399016
# mean_log_rec:
11.3784605514
# rec_dev:
 0.520671074164 0.496946455380 0.492886232108 0.481703829951 0.464591538819 0.452461143588 0.428297313462 0.399173839322 0.364461702615 0.326184359540 0.290950746804 0.249469579579 0.213541860090 0.185474603998 0.147570548521 0.115264509133 0.0787203173763 0.0388033624465 -0.00455398159353 -0.0564313361549 -0.102555313611 -0.115443724207 -0.127147477280 -0.144267900814 -0.147275889565 -0.158966140935 -0.183205107222 -0.208458444739 -0.221161597856 -0.246142307968 -0.295328616836 -0.329424139195 -0.369727878119 -0.406277537360 -0.324953528964 -0.244027950389 -0.248259806696 -0.256562218606 -0.233622884920 -0.209543305226 -0.207991056840 -0.211727353001 -0.209529247386 -0.176504618762 -0.150240931812 -0.132551173238 -0.0990442211813 -0.0718942339188 -0.0146652805758 0.0564671675859 0.0519224487696 0.0519225717156
# log_avg_NatM:
-1.48001900000
# m_dev:
 0.00000000000 0.00000000000 0.00000000000 0.00000000000 0.00000000000 0.00000000000 0.00000000000 0.00000000000 0.00000000000 0.00000000000 0.00000000000 0.00000000000 0.00000000000 0.00000000000 0.00000000000 0.00000000000 0.00000000000 0.00000000000 0.00000000000 0.00000000000 0.00000000000 0.00000000000 0.00000000000 0.00000000000 0.00000000000 0.00000000000 0.00000000000 0.00000000000 0.00000000000 0.00000000000 0.00000000000 0.00000000000 0.00000000000 0.00000000000 0.00000000000 0.00000000000 0.00000000000 0.00000000000 0.00000000000 0.00000000000 0.00000000000 0.00000000000 0.00000000000 0.00000000000 0.00000000000 0.00000000000 0.00000000000 0.00000000000 0.00000000000 0.00000000000 0.00000000000 0.00000000000
# log_avg_GrowthK:
-1.62938600000
# log_avg_Linf:
4.91074200000
# GrowthK_dev:
 0.00000000000 0.00000000000 0.00000000000 0.00000000000 0.00000000000 0.00000000000 0.00000000000 0.00000000000 0.00000000000 0.00000000000 0.00000000000 0.00000000000 0.00000000000 0.00000000000 0.00000000000 0.00000000000 0.00000000000 0.00000000000 0.00000000000 0.00000000000 0.00000000000 0.00000000000 0.00000000000 0.00000000000 0.00000000000 0.00000000000 0.00000000000 0.00000000000 0.00000000000 0.00000000000 0.00000000000 0.00000000000 0.00000000000 0.00000000000 0.00000000000 0.00000000000 0.00000000000 0.00000000000 0.00000000000 0.00000000000 0.00000000000 0.00000000000 0.00000000000 0.00000000000 0.00000000000 0.00000000000 0.00000000000 0.00000000000 0.00000000000 0.00000000000 0.00000000000 0.00000000000
# Linf_dev:
 0.00000000000 0.00000000000 0.00000000000 0.00000000000 0.00000000000 0.00000000000 0.00000000000 0.00000000000 0.00000000000 0.00000000000 0.00000000000 0.00000000000 0.00000000000 0.00000000000 0.00000000000 0.00000000000 0.00000000000 0.00000000000 0.00000000000 0.00000000000 0.00000000000 0.00000000000 0.00000000000 0.00000000000 0.00000000000 0.00000000000 0.00000000000 0.00000000000 0.00000000000 0.00000000000 0.00000000000 0.00000000000 0.00000000000 0.00000000000 0.00000000000 0.00000000000 0.00000000000 0.00000000000 0.00000000000 0.00000000000 0.00000000000 0.00000000000 0.00000000000 0.00000000000 0.00000000000 0.00000000000 0.00000000000 0.00000000000 0.00000000000 0.00000000000 0.00000000000 0.00000000000
# SelPars50:
2.30825789735
# SelPars95:
4.23527368195
# SelPars_dev50:
 0.00000000000 0.00000000000 0.00000000000 0.00000000000 0.00000000000 0.00000000000 0.00000000000 0.00000000000 0.00000000000 0.00000000000 0.00000000000 0.00000000000 0.00000000000 0.00000000000 0.00000000000 0.00000000000 0.00000000000 0.00000000000 0.00000000000 0.00000000000 0.00000000000 0.00000000000 0.00000000000 0.00000000000 0.00000000000 0.00000000000 0.00000000000 0.00000000000 0.00000000000 0.00000000000 0.00000000000 0.00000000000 0.00000000000 0.00000000000 0.00000000000 0.00000000000 0.00000000000 0.00000000000 0.00000000000 0.00000000000 0.00000000000 0.00000000000 0.00000000000 0.00000000000 0.00000000000 0.00000000000 0.00000000000 0.00000000000 0.00000000000 0.00000000000 0.00000000000 0.00000000000
# SelPars_dev95:
 0.00000000000 0.00000000000 0.00000000000 0.00000000000 0.00000000000 0.00000000000 0.00000000000 0.00000000000 0.00000000000 0.00000000000 0.00000000000 0.00000000000 0.00000000000 0.00000000000 0.00000000000 0.00000000000 0.00000000000 0.00000000000 0.00000000000 0.00000000000 0.00000000000 0.00000000000 0.00000000000 0.00000000000 0.00000000000 0.00000000000 0.00000000000 0.00000000000 0.00000000000 0.00000000000 0.00000000000 0.00000000000 0.00000000000 0.00000000000 0.00000000000 0.00000000000 0.00000000000 0.00000000000 0.00000000000 0.00000000000 0.00000000000 0.00000000000 0.00000000000 0.00000000000 0.00000000000 0.00000000000 0.00000000000 0.00000000000 0.00000000000 0.00000000000 0.00000000000 0.00000000000
