# Number of parameters = 145 Objective function value = 68361.5  Maximum gradient component = 0.000507131
# srv_sel50:
1.51020287469
# srv_sel95:
2.52762271003
# stNatLen:
 11.4806982595 11.3105069260 11.0624608932 10.8262278770 10.6014124970 10.3697947126 10.1257127518 9.87549122650 9.62888302118 9.39376559610 9.17488784908 8.97442280623 8.79288947857 8.62989865932 8.48462104902 8.35606887993 8.24325874841 8.14531088968 8.06143367818 7.99097095281 7.93328222445 7.88782317366 7.85419910858 7.83201559293 7.82095873181
# log_avg_fmort_dir:
-1.55939968335
# fmort_dir_dev:
 -0.684553751501 -0.647121711182 -0.459593780103 -0.251231917703 -0.0754976240008 0.0263843828469 0.122497625777 0.155532819406 0.154591473011 0.310242051088 0.411036606875 0.373759750430 0.332401878050 0.398332826289 0.360043001809 0.379093533322 0.334377737986 0.308476015837 0.276639542145 0.225949706485 0.206620465240 0.275818335976 0.168472489109 0.223949372427 0.0761174242000 0.125760187692 0.111954471412 0.0301151358724 0.0630922685186 -0.0132413410849 -0.0676372702465 -0.0800433096164 0.0337598590666 -0.0328389373891 -0.0260640514941 -0.0378634743953 -0.0432782015313 -0.0445903541710 0.0313591471697 -0.0289726688140 0.0248010013023 0.0445699866485 0.0373960753810 6.07413629022e-005 0.00134141280378 -0.0728834671239 -0.646305313105 -0.561877491040 -0.285858439143 -0.149001619871 -0.118086745414 -0.190888760704 -0.222371445413 -0.208037266208 -0.336799882414 -0.209713478766 -0.130195023103
# mean_log_rec:
11.1055884107
# rec_dev:
 0.428541908705 0.406025873658 0.395199258940 0.380631251800 0.364003548786 0.328158266139 0.290928057285 0.254645445494 0.209552970611 0.160794819271 0.116285894897 0.0656467008360 0.0230799967739 -0.0191442559953 -0.0746906421813 -0.109667196039 -0.116832852419 -0.125125061491 -0.132028887885 -0.141994824074 -0.146978574177 -0.146337123460 -0.139729980183 -0.147249011662 -0.163887581930 -0.169375157090 -0.158687212526 -0.166811222262 -0.162481586349 -0.150914130246 -0.147321953690 -0.138261486307 -0.122400350129 -0.110808753478 -0.106856861875 -0.109020437277 -0.0919837891497 -0.0787180191524 -0.0682374712088 -0.0563881997621 -0.0526899618651 -0.0446655399958 -0.0469539872974 -0.0485362002053 -0.0426603843233 -0.0561990155011 -0.0621099762662 -0.0276845082775 0.0116170319288 0.0311065000821 0.0284295820929 0.0192612137577 0.00748671070169 0.0238712649783 0.0490843511465 0.0445407855469 0.0445407622975
# log_avg_NatM:
-1.60943800000
# m_dev:
 0.00000000000 0.00000000000 0.00000000000 0.00000000000 0.00000000000 0.00000000000 0.00000000000 0.00000000000 0.00000000000 0.00000000000 0.00000000000 0.00000000000 0.00000000000 0.00000000000 0.00000000000 0.00000000000 0.00000000000 0.00000000000 0.00000000000 0.00000000000 0.00000000000 0.00000000000 0.00000000000 0.00000000000 0.00000000000 0.00000000000 0.00000000000 0.00000000000 0.00000000000 0.00000000000 0.00000000000 0.00000000000 0.00000000000 0.00000000000 0.00000000000 0.00000000000 0.00000000000 0.00000000000 0.00000000000 0.00000000000 0.00000000000 0.00000000000 0.00000000000 0.00000000000 0.00000000000 0.00000000000 0.00000000000 0.00000000000 0.00000000000 0.00000000000 0.00000000000 0.00000000000 0.00000000000 0.00000000000 0.00000000000 0.00000000000 0.00000000000
# log_avg_GrowthK:
-1.60943800000
# log_avg_Linf:
4.88280200000
# GrowthK_dev:
 0.00000000000 0.00000000000 0.00000000000 0.00000000000 0.00000000000 0.00000000000 0.00000000000 0.00000000000 0.00000000000 0.00000000000 0.00000000000 0.00000000000 0.00000000000 0.00000000000 0.00000000000 0.00000000000 0.00000000000 0.00000000000 0.00000000000 0.00000000000 0.00000000000 0.00000000000 0.00000000000 0.00000000000 0.00000000000 0.00000000000 0.00000000000 0.00000000000 0.00000000000 0.00000000000 0.00000000000 0.00000000000 0.00000000000 0.00000000000 0.00000000000 0.00000000000 0.00000000000 0.00000000000 0.00000000000 0.00000000000 0.00000000000 0.00000000000 0.00000000000 0.00000000000 0.00000000000 0.00000000000 0.00000000000 0.00000000000 0.00000000000 0.00000000000 0.00000000000 0.00000000000 0.00000000000 0.00000000000 0.00000000000 0.00000000000 0.00000000000
# Linf_dev:
 0.00000000000 0.00000000000 0.00000000000 0.00000000000 0.00000000000 0.00000000000 0.00000000000 0.00000000000 0.00000000000 0.00000000000 0.00000000000 0.00000000000 0.00000000000 0.00000000000 0.00000000000 0.00000000000 0.00000000000 0.00000000000 0.00000000000 0.00000000000 0.00000000000 0.00000000000 0.00000000000 0.00000000000 0.00000000000 0.00000000000 0.00000000000 0.00000000000 0.00000000000 0.00000000000 0.00000000000 0.00000000000 0.00000000000 0.00000000000 0.00000000000 0.00000000000 0.00000000000 0.00000000000 0.00000000000 0.00000000000 0.00000000000 0.00000000000 0.00000000000 0.00000000000 0.00000000000 0.00000000000 0.00000000000 0.00000000000 0.00000000000 0.00000000000 0.00000000000 0.00000000000 0.00000000000 0.00000000000 0.00000000000 0.00000000000 0.00000000000
# SelPars50:
2.08454613453
# SelPars95:
3.75571419825
# SelPars_dev50:
 0.00000000000 0.00000000000 0.00000000000 0.00000000000 0.00000000000 0.00000000000 0.00000000000 0.00000000000 0.00000000000 0.00000000000 0.00000000000 0.00000000000 0.00000000000 0.00000000000 0.00000000000 0.00000000000 0.00000000000 0.00000000000 0.00000000000 0.00000000000 0.00000000000 0.00000000000 0.00000000000 0.00000000000 0.00000000000 0.00000000000 0.00000000000 0.00000000000 0.00000000000 0.00000000000 0.00000000000 0.00000000000 0.00000000000 0.00000000000 0.00000000000 0.00000000000 0.00000000000 0.00000000000 0.00000000000 0.00000000000 0.00000000000 0.00000000000 0.00000000000 0.00000000000 0.00000000000 0.00000000000 0.00000000000 0.00000000000 0.00000000000 0.00000000000 0.00000000000 0.00000000000 0.00000000000 0.00000000000 0.00000000000 0.00000000000 0.00000000000
# SelPars_dev95:
 0.00000000000 0.00000000000 0.00000000000 0.00000000000 0.00000000000 0.00000000000 0.00000000000 0.00000000000 0.00000000000 0.00000000000 0.00000000000 0.00000000000 0.00000000000 0.00000000000 0.00000000000 0.00000000000 0.00000000000 0.00000000000 0.00000000000 0.00000000000 0.00000000000 0.00000000000 0.00000000000 0.00000000000 0.00000000000 0.00000000000 0.00000000000 0.00000000000 0.00000000000 0.00000000000 0.00000000000 0.00000000000 0.00000000000 0.00000000000 0.00000000000 0.00000000000 0.00000000000 0.00000000000 0.00000000000 0.00000000000 0.00000000000 0.00000000000 0.00000000000 0.00000000000 0.00000000000 0.00000000000 0.00000000000 0.00000000000 0.00000000000 0.00000000000 0.00000000000 0.00000000000 0.00000000000 0.00000000000 0.00000000000 0.00000000000 0.00000000000
