# Number of parameters = 167 Objective function value = 81538.7  Maximum gradient component = 0.000130990
# srv_sel50:
1.61400677523
# srv_sel95:
2.81870811588
# stNatLen:
 11.8684757919 11.6985022820 11.4461509531 11.2284764961 11.0511180545 10.8792636368 10.6809135419 10.4446378069 10.1783021291 9.89813283558 9.61951555619 9.35330205521 9.10579008957 8.87995857854 8.67672166998 8.49585709585 8.33657815701 8.19786506348 8.07870983972 7.97815826477 7.89543374631 7.82990667685 7.78110178559 7.74869846366 7.73250334869
# log_avg_fmort_dir:
-1.62807151554
# fmort_dir_dev:
 -2.09036842501 -1.99792791200 -1.34959449454 -1.13029491522 -0.753199114111 -0.573303924286 -0.399666946522 -0.266907275897 -0.151471484183 -0.0418395373254 0.0692729470134 0.200270727942 0.300016046456 0.276328735041 0.450347535753 0.460493704106 0.327870777094 0.375247788027 0.270289143576 0.355460961644 0.298996212216 0.232930445107 0.255090997288 0.166785894400 0.155101748723 0.207906066720 0.131382845554 0.239776526162 0.110681858701 0.0710156235537 0.0674406587478 0.0762008209742 0.157025589529 0.0923069235004 0.0903379508269 0.0365964942271 0.0179722158295 0.0838238222068 0.151764353024 0.115261040623 0.0655466720281 0.0282961271309 0.0279253215035 0.130693723875 0.0945211405888 0.0358176037797 0.00604044387909 0.0897750605543 0.00729208108977 -0.0458204750785 0.490994426887 0.272075292730 0.396236062122 0.0803677001530 0.0400579313836 -0.141663456956 0.227087752011 0.199750164700 0.402596487718 0.281107227081 0.0812408944152 0.0376308556764 0.0799319969320 0.100950297787 -0.0907058327217 0.0806582979379 -0.0599104863565 -0.00791573631973
# mean_log_rec:
11.3066797700
# rec_dev:
 0.609877187455 0.575278160583 0.558888366437 0.539422188382 0.517881530753 0.501599445126 0.479733240839 0.466038446496 0.443602302715 0.415029028398 0.387896280600 0.353964673218 0.323306591794 0.272549549101 0.209586215740 0.164778403915 0.110882291269 0.0592031936355 0.000416372349793 -0.0356549969364 -0.0288005357552 -0.0383742407291 -0.0540175742187 -0.0737713092162 -0.0921958748335 -0.107146341011 -0.127513095378 -0.155627261084 -0.150471732362 -0.142944531999 -0.152345176663 -0.184414554622 -0.263566799011 -0.295184882002 -0.214153860446 -0.153137777291 -0.152662693833 -0.160544561380 -0.165182740957 -0.178056507333 -0.174928937446 -0.169124342665 -0.157121678040 -0.154449611947 -0.166694038679 -0.169487081537 -0.163069028654 -0.162504100977 -0.156425788557 -0.148388595932 -0.138957126882 -0.152715369884 -0.177074928429 -0.200954355927 -0.204593579261 -0.200890909184 -0.179204338339 -0.165621344691 -0.170536023820 -0.169733819339 -0.154854928714 -0.136803089308 -0.126887288473 -0.106877468839 -0.0741271592917 -0.0296779912554 -0.0262317500258 -0.0262317456488
# log_avg_NatM:
-1.46779800000
# m_dev:
 0.00000000000 0.00000000000 0.00000000000 0.00000000000 0.00000000000 0.00000000000 0.00000000000 0.00000000000 0.00000000000 0.00000000000 0.00000000000 0.00000000000 0.00000000000 0.00000000000 0.00000000000 0.00000000000 0.00000000000 0.00000000000 0.00000000000 0.00000000000 0.00000000000 0.00000000000 0.00000000000 0.00000000000 0.00000000000 0.00000000000 0.00000000000 0.00000000000 0.00000000000 0.00000000000 0.00000000000 0.00000000000 0.00000000000 0.00000000000 0.00000000000 0.00000000000 0.00000000000 0.00000000000 0.00000000000 0.00000000000 0.00000000000 0.00000000000 0.00000000000 0.00000000000 0.00000000000 0.00000000000 0.00000000000 0.00000000000 0.00000000000 0.00000000000 0.00000000000 0.00000000000 0.00000000000 0.00000000000 0.00000000000 0.00000000000 0.00000000000 0.00000000000 0.00000000000 0.00000000000 0.00000000000 0.00000000000 0.00000000000 0.00000000000 0.00000000000 0.00000000000 0.00000000000 0.00000000000
# log_avg_GrowthK:
-1.63974500000
# log_avg_Linf:
4.87450000000
# GrowthK_dev:
 0.00000000000 0.00000000000 0.00000000000 0.00000000000 0.00000000000 0.00000000000 0.00000000000 0.00000000000 0.00000000000 0.00000000000 0.00000000000 0.00000000000 0.00000000000 0.00000000000 0.00000000000 0.00000000000 0.00000000000 0.00000000000 0.00000000000 0.00000000000 0.00000000000 0.00000000000 0.00000000000 0.00000000000 0.00000000000 0.00000000000 0.00000000000 0.00000000000 0.00000000000 0.00000000000 0.00000000000 0.00000000000 0.00000000000 0.00000000000 0.00000000000 0.00000000000 0.00000000000 0.00000000000 0.00000000000 0.00000000000 0.00000000000 0.00000000000 0.00000000000 0.00000000000 0.00000000000 0.00000000000 0.00000000000 0.00000000000 0.00000000000 0.00000000000 0.00000000000 0.00000000000 0.00000000000 0.00000000000 0.00000000000 0.00000000000 0.00000000000 0.00000000000 0.00000000000 0.00000000000 0.00000000000 0.00000000000 0.00000000000 0.00000000000 0.00000000000 0.00000000000 0.00000000000 0.00000000000
# Linf_dev:
 0.00000000000 0.00000000000 0.00000000000 0.00000000000 0.00000000000 0.00000000000 0.00000000000 0.00000000000 0.00000000000 0.00000000000 0.00000000000 0.00000000000 0.00000000000 0.00000000000 0.00000000000 0.00000000000 0.00000000000 0.00000000000 0.00000000000 0.00000000000 0.00000000000 0.00000000000 0.00000000000 0.00000000000 0.00000000000 0.00000000000 0.00000000000 0.00000000000 0.00000000000 0.00000000000 0.00000000000 0.00000000000 0.00000000000 0.00000000000 0.00000000000 0.00000000000 0.00000000000 0.00000000000 0.00000000000 0.00000000000 0.00000000000 0.00000000000 0.00000000000 0.00000000000 0.00000000000 0.00000000000 0.00000000000 0.00000000000 0.00000000000 0.00000000000 0.00000000000 0.00000000000 0.00000000000 0.00000000000 0.00000000000 0.00000000000 0.00000000000 0.00000000000 0.00000000000 0.00000000000 0.00000000000 0.00000000000 0.00000000000 0.00000000000 0.00000000000 0.00000000000 0.00000000000 0.00000000000
# SelPars50:
2.20207447049
# SelPars95:
4.00498833455
# SelPars_dev50:
 0.00000000000 0.00000000000 0.00000000000 0.00000000000 0.00000000000 0.00000000000 0.00000000000 0.00000000000 0.00000000000 0.00000000000 0.00000000000 0.00000000000 0.00000000000 0.00000000000 0.00000000000 0.00000000000 0.00000000000 0.00000000000 0.00000000000 0.00000000000 0.00000000000 0.00000000000 0.00000000000 0.00000000000 0.00000000000 0.00000000000 0.00000000000 0.00000000000 0.00000000000 0.00000000000 0.00000000000 0.00000000000 0.00000000000 0.00000000000 0.00000000000 0.00000000000 0.00000000000 0.00000000000 0.00000000000 0.00000000000 0.00000000000 0.00000000000 0.00000000000 0.00000000000 0.00000000000 0.00000000000 0.00000000000 0.00000000000 0.00000000000 0.00000000000 0.00000000000 0.00000000000 0.00000000000 0.00000000000 0.00000000000 0.00000000000 0.00000000000 0.00000000000 0.00000000000 0.00000000000 0.00000000000 0.00000000000 0.00000000000 0.00000000000 0.00000000000 0.00000000000 0.00000000000 0.00000000000
# SelPars_dev95:
 0.00000000000 0.00000000000 0.00000000000 0.00000000000 0.00000000000 0.00000000000 0.00000000000 0.00000000000 0.00000000000 0.00000000000 0.00000000000 0.00000000000 0.00000000000 0.00000000000 0.00000000000 0.00000000000 0.00000000000 0.00000000000 0.00000000000 0.00000000000 0.00000000000 0.00000000000 0.00000000000 0.00000000000 0.00000000000 0.00000000000 0.00000000000 0.00000000000 0.00000000000 0.00000000000 0.00000000000 0.00000000000 0.00000000000 0.00000000000 0.00000000000 0.00000000000 0.00000000000 0.00000000000 0.00000000000 0.00000000000 0.00000000000 0.00000000000 0.00000000000 0.00000000000 0.00000000000 0.00000000000 0.00000000000 0.00000000000 0.00000000000 0.00000000000 0.00000000000 0.00000000000 0.00000000000 0.00000000000 0.00000000000 0.00000000000 0.00000000000 0.00000000000 0.00000000000 0.00000000000 0.00000000000 0.00000000000 0.00000000000 0.00000000000 0.00000000000 0.00000000000 0.00000000000 0.00000000000
