# Number of parameters = 227 Objective function value = 77902.1168451486  Maximum gradient component = 0.00124528417802333
# srv_sel50:
1.46736713249
# srv_sel95:
2.41884193454
# stNatLen:
 11.3263367005 11.2020091650 11.0030525447 10.8101955716 10.6246016987 10.4259616867 10.2051935026 9.96747407438 9.72402509578 9.48532286855 9.25862618161 9.04805483659 8.85547126299 8.68135977895 8.52541662570 8.38695339149 8.26510244754 8.15899627915 8.06782480951 7.99086744797 7.92759195241 7.87751558100 7.84016485276 7.81527724885 7.80280286360
# log_avg_fmort_dir:
-1.61655859513
# fmort_dir_dev:
 -1.90515796333 -1.83965684481 -1.48013815732 -1.11378412060 -0.862796646929 -0.621918847237 -0.562031627628 -0.271896108531 -0.0127979630081 0.180820760962 0.278517942538 0.393196145758 0.450074626048 0.546780108433 0.578844607918 0.627649349764 0.541366204746 0.595691606865 0.557345291325 0.474632896933 0.372026869336 0.428314965019 0.371371086855 0.297794606139 0.318115437589 0.309520780101 0.298834552936 0.235144521958 0.195458855768 0.170546800212 0.252029315885 0.176534432126 0.265342703994 0.146776512170 0.0584068488225 0.141906109937 0.179090650500 0.110537021143 0.0828485957411 0.0609760996147 0.0487623244454 -0.0375390036342 -0.0310772566640 -0.186991320447 -0.198812274233 -0.181710085879 -0.0392802788613 0.0117592279146 0.168318392847 0.127407819231 -0.0262813578545 -0.0933986693994 0.186852755769 0.440912634747 0.251999622766 -0.799260582260 0.0285120315503 0.467431060716 0.293599960343 -0.698182857076 -0.938559430397 0.0641279799162 0.0383484263776 0.111977295746 -0.0352344434092
# mean_log_rec:
11.1121499814
# rec_dev:
 0.420035686806 0.457058724700 0.493017606358 0.470822639227 0.458542821667 0.459050062223 0.383217691012 0.239779348076 0.0983433218164 0.00333634730958 -0.0399607600752 -0.0493624263594 -0.0526973294243 -0.0782611214038 -0.114811217305 -0.151222355950 -0.202126308540 -0.239389346879 -0.255844619705 -0.239767558281 -0.219511672199 -0.194916503174 -0.201704361917 -0.227630178221 -0.241159952394 -0.261787290630 -0.261967295021 -0.255688291299 -0.256001732722 -0.256145796551 -0.269213727242 -0.300810413206 -0.317822310163 -0.284805742838 -0.163636210484 -0.0850258434129 -0.0635410495398 -0.0257468289578 0.0200401941641 0.0175055959905 0.0627947831078 0.142149532479 0.209487952099 0.262961523067 0.253389196647 0.182792038437 0.0448831399967 -0.0993680912384 -0.102068247939 -0.0321460896349 0.0474433362761 0.0881689955943 0.0804336392185 0.0575980178042 0.0657045226796 0.104759764562 0.108656210245 0.0485465664868 -0.00837626519341 -0.0134361472954 0.0254462464294 0.0677562963990 0.0688058496869 0.0617126885096 0.0617127461211
# log_avg_NatM:
-1.61315471980
# m_dev:
 -0.746702245838 -0.520739830103 -0.109572610671 0.218376227557 0.00146990638082 -0.0631806174399 0.312787485438 0.427362451051 0.366093489971 0.160385813838 -0.272574216891 -0.506420851793 -0.585835492860 -0.476149454328 -0.418172363631 -0.366071852388 -0.271822538433 -0.293283020690 -0.260045922692 -0.423312910563 -0.508479303275 -0.428714727176 -0.0479636531542 -0.0666867279937 -0.0643327217888 -0.0147642055436 -0.143283823970 -0.0705668420813 -0.124783799905 -0.116034317895 -0.0213263792103 0.0365988989016 -0.0810388678615 -0.150659807589 -0.00533146875446 0.207956168252 0.0372587278018 -0.0951286940951 -0.0350135234037 0.343402972176 0.0378152703616 -0.0387848693167 0.0417298033622 0.107111973512 0.422273496190 0.468469752971 0.722046444526 0.670310022093 0.0404298306797 -0.0700585792795 -0.159450447432 -0.00847714280842 0.317508291299 0.302911805673 -0.0343215583823 0.0888558177953 0.317332901899 0.511071141446 0.316452174121 0.125177951670 0.297231642617 0.194303158857 0.271943222758 0.108660232087 0.125758313952
# log_avg_GrowthK:
-1.60943800000
# log_avg_Linf:
4.88280200000
# GrowthK_dev:
 0.00000000000 0.00000000000 0.00000000000 0.00000000000 0.00000000000 0.00000000000 0.00000000000 0.00000000000 0.00000000000 0.00000000000 0.00000000000 0.00000000000 0.00000000000 0.00000000000 0.00000000000 0.00000000000 0.00000000000 0.00000000000 0.00000000000 0.00000000000 0.00000000000 0.00000000000 0.00000000000 0.00000000000 0.00000000000 0.00000000000 0.00000000000 0.00000000000 0.00000000000 0.00000000000 0.00000000000 0.00000000000 0.00000000000 0.00000000000 0.00000000000 0.00000000000 0.00000000000 0.00000000000 0.00000000000 0.00000000000 0.00000000000 0.00000000000 0.00000000000 0.00000000000 0.00000000000 0.00000000000 0.00000000000 0.00000000000 0.00000000000 0.00000000000 0.00000000000 0.00000000000 0.00000000000 0.00000000000 0.00000000000 0.00000000000 0.00000000000 0.00000000000 0.00000000000 0.00000000000 0.00000000000 0.00000000000 0.00000000000 0.00000000000 0.00000000000
# Linf_dev:
 0.00000000000 0.00000000000 0.00000000000 0.00000000000 0.00000000000 0.00000000000 0.00000000000 0.00000000000 0.00000000000 0.00000000000 0.00000000000 0.00000000000 0.00000000000 0.00000000000 0.00000000000 0.00000000000 0.00000000000 0.00000000000 0.00000000000 0.00000000000 0.00000000000 0.00000000000 0.00000000000 0.00000000000 0.00000000000 0.00000000000 0.00000000000 0.00000000000 0.00000000000 0.00000000000 0.00000000000 0.00000000000 0.00000000000 0.00000000000 0.00000000000 0.00000000000 0.00000000000 0.00000000000 0.00000000000 0.00000000000 0.00000000000 0.00000000000 0.00000000000 0.00000000000 0.00000000000 0.00000000000 0.00000000000 0.00000000000 0.00000000000 0.00000000000 0.00000000000 0.00000000000 0.00000000000 0.00000000000 0.00000000000 0.00000000000 0.00000000000 0.00000000000 0.00000000000 0.00000000000 0.00000000000 0.00000000000 0.00000000000 0.00000000000 0.00000000000
# SelPars50:
2.02022357645
# SelPars95:
3.59738482799
# SelPars_dev50:
 0.00000000000 0.00000000000 0.00000000000 0.00000000000 0.00000000000 0.00000000000 0.00000000000 0.00000000000 0.00000000000 0.00000000000 0.00000000000 0.00000000000 0.00000000000 0.00000000000 0.00000000000 0.00000000000 0.00000000000 0.00000000000 0.00000000000 0.00000000000 0.00000000000 0.00000000000 0.00000000000 0.00000000000 0.00000000000 0.00000000000 0.00000000000 0.00000000000 0.00000000000 0.00000000000 0.00000000000 0.00000000000 0.00000000000 0.00000000000 0.00000000000 0.00000000000 0.00000000000 0.00000000000 0.00000000000 0.00000000000 0.00000000000 0.00000000000 0.00000000000 0.00000000000 0.00000000000 0.00000000000 0.00000000000 0.00000000000 0.00000000000 0.00000000000 0.00000000000 0.00000000000 0.00000000000 0.00000000000 0.00000000000 0.00000000000 0.00000000000 0.00000000000 0.00000000000 0.00000000000 0.00000000000 0.00000000000 0.00000000000 0.00000000000 0.00000000000
# SelPars_dev95:
 0.00000000000 0.00000000000 0.00000000000 0.00000000000 0.00000000000 0.00000000000 0.00000000000 0.00000000000 0.00000000000 0.00000000000 0.00000000000 0.00000000000 0.00000000000 0.00000000000 0.00000000000 0.00000000000 0.00000000000 0.00000000000 0.00000000000 0.00000000000 0.00000000000 0.00000000000 0.00000000000 0.00000000000 0.00000000000 0.00000000000 0.00000000000 0.00000000000 0.00000000000 0.00000000000 0.00000000000 0.00000000000 0.00000000000 0.00000000000 0.00000000000 0.00000000000 0.00000000000 0.00000000000 0.00000000000 0.00000000000 0.00000000000 0.00000000000 0.00000000000 0.00000000000 0.00000000000 0.00000000000 0.00000000000 0.00000000000 0.00000000000 0.00000000000 0.00000000000 0.00000000000 0.00000000000 0.00000000000 0.00000000000 0.00000000000 0.00000000000 0.00000000000 0.00000000000 0.00000000000 0.00000000000 0.00000000000 0.00000000000 0.00000000000 0.00000000000
