# Number of parameters = 191 Objective function value = 63386.4963364280  Maximum gradient component = 0.00417713569502422
# srv_sel50:
1.47275463671
# srv_sel95:
2.43384544875
# stNatLen:
 11.7050461276 11.5544634264 11.3544121224 11.1661866647 10.9808168174 10.7777256438 10.5514310252 10.3102972449 10.0667531436 9.83101465280 9.60949230126 9.40542628174 9.21995668759 9.05304254265 8.90407708899 8.77216739633 8.65634692447 8.55569514436 8.46937758207 8.39661973089 8.33680506808 8.28953291998 8.25446255343 8.23125950185 8.21977860046
# log_avg_fmort_dir:
-1.62088590786
# fmort_dir_dev:
 -1.80138875241 -1.84299904037 -1.29476918891 -0.929131816533 -0.723454332566 -0.521696266198 -0.243203924133 -0.100782581128 0.0214005312511 0.154985943667 0.149059826421 0.212834022937 0.280285080637 0.342519578413 0.276348691992 0.450165559607 0.437965193817 0.558530348345 0.537244645091 0.459296570493 0.533157406368 0.247327684955 0.362331438740 0.249141242037 0.197136555928 0.111938327308 0.161335021688 0.122343757455 0.120498167478 0.155986898456 0.174206264389 0.161337990158 0.229662846199 0.162902162390 0.186193552852 0.0904481851454 0.0663399503402 -0.0285636332002 -0.0130863687595 0.0695316631423 0.0865808134104 0.0939391661689 0.161161918961 0.103489905475 0.0635904968568 -0.0710461144440 -0.0651970771672 -0.0657299880956 -0.0315755124457 -0.00552758240920 -0.161362908918 -0.0453468672454 0.153644546357
# mean_log_rec:
11.1238308936
# rec_dev:
 0.371605346912 0.305633063424 0.282631749767 0.301803060273 0.318188122949 0.261096573141 0.157760267713 0.100392330022 0.0966128596394 0.120363517823 0.149589454449 0.177968277812 0.176473387402 0.146327307819 0.0973446415940 0.0129194221336 -0.125674883575 -0.248992975341 -0.271469166924 -0.252402446578 -0.212114451670 -0.177353826541 -0.148988662127 -0.123511819075 -0.106389177882 -0.105967907889 -0.102463519666 -0.127729919755 -0.168233865997 -0.233314738171 -0.278256404023 -0.302171599223 -0.337727375943 -0.313094045317 -0.168869285794 -0.0285993678565 -0.00749775275793 -0.0226178821268 -0.0100892570401 -0.0192828629228 -0.0684211234280 -0.0897806081069 -0.0858260543272 -0.0506022352601 0.0260296049946 0.0849782482615 0.122822066320 0.125195231734 0.119895272945 0.143073194729 0.161451579885 0.163644414875 0.163644218703
# log_avg_NatM:
-1.58175374259
# m_dev:
 0.786054222216 0.274299155378 0.0516256528430 -0.230191962942 -0.234695188758 0.141901226482 0.310816280465 -0.0205722293812 -0.253503647433 -0.398289570946 -0.501061036223 -0.483589211419 -0.139952915379 -0.00753493336841 -0.115656791806 0.0295306482388 0.289496394945 0.128955871742 -0.404383973576 -0.536185211907 -0.489570994993 -0.388793781620 -0.302280686349 -0.155729772386 -0.107819824188 -0.0162991024966 -0.0617149283426 0.121862535441 0.128534304387 0.242281313134 0.0597465405613 0.0118545947687 0.0326774449548 -0.221694897362 -0.204835795841 -0.119649253939 0.228608172642 0.197880504047 0.0724528648418 0.201904220325 0.366344513124 0.165778597973 0.206592688695 -0.0275323467052 -0.147937012938 0.0902472120873 0.0313949165589 0.281471595913 0.238566191521 0.145895724891 0.137376952640 0.311270867540 0.284053861946
# log_avg_GrowthK:
-1.60943800000
# log_avg_Linf:
4.88280200000
# GrowthK_dev:
 0.00000000000 0.00000000000 0.00000000000 0.00000000000 0.00000000000 0.00000000000 0.00000000000 0.00000000000 0.00000000000 0.00000000000 0.00000000000 0.00000000000 0.00000000000 0.00000000000 0.00000000000 0.00000000000 0.00000000000 0.00000000000 0.00000000000 0.00000000000 0.00000000000 0.00000000000 0.00000000000 0.00000000000 0.00000000000 0.00000000000 0.00000000000 0.00000000000 0.00000000000 0.00000000000 0.00000000000 0.00000000000 0.00000000000 0.00000000000 0.00000000000 0.00000000000 0.00000000000 0.00000000000 0.00000000000 0.00000000000 0.00000000000 0.00000000000 0.00000000000 0.00000000000 0.00000000000 0.00000000000 0.00000000000 0.00000000000 0.00000000000 0.00000000000 0.00000000000 0.00000000000 0.00000000000
# Linf_dev:
 0.00000000000 0.00000000000 0.00000000000 0.00000000000 0.00000000000 0.00000000000 0.00000000000 0.00000000000 0.00000000000 0.00000000000 0.00000000000 0.00000000000 0.00000000000 0.00000000000 0.00000000000 0.00000000000 0.00000000000 0.00000000000 0.00000000000 0.00000000000 0.00000000000 0.00000000000 0.00000000000 0.00000000000 0.00000000000 0.00000000000 0.00000000000 0.00000000000 0.00000000000 0.00000000000 0.00000000000 0.00000000000 0.00000000000 0.00000000000 0.00000000000 0.00000000000 0.00000000000 0.00000000000 0.00000000000 0.00000000000 0.00000000000 0.00000000000 0.00000000000 0.00000000000 0.00000000000 0.00000000000 0.00000000000 0.00000000000 0.00000000000 0.00000000000 0.00000000000 0.00000000000 0.00000000000
# SelPars50:
2.01018890932
# SelPars95:
3.55794005021
# SelPars_dev50:
 0.00000000000 0.00000000000 0.00000000000 0.00000000000 0.00000000000 0.00000000000 0.00000000000 0.00000000000 0.00000000000 0.00000000000 0.00000000000 0.00000000000 0.00000000000 0.00000000000 0.00000000000 0.00000000000 0.00000000000 0.00000000000 0.00000000000 0.00000000000 0.00000000000 0.00000000000 0.00000000000 0.00000000000 0.00000000000 0.00000000000 0.00000000000 0.00000000000 0.00000000000 0.00000000000 0.00000000000 0.00000000000 0.00000000000 0.00000000000 0.00000000000 0.00000000000 0.00000000000 0.00000000000 0.00000000000 0.00000000000 0.00000000000 0.00000000000 0.00000000000 0.00000000000 0.00000000000 0.00000000000 0.00000000000 0.00000000000 0.00000000000 0.00000000000 0.00000000000 0.00000000000 0.00000000000
# SelPars_dev95:
 0.00000000000 0.00000000000 0.00000000000 0.00000000000 0.00000000000 0.00000000000 0.00000000000 0.00000000000 0.00000000000 0.00000000000 0.00000000000 0.00000000000 0.00000000000 0.00000000000 0.00000000000 0.00000000000 0.00000000000 0.00000000000 0.00000000000 0.00000000000 0.00000000000 0.00000000000 0.00000000000 0.00000000000 0.00000000000 0.00000000000 0.00000000000 0.00000000000 0.00000000000 0.00000000000 0.00000000000 0.00000000000 0.00000000000 0.00000000000 0.00000000000 0.00000000000 0.00000000000 0.00000000000 0.00000000000 0.00000000000 0.00000000000 0.00000000000 0.00000000000 0.00000000000 0.00000000000 0.00000000000 0.00000000000 0.00000000000 0.00000000000 0.00000000000 0.00000000000 0.00000000000 0.00000000000
