# Number of parameters = 135 Objective function value = 62257.7768174250  Maximum gradient component = 0.000891500579739706
# srv_sel50:
1.67658302148
# srv_sel95:
2.99954227231
# stNatLen:
 11.8837482715 11.7029269155 11.4348594240 11.2094880390 11.0278758989 10.8516721017 10.6517669112 10.4205264521 10.1663696830 9.90337528009 9.64417271240 9.39750375152 9.16843184845 8.95932921626 8.77094724468 8.60306447557 8.45500148055 8.32591250188 8.21492030972 8.12122526863 8.04408385371 7.98296672932 7.93750228879 7.90729788639 7.89220067416
# log_avg_fmort_dir:
-1.63411691373
# fmort_dir_dev:
 -2.18229049755 -2.11957996823 -1.46119415930 -1.13612221639 -0.824049426191 -0.540459245822 -0.360472922879 -0.217114158962 -0.155072676995 0.0474207700768 0.172048749141 0.140593421654 0.344285551830 0.426452475579 0.485103556609 0.469577033994 0.426254494913 0.450759407583 0.391287760418 0.313976242363 0.323369615809 0.393421049509 0.273566771039 0.211684186449 0.211991612316 0.271770644000 0.253529438854 0.208447689592 0.202553111815 0.0891047538065 0.233840552576 0.168621676259 0.180679531799 0.0245284575087 0.193410764117 0.160660586757 0.123979799541 0.0776321204356 0.264012712488 0.0974632737248 0.110667853517 0.109353345201 0.0719811549702 0.0419922085000 0.0560789961685 0.125274837841 0.0782039532808 0.0160945169124 0.169798597021 0.141030733657 0.285888057524 0.157963205162
# mean_log_rec:
11.3751909923
# rec_dev:
 0.545778515742 0.519860366019 0.499632132931 0.482313260274 0.472507860511 0.453382776204 0.434730329792 0.420397718252 0.402655672165 0.378383015791 0.340722770600 0.316386572207 0.253177270095 0.186119021960 0.134918399602 0.0777917394665 0.0262911877188 -0.0282275928326 -0.0694438711232 -0.0858597385740 -0.0912076652982 -0.110276420532 -0.116877109253 -0.128166397570 -0.144400417735 -0.142181769861 -0.141746679420 -0.149694284843 -0.146140161235 -0.174067267748 -0.227474527154 -0.266487731879 -0.325912735066 -0.363433690555 -0.285998996803 -0.209702181210 -0.223151904950 -0.244487360551 -0.247019364483 -0.247917073756 -0.252218179984 -0.236990261037 -0.219917246053 -0.206398839688 -0.194144747268 -0.161246791279 -0.147266328349 -0.139886511970 -0.0937673639265 -0.0358588079456 -0.0437392460599 -0.0437393433363
# log_avg_NatM:
-1.47890400000
# m_dev:
 0.00000000000 0.00000000000 0.00000000000 0.00000000000 0.00000000000 0.00000000000 0.00000000000 0.00000000000 0.00000000000 0.00000000000 0.00000000000 0.00000000000 0.00000000000 0.00000000000 0.00000000000 0.00000000000 0.00000000000 0.00000000000 0.00000000000 0.00000000000 0.00000000000 0.00000000000 0.00000000000 0.00000000000 0.00000000000 0.00000000000 0.00000000000 0.00000000000 0.00000000000 0.00000000000 0.00000000000 0.00000000000 0.00000000000 0.00000000000 0.00000000000 0.00000000000 0.00000000000 0.00000000000 0.00000000000 0.00000000000 0.00000000000 0.00000000000 0.00000000000 0.00000000000 0.00000000000 0.00000000000 0.00000000000 0.00000000000 0.00000000000 0.00000000000 0.00000000000 0.00000000000
# log_avg_GrowthK:
-1.60943800000
# log_avg_Linf:
4.88280200000
# GrowthK_dev:
 0.00000000000 0.00000000000 0.00000000000 0.00000000000 0.00000000000 0.00000000000 0.00000000000 0.00000000000 0.00000000000 0.00000000000 0.00000000000 0.00000000000 0.00000000000 0.00000000000 0.00000000000 0.00000000000 0.00000000000 0.00000000000 0.00000000000 0.00000000000 0.00000000000 0.00000000000 0.00000000000 0.00000000000 0.00000000000 0.00000000000 0.00000000000 0.00000000000 0.00000000000 0.00000000000 0.00000000000 0.00000000000 0.00000000000 0.00000000000 0.00000000000 0.00000000000 0.00000000000 0.00000000000 0.00000000000 0.00000000000 0.00000000000 0.00000000000 0.00000000000 0.00000000000 0.00000000000 0.00000000000 0.00000000000 0.00000000000 0.00000000000 0.00000000000 0.00000000000 0.00000000000
# Linf_dev:
 0.00000000000 0.00000000000 0.00000000000 0.00000000000 0.00000000000 0.00000000000 0.00000000000 0.00000000000 0.00000000000 0.00000000000 0.00000000000 0.00000000000 0.00000000000 0.00000000000 0.00000000000 0.00000000000 0.00000000000 0.00000000000 0.00000000000 0.00000000000 0.00000000000 0.00000000000 0.00000000000 0.00000000000 0.00000000000 0.00000000000 0.00000000000 0.00000000000 0.00000000000 0.00000000000 0.00000000000 0.00000000000 0.00000000000 0.00000000000 0.00000000000 0.00000000000 0.00000000000 0.00000000000 0.00000000000 0.00000000000 0.00000000000 0.00000000000 0.00000000000 0.00000000000 0.00000000000 0.00000000000 0.00000000000 0.00000000000 0.00000000000 0.00000000000 0.00000000000 0.00000000000
# SelPars50:
2.31147836426
# SelPars95:
4.25758506991
# SelPars_dev50:
 0.00000000000 0.00000000000 0.00000000000 0.00000000000 0.00000000000 0.00000000000 0.00000000000 0.00000000000 0.00000000000 0.00000000000 0.00000000000 0.00000000000 0.00000000000 0.00000000000 0.00000000000 0.00000000000 0.00000000000 0.00000000000 0.00000000000 0.00000000000 0.00000000000 0.00000000000 0.00000000000 0.00000000000 0.00000000000 0.00000000000 0.00000000000 0.00000000000 0.00000000000 0.00000000000 0.00000000000 0.00000000000 0.00000000000 0.00000000000 0.00000000000 0.00000000000 0.00000000000 0.00000000000 0.00000000000 0.00000000000 0.00000000000 0.00000000000 0.00000000000 0.00000000000 0.00000000000 0.00000000000 0.00000000000 0.00000000000 0.00000000000 0.00000000000 0.00000000000 0.00000000000
# SelPars_dev95:
 0.00000000000 0.00000000000 0.00000000000 0.00000000000 0.00000000000 0.00000000000 0.00000000000 0.00000000000 0.00000000000 0.00000000000 0.00000000000 0.00000000000 0.00000000000 0.00000000000 0.00000000000 0.00000000000 0.00000000000 0.00000000000 0.00000000000 0.00000000000 0.00000000000 0.00000000000 0.00000000000 0.00000000000 0.00000000000 0.00000000000 0.00000000000 0.00000000000 0.00000000000 0.00000000000 0.00000000000 0.00000000000 0.00000000000 0.00000000000 0.00000000000 0.00000000000 0.00000000000 0.00000000000 0.00000000000 0.00000000000 0.00000000000 0.00000000000 0.00000000000 0.00000000000 0.00000000000 0.00000000000 0.00000000000 0.00000000000 0.00000000000 0.00000000000 0.00000000000 0.00000000000
