# Number of parameters = 221 Objective function value = 75459.0  Maximum gradient component = 0.000932455
# srv_sel50:
1.47498001015
# srv_sel95:
2.43948851754
# stNatLen:
 11.3756290941 11.2388453252 11.0418693781 10.8528472589 10.6667552901 10.4637106786 10.2378980893 9.99729891895 9.75415120666 9.51862651913 9.29716090145 9.09303487894 8.90743427546 8.74035793709 8.59119590463 8.45905201523 8.34299904483 8.24213081059 8.15563881465 8.08279597683 8.02298756722 7.97565457225 7.94048029954 7.91720748414 7.90564074010
# log_avg_fmort_dir:
-1.61325427695
# fmort_dir_dev:
 -1.79762910670 -1.80415053072 -1.44309678973 -1.09616617580 -0.696660283409 -0.524130917674 -0.265378811699 -0.141335616212 -0.0877970976845 -0.00288491384417 0.176565428897 0.198426018100 0.303444912006 0.436025447188 0.483332096352 0.551086475355 0.641527934627 0.442046864867 0.377558727529 0.357004493104 0.395859884304 0.393585576113 0.310977022007 0.234058319602 0.290618537214 0.263433297033 0.181240956827 0.285972250526 0.362259353599 0.280305421833 0.260284762715 0.196826137600 0.155250630529 0.0599959081725 0.0580548954978 0.0677852755012 0.0748603150554 0.0263906604418 0.0765200738644 0.0751669402641 0.0341257239110 0.0695698655246 0.0862650723574 0.00636395584741 -0.0450287350319 -0.0532485294871 -0.0731085685253 0.0181035591082 -0.0268112825311 0.0106832656761 -0.0370512551342 -0.417124155576 0.235270184494 -0.0767659433484 0.110176214505 0.149031155831 0.00742156879869 -0.151462302235 0.0511374235415 0.252670827617 0.169984786862 -0.263897028068 -0.213540177392
# mean_log_rec:
11.1270689609
# rec_dev:
 0.343668533971 0.338051674440 0.363526492651 0.354445359478 0.295315265721 0.245152360252 0.233583206728 0.239969679548 0.241856718902 0.214852381950 0.150610031578 0.0960885323325 0.0514843169682 0.00167664266533 -0.0497529329679 -0.0953958229434 -0.120634349051 -0.141971568394 -0.150814015609 -0.184105788889 -0.228825939495 -0.245356384850 -0.233551657859 -0.201311903975 -0.196862849651 -0.217737820773 -0.253807649872 -0.322861531202 -0.365780989817 -0.378064809831 -0.334728754508 -0.272777256861 -0.220858136037 -0.159202572214 -0.0707553070701 -0.00888364414720 0.0179233102866 0.0137643364798 -0.0253304286613 -0.0539753168761 -0.0749529835280 -0.0689347512999 -0.0214096717088 0.0388402560229 0.104659143431 0.149435190838 0.110698794634 0.0237807720818 -0.00380782233992 0.0148285945433 0.0611481626951 0.111676726826 0.154559338542 0.163943571993 0.153808160249 0.141695996736 0.135004191245 0.129677192272 0.0913391632664 0.0213622296386 -0.0261214973792 -0.0399261109483 -0.0399260602096
# log_avg_NatM:
-1.56885688756
# m_dev:
 -0.130852245878 -0.139913697253 -0.154368465843 -0.0727694625544 0.235826262271 0.0531942250110 -0.129778164262 -0.265792795388 -0.214634241252 -0.118826921350 0.103566798815 -0.0215229900696 -0.0964064019025 -0.190003563024 -0.395954993613 -0.414462472446 -0.267481832864 -0.190511482246 -0.261547797149 -0.0685346313574 -0.0333608979302 -0.0320412328996 -0.326212818691 -0.417388520893 -0.113338619169 -0.0405622917606 -0.0131780112147 0.106425766002 0.0267767915185 -0.125912495490 -0.455762406779 -0.479330692769 -0.519228134772 -0.340740268157 0.221907098247 0.202203667928 0.000108742286122 0.138681549570 0.325248171097 0.245412495787 0.282100179574 0.145789957386 0.00467666200792 -0.0303765583414 -0.0646916309976 -0.0264684649421 0.376728837153 0.555116358468 0.277084367749 0.0970448726589 -0.110872767483 0.119006385364 0.0707604836985 0.164999528060 0.276222572110 0.315074280159 0.213342578512 0.226721758550 0.394134542295 0.413926354142 0.279054749373 0.199010625808 0.192681309140
# log_avg_GrowthK:
-1.60943800000
# log_avg_Linf:
4.88280200000
# GrowthK_dev:
 0.00000000000 0.00000000000 0.00000000000 0.00000000000 0.00000000000 0.00000000000 0.00000000000 0.00000000000 0.00000000000 0.00000000000 0.00000000000 0.00000000000 0.00000000000 0.00000000000 0.00000000000 0.00000000000 0.00000000000 0.00000000000 0.00000000000 0.00000000000 0.00000000000 0.00000000000 0.00000000000 0.00000000000 0.00000000000 0.00000000000 0.00000000000 0.00000000000 0.00000000000 0.00000000000 0.00000000000 0.00000000000 0.00000000000 0.00000000000 0.00000000000 0.00000000000 0.00000000000 0.00000000000 0.00000000000 0.00000000000 0.00000000000 0.00000000000 0.00000000000 0.00000000000 0.00000000000 0.00000000000 0.00000000000 0.00000000000 0.00000000000 0.00000000000 0.00000000000 0.00000000000 0.00000000000 0.00000000000 0.00000000000 0.00000000000 0.00000000000 0.00000000000 0.00000000000 0.00000000000 0.00000000000 0.00000000000 0.00000000000
# Linf_dev:
 0.00000000000 0.00000000000 0.00000000000 0.00000000000 0.00000000000 0.00000000000 0.00000000000 0.00000000000 0.00000000000 0.00000000000 0.00000000000 0.00000000000 0.00000000000 0.00000000000 0.00000000000 0.00000000000 0.00000000000 0.00000000000 0.00000000000 0.00000000000 0.00000000000 0.00000000000 0.00000000000 0.00000000000 0.00000000000 0.00000000000 0.00000000000 0.00000000000 0.00000000000 0.00000000000 0.00000000000 0.00000000000 0.00000000000 0.00000000000 0.00000000000 0.00000000000 0.00000000000 0.00000000000 0.00000000000 0.00000000000 0.00000000000 0.00000000000 0.00000000000 0.00000000000 0.00000000000 0.00000000000 0.00000000000 0.00000000000 0.00000000000 0.00000000000 0.00000000000 0.00000000000 0.00000000000 0.00000000000 0.00000000000 0.00000000000 0.00000000000 0.00000000000 0.00000000000 0.00000000000 0.00000000000 0.00000000000 0.00000000000
# SelPars50:
2.00528968482
# SelPars95:
3.54503193769
# SelPars_dev50:
 0.00000000000 0.00000000000 0.00000000000 0.00000000000 0.00000000000 0.00000000000 0.00000000000 0.00000000000 0.00000000000 0.00000000000 0.00000000000 0.00000000000 0.00000000000 0.00000000000 0.00000000000 0.00000000000 0.00000000000 0.00000000000 0.00000000000 0.00000000000 0.00000000000 0.00000000000 0.00000000000 0.00000000000 0.00000000000 0.00000000000 0.00000000000 0.00000000000 0.00000000000 0.00000000000 0.00000000000 0.00000000000 0.00000000000 0.00000000000 0.00000000000 0.00000000000 0.00000000000 0.00000000000 0.00000000000 0.00000000000 0.00000000000 0.00000000000 0.00000000000 0.00000000000 0.00000000000 0.00000000000 0.00000000000 0.00000000000 0.00000000000 0.00000000000 0.00000000000 0.00000000000 0.00000000000 0.00000000000 0.00000000000 0.00000000000 0.00000000000 0.00000000000 0.00000000000 0.00000000000 0.00000000000 0.00000000000 0.00000000000
# SelPars_dev95:
 0.00000000000 0.00000000000 0.00000000000 0.00000000000 0.00000000000 0.00000000000 0.00000000000 0.00000000000 0.00000000000 0.00000000000 0.00000000000 0.00000000000 0.00000000000 0.00000000000 0.00000000000 0.00000000000 0.00000000000 0.00000000000 0.00000000000 0.00000000000 0.00000000000 0.00000000000 0.00000000000 0.00000000000 0.00000000000 0.00000000000 0.00000000000 0.00000000000 0.00000000000 0.00000000000 0.00000000000 0.00000000000 0.00000000000 0.00000000000 0.00000000000 0.00000000000 0.00000000000 0.00000000000 0.00000000000 0.00000000000 0.00000000000 0.00000000000 0.00000000000 0.00000000000 0.00000000000 0.00000000000 0.00000000000 0.00000000000 0.00000000000 0.00000000000 0.00000000000 0.00000000000 0.00000000000 0.00000000000 0.00000000000 0.00000000000 0.00000000000 0.00000000000 0.00000000000 0.00000000000 0.00000000000 0.00000000000 0.00000000000
