# Number of parameters = 169 Objective function value = 83136.4259599421  Maximum gradient component = 0.000205370225255571
# srv_sel50:
1.48903350074
# srv_sel95:
2.46645897378
# stNatLen:
 11.4439986683 11.3030008711 11.1000968892 10.9084854933 10.7243229151 10.5261942357 10.3051318277 10.0666251481 9.82215274542 9.58237594485 9.35463820428 9.14312318963 8.94968467386 8.77479143651 8.61811332808 8.47895246142 8.35641507528 8.24959372321 8.15766660752 8.07995802760 8.01590995987 7.96510866929 7.92731434355 7.90228806784 7.88982650081
# log_avg_fmort_dir:
-1.71467222224
# fmort_dir_dev:
 -1.71041063793 -1.69648289204 -1.25297912812 -0.885149557975 -0.722072439563 -0.410636763606 -0.315776706501 -0.0632724248911 -0.181108244836 0.0470371780196 0.213804796213 0.294840807552 0.385436948387 0.500775304203 0.439066728680 0.489019466228 0.470022005959 0.493129804033 0.361756533371 0.425398224993 0.401328038700 0.501410097967 0.307594484513 0.396634603058 0.365799088717 0.316064028650 0.393329589778 0.284213536823 0.251334510136 0.267308445226 0.196892002213 0.231754347306 0.196123663338 0.135130007927 0.179708086247 0.0566969105587 0.168815019860 0.187743101774 0.0422337657659 0.0838622893822 0.0836983886858 0.0504987263475 0.0899370577198 0.0693249995899 0.107152795781 0.0520282285801 0.114398649924 0.0257699593793 0.0893972234257 0.0739924958452 -0.367892905140 -0.240096475592 -0.135507125795 -0.169907131396 -0.116348169608 -0.136653382881 -0.164959838899 -0.0655782474660 -0.154980273429 0.00479786249284 -0.0604425454016 -0.144557522886 -0.0663088860441 -0.172864306493 -0.290198131629 -0.200904054460 -0.0943837318298 -0.0599316189556 0.0341433400165
# mean_log_rec:
11.1273028427
# rec_dev:
 0.389589015577 0.366651465729 0.361138674267 0.354599735959 0.342264483545 0.328370671502 0.314490113011 0.318338651229 0.315072222014 0.287298408330 0.254300387820 0.218623380300 0.189321364060 0.143867566290 0.102587073160 0.0469713716637 -0.0109076779824 -0.0505827465965 -0.0817263531132 -0.123553635520 -0.172987247755 -0.182529737076 -0.195003127730 -0.203846054854 -0.178625574471 -0.179983980004 -0.180226931122 -0.165068771704 -0.154735547942 -0.157143843029 -0.178099411078 -0.172974754217 -0.156197132022 -0.147055588497 -0.137449973087 -0.140178165785 -0.145265703916 -0.134872836508 -0.138359878481 -0.144062645652 -0.143371875246 -0.139921031102 -0.120960185600 -0.126946363658 -0.119835916774 -0.105687684131 -0.0969618859473 -0.0877575735525 -0.0783519276158 -0.0802821654349 -0.0772684385105 -0.0546859212457 -0.0259881322707 -0.0137552008714 -0.00190849276285 0.00740670692933 0.00804318027013 0.0144151258828 0.0228658440817 0.0342494578115 0.0436868713640 0.0563539532399 0.0522627082691 0.0454681824996 0.0419233890834 0.0357102773056 0.0382901437369 0.0354798429245 0.0354798450087
# log_avg_NatM:
-1.60943800000
# m_dev:
 0.00000000000 0.00000000000 0.00000000000 0.00000000000 0.00000000000 0.00000000000 0.00000000000 0.00000000000 0.00000000000 0.00000000000 0.00000000000 0.00000000000 0.00000000000 0.00000000000 0.00000000000 0.00000000000 0.00000000000 0.00000000000 0.00000000000 0.00000000000 0.00000000000 0.00000000000 0.00000000000 0.00000000000 0.00000000000 0.00000000000 0.00000000000 0.00000000000 0.00000000000 0.00000000000 0.00000000000 0.00000000000 0.00000000000 0.00000000000 0.00000000000 0.00000000000 0.00000000000 0.00000000000 0.00000000000 0.00000000000 0.00000000000 0.00000000000 0.00000000000 0.00000000000 0.00000000000 0.00000000000 0.00000000000 0.00000000000 0.00000000000 0.00000000000 0.00000000000 0.00000000000 0.00000000000 0.00000000000 0.00000000000 0.00000000000 0.00000000000 0.00000000000 0.00000000000 0.00000000000 0.00000000000 0.00000000000 0.00000000000 0.00000000000 0.00000000000 0.00000000000 0.00000000000 0.00000000000 0.00000000000
# log_avg_GrowthK:
-1.60943800000
# log_avg_Linf:
4.88280200000
# GrowthK_dev:
 0.00000000000 0.00000000000 0.00000000000 0.00000000000 0.00000000000 0.00000000000 0.00000000000 0.00000000000 0.00000000000 0.00000000000 0.00000000000 0.00000000000 0.00000000000 0.00000000000 0.00000000000 0.00000000000 0.00000000000 0.00000000000 0.00000000000 0.00000000000 0.00000000000 0.00000000000 0.00000000000 0.00000000000 0.00000000000 0.00000000000 0.00000000000 0.00000000000 0.00000000000 0.00000000000 0.00000000000 0.00000000000 0.00000000000 0.00000000000 0.00000000000 0.00000000000 0.00000000000 0.00000000000 0.00000000000 0.00000000000 0.00000000000 0.00000000000 0.00000000000 0.00000000000 0.00000000000 0.00000000000 0.00000000000 0.00000000000 0.00000000000 0.00000000000 0.00000000000 0.00000000000 0.00000000000 0.00000000000 0.00000000000 0.00000000000 0.00000000000 0.00000000000 0.00000000000 0.00000000000 0.00000000000 0.00000000000 0.00000000000 0.00000000000 0.00000000000 0.00000000000 0.00000000000 0.00000000000 0.00000000000
# Linf_dev:
 0.00000000000 0.00000000000 0.00000000000 0.00000000000 0.00000000000 0.00000000000 0.00000000000 0.00000000000 0.00000000000 0.00000000000 0.00000000000 0.00000000000 0.00000000000 0.00000000000 0.00000000000 0.00000000000 0.00000000000 0.00000000000 0.00000000000 0.00000000000 0.00000000000 0.00000000000 0.00000000000 0.00000000000 0.00000000000 0.00000000000 0.00000000000 0.00000000000 0.00000000000 0.00000000000 0.00000000000 0.00000000000 0.00000000000 0.00000000000 0.00000000000 0.00000000000 0.00000000000 0.00000000000 0.00000000000 0.00000000000 0.00000000000 0.00000000000 0.00000000000 0.00000000000 0.00000000000 0.00000000000 0.00000000000 0.00000000000 0.00000000000 0.00000000000 0.00000000000 0.00000000000 0.00000000000 0.00000000000 0.00000000000 0.00000000000 0.00000000000 0.00000000000 0.00000000000 0.00000000000 0.00000000000 0.00000000000 0.00000000000 0.00000000000 0.00000000000 0.00000000000 0.00000000000 0.00000000000 0.00000000000
# SelPars50:
2.02862997079
# SelPars95:
3.60440611753
# SelPars_dev50:
 0.00000000000 0.00000000000 0.00000000000 0.00000000000 0.00000000000 0.00000000000 0.00000000000 0.00000000000 0.00000000000 0.00000000000 0.00000000000 0.00000000000 0.00000000000 0.00000000000 0.00000000000 0.00000000000 0.00000000000 0.00000000000 0.00000000000 0.00000000000 0.00000000000 0.00000000000 0.00000000000 0.00000000000 0.00000000000 0.00000000000 0.00000000000 0.00000000000 0.00000000000 0.00000000000 0.00000000000 0.00000000000 0.00000000000 0.00000000000 0.00000000000 0.00000000000 0.00000000000 0.00000000000 0.00000000000 0.00000000000 0.00000000000 0.00000000000 0.00000000000 0.00000000000 0.00000000000 0.00000000000 0.00000000000 0.00000000000 0.00000000000 0.00000000000 0.00000000000 0.00000000000 0.00000000000 0.00000000000 0.00000000000 0.00000000000 0.00000000000 0.00000000000 0.00000000000 0.00000000000 0.00000000000 0.00000000000 0.00000000000 0.00000000000 0.00000000000 0.00000000000 0.00000000000 0.00000000000 0.00000000000
# SelPars_dev95:
 0.00000000000 0.00000000000 0.00000000000 0.00000000000 0.00000000000 0.00000000000 0.00000000000 0.00000000000 0.00000000000 0.00000000000 0.00000000000 0.00000000000 0.00000000000 0.00000000000 0.00000000000 0.00000000000 0.00000000000 0.00000000000 0.00000000000 0.00000000000 0.00000000000 0.00000000000 0.00000000000 0.00000000000 0.00000000000 0.00000000000 0.00000000000 0.00000000000 0.00000000000 0.00000000000 0.00000000000 0.00000000000 0.00000000000 0.00000000000 0.00000000000 0.00000000000 0.00000000000 0.00000000000 0.00000000000 0.00000000000 0.00000000000 0.00000000000 0.00000000000 0.00000000000 0.00000000000 0.00000000000 0.00000000000 0.00000000000 0.00000000000 0.00000000000 0.00000000000 0.00000000000 0.00000000000 0.00000000000 0.00000000000 0.00000000000 0.00000000000 0.00000000000 0.00000000000 0.00000000000 0.00000000000 0.00000000000 0.00000000000 0.00000000000 0.00000000000 0.00000000000 0.00000000000 0.00000000000 0.00000000000
