# Number of parameters = 215 Objective function value = 73068.8  Maximum gradient component = 0.00115969
# srv_sel50:
1.46475078072
# srv_sel95:
2.41441119024
# stNatLen:
 11.4913622187 11.3557019746 11.1538336777 10.9612284215 10.7741715738 10.5716838167 10.3468430514 10.1070117083 9.86423985563 9.62871967815 9.40697838232 9.20239663709 9.01625105852 8.84859787447 8.69886917216 8.56619451738 8.44968241143 8.34839837215 8.26151214634 8.18830931375 8.12817774934 8.08057419489 8.04520117792 8.02179103574 8.01012761494
# log_avg_fmort_dir:
-1.60354448153
# fmort_dir_dev:
 -2.04224218321 -2.03167177361 -1.45313228887 -1.06820972399 -0.773968750664 -0.491090585156 -0.312435487943 -0.100421551161 0.0730536009359 0.0654043407525 0.312390815727 0.301541172061 0.394075483941 0.301112702130 0.385342617410 0.453357272707 0.531612140369 0.483284142247 0.424932196027 0.421834799835 0.414117655806 0.329574875736 0.385841422300 0.365192833421 0.371164085337 0.368521187635 0.415761479849 0.410089089570 0.392053188974 0.380492681998 0.291348209950 0.287970850683 0.372720030199 0.197733237931 0.124902044445 0.0482275828878 0.0193517651115 -0.0751596060884 -0.133410713830 -0.0229136485956 -0.109097114907 -0.0195784505148 0.0296583375038 0.112820291267 -0.0283962191669 0.0223324286084 -0.0650468310183 -0.0410278337353 -0.0442673342823 0.00328133489297 0.294184299941 -0.271313785627 0.152861518645 -0.515376479928 0.141104985137 -0.0456886674716 0.120324440658 0.213985484906 0.213610584579 -0.653402937899 -0.329315244445
# mean_log_rec:
11.0906169573
# rec_dev:
 0.503158264308 0.491850187807 0.502612344249 0.484383321443 0.395320927576 0.295830081710 0.224206458790 0.168900672645 0.129603555412 0.116144920454 0.110152215852 0.106697962977 0.117057491548 0.108577885953 0.0669453590241 -0.00466811946952 -0.0928736313405 -0.148510577550 -0.180395962676 -0.201241696702 -0.197779550970 -0.218122341184 -0.240274739502 -0.282137575061 -0.344488685749 -0.431637696545 -0.463901413553 -0.451658352857 -0.431717078960 -0.421090664580 -0.412747557399 -0.410727718333 -0.396893861637 -0.312089691726 -0.110636734333 0.0587318257086 0.117574718125 0.116008736222 0.0700634887101 0.0635349718483 0.0543375191737 0.0414067357108 -0.0214750967293 -0.0258811491028 0.0316914847231 0.0782097392582 0.107666863906 0.105793673057 0.107130239515 0.0836713808945 0.0597147947827 0.0373361465744 0.0671595872176 0.108714578591 0.150712801511 0.146423960759 0.0986415101719 0.0404082060961 0.0588735528385 0.0878508820801 0.0878508487363
# log_avg_NatM:
-1.62248259200
# m_dev:
 -0.114696719957 -0.0156558114439 -0.0414068259529 0.0178670287716 0.408691330756 0.293771999925 0.153002924999 0.0599711411512 -0.0687733821639 -0.349675993932 -0.262386346745 -0.338984414784 -0.296360287921 -0.227372860683 -0.156089766100 -0.0128014837168 0.0781761782299 -0.0665549644419 -0.117496862912 -0.176638385297 -0.225080572929 -0.110360939848 -0.164052053971 -0.0377722757790 0.116287301258 0.211752494470 -0.286817696665 -0.482188293515 -0.458575013378 -0.330127750137 -0.262998971979 -0.195112709922 -0.316801086310 -0.614603963080 -0.503586177181 -0.183490344131 0.0618994576989 0.277603873598 0.473641924331 0.301147435892 0.273943924181 0.229445547182 0.546997983495 0.161375952511 -0.00911859162626 0.0976717939490 0.126508374781 0.315598938564 0.168874229830 0.409313553862 0.275807799718 0.301475315355 0.00758123057006 0.182012868375 0.0889160169110 0.244194463980 0.393022546522 0.466530630860 0.0662065808202 -0.178669552111 -0.205040743933
# log_avg_GrowthK:
-1.60943800000
# log_avg_Linf:
4.88280200000
# GrowthK_dev:
 0.00000000000 0.00000000000 0.00000000000 0.00000000000 0.00000000000 0.00000000000 0.00000000000 0.00000000000 0.00000000000 0.00000000000 0.00000000000 0.00000000000 0.00000000000 0.00000000000 0.00000000000 0.00000000000 0.00000000000 0.00000000000 0.00000000000 0.00000000000 0.00000000000 0.00000000000 0.00000000000 0.00000000000 0.00000000000 0.00000000000 0.00000000000 0.00000000000 0.00000000000 0.00000000000 0.00000000000 0.00000000000 0.00000000000 0.00000000000 0.00000000000 0.00000000000 0.00000000000 0.00000000000 0.00000000000 0.00000000000 0.00000000000 0.00000000000 0.00000000000 0.00000000000 0.00000000000 0.00000000000 0.00000000000 0.00000000000 0.00000000000 0.00000000000 0.00000000000 0.00000000000 0.00000000000 0.00000000000 0.00000000000 0.00000000000 0.00000000000 0.00000000000 0.00000000000 0.00000000000 0.00000000000
# Linf_dev:
 0.00000000000 0.00000000000 0.00000000000 0.00000000000 0.00000000000 0.00000000000 0.00000000000 0.00000000000 0.00000000000 0.00000000000 0.00000000000 0.00000000000 0.00000000000 0.00000000000 0.00000000000 0.00000000000 0.00000000000 0.00000000000 0.00000000000 0.00000000000 0.00000000000 0.00000000000 0.00000000000 0.00000000000 0.00000000000 0.00000000000 0.00000000000 0.00000000000 0.00000000000 0.00000000000 0.00000000000 0.00000000000 0.00000000000 0.00000000000 0.00000000000 0.00000000000 0.00000000000 0.00000000000 0.00000000000 0.00000000000 0.00000000000 0.00000000000 0.00000000000 0.00000000000 0.00000000000 0.00000000000 0.00000000000 0.00000000000 0.00000000000 0.00000000000 0.00000000000 0.00000000000 0.00000000000 0.00000000000 0.00000000000 0.00000000000 0.00000000000 0.00000000000 0.00000000000 0.00000000000 0.00000000000
# SelPars50:
2.02188644373
# SelPars95:
3.60488661254
# SelPars_dev50:
 0.00000000000 0.00000000000 0.00000000000 0.00000000000 0.00000000000 0.00000000000 0.00000000000 0.00000000000 0.00000000000 0.00000000000 0.00000000000 0.00000000000 0.00000000000 0.00000000000 0.00000000000 0.00000000000 0.00000000000 0.00000000000 0.00000000000 0.00000000000 0.00000000000 0.00000000000 0.00000000000 0.00000000000 0.00000000000 0.00000000000 0.00000000000 0.00000000000 0.00000000000 0.00000000000 0.00000000000 0.00000000000 0.00000000000 0.00000000000 0.00000000000 0.00000000000 0.00000000000 0.00000000000 0.00000000000 0.00000000000 0.00000000000 0.00000000000 0.00000000000 0.00000000000 0.00000000000 0.00000000000 0.00000000000 0.00000000000 0.00000000000 0.00000000000 0.00000000000 0.00000000000 0.00000000000 0.00000000000 0.00000000000 0.00000000000 0.00000000000 0.00000000000 0.00000000000 0.00000000000 0.00000000000
# SelPars_dev95:
 0.00000000000 0.00000000000 0.00000000000 0.00000000000 0.00000000000 0.00000000000 0.00000000000 0.00000000000 0.00000000000 0.00000000000 0.00000000000 0.00000000000 0.00000000000 0.00000000000 0.00000000000 0.00000000000 0.00000000000 0.00000000000 0.00000000000 0.00000000000 0.00000000000 0.00000000000 0.00000000000 0.00000000000 0.00000000000 0.00000000000 0.00000000000 0.00000000000 0.00000000000 0.00000000000 0.00000000000 0.00000000000 0.00000000000 0.00000000000 0.00000000000 0.00000000000 0.00000000000 0.00000000000 0.00000000000 0.00000000000 0.00000000000 0.00000000000 0.00000000000 0.00000000000 0.00000000000 0.00000000000 0.00000000000 0.00000000000 0.00000000000 0.00000000000 0.00000000000 0.00000000000 0.00000000000 0.00000000000 0.00000000000 0.00000000000 0.00000000000 0.00000000000 0.00000000000 0.00000000000 0.00000000000
