# Number of parameters = 215 Objective function value = 73048.3653544904  Maximum gradient component = 0.000611615220896215
# srv_sel50:
1.46711229866
# srv_sel95:
2.41974991855
# stNatLen:
 11.2200860191 11.0937486163 10.8959620621 10.7044055055 10.5188895487 10.3192573145 10.0971886209 9.85851633876 9.61472768604 9.37627267962 9.15025397792 8.94063914329 8.74916235774 8.57619608045 8.42135962060 8.28392846462 8.16305102492 8.05781239036 7.96740838127 7.89113534811 7.82839398885 7.77869635264 7.74156337989 7.71684625345 7.70455770231
# log_avg_fmort_dir:
-1.59812856209
# fmort_dir_dev:
 -1.83402694116 -1.83457733713 -1.37352552422 -1.01837889659 -0.914541767407 -0.526358591070 -0.382187852413 -0.231985044134 0.00824213453713 0.178853289908 0.256099610960 0.367832134040 0.335800373351 0.475246829214 0.507058399469 0.549262179626 0.609642830759 0.430179878956 0.347127423051 0.282534956480 0.363148823286 0.342496771385 0.346216661423 0.322740371420 0.246617214993 0.224184376239 0.238995171836 0.212884324826 0.159150851764 0.181131667207 0.0531564514917 0.0626025840737 0.0933991696262 0.130304991189 0.193008040908 0.165570549354 0.176357534059 0.0512603182297 0.0723249266915 -0.0793947920165 -0.0474230328900 0.00781635293216 0.0554478456114 0.0869687186243 0.134696534047 0.126270389685 0.159512067099 0.150786991975 0.0585206444288 0.0559772974215 -0.120342726802 0.0374308210883 0.0453210552868 -0.0300246690624 -0.0692689186226 -0.361286905547 -0.0599897996631 -0.0940809089893 0.235950568083 -0.0130550421675 -0.147681376749
# mean_log_rec:
11.1033075861
# rec_dev:
 0.315882091535 0.365946934228 0.431282335609 0.410540923093 0.364264592867 0.328946952840 0.279707815288 0.195964113914 0.0854070098995 0.0319024916174 0.0182859222669 0.0115052510257 0.00312285327697 -0.0129465301740 -0.0418572703199 -0.0934857718652 -0.128956360712 -0.124840781020 -0.112777286826 -0.127371862142 -0.185274539206 -0.215866296534 -0.227542072287 -0.229305297137 -0.244552425779 -0.247862301973 -0.225103999912 -0.209169935184 -0.207825632651 -0.163925558559 -0.111895962436 -0.105053420112 -0.203246904273 -0.320601146597 -0.292443056095 -0.199097228035 -0.122841255835 -0.0394448656519 0.0314635410574 0.0595383384040 0.0351301966271 0.0172952492919 0.0106130149251 -0.0294772302085 -0.0593629757584 -0.0669567953716 -0.0850492878136 -0.0956849706562 -0.0589610365289 -0.0164193131318 0.0201927518247 0.0581116805299 0.0847811097224 0.119646245386 0.179698587727 0.237800333216 0.282129450459 0.257880308255 0.173450383231 0.0973544249872 0.0973544676792
# log_avg_NatM:
-1.61528591298
# m_dev:
 -0.722870542890 -0.710347214654 -0.377356670359 0.211004859969 0.138162185051 0.0832579671606 0.104219389507 0.195187258215 0.267883804020 -0.159622345073 -0.320155878700 -0.363474950444 -0.448970993594 -0.483158311118 -0.426591194240 -0.215752409892 -0.215952259950 -0.300315194071 -0.291533114203 -0.0928212956412 0.119472847484 -0.0965813619586 -0.150878589938 -0.0599894117670 0.0125613508613 -0.126601821887 -0.229902917539 -0.0858412958104 -0.0230455444106 -0.281905242784 -0.303123894974 -0.102305971028 0.302746694195 0.493487531416 0.332361036297 0.0412996715250 -0.221962218132 -0.265271926028 -0.139780213706 0.170326213806 0.353052790284 0.242715472367 0.172137066140 0.355099369188 0.209843642475 0.118037058699 0.275946322971 0.201277819081 0.00719211892821 -0.0127736608235 0.0431594608708 0.125715581957 0.114911061533 0.160899992880 0.0672328417350 0.109284056974 0.114552283157 0.415583854529 0.470506741210 0.587691226929 0.612076874199
# log_avg_GrowthK:
-1.60943800000
# log_avg_Linf:
4.88280200000
# GrowthK_dev:
 0.00000000000 0.00000000000 0.00000000000 0.00000000000 0.00000000000 0.00000000000 0.00000000000 0.00000000000 0.00000000000 0.00000000000 0.00000000000 0.00000000000 0.00000000000 0.00000000000 0.00000000000 0.00000000000 0.00000000000 0.00000000000 0.00000000000 0.00000000000 0.00000000000 0.00000000000 0.00000000000 0.00000000000 0.00000000000 0.00000000000 0.00000000000 0.00000000000 0.00000000000 0.00000000000 0.00000000000 0.00000000000 0.00000000000 0.00000000000 0.00000000000 0.00000000000 0.00000000000 0.00000000000 0.00000000000 0.00000000000 0.00000000000 0.00000000000 0.00000000000 0.00000000000 0.00000000000 0.00000000000 0.00000000000 0.00000000000 0.00000000000 0.00000000000 0.00000000000 0.00000000000 0.00000000000 0.00000000000 0.00000000000 0.00000000000 0.00000000000 0.00000000000 0.00000000000 0.00000000000 0.00000000000
# Linf_dev:
 0.00000000000 0.00000000000 0.00000000000 0.00000000000 0.00000000000 0.00000000000 0.00000000000 0.00000000000 0.00000000000 0.00000000000 0.00000000000 0.00000000000 0.00000000000 0.00000000000 0.00000000000 0.00000000000 0.00000000000 0.00000000000 0.00000000000 0.00000000000 0.00000000000 0.00000000000 0.00000000000 0.00000000000 0.00000000000 0.00000000000 0.00000000000 0.00000000000 0.00000000000 0.00000000000 0.00000000000 0.00000000000 0.00000000000 0.00000000000 0.00000000000 0.00000000000 0.00000000000 0.00000000000 0.00000000000 0.00000000000 0.00000000000 0.00000000000 0.00000000000 0.00000000000 0.00000000000 0.00000000000 0.00000000000 0.00000000000 0.00000000000 0.00000000000 0.00000000000 0.00000000000 0.00000000000 0.00000000000 0.00000000000 0.00000000000 0.00000000000 0.00000000000 0.00000000000 0.00000000000 0.00000000000
# SelPars50:
2.00842308840
# SelPars95:
3.56138242667
# SelPars_dev50:
 0.00000000000 0.00000000000 0.00000000000 0.00000000000 0.00000000000 0.00000000000 0.00000000000 0.00000000000 0.00000000000 0.00000000000 0.00000000000 0.00000000000 0.00000000000 0.00000000000 0.00000000000 0.00000000000 0.00000000000 0.00000000000 0.00000000000 0.00000000000 0.00000000000 0.00000000000 0.00000000000 0.00000000000 0.00000000000 0.00000000000 0.00000000000 0.00000000000 0.00000000000 0.00000000000 0.00000000000 0.00000000000 0.00000000000 0.00000000000 0.00000000000 0.00000000000 0.00000000000 0.00000000000 0.00000000000 0.00000000000 0.00000000000 0.00000000000 0.00000000000 0.00000000000 0.00000000000 0.00000000000 0.00000000000 0.00000000000 0.00000000000 0.00000000000 0.00000000000 0.00000000000 0.00000000000 0.00000000000 0.00000000000 0.00000000000 0.00000000000 0.00000000000 0.00000000000 0.00000000000 0.00000000000
# SelPars_dev95:
 0.00000000000 0.00000000000 0.00000000000 0.00000000000 0.00000000000 0.00000000000 0.00000000000 0.00000000000 0.00000000000 0.00000000000 0.00000000000 0.00000000000 0.00000000000 0.00000000000 0.00000000000 0.00000000000 0.00000000000 0.00000000000 0.00000000000 0.00000000000 0.00000000000 0.00000000000 0.00000000000 0.00000000000 0.00000000000 0.00000000000 0.00000000000 0.00000000000 0.00000000000 0.00000000000 0.00000000000 0.00000000000 0.00000000000 0.00000000000 0.00000000000 0.00000000000 0.00000000000 0.00000000000 0.00000000000 0.00000000000 0.00000000000 0.00000000000 0.00000000000 0.00000000000 0.00000000000 0.00000000000 0.00000000000 0.00000000000 0.00000000000 0.00000000000 0.00000000000 0.00000000000 0.00000000000 0.00000000000 0.00000000000 0.00000000000 0.00000000000 0.00000000000 0.00000000000 0.00000000000 0.00000000000
