# Number of parameters = 147 Objective function value = 69328.4  Maximum gradient component = 0.000698943
# srv_sel50:
1.63823714123
# srv_sel95:
2.88585472946
# stNatLen:
 11.8273998452 11.6153692040 11.3277588154 11.0768284720 10.8609336882 10.6499631223 10.4221935688 10.1732925902 9.91113068268 9.64728751766 9.39169827341 9.15100825328 8.92888213135 8.72688330215 8.54528727646 8.38364899257 8.24117462247 8.11697396316 8.01016933462 7.91997361696 7.84570854457 7.78684172654 7.74295071111 7.71381261155 7.69937874142
# log_avg_fmort_dir:
-1.52117240352
# fmort_dir_dev:
 -0.647237953865 -0.766639364894 -0.585528832565 -0.420089417247 -0.302502447785 -0.157305061399 -0.0430708740291 0.158625704504 0.159032031982 0.179845979547 0.285158707555 0.229391035179 0.278001596347 0.314234306281 0.186475715502 0.238066397367 0.154442136599 0.189976711049 0.166475963643 0.172016124232 0.130439294339 0.0440197414848 0.0645493744254 -0.0421897329316 0.0701589625159 -0.00339890710948 0.00375812341332 0.0184236451310 0.0529545508833 0.0142160772630 -0.0131015924254 -0.0243687809221 0.0482331461792 -0.0137030685690 -0.0258417320312 0.0128372771032 -0.0726697830013 0.0192395322725 -0.156380088258 -0.0414328180546 0.0289520104805 -0.0176235101733 0.00245792974868 -0.0602895856934 0.0531107564396 0.0185050565374 0.277585121641 0.114569104301 0.0439352631087 0.137159178697 0.0823788546337 -0.0221862775950 0.117039279427 0.131882786389 -0.0305234466221 -0.241109906499 -0.415916649756 -0.0950376447767
# mean_log_rec:
11.3140330242
# rec_dev:
 0.526004618277 0.486806576154 0.469313549973 0.445126448000 0.418318408299 0.387512848272 0.346356050083 0.309325642934 0.295534085785 0.269710654898 0.224418613217 0.182247155590 0.140192862684 0.0963507366944 0.0641296868839 0.0284084748598 0.00127639486321 -0.0344996458693 -0.0770424680659 -0.0955694189354 -0.0953985627890 -0.0816720292622 -0.0799325579630 -0.0940782906615 -0.134673943342 -0.167643753605 -0.199355208804 -0.240706921959 -0.290271403427 -0.317763679918 -0.233048974228 -0.152435483154 -0.165660795561 -0.174653663149 -0.166186386332 -0.147862151745 -0.131052112428 -0.115397319185 -0.111003835160 -0.128018616731 -0.142076242131 -0.115581714819 -0.107730372359 -0.142096578000 -0.143938622627 -0.139606206200 -0.145784197050 -0.155146880552 -0.148761346096 -0.137820304717 -0.131935879979 -0.0959320975533 -0.0372929512962 0.0138900753170 0.0550681347855 0.100928864421 0.108355362074 0.108355371586
# log_avg_NatM:
-1.47890400000
# m_dev:
 0.00000000000 0.00000000000 0.00000000000 0.00000000000 0.00000000000 0.00000000000 0.00000000000 0.00000000000 0.00000000000 0.00000000000 0.00000000000 0.00000000000 0.00000000000 0.00000000000 0.00000000000 0.00000000000 0.00000000000 0.00000000000 0.00000000000 0.00000000000 0.00000000000 0.00000000000 0.00000000000 0.00000000000 0.00000000000 0.00000000000 0.00000000000 0.00000000000 0.00000000000 0.00000000000 0.00000000000 0.00000000000 0.00000000000 0.00000000000 0.00000000000 0.00000000000 0.00000000000 0.00000000000 0.00000000000 0.00000000000 0.00000000000 0.00000000000 0.00000000000 0.00000000000 0.00000000000 0.00000000000 0.00000000000 0.00000000000 0.00000000000 0.00000000000 0.00000000000 0.00000000000 0.00000000000 0.00000000000 0.00000000000 0.00000000000 0.00000000000 0.00000000000
# log_avg_GrowthK:
-1.60943800000
# log_avg_Linf:
4.88280200000
# GrowthK_dev:
 0.00000000000 0.00000000000 0.00000000000 0.00000000000 0.00000000000 0.00000000000 0.00000000000 0.00000000000 0.00000000000 0.00000000000 0.00000000000 0.00000000000 0.00000000000 0.00000000000 0.00000000000 0.00000000000 0.00000000000 0.00000000000 0.00000000000 0.00000000000 0.00000000000 0.00000000000 0.00000000000 0.00000000000 0.00000000000 0.00000000000 0.00000000000 0.00000000000 0.00000000000 0.00000000000 0.00000000000 0.00000000000 0.00000000000 0.00000000000 0.00000000000 0.00000000000 0.00000000000 0.00000000000 0.00000000000 0.00000000000 0.00000000000 0.00000000000 0.00000000000 0.00000000000 0.00000000000 0.00000000000 0.00000000000 0.00000000000 0.00000000000 0.00000000000 0.00000000000 0.00000000000 0.00000000000 0.00000000000 0.00000000000 0.00000000000 0.00000000000 0.00000000000
# Linf_dev:
 0.00000000000 0.00000000000 0.00000000000 0.00000000000 0.00000000000 0.00000000000 0.00000000000 0.00000000000 0.00000000000 0.00000000000 0.00000000000 0.00000000000 0.00000000000 0.00000000000 0.00000000000 0.00000000000 0.00000000000 0.00000000000 0.00000000000 0.00000000000 0.00000000000 0.00000000000 0.00000000000 0.00000000000 0.00000000000 0.00000000000 0.00000000000 0.00000000000 0.00000000000 0.00000000000 0.00000000000 0.00000000000 0.00000000000 0.00000000000 0.00000000000 0.00000000000 0.00000000000 0.00000000000 0.00000000000 0.00000000000 0.00000000000 0.00000000000 0.00000000000 0.00000000000 0.00000000000 0.00000000000 0.00000000000 0.00000000000 0.00000000000 0.00000000000 0.00000000000 0.00000000000 0.00000000000 0.00000000000 0.00000000000 0.00000000000 0.00000000000 0.00000000000
# SelPars50:
2.20760853818
# SelPars95:
3.99583609596
# SelPars_dev50:
 0.00000000000 0.00000000000 0.00000000000 0.00000000000 0.00000000000 0.00000000000 0.00000000000 0.00000000000 0.00000000000 0.00000000000 0.00000000000 0.00000000000 0.00000000000 0.00000000000 0.00000000000 0.00000000000 0.00000000000 0.00000000000 0.00000000000 0.00000000000 0.00000000000 0.00000000000 0.00000000000 0.00000000000 0.00000000000 0.00000000000 0.00000000000 0.00000000000 0.00000000000 0.00000000000 0.00000000000 0.00000000000 0.00000000000 0.00000000000 0.00000000000 0.00000000000 0.00000000000 0.00000000000 0.00000000000 0.00000000000 0.00000000000 0.00000000000 0.00000000000 0.00000000000 0.00000000000 0.00000000000 0.00000000000 0.00000000000 0.00000000000 0.00000000000 0.00000000000 0.00000000000 0.00000000000 0.00000000000 0.00000000000 0.00000000000 0.00000000000 0.00000000000
# SelPars_dev95:
 0.00000000000 0.00000000000 0.00000000000 0.00000000000 0.00000000000 0.00000000000 0.00000000000 0.00000000000 0.00000000000 0.00000000000 0.00000000000 0.00000000000 0.00000000000 0.00000000000 0.00000000000 0.00000000000 0.00000000000 0.00000000000 0.00000000000 0.00000000000 0.00000000000 0.00000000000 0.00000000000 0.00000000000 0.00000000000 0.00000000000 0.00000000000 0.00000000000 0.00000000000 0.00000000000 0.00000000000 0.00000000000 0.00000000000 0.00000000000 0.00000000000 0.00000000000 0.00000000000 0.00000000000 0.00000000000 0.00000000000 0.00000000000 0.00000000000 0.00000000000 0.00000000000 0.00000000000 0.00000000000 0.00000000000 0.00000000000 0.00000000000 0.00000000000 0.00000000000 0.00000000000 0.00000000000 0.00000000000 0.00000000000 0.00000000000 0.00000000000 0.00000000000
