# Number of parameters = 212 Objective function value = 71731.5  Maximum gradient component = 0.000471430
# srv_sel50:
1.46548425495
# srv_sel95:
2.41063184132
# stNatLen:
 11.2894268309 11.1399771506 10.9193247582 10.6962925833 10.4741254783 10.2412810412 9.99545113166 9.74387213842 9.49629149033 9.26041196274 9.04085040586 8.83972975347 8.65756398845 8.49396488510 8.34810972035 8.21900659195 8.10567425583 8.00719586679 7.92274896956 7.85161296311 7.79318053297 7.74699150711 7.71267956607 7.68991570891 7.67860295700
# log_avg_fmort_dir:
-1.49088594272
# fmort_dir_dev:
 -0.423122671306 -0.462522467669 -0.319534861194 -0.170043543383 -0.0912856293784 0.170046223674 0.0303502988612 0.211363103649 0.266860542404 0.351419687290 0.401759403197 0.458842080952 0.378508860725 0.413395850678 0.364067545485 0.499406346728 0.213099804986 0.189084929726 0.153507584584 0.0664049952004 0.110992528578 0.00119041973941 0.0732589715180 0.154828705982 0.0735877133438 -0.0178485063485 0.0263572088802 0.0797401605207 0.0684775367495 0.0370958759100 0.0506538397185 -0.0321415005699 -0.0537063286151 -0.134677067139 -0.0892955201805 -0.114972969823 -0.171977761437 -0.175817298394 -0.0974686771956 -0.0605207002569 -0.0546530043948 -0.000985188114219 -0.0686649475664 -0.102610914008 -0.147808818640 -0.217635059570 0.321169784042 -0.586589027694 -0.0552692390670 -0.0586719682821 -0.0914435373265 -0.673728118522 -0.0838787295809 -0.0742985124452 -0.00480386110526 -0.0262393067679 0.0686790589164 -0.461861794428 -0.0584718155521 -0.0515997160872
# mean_log_rec:
11.0975540281
# rec_dev:
 0.237683713441 0.219357492891 0.199185593302 0.166534081570 0.131609824754 0.107499802710 0.0832185830028 0.0610641159449 0.0386977523203 0.000382069999143 -0.0741130316536 -0.129020954761 -0.160752809649 -0.181202030823 -0.191884550682 -0.171158963728 -0.149765807229 -0.114184256170 -0.0792890221893 -0.0727328471676 -0.0989381391932 -0.165900683133 -0.263523215453 -0.259192989939 -0.209366547294 -0.188861002971 -0.202483273079 -0.254039115355 -0.299364930418 -0.281147736991 -0.127361224281 -0.00562890354949 0.0326617136276 0.0512611457443 0.0708430845409 0.0828749731284 0.0591792163014 0.0399523728345 0.0305519480419 0.0242473482520 0.0108624378184 0.0152783187735 0.0411121303042 0.0801224825535 0.117100273610 0.0809346487225 0.0468891443117 0.0163491418587 0.00930754468976 0.00264874918023 0.0170981949674 0.0606099122838 0.124650250692 0.161999864804 0.175174060722 0.168509074312 0.197688225421 0.223920259957 0.246426242048 0.246426246271
# log_avg_NatM:
-1.60520382540
# m_dev:
 -0.244526904589 -0.260556811708 -0.0782948633795 -0.156809268603 -0.191505466533 -0.159829170196 -0.207572637077 -0.328541505027 -0.358116974780 -0.263661105015 -0.0612047301921 -0.175918827071 -0.315491375815 -0.465992664854 -0.477143151911 -0.371746942003 -0.309567794605 -0.364829747484 -0.219820868812 -0.105641114972 0.129964020591 0.286455858525 0.378124368294 -0.251593242699 -0.233713077392 -0.231127489737 -0.0360275795248 0.207512091739 0.0798614328377 -0.140961085297 -0.225117356181 0.0661193274617 0.00956312689775 0.127080281874 0.154462403373 0.222380951115 0.341986933443 0.314969108711 0.215298242345 0.216611991898 0.210486363752 0.221048683615 0.103633159582 0.0679104264910 0.0574086471110 0.438311333997 0.223680490840 0.280937586867 0.298429282575 0.340537223161 0.0558519072089 0.0395004038503 0.0583322791508 0.0973670252374 0.152059164736 0.298434907646 0.0798019960572 0.140127674992 0.160651135099 0.160411924382
# log_avg_GrowthK:
-1.60943800000
# log_avg_Linf:
4.88280200000
# GrowthK_dev:
 0.00000000000 0.00000000000 0.00000000000 0.00000000000 0.00000000000 0.00000000000 0.00000000000 0.00000000000 0.00000000000 0.00000000000 0.00000000000 0.00000000000 0.00000000000 0.00000000000 0.00000000000 0.00000000000 0.00000000000 0.00000000000 0.00000000000 0.00000000000 0.00000000000 0.00000000000 0.00000000000 0.00000000000 0.00000000000 0.00000000000 0.00000000000 0.00000000000 0.00000000000 0.00000000000 0.00000000000 0.00000000000 0.00000000000 0.00000000000 0.00000000000 0.00000000000 0.00000000000 0.00000000000 0.00000000000 0.00000000000 0.00000000000 0.00000000000 0.00000000000 0.00000000000 0.00000000000 0.00000000000 0.00000000000 0.00000000000 0.00000000000 0.00000000000 0.00000000000 0.00000000000 0.00000000000 0.00000000000 0.00000000000 0.00000000000 0.00000000000 0.00000000000 0.00000000000 0.00000000000
# Linf_dev:
 0.00000000000 0.00000000000 0.00000000000 0.00000000000 0.00000000000 0.00000000000 0.00000000000 0.00000000000 0.00000000000 0.00000000000 0.00000000000 0.00000000000 0.00000000000 0.00000000000 0.00000000000 0.00000000000 0.00000000000 0.00000000000 0.00000000000 0.00000000000 0.00000000000 0.00000000000 0.00000000000 0.00000000000 0.00000000000 0.00000000000 0.00000000000 0.00000000000 0.00000000000 0.00000000000 0.00000000000 0.00000000000 0.00000000000 0.00000000000 0.00000000000 0.00000000000 0.00000000000 0.00000000000 0.00000000000 0.00000000000 0.00000000000 0.00000000000 0.00000000000 0.00000000000 0.00000000000 0.00000000000 0.00000000000 0.00000000000 0.00000000000 0.00000000000 0.00000000000 0.00000000000 0.00000000000 0.00000000000 0.00000000000 0.00000000000 0.00000000000 0.00000000000 0.00000000000 0.00000000000
# SelPars50:
2.02068732348
# SelPars95:
3.60116556586
# SelPars_dev50:
 0.00000000000 0.00000000000 0.00000000000 0.00000000000 0.00000000000 0.00000000000 0.00000000000 0.00000000000 0.00000000000 0.00000000000 0.00000000000 0.00000000000 0.00000000000 0.00000000000 0.00000000000 0.00000000000 0.00000000000 0.00000000000 0.00000000000 0.00000000000 0.00000000000 0.00000000000 0.00000000000 0.00000000000 0.00000000000 0.00000000000 0.00000000000 0.00000000000 0.00000000000 0.00000000000 0.00000000000 0.00000000000 0.00000000000 0.00000000000 0.00000000000 0.00000000000 0.00000000000 0.00000000000 0.00000000000 0.00000000000 0.00000000000 0.00000000000 0.00000000000 0.00000000000 0.00000000000 0.00000000000 0.00000000000 0.00000000000 0.00000000000 0.00000000000 0.00000000000 0.00000000000 0.00000000000 0.00000000000 0.00000000000 0.00000000000 0.00000000000 0.00000000000 0.00000000000 0.00000000000
# SelPars_dev95:
 0.00000000000 0.00000000000 0.00000000000 0.00000000000 0.00000000000 0.00000000000 0.00000000000 0.00000000000 0.00000000000 0.00000000000 0.00000000000 0.00000000000 0.00000000000 0.00000000000 0.00000000000 0.00000000000 0.00000000000 0.00000000000 0.00000000000 0.00000000000 0.00000000000 0.00000000000 0.00000000000 0.00000000000 0.00000000000 0.00000000000 0.00000000000 0.00000000000 0.00000000000 0.00000000000 0.00000000000 0.00000000000 0.00000000000 0.00000000000 0.00000000000 0.00000000000 0.00000000000 0.00000000000 0.00000000000 0.00000000000 0.00000000000 0.00000000000 0.00000000000 0.00000000000 0.00000000000 0.00000000000 0.00000000000 0.00000000000 0.00000000000 0.00000000000 0.00000000000 0.00000000000 0.00000000000 0.00000000000 0.00000000000 0.00000000000 0.00000000000 0.00000000000 0.00000000000 0.00000000000
