# Number of parameters = 197 Objective function value = 65804.5  Maximum gradient component = 0.000141056
# srv_sel50:
1.47815356692
# srv_sel95:
2.44283628748
# stNatLen:
 11.3522709922 11.2207283850 11.0237792924 10.8336476983 10.6477883025 10.4463328551 10.2223505864 9.98283382281 9.73966204585 9.50310253238 9.27985211832 9.07348070759 8.88543155840 8.71587350503 8.56429341212 8.42988554033 8.31176089997 8.20901664348 8.12082855646 8.04651624379 7.98545315400 7.93712412209 7.90113993036 7.87721336125 7.86530273491
# log_avg_fmort_dir:
-1.64480543269
# fmort_dir_dev:
 -1.79626005599 -1.78839581115 -1.43003959633 -1.06514306403 -0.803505107047 -0.535341289400 -0.385472353177 -0.288099897589 -0.0446800827058 0.100720337230 0.240455518816 0.265643633867 0.320639512806 0.393681872453 0.534143401008 0.521552899747 0.467530126838 0.428967928756 0.353669863300 0.370555232885 0.331988178514 0.394475570677 0.289817160124 0.256677466877 0.306818398535 0.204726610918 0.0981013061259 0.170495906438 0.105607529262 0.129881604449 0.137749517871 0.0435798940979 0.154196843559 0.104165034236 0.109596557996 0.0486739622455 0.116346717516 -0.141094334367 0.0164428946089 -0.0386520722837 0.0670841553144 0.128265456626 0.0308654733311 0.0792043508404 0.0212944351874 0.108413657392 0.0624720898981 0.212033438921 0.165398546178 0.125499897416 -0.116373074302 -0.0491544327255 0.0814563613831 0.345748486525 0.0375733403295
# mean_log_rec:
11.1644596638
# rec_dev:
 0.354282283789 0.375725792920 0.402368226102 0.374837248342 0.324684183365 0.286014674162 0.276555915616 0.254766388159 0.213182726232 0.178051803985 0.147316101669 0.107690952709 0.0693888620613 0.0261081119673 -0.0292761372499 -0.0821890361776 -0.0958296091789 -0.0773093042642 -0.0675310960780 -0.137743516062 -0.214635606840 -0.232998000849 -0.219489487325 -0.196905848220 -0.162705128832 -0.129263381635 -0.140756505290 -0.161094383301 -0.188882365665 -0.200927730868 -0.178518090236 -0.179160384013 -0.214727364085 -0.214620684475 -0.107411476842 0.0247498988201 0.0949922577955 0.139598150415 0.133936023485 0.0323191647900 -0.0803796406397 -0.0730626819085 -0.0113403541717 0.0199056724986 -0.0172423652789 -0.104692837135 -0.153241216451 -0.141177776947 -0.104193653312 -0.0556210368883 0.0192013847882 0.0747193498451 0.0483033672487 -0.00288593820504 -0.00288590234280
# log_avg_NatM:
-1.55440584287
# m_dev:
 -0.493250788226 -0.441968119002 -0.113755215422 0.0850470036869 0.178745951019 0.0813136591067 -0.109654153670 -0.0290277451562 -0.0590131333477 -0.172491614885 -0.0956240647327 -0.0294293538882 -0.147449688218 -0.193961880089 -0.0685967714495 -0.0316976066223 -0.356692816170 -0.491799914274 -0.235541075259 0.175631722328 0.154166465573 -0.0771764059239 -0.183410587763 -0.278091108809 -0.287960951860 -0.152143503784 0.0473606539978 0.0964936410656 0.154137283120 -0.0289530887815 -0.164744854400 -0.0358898601863 0.0270438705927 0.0816003353980 0.0941640373603 -0.0775411342544 -0.0204887690880 -0.0468535431329 0.158508316733 0.581735750740 0.544377369313 0.0629823771243 -0.0666538143606 0.00137738420062 0.301697550244 0.497796209953 0.230113635966 -0.0127169781442 0.0586723439405 -0.105879543648 -0.143007572472 0.000116975113934 0.290862405420 0.398227615276 0.449293099746
# log_avg_GrowthK:
-1.60943800000
# log_avg_Linf:
4.88280200000
# GrowthK_dev:
 0.00000000000 0.00000000000 0.00000000000 0.00000000000 0.00000000000 0.00000000000 0.00000000000 0.00000000000 0.00000000000 0.00000000000 0.00000000000 0.00000000000 0.00000000000 0.00000000000 0.00000000000 0.00000000000 0.00000000000 0.00000000000 0.00000000000 0.00000000000 0.00000000000 0.00000000000 0.00000000000 0.00000000000 0.00000000000 0.00000000000 0.00000000000 0.00000000000 0.00000000000 0.00000000000 0.00000000000 0.00000000000 0.00000000000 0.00000000000 0.00000000000 0.00000000000 0.00000000000 0.00000000000 0.00000000000 0.00000000000 0.00000000000 0.00000000000 0.00000000000 0.00000000000 0.00000000000 0.00000000000 0.00000000000 0.00000000000 0.00000000000 0.00000000000 0.00000000000 0.00000000000 0.00000000000 0.00000000000 0.00000000000
# Linf_dev:
 0.00000000000 0.00000000000 0.00000000000 0.00000000000 0.00000000000 0.00000000000 0.00000000000 0.00000000000 0.00000000000 0.00000000000 0.00000000000 0.00000000000 0.00000000000 0.00000000000 0.00000000000 0.00000000000 0.00000000000 0.00000000000 0.00000000000 0.00000000000 0.00000000000 0.00000000000 0.00000000000 0.00000000000 0.00000000000 0.00000000000 0.00000000000 0.00000000000 0.00000000000 0.00000000000 0.00000000000 0.00000000000 0.00000000000 0.00000000000 0.00000000000 0.00000000000 0.00000000000 0.00000000000 0.00000000000 0.00000000000 0.00000000000 0.00000000000 0.00000000000 0.00000000000 0.00000000000 0.00000000000 0.00000000000 0.00000000000 0.00000000000 0.00000000000 0.00000000000 0.00000000000 0.00000000000 0.00000000000 0.00000000000
# SelPars50:
2.01210052243
# SelPars95:
3.55611942170
# SelPars_dev50:
 0.00000000000 0.00000000000 0.00000000000 0.00000000000 0.00000000000 0.00000000000 0.00000000000 0.00000000000 0.00000000000 0.00000000000 0.00000000000 0.00000000000 0.00000000000 0.00000000000 0.00000000000 0.00000000000 0.00000000000 0.00000000000 0.00000000000 0.00000000000 0.00000000000 0.00000000000 0.00000000000 0.00000000000 0.00000000000 0.00000000000 0.00000000000 0.00000000000 0.00000000000 0.00000000000 0.00000000000 0.00000000000 0.00000000000 0.00000000000 0.00000000000 0.00000000000 0.00000000000 0.00000000000 0.00000000000 0.00000000000 0.00000000000 0.00000000000 0.00000000000 0.00000000000 0.00000000000 0.00000000000 0.00000000000 0.00000000000 0.00000000000 0.00000000000 0.00000000000 0.00000000000 0.00000000000 0.00000000000 0.00000000000
# SelPars_dev95:
 0.00000000000 0.00000000000 0.00000000000 0.00000000000 0.00000000000 0.00000000000 0.00000000000 0.00000000000 0.00000000000 0.00000000000 0.00000000000 0.00000000000 0.00000000000 0.00000000000 0.00000000000 0.00000000000 0.00000000000 0.00000000000 0.00000000000 0.00000000000 0.00000000000 0.00000000000 0.00000000000 0.00000000000 0.00000000000 0.00000000000 0.00000000000 0.00000000000 0.00000000000 0.00000000000 0.00000000000 0.00000000000 0.00000000000 0.00000000000 0.00000000000 0.00000000000 0.00000000000 0.00000000000 0.00000000000 0.00000000000 0.00000000000 0.00000000000 0.00000000000 0.00000000000 0.00000000000 0.00000000000 0.00000000000 0.00000000000 0.00000000000 0.00000000000 0.00000000000 0.00000000000 0.00000000000 0.00000000000 0.00000000000
