# Number of parameters = 161 Objective function value = 77978.6  Maximum gradient component = 0.000677994
# srv_sel50:
1.61326646438
# srv_sel95:
2.81767785717
# stNatLen:
 11.9032379181 11.7275923059 11.4790382093 11.2663600640 11.0880055465 10.9103437552 10.7078688180 10.4745462632 10.2191650352 9.95566344186 9.69644301822 9.45004256927 9.22137262722 9.01273031751 8.82481799685 8.65740204131 8.50975095277 8.38099281273 8.27029171053 8.17682609639 8.09991689109 8.03887624879 7.99328518077 7.96291536453 7.94775555238
# log_avg_fmort_dir:
-1.66345674302
# fmort_dir_dev:
 -2.15061410023 -2.09918767783 -1.54173369731 -1.11752506553 -0.875914301067 -0.602132928116 -0.503791990482 -0.286214987696 -0.177242692381 -0.00837939830010 0.125000653806 0.239101493525 0.288361476291 0.376476939415 0.425646784894 0.414700409207 0.455254907540 0.375893065424 0.390896561641 0.337995203785 0.385027939637 0.195029421827 0.219670251292 0.353543764047 0.208863725971 0.233719050662 0.104601792979 0.129962762583 0.171796558995 0.173070535550 0.104308594474 0.116304324882 0.0587010323219 0.0747245427502 0.137318041305 0.204434789737 0.139267218759 0.178803941663 0.0644914409366 0.0543919033836 0.111448325928 0.0575724876200 0.0403511624531 0.119967574062 0.136817120221 0.174537285535 0.0856302005003 0.151733196456 0.104835857121 0.144283792271 0.261734321718 -0.0231298232876 -0.0535681490155 0.0619584621753 0.0793710022829 0.120159698346 -0.0810375086434 0.0509244224870 0.143960623465 0.122316210004 0.159955689142 0.378475552693 -0.0993150925076 0.165586409390 0.210808889242
# mean_log_rec:
11.3229902931
# rec_dev:
 0.605166907941 0.565294471695 0.547538662897 0.541824951401 0.522004291515 0.501917062228 0.474402839584 0.455107231208 0.448374360559 0.417922577766 0.376810445561 0.355368339019 0.333193189649 0.299035863184 0.241997365951 0.190675145143 0.146609279494 0.110518991713 0.0642498726847 0.0149020134025 -0.00500915890678 -0.0206266074301 -0.0344928891119 -0.0693397798205 -0.0972716641663 -0.0976253255901 -0.113274029155 -0.133974793164 -0.149905155938 -0.182385368278 -0.226287782278 -0.257198228717 -0.299634971482 -0.330574008952 -0.257905911936 -0.197891963277 -0.192375635276 -0.181943618312 -0.185423035760 -0.188488646705 -0.185781626178 -0.181252930635 -0.181727569562 -0.193173524438 -0.194519980271 -0.198233855593 -0.205437995316 -0.197705804971 -0.176844860039 -0.174364926862 -0.182153146781 -0.188657797400 -0.175750381310 -0.146737513195 -0.138483203674 -0.146396159750 -0.148618416226 -0.145011120645 -0.144519541917 -0.130089060098 -0.117097380609 -0.110335035906 -0.101577765294 -0.113407843913 -0.113407847757
# log_avg_NatM:
-1.47890400000
# m_dev:
 0.00000000000 0.00000000000 0.00000000000 0.00000000000 0.00000000000 0.00000000000 0.00000000000 0.00000000000 0.00000000000 0.00000000000 0.00000000000 0.00000000000 0.00000000000 0.00000000000 0.00000000000 0.00000000000 0.00000000000 0.00000000000 0.00000000000 0.00000000000 0.00000000000 0.00000000000 0.00000000000 0.00000000000 0.00000000000 0.00000000000 0.00000000000 0.00000000000 0.00000000000 0.00000000000 0.00000000000 0.00000000000 0.00000000000 0.00000000000 0.00000000000 0.00000000000 0.00000000000 0.00000000000 0.00000000000 0.00000000000 0.00000000000 0.00000000000 0.00000000000 0.00000000000 0.00000000000 0.00000000000 0.00000000000 0.00000000000 0.00000000000 0.00000000000 0.00000000000 0.00000000000 0.00000000000 0.00000000000 0.00000000000 0.00000000000 0.00000000000 0.00000000000 0.00000000000 0.00000000000 0.00000000000 0.00000000000 0.00000000000 0.00000000000 0.00000000000
# log_avg_GrowthK:
-1.60943800000
# log_avg_Linf:
4.88280200000
# GrowthK_dev:
 0.00000000000 0.00000000000 0.00000000000 0.00000000000 0.00000000000 0.00000000000 0.00000000000 0.00000000000 0.00000000000 0.00000000000 0.00000000000 0.00000000000 0.00000000000 0.00000000000 0.00000000000 0.00000000000 0.00000000000 0.00000000000 0.00000000000 0.00000000000 0.00000000000 0.00000000000 0.00000000000 0.00000000000 0.00000000000 0.00000000000 0.00000000000 0.00000000000 0.00000000000 0.00000000000 0.00000000000 0.00000000000 0.00000000000 0.00000000000 0.00000000000 0.00000000000 0.00000000000 0.00000000000 0.00000000000 0.00000000000 0.00000000000 0.00000000000 0.00000000000 0.00000000000 0.00000000000 0.00000000000 0.00000000000 0.00000000000 0.00000000000 0.00000000000 0.00000000000 0.00000000000 0.00000000000 0.00000000000 0.00000000000 0.00000000000 0.00000000000 0.00000000000 0.00000000000 0.00000000000 0.00000000000 0.00000000000 0.00000000000 0.00000000000 0.00000000000
# Linf_dev:
 0.00000000000 0.00000000000 0.00000000000 0.00000000000 0.00000000000 0.00000000000 0.00000000000 0.00000000000 0.00000000000 0.00000000000 0.00000000000 0.00000000000 0.00000000000 0.00000000000 0.00000000000 0.00000000000 0.00000000000 0.00000000000 0.00000000000 0.00000000000 0.00000000000 0.00000000000 0.00000000000 0.00000000000 0.00000000000 0.00000000000 0.00000000000 0.00000000000 0.00000000000 0.00000000000 0.00000000000 0.00000000000 0.00000000000 0.00000000000 0.00000000000 0.00000000000 0.00000000000 0.00000000000 0.00000000000 0.00000000000 0.00000000000 0.00000000000 0.00000000000 0.00000000000 0.00000000000 0.00000000000 0.00000000000 0.00000000000 0.00000000000 0.00000000000 0.00000000000 0.00000000000 0.00000000000 0.00000000000 0.00000000000 0.00000000000 0.00000000000 0.00000000000 0.00000000000 0.00000000000 0.00000000000 0.00000000000 0.00000000000 0.00000000000 0.00000000000
# SelPars50:
2.19259473196
# SelPars95:
3.97524077497
# SelPars_dev50:
 0.00000000000 0.00000000000 0.00000000000 0.00000000000 0.00000000000 0.00000000000 0.00000000000 0.00000000000 0.00000000000 0.00000000000 0.00000000000 0.00000000000 0.00000000000 0.00000000000 0.00000000000 0.00000000000 0.00000000000 0.00000000000 0.00000000000 0.00000000000 0.00000000000 0.00000000000 0.00000000000 0.00000000000 0.00000000000 0.00000000000 0.00000000000 0.00000000000 0.00000000000 0.00000000000 0.00000000000 0.00000000000 0.00000000000 0.00000000000 0.00000000000 0.00000000000 0.00000000000 0.00000000000 0.00000000000 0.00000000000 0.00000000000 0.00000000000 0.00000000000 0.00000000000 0.00000000000 0.00000000000 0.00000000000 0.00000000000 0.00000000000 0.00000000000 0.00000000000 0.00000000000 0.00000000000 0.00000000000 0.00000000000 0.00000000000 0.00000000000 0.00000000000 0.00000000000 0.00000000000 0.00000000000 0.00000000000 0.00000000000 0.00000000000 0.00000000000
# SelPars_dev95:
 0.00000000000 0.00000000000 0.00000000000 0.00000000000 0.00000000000 0.00000000000 0.00000000000 0.00000000000 0.00000000000 0.00000000000 0.00000000000 0.00000000000 0.00000000000 0.00000000000 0.00000000000 0.00000000000 0.00000000000 0.00000000000 0.00000000000 0.00000000000 0.00000000000 0.00000000000 0.00000000000 0.00000000000 0.00000000000 0.00000000000 0.00000000000 0.00000000000 0.00000000000 0.00000000000 0.00000000000 0.00000000000 0.00000000000 0.00000000000 0.00000000000 0.00000000000 0.00000000000 0.00000000000 0.00000000000 0.00000000000 0.00000000000 0.00000000000 0.00000000000 0.00000000000 0.00000000000 0.00000000000 0.00000000000 0.00000000000 0.00000000000 0.00000000000 0.00000000000 0.00000000000 0.00000000000 0.00000000000 0.00000000000 0.00000000000 0.00000000000 0.00000000000 0.00000000000 0.00000000000 0.00000000000 0.00000000000 0.00000000000 0.00000000000 0.00000000000
