# Number of parameters = 159 Objective function value = 76707.8069666825  Maximum gradient component = 0.000717096183596070
# srv_sel50:
1.64536804866
# srv_sel95:
2.90806041725
# stNatLen:
 11.8418426160 11.6624044270 11.4012497692 11.1790761138 11.0007804616 10.8295257992 10.6316174750 10.3947884053 10.1268880108 9.84453636797 9.56353422394 9.29499757307 9.04535169389 8.81761997892 8.61272427704 8.43042897368 8.26992633176 8.13021107025 8.01023317364 7.90906097733 7.82586358091 7.75996437921 7.71091664507 7.67839656190 7.66219094315
# log_avg_fmort_dir:
-1.60421957389
# fmort_dir_dev:
 -2.05672185495 -1.99720369850 -1.48800458431 -1.10254029259 -0.864167531389 -0.608368178144 -0.477693557880 -0.278977153766 -0.104003833175 -0.0146196978466 0.0938306724924 0.178187840793 0.360220159741 0.357308592348 0.464663652313 0.388743354624 0.353120341649 0.458622125306 0.401628595365 0.320857084955 0.278622300163 0.206789541275 0.242257818368 0.170715619973 0.173726171597 0.0925959203416 0.226296664347 0.140396307788 0.104180348949 0.130757290262 -0.0204060005089 0.0452593232702 0.0979326555423 0.107464573587 0.124962834784 0.0357143171222 0.115220074452 0.0347127576163 -0.00862966126688 -0.0584574249789 0.0714557846653 0.0862418859403 -0.0126942999033 0.107103667060 0.0219325611985 0.127622121415 0.0513139901074 0.0322586431901 0.0784325751364 0.0130362976760 0.570416892351 0.540334355590 0.637129115560 0.482774534223 0.188092431336 -0.132227976907 0.0137507313977 0.158851677302 -0.00837042970339 0.331537626043 0.239032004454 -0.0219665047949 0.0965997321458 -0.297650885205
# mean_log_rec:
11.3506758946
# rec_dev:
 0.546856354857 0.518307123228 0.508063344995 0.504211659615 0.497930776461 0.482983532741 0.470492859868 0.444526628648 0.417318489549 0.392937780878 0.361672399994 0.323384528814 0.293539733102 0.244245137245 0.171901876702 0.125827875741 0.0877418800729 0.0496454763640 0.0176604444050 0.00260491770891 -0.0391179467380 -0.0627067158142 -0.0844250332240 -0.103256257676 -0.0922492679484 -0.0925970196240 -0.110047138236 -0.123575998484 -0.137538166117 -0.162670026284 -0.183344531606 -0.226360145470 -0.296099095094 -0.334140472479 -0.269203384183 -0.221872490814 -0.219056051211 -0.218596483317 -0.205957838611 -0.178969430822 -0.147246026662 -0.119368694254 -0.111681211787 -0.115949238259 -0.106252224632 -0.102159833344 -0.105020923064 -0.137526745189 -0.164656580637 -0.175069744383 -0.177304599388 -0.188318207019 -0.209201843176 -0.250109769281 -0.265918248658 -0.237451594297 -0.204868649780 -0.162913654147 -0.108194441083 -0.0597081067845 -0.0124339072707 0.0244213922586 0.0184317657158 0.0184317578801
# log_avg_NatM:
-1.47890400000
# m_dev:
 0.00000000000 0.00000000000 0.00000000000 0.00000000000 0.00000000000 0.00000000000 0.00000000000 0.00000000000 0.00000000000 0.00000000000 0.00000000000 0.00000000000 0.00000000000 0.00000000000 0.00000000000 0.00000000000 0.00000000000 0.00000000000 0.00000000000 0.00000000000 0.00000000000 0.00000000000 0.00000000000 0.00000000000 0.00000000000 0.00000000000 0.00000000000 0.00000000000 0.00000000000 0.00000000000 0.00000000000 0.00000000000 0.00000000000 0.00000000000 0.00000000000 0.00000000000 0.00000000000 0.00000000000 0.00000000000 0.00000000000 0.00000000000 0.00000000000 0.00000000000 0.00000000000 0.00000000000 0.00000000000 0.00000000000 0.00000000000 0.00000000000 0.00000000000 0.00000000000 0.00000000000 0.00000000000 0.00000000000 0.00000000000 0.00000000000 0.00000000000 0.00000000000 0.00000000000 0.00000000000 0.00000000000 0.00000000000 0.00000000000 0.00000000000
# log_avg_GrowthK:
-1.60943800000
# log_avg_Linf:
4.88280200000
# GrowthK_dev:
 0.00000000000 0.00000000000 0.00000000000 0.00000000000 0.00000000000 0.00000000000 0.00000000000 0.00000000000 0.00000000000 0.00000000000 0.00000000000 0.00000000000 0.00000000000 0.00000000000 0.00000000000 0.00000000000 0.00000000000 0.00000000000 0.00000000000 0.00000000000 0.00000000000 0.00000000000 0.00000000000 0.00000000000 0.00000000000 0.00000000000 0.00000000000 0.00000000000 0.00000000000 0.00000000000 0.00000000000 0.00000000000 0.00000000000 0.00000000000 0.00000000000 0.00000000000 0.00000000000 0.00000000000 0.00000000000 0.00000000000 0.00000000000 0.00000000000 0.00000000000 0.00000000000 0.00000000000 0.00000000000 0.00000000000 0.00000000000 0.00000000000 0.00000000000 0.00000000000 0.00000000000 0.00000000000 0.00000000000 0.00000000000 0.00000000000 0.00000000000 0.00000000000 0.00000000000 0.00000000000 0.00000000000 0.00000000000 0.00000000000 0.00000000000
# Linf_dev:
 0.00000000000 0.00000000000 0.00000000000 0.00000000000 0.00000000000 0.00000000000 0.00000000000 0.00000000000 0.00000000000 0.00000000000 0.00000000000 0.00000000000 0.00000000000 0.00000000000 0.00000000000 0.00000000000 0.00000000000 0.00000000000 0.00000000000 0.00000000000 0.00000000000 0.00000000000 0.00000000000 0.00000000000 0.00000000000 0.00000000000 0.00000000000 0.00000000000 0.00000000000 0.00000000000 0.00000000000 0.00000000000 0.00000000000 0.00000000000 0.00000000000 0.00000000000 0.00000000000 0.00000000000 0.00000000000 0.00000000000 0.00000000000 0.00000000000 0.00000000000 0.00000000000 0.00000000000 0.00000000000 0.00000000000 0.00000000000 0.00000000000 0.00000000000 0.00000000000 0.00000000000 0.00000000000 0.00000000000 0.00000000000 0.00000000000 0.00000000000 0.00000000000 0.00000000000 0.00000000000 0.00000000000 0.00000000000 0.00000000000 0.00000000000
# SelPars50:
2.24745466566
# SelPars95:
4.10737643410
# SelPars_dev50:
 0.00000000000 0.00000000000 0.00000000000 0.00000000000 0.00000000000 0.00000000000 0.00000000000 0.00000000000 0.00000000000 0.00000000000 0.00000000000 0.00000000000 0.00000000000 0.00000000000 0.00000000000 0.00000000000 0.00000000000 0.00000000000 0.00000000000 0.00000000000 0.00000000000 0.00000000000 0.00000000000 0.00000000000 0.00000000000 0.00000000000 0.00000000000 0.00000000000 0.00000000000 0.00000000000 0.00000000000 0.00000000000 0.00000000000 0.00000000000 0.00000000000 0.00000000000 0.00000000000 0.00000000000 0.00000000000 0.00000000000 0.00000000000 0.00000000000 0.00000000000 0.00000000000 0.00000000000 0.00000000000 0.00000000000 0.00000000000 0.00000000000 0.00000000000 0.00000000000 0.00000000000 0.00000000000 0.00000000000 0.00000000000 0.00000000000 0.00000000000 0.00000000000 0.00000000000 0.00000000000 0.00000000000 0.00000000000 0.00000000000 0.00000000000
# SelPars_dev95:
 0.00000000000 0.00000000000 0.00000000000 0.00000000000 0.00000000000 0.00000000000 0.00000000000 0.00000000000 0.00000000000 0.00000000000 0.00000000000 0.00000000000 0.00000000000 0.00000000000 0.00000000000 0.00000000000 0.00000000000 0.00000000000 0.00000000000 0.00000000000 0.00000000000 0.00000000000 0.00000000000 0.00000000000 0.00000000000 0.00000000000 0.00000000000 0.00000000000 0.00000000000 0.00000000000 0.00000000000 0.00000000000 0.00000000000 0.00000000000 0.00000000000 0.00000000000 0.00000000000 0.00000000000 0.00000000000 0.00000000000 0.00000000000 0.00000000000 0.00000000000 0.00000000000 0.00000000000 0.00000000000 0.00000000000 0.00000000000 0.00000000000 0.00000000000 0.00000000000 0.00000000000 0.00000000000 0.00000000000 0.00000000000 0.00000000000 0.00000000000 0.00000000000 0.00000000000 0.00000000000 0.00000000000 0.00000000000 0.00000000000 0.00000000000
