# Number of parameters = 159 Objective function value = 76952.7  Maximum gradient component = 0.000329001
# srv_sel50:
1.51498376875
# srv_sel95:
2.54793652813
# stNatLen:
 11.4688523365 11.3102422681 11.0809181491 10.8533803341 10.6315081121 10.4015883225 10.1580829716 9.90615622825 9.65516842309 9.41346166328 9.18656177642 8.97737021393 8.78697263339 8.61537578736 8.46200402802 8.32600499993 8.20645888846 8.10247964951 8.01325960634 7.93811141962 7.87644829440 7.82772038767 7.79159661430 7.76787053418 7.75613632121
# log_avg_fmort_dir:
-1.58386209407
# fmort_dir_dev:
 -0.270699443833 -0.501246682446 -0.328841539548 -0.226258575299 -0.0420592647608 -0.0181479414334 0.0590528260168 0.260963447311 0.150785969269 0.373006203248 0.392700513218 0.389378318802 0.461254472811 0.482003166073 0.286633422120 0.299775083908 0.402473339174 0.386500995155 0.256335331639 0.228637843859 0.194691775858 0.267869031546 0.0339997271654 0.204894488498 0.208899291029 0.109135156047 0.179806081180 -0.0613222278076 0.0538682869525 -0.0550957974772 0.0408403070701 0.0839947568123 0.0130267314612 0.00322210822854 0.00606597469027 -0.0461410221506 -0.0127466582910 0.0213253479572 0.00500353996695 -0.0654513655655 -0.0339965935488 0.0540021342428 -0.0348438001892 -0.104503039420 -0.0588113261112 -0.0243255543478 -0.0961719702511 -0.118216743385 -0.303114595634 -0.289312955822 -0.466914800735 -0.503012330264 -0.521813417509 -0.279287503926 -0.203856277001 -0.187137426905 -0.164869345106 -0.219865742158 -0.0834467010256 -0.0717432073324 -0.0514487000339 -0.0333953589436 -0.186498599371 -0.245549163680
# mean_log_rec:
11.1010730870
# rec_dev:
 0.416159199087 0.381767713849 0.367377933178 0.360376930294 0.351197521079 0.327188695191 0.295757618601 0.275324000398 0.240301065237 0.202055908651 0.144361953610 0.0670290518930 0.0185843943590 0.0231145628021 -0.00653470048479 -0.0756573119512 -0.103071509042 -0.117166126793 -0.120828777679 -0.129402463178 -0.139311349032 -0.127625918072 -0.131088841063 -0.138559744120 -0.134820521257 -0.139183768532 -0.129308552647 -0.136700471594 -0.134083170526 -0.129037898171 -0.138256867984 -0.151051239505 -0.138878690033 -0.124624258710 -0.116777277933 -0.0938833697893 -0.0827071197107 -0.0886137091665 -0.0834337741779 -0.0870909789431 -0.0993342705734 -0.115395220307 -0.106008290521 -0.0963470903303 -0.0918372838821 -0.0707801790097 -0.0527938552368 -0.0335982880554 -0.0104023017144 0.00960331634832 0.0182642780334 0.0338072131230 0.0588905590952 0.0644590375742 0.0502497990969 0.0317093681840 0.0196966685025 0.00191129904764 -0.00497459476244 -0.00588167342068 -0.00657627188736 -0.0138583155085 -0.0268510193197 -0.0268510226138
# log_avg_NatM:
-1.60943800000
# m_dev:
 0.00000000000 0.00000000000 0.00000000000 0.00000000000 0.00000000000 0.00000000000 0.00000000000 0.00000000000 0.00000000000 0.00000000000 0.00000000000 0.00000000000 0.00000000000 0.00000000000 0.00000000000 0.00000000000 0.00000000000 0.00000000000 0.00000000000 0.00000000000 0.00000000000 0.00000000000 0.00000000000 0.00000000000 0.00000000000 0.00000000000 0.00000000000 0.00000000000 0.00000000000 0.00000000000 0.00000000000 0.00000000000 0.00000000000 0.00000000000 0.00000000000 0.00000000000 0.00000000000 0.00000000000 0.00000000000 0.00000000000 0.00000000000 0.00000000000 0.00000000000 0.00000000000 0.00000000000 0.00000000000 0.00000000000 0.00000000000 0.00000000000 0.00000000000 0.00000000000 0.00000000000 0.00000000000 0.00000000000 0.00000000000 0.00000000000 0.00000000000 0.00000000000 0.00000000000 0.00000000000 0.00000000000 0.00000000000 0.00000000000 0.00000000000
# log_avg_GrowthK:
-1.60943800000
# log_avg_Linf:
4.88280200000
# GrowthK_dev:
 0.00000000000 0.00000000000 0.00000000000 0.00000000000 0.00000000000 0.00000000000 0.00000000000 0.00000000000 0.00000000000 0.00000000000 0.00000000000 0.00000000000 0.00000000000 0.00000000000 0.00000000000 0.00000000000 0.00000000000 0.00000000000 0.00000000000 0.00000000000 0.00000000000 0.00000000000 0.00000000000 0.00000000000 0.00000000000 0.00000000000 0.00000000000 0.00000000000 0.00000000000 0.00000000000 0.00000000000 0.00000000000 0.00000000000 0.00000000000 0.00000000000 0.00000000000 0.00000000000 0.00000000000 0.00000000000 0.00000000000 0.00000000000 0.00000000000 0.00000000000 0.00000000000 0.00000000000 0.00000000000 0.00000000000 0.00000000000 0.00000000000 0.00000000000 0.00000000000 0.00000000000 0.00000000000 0.00000000000 0.00000000000 0.00000000000 0.00000000000 0.00000000000 0.00000000000 0.00000000000 0.00000000000 0.00000000000 0.00000000000 0.00000000000
# Linf_dev:
 0.00000000000 0.00000000000 0.00000000000 0.00000000000 0.00000000000 0.00000000000 0.00000000000 0.00000000000 0.00000000000 0.00000000000 0.00000000000 0.00000000000 0.00000000000 0.00000000000 0.00000000000 0.00000000000 0.00000000000 0.00000000000 0.00000000000 0.00000000000 0.00000000000 0.00000000000 0.00000000000 0.00000000000 0.00000000000 0.00000000000 0.00000000000 0.00000000000 0.00000000000 0.00000000000 0.00000000000 0.00000000000 0.00000000000 0.00000000000 0.00000000000 0.00000000000 0.00000000000 0.00000000000 0.00000000000 0.00000000000 0.00000000000 0.00000000000 0.00000000000 0.00000000000 0.00000000000 0.00000000000 0.00000000000 0.00000000000 0.00000000000 0.00000000000 0.00000000000 0.00000000000 0.00000000000 0.00000000000 0.00000000000 0.00000000000 0.00000000000 0.00000000000 0.00000000000 0.00000000000 0.00000000000 0.00000000000 0.00000000000 0.00000000000
# SelPars50:
2.05548547136
# SelPars95:
3.66877326900
# SelPars_dev50:
 0.00000000000 0.00000000000 0.00000000000 0.00000000000 0.00000000000 0.00000000000 0.00000000000 0.00000000000 0.00000000000 0.00000000000 0.00000000000 0.00000000000 0.00000000000 0.00000000000 0.00000000000 0.00000000000 0.00000000000 0.00000000000 0.00000000000 0.00000000000 0.00000000000 0.00000000000 0.00000000000 0.00000000000 0.00000000000 0.00000000000 0.00000000000 0.00000000000 0.00000000000 0.00000000000 0.00000000000 0.00000000000 0.00000000000 0.00000000000 0.00000000000 0.00000000000 0.00000000000 0.00000000000 0.00000000000 0.00000000000 0.00000000000 0.00000000000 0.00000000000 0.00000000000 0.00000000000 0.00000000000 0.00000000000 0.00000000000 0.00000000000 0.00000000000 0.00000000000 0.00000000000 0.00000000000 0.00000000000 0.00000000000 0.00000000000 0.00000000000 0.00000000000 0.00000000000 0.00000000000 0.00000000000 0.00000000000 0.00000000000 0.00000000000
# SelPars_dev95:
 0.00000000000 0.00000000000 0.00000000000 0.00000000000 0.00000000000 0.00000000000 0.00000000000 0.00000000000 0.00000000000 0.00000000000 0.00000000000 0.00000000000 0.00000000000 0.00000000000 0.00000000000 0.00000000000 0.00000000000 0.00000000000 0.00000000000 0.00000000000 0.00000000000 0.00000000000 0.00000000000 0.00000000000 0.00000000000 0.00000000000 0.00000000000 0.00000000000 0.00000000000 0.00000000000 0.00000000000 0.00000000000 0.00000000000 0.00000000000 0.00000000000 0.00000000000 0.00000000000 0.00000000000 0.00000000000 0.00000000000 0.00000000000 0.00000000000 0.00000000000 0.00000000000 0.00000000000 0.00000000000 0.00000000000 0.00000000000 0.00000000000 0.00000000000 0.00000000000 0.00000000000 0.00000000000 0.00000000000 0.00000000000 0.00000000000 0.00000000000 0.00000000000 0.00000000000 0.00000000000 0.00000000000 0.00000000000 0.00000000000 0.00000000000
