# Number of parameters = 161 Objective function value = 77905.1  Maximum gradient component = 0.000434666
# srv_sel50:
1.64584460186
# srv_sel95:
2.91112648767
# stNatLen:
 11.9047679608 11.7262871664 11.4689025482 11.2504906332 11.0707995373 10.8940021236 10.6926485044 10.4597505221 10.2039435808 9.93939639746 9.67878518575 9.43087372896 9.20071135410 8.99067908926 8.80150151440 8.63296187082 8.48434929849 8.35480261144 8.24340908940 8.14931605681 8.07184938733 8.01040507341 7.96462496860 7.93424214003 7.91909199571
# log_avg_fmort_dir:
-1.59480753428
# fmort_dir_dev:
 -2.03623574198 -1.98625702758 -1.53746423110 -1.16536902526 -0.842388975557 -0.687593065603 -0.396707358003 -0.318970682816 -0.170444401168 -0.0776938309721 0.0234783119726 0.105435411118 0.258645993027 0.298448018483 0.422164451120 0.465880570421 0.365207293534 0.351272723055 0.297150404097 0.319448155455 0.348079441050 0.340127061967 0.245163050527 0.320711457760 0.189777187591 0.191464448238 0.182893410745 0.154910584945 0.0456632299854 0.0861327937214 0.113125323686 0.185623855446 0.0365775462052 0.0709818362937 0.137239936913 0.0443439278555 0.163878650507 0.159594363791 0.139389763964 0.101670341333 0.118128827660 0.126898143105 0.0746620364465 0.140623743331 -0.0521264202084 -0.000166965043825 0.0496590374534 0.0787126430895 -0.0686896025196 0.144511237252 0.497529199380 0.194111139089 0.269883600438 0.248107162697 0.355391721831 0.421358755102 0.0165789811211 -0.111803179989 0.244082944297 0.0101128903562 0.244458497613 0.128137465636 0.162172159582 -0.0797743467936 -0.157914875689
# mean_log_rec:
11.3333885810
# rec_dev:
 0.602877528713 0.568190725823 0.549513563949 0.534990670689 0.511910771480 0.491960339985 0.477796926084 0.455410737916 0.440658208821 0.416182167113 0.378157020169 0.335620667091 0.288548223263 0.226570542792 0.161322359135 0.102262712184 0.0642767472562 0.0447921812891 0.0246194553881 -0.0108575180562 -0.0262990684492 -0.0504348293433 -0.0909658032019 -0.105595323241 -0.116642675200 -0.138386558751 -0.143823494470 -0.155715991429 -0.177682631732 -0.215103107507 -0.244059199790 -0.256887871283 -0.289571342154 -0.321406488198 -0.230461406869 -0.148061241889 -0.134271367453 -0.136960822320 -0.148749941636 -0.151941240312 -0.144180114425 -0.140803157438 -0.134606304423 -0.122281872820 -0.112179899187 -0.101446298731 -0.0996913815585 -0.0940261869535 -0.105663859624 -0.133585731651 -0.148583166382 -0.183022187083 -0.207064171177 -0.196245365926 -0.188807627760 -0.203249223357 -0.216139704366 -0.213771860114 -0.181773416676 -0.145986809515 -0.104123134261 -0.0708288727883 -0.0386423163973 -0.0475404962357 -0.0475404670061
# log_avg_NatM:
-1.45204400000
# m_dev:
 0.00000000000 0.00000000000 0.00000000000 0.00000000000 0.00000000000 0.00000000000 0.00000000000 0.00000000000 0.00000000000 0.00000000000 0.00000000000 0.00000000000 0.00000000000 0.00000000000 0.00000000000 0.00000000000 0.00000000000 0.00000000000 0.00000000000 0.00000000000 0.00000000000 0.00000000000 0.00000000000 0.00000000000 0.00000000000 0.00000000000 0.00000000000 0.00000000000 0.00000000000 0.00000000000 0.00000000000 0.00000000000 0.00000000000 0.00000000000 0.00000000000 0.00000000000 0.00000000000 0.00000000000 0.00000000000 0.00000000000 0.00000000000 0.00000000000 0.00000000000 0.00000000000 0.00000000000 0.00000000000 0.00000000000 0.00000000000 0.00000000000 0.00000000000 0.00000000000 0.00000000000 0.00000000000 0.00000000000 0.00000000000 0.00000000000 0.00000000000 0.00000000000 0.00000000000 0.00000000000 0.00000000000 0.00000000000 0.00000000000 0.00000000000 0.00000000000
# log_avg_GrowthK:
-1.59942800000
# log_avg_Linf:
4.88771600000
# GrowthK_dev:
 0.00000000000 0.00000000000 0.00000000000 0.00000000000 0.00000000000 0.00000000000 0.00000000000 0.00000000000 0.00000000000 0.00000000000 0.00000000000 0.00000000000 0.00000000000 0.00000000000 0.00000000000 0.00000000000 0.00000000000 0.00000000000 0.00000000000 0.00000000000 0.00000000000 0.00000000000 0.00000000000 0.00000000000 0.00000000000 0.00000000000 0.00000000000 0.00000000000 0.00000000000 0.00000000000 0.00000000000 0.00000000000 0.00000000000 0.00000000000 0.00000000000 0.00000000000 0.00000000000 0.00000000000 0.00000000000 0.00000000000 0.00000000000 0.00000000000 0.00000000000 0.00000000000 0.00000000000 0.00000000000 0.00000000000 0.00000000000 0.00000000000 0.00000000000 0.00000000000 0.00000000000 0.00000000000 0.00000000000 0.00000000000 0.00000000000 0.00000000000 0.00000000000 0.00000000000 0.00000000000 0.00000000000 0.00000000000 0.00000000000 0.00000000000 0.00000000000
# Linf_dev:
 0.00000000000 0.00000000000 0.00000000000 0.00000000000 0.00000000000 0.00000000000 0.00000000000 0.00000000000 0.00000000000 0.00000000000 0.00000000000 0.00000000000 0.00000000000 0.00000000000 0.00000000000 0.00000000000 0.00000000000 0.00000000000 0.00000000000 0.00000000000 0.00000000000 0.00000000000 0.00000000000 0.00000000000 0.00000000000 0.00000000000 0.00000000000 0.00000000000 0.00000000000 0.00000000000 0.00000000000 0.00000000000 0.00000000000 0.00000000000 0.00000000000 0.00000000000 0.00000000000 0.00000000000 0.00000000000 0.00000000000 0.00000000000 0.00000000000 0.00000000000 0.00000000000 0.00000000000 0.00000000000 0.00000000000 0.00000000000 0.00000000000 0.00000000000 0.00000000000 0.00000000000 0.00000000000 0.00000000000 0.00000000000 0.00000000000 0.00000000000 0.00000000000 0.00000000000 0.00000000000 0.00000000000 0.00000000000 0.00000000000 0.00000000000 0.00000000000
# SelPars50:
2.25445240294
# SelPars95:
4.12397874159
# SelPars_dev50:
 0.00000000000 0.00000000000 0.00000000000 0.00000000000 0.00000000000 0.00000000000 0.00000000000 0.00000000000 0.00000000000 0.00000000000 0.00000000000 0.00000000000 0.00000000000 0.00000000000 0.00000000000 0.00000000000 0.00000000000 0.00000000000 0.00000000000 0.00000000000 0.00000000000 0.00000000000 0.00000000000 0.00000000000 0.00000000000 0.00000000000 0.00000000000 0.00000000000 0.00000000000 0.00000000000 0.00000000000 0.00000000000 0.00000000000 0.00000000000 0.00000000000 0.00000000000 0.00000000000 0.00000000000 0.00000000000 0.00000000000 0.00000000000 0.00000000000 0.00000000000 0.00000000000 0.00000000000 0.00000000000 0.00000000000 0.00000000000 0.00000000000 0.00000000000 0.00000000000 0.00000000000 0.00000000000 0.00000000000 0.00000000000 0.00000000000 0.00000000000 0.00000000000 0.00000000000 0.00000000000 0.00000000000 0.00000000000 0.00000000000 0.00000000000 0.00000000000
# SelPars_dev95:
 0.00000000000 0.00000000000 0.00000000000 0.00000000000 0.00000000000 0.00000000000 0.00000000000 0.00000000000 0.00000000000 0.00000000000 0.00000000000 0.00000000000 0.00000000000 0.00000000000 0.00000000000 0.00000000000 0.00000000000 0.00000000000 0.00000000000 0.00000000000 0.00000000000 0.00000000000 0.00000000000 0.00000000000 0.00000000000 0.00000000000 0.00000000000 0.00000000000 0.00000000000 0.00000000000 0.00000000000 0.00000000000 0.00000000000 0.00000000000 0.00000000000 0.00000000000 0.00000000000 0.00000000000 0.00000000000 0.00000000000 0.00000000000 0.00000000000 0.00000000000 0.00000000000 0.00000000000 0.00000000000 0.00000000000 0.00000000000 0.00000000000 0.00000000000 0.00000000000 0.00000000000 0.00000000000 0.00000000000 0.00000000000 0.00000000000 0.00000000000 0.00000000000 0.00000000000 0.00000000000 0.00000000000 0.00000000000 0.00000000000 0.00000000000 0.00000000000
