# Number of parameters = 149 Objective function value = 70715.0  Maximum gradient component = 0.000404167
# srv_sel50:
1.62826371233
# srv_sel95:
2.86098930844
# stNatLen:
 11.9043406647 11.7256890439 11.4741979285 11.2606781629 11.0825076966 10.9051701189 10.7030141103 10.4701359171 10.2153937293 9.95268432559 9.69432540290 9.44878248159 9.22091846956 9.01300620184 8.82573913388 8.65888315996 8.51171103493 8.38335668803 8.27299090952 8.17979848893 8.10310658341 8.04223212540 7.99676090009 7.96646841162 7.95134698774
# log_avg_fmort_dir:
-1.67711504718
# fmort_dir_dev:
 -2.13328106984 -2.08224881620 -1.52458562302 -1.10025717507 -0.858581539226 -0.584769779905 -0.486421944809 -0.268829102783 -0.159824403332 0.00911472890394 0.142575979996 0.256790076839 0.306177103916 0.394414810596 0.443709759650 0.432834399368 0.473497251101 0.394145447612 0.409165320497 0.356224152874 0.403277447381 0.213189939947 0.237764081993 0.371722561412 0.226985093091 0.251830236821 0.122631596661 0.147938188587 0.189776459918 0.191054494072 0.122240821519 0.134200078102 0.0765408293154 0.0925222219835 0.155111869314 0.222279785220 0.157113624870 0.196754706122 0.0824421391902 0.0722691883892 0.129304610259 0.0753644001387 0.0580831188343 0.137698147281 0.154537975215 0.192258153330 0.103222905564 0.169212781324 0.122101470923 0.161262824606 0.278316218635 -0.00736298328665 -0.0389102999901 0.0750462187126 0.0900607273483 0.127159738287 -0.0797114119375 0.0432309837544 0.121629479932
# mean_log_rec:
11.3416499307
# rec_dev:
 0.586061590612 0.546112447777 0.528573660240 0.522914538258 0.502972664008 0.482892734112 0.455168327518 0.436066093290 0.429362541654 0.398584806448 0.357514621252 0.336039348213 0.313871661996 0.279429585344 0.222192515925 0.171035076278 0.126943564958 0.0909452602427 0.0442304706426 -0.00486766111811 -0.0248405403973 -0.0403396092306 -0.0542080844386 -0.0895554347454 -0.117023176598 -0.117417302831 -0.133373270259 -0.153751434637 -0.169693650564 -0.202399042391 -0.246217641492 -0.276914953568 -0.319354233366 -0.350218753026 -0.277796983616 -0.217895601339 -0.212276106510 -0.201806751108 -0.205515084145 -0.208260106679 -0.205665536548 -0.200981819645 -0.201423641563 -0.212712934758 -0.213735666216 -0.217300065459 -0.224103331281 -0.215435685434 -0.193678079913 -0.189704409849 -0.194931659308 -0.197835439298 -0.178936474869 -0.140142431777 -0.116569589859 -0.0962200900430 -0.0663262277782 -0.0707415118839 -0.0707414912274
# log_avg_NatM:
-1.47890400000
# m_dev:
 0.00000000000 0.00000000000 0.00000000000 0.00000000000 0.00000000000 0.00000000000 0.00000000000 0.00000000000 0.00000000000 0.00000000000 0.00000000000 0.00000000000 0.00000000000 0.00000000000 0.00000000000 0.00000000000 0.00000000000 0.00000000000 0.00000000000 0.00000000000 0.00000000000 0.00000000000 0.00000000000 0.00000000000 0.00000000000 0.00000000000 0.00000000000 0.00000000000 0.00000000000 0.00000000000 0.00000000000 0.00000000000 0.00000000000 0.00000000000 0.00000000000 0.00000000000 0.00000000000 0.00000000000 0.00000000000 0.00000000000 0.00000000000 0.00000000000 0.00000000000 0.00000000000 0.00000000000 0.00000000000 0.00000000000 0.00000000000 0.00000000000 0.00000000000 0.00000000000 0.00000000000 0.00000000000 0.00000000000 0.00000000000 0.00000000000 0.00000000000 0.00000000000 0.00000000000
# log_avg_GrowthK:
-1.60943800000
# log_avg_Linf:
4.88280200000
# GrowthK_dev:
 0.00000000000 0.00000000000 0.00000000000 0.00000000000 0.00000000000 0.00000000000 0.00000000000 0.00000000000 0.00000000000 0.00000000000 0.00000000000 0.00000000000 0.00000000000 0.00000000000 0.00000000000 0.00000000000 0.00000000000 0.00000000000 0.00000000000 0.00000000000 0.00000000000 0.00000000000 0.00000000000 0.00000000000 0.00000000000 0.00000000000 0.00000000000 0.00000000000 0.00000000000 0.00000000000 0.00000000000 0.00000000000 0.00000000000 0.00000000000 0.00000000000 0.00000000000 0.00000000000 0.00000000000 0.00000000000 0.00000000000 0.00000000000 0.00000000000 0.00000000000 0.00000000000 0.00000000000 0.00000000000 0.00000000000 0.00000000000 0.00000000000 0.00000000000 0.00000000000 0.00000000000 0.00000000000 0.00000000000 0.00000000000 0.00000000000 0.00000000000 0.00000000000 0.00000000000
# Linf_dev:
 0.00000000000 0.00000000000 0.00000000000 0.00000000000 0.00000000000 0.00000000000 0.00000000000 0.00000000000 0.00000000000 0.00000000000 0.00000000000 0.00000000000 0.00000000000 0.00000000000 0.00000000000 0.00000000000 0.00000000000 0.00000000000 0.00000000000 0.00000000000 0.00000000000 0.00000000000 0.00000000000 0.00000000000 0.00000000000 0.00000000000 0.00000000000 0.00000000000 0.00000000000 0.00000000000 0.00000000000 0.00000000000 0.00000000000 0.00000000000 0.00000000000 0.00000000000 0.00000000000 0.00000000000 0.00000000000 0.00000000000 0.00000000000 0.00000000000 0.00000000000 0.00000000000 0.00000000000 0.00000000000 0.00000000000 0.00000000000 0.00000000000 0.00000000000 0.00000000000 0.00000000000 0.00000000000 0.00000000000 0.00000000000 0.00000000000 0.00000000000 0.00000000000 0.00000000000
# SelPars50:
2.20588504486
# SelPars95:
3.99944896708
# SelPars_dev50:
 0.00000000000 0.00000000000 0.00000000000 0.00000000000 0.00000000000 0.00000000000 0.00000000000 0.00000000000 0.00000000000 0.00000000000 0.00000000000 0.00000000000 0.00000000000 0.00000000000 0.00000000000 0.00000000000 0.00000000000 0.00000000000 0.00000000000 0.00000000000 0.00000000000 0.00000000000 0.00000000000 0.00000000000 0.00000000000 0.00000000000 0.00000000000 0.00000000000 0.00000000000 0.00000000000 0.00000000000 0.00000000000 0.00000000000 0.00000000000 0.00000000000 0.00000000000 0.00000000000 0.00000000000 0.00000000000 0.00000000000 0.00000000000 0.00000000000 0.00000000000 0.00000000000 0.00000000000 0.00000000000 0.00000000000 0.00000000000 0.00000000000 0.00000000000 0.00000000000 0.00000000000 0.00000000000 0.00000000000 0.00000000000 0.00000000000 0.00000000000 0.00000000000 0.00000000000
# SelPars_dev95:
 0.00000000000 0.00000000000 0.00000000000 0.00000000000 0.00000000000 0.00000000000 0.00000000000 0.00000000000 0.00000000000 0.00000000000 0.00000000000 0.00000000000 0.00000000000 0.00000000000 0.00000000000 0.00000000000 0.00000000000 0.00000000000 0.00000000000 0.00000000000 0.00000000000 0.00000000000 0.00000000000 0.00000000000 0.00000000000 0.00000000000 0.00000000000 0.00000000000 0.00000000000 0.00000000000 0.00000000000 0.00000000000 0.00000000000 0.00000000000 0.00000000000 0.00000000000 0.00000000000 0.00000000000 0.00000000000 0.00000000000 0.00000000000 0.00000000000 0.00000000000 0.00000000000 0.00000000000 0.00000000000 0.00000000000 0.00000000000 0.00000000000 0.00000000000 0.00000000000 0.00000000000 0.00000000000 0.00000000000 0.00000000000 0.00000000000 0.00000000000 0.00000000000 0.00000000000
