# Number of parameters = 147 Objective function value = 69673.0  Maximum gradient component = 7.23477e-005
# srv_sel50:
1.49639508715
# srv_sel95:
2.49467282386
# stNatLen:
 11.4160425896 11.2734091283 11.0749918462 10.8886696792 10.7015586768 10.4921916967 10.2592369464 10.0153034950 9.77445523579 9.54638676155 9.33611779412 9.14546021161 8.97442197547 8.82214910880 8.68748945245 8.56916210457 8.46603184197 8.37707624341 8.30140431461 8.23817160623 8.18665348869 8.14626874266 8.11651202343 8.09685455076 8.08702772593
# log_avg_fmort_dir:
-1.69194739213
# fmort_dir_dev:
 -1.68943501848 -1.66547766213 -1.37370988233 -1.01665645927 -0.583109904801 -0.495197362968 -0.345628012712 -0.193810059307 -0.0707805534884 0.0644666692982 0.160176724140 0.284742817823 0.306911517823 0.479331225715 0.452871610912 0.545857452899 0.496020054273 0.388698239550 0.455844586362 0.443774662875 0.491998531356 0.451836226917 0.407712531631 0.395078559096 0.420764264639 0.282197093855 0.367056904834 0.274851725829 0.312924977954 0.245853855126 0.202749580450 0.206045252909 0.121712318013 0.119641499550 -0.0192278881665 -0.0396676145755 0.0439139826549 0.0975137227227 0.152540197775 0.0695286014490 0.0214089401958 0.0115785422788 0.0446917428072 0.106588705573 0.0767297056829 0.0386958067954 0.127590852320 0.167720553771 0.120118717064 -0.00960188376391 -0.453337847930 -0.104200190218 -0.211150691795 -0.277864299127 -0.327235752543 -0.230990846859 -0.155391238408 -0.195265786047
# mean_log_rec:
11.1108347303
# rec_dev:
 0.368744161962 0.355011605160 0.365201448123 0.361067012363 0.360790785201 0.366696218319 0.357419549397 0.339062988408 0.321656104338 0.305072717904 0.268771296207 0.234240704462 0.201254014981 0.174216684031 0.140384431867 0.106571601670 0.0752787023119 0.0384146434076 -0.00549808618980 -0.0457897923991 -0.0612531243233 -0.0768517119033 -0.0764923156913 -0.0898116470094 -0.0973839714974 -0.135021170110 -0.156801185744 -0.146092971888 -0.148095983807 -0.152863402413 -0.152420028452 -0.140982078018 -0.139990189256 -0.143842519230 -0.142468893076 -0.133873202272 -0.136488904670 -0.147965957478 -0.132326594341 -0.120257688974 -0.123944452017 -0.124198134943 -0.129395754440 -0.127962954623 -0.125241575238 -0.130948546132 -0.146662595070 -0.147434047862 -0.139214188057 -0.142722986054 -0.140829026082 -0.122382288166 -0.106927172164 -0.0996038902532 -0.0885964890172 -0.0836932143263 -0.0887629681752 -0.0887629687520
# log_avg_NatM:
-1.59080200000
# m_dev:
 0.00000000000 0.00000000000 0.00000000000 0.00000000000 0.00000000000 0.00000000000 0.00000000000 0.00000000000 0.00000000000 0.00000000000 0.00000000000 0.00000000000 0.00000000000 0.00000000000 0.00000000000 0.00000000000 0.00000000000 0.00000000000 0.00000000000 0.00000000000 0.00000000000 0.00000000000 0.00000000000 0.00000000000 0.00000000000 0.00000000000 0.00000000000 0.00000000000 0.00000000000 0.00000000000 0.00000000000 0.00000000000 0.00000000000 0.00000000000 0.00000000000 0.00000000000 0.00000000000 0.00000000000 0.00000000000 0.00000000000 0.00000000000 0.00000000000 0.00000000000 0.00000000000 0.00000000000 0.00000000000 0.00000000000 0.00000000000 0.00000000000 0.00000000000 0.00000000000 0.00000000000 0.00000000000 0.00000000000 0.00000000000 0.00000000000 0.00000000000 0.00000000000
# log_avg_GrowthK:
-1.64143500000
# log_avg_Linf:
4.96731800000
# GrowthK_dev:
 0.00000000000 0.00000000000 0.00000000000 0.00000000000 0.00000000000 0.00000000000 0.00000000000 0.00000000000 0.00000000000 0.00000000000 0.00000000000 0.00000000000 0.00000000000 0.00000000000 0.00000000000 0.00000000000 0.00000000000 0.00000000000 0.00000000000 0.00000000000 0.00000000000 0.00000000000 0.00000000000 0.00000000000 0.00000000000 0.00000000000 0.00000000000 0.00000000000 0.00000000000 0.00000000000 0.00000000000 0.00000000000 0.00000000000 0.00000000000 0.00000000000 0.00000000000 0.00000000000 0.00000000000 0.00000000000 0.00000000000 0.00000000000 0.00000000000 0.00000000000 0.00000000000 0.00000000000 0.00000000000 0.00000000000 0.00000000000 0.00000000000 0.00000000000 0.00000000000 0.00000000000 0.00000000000 0.00000000000 0.00000000000 0.00000000000 0.00000000000 0.00000000000
# Linf_dev:
 0.00000000000 0.00000000000 0.00000000000 0.00000000000 0.00000000000 0.00000000000 0.00000000000 0.00000000000 0.00000000000 0.00000000000 0.00000000000 0.00000000000 0.00000000000 0.00000000000 0.00000000000 0.00000000000 0.00000000000 0.00000000000 0.00000000000 0.00000000000 0.00000000000 0.00000000000 0.00000000000 0.00000000000 0.00000000000 0.00000000000 0.00000000000 0.00000000000 0.00000000000 0.00000000000 0.00000000000 0.00000000000 0.00000000000 0.00000000000 0.00000000000 0.00000000000 0.00000000000 0.00000000000 0.00000000000 0.00000000000 0.00000000000 0.00000000000 0.00000000000 0.00000000000 0.00000000000 0.00000000000 0.00000000000 0.00000000000 0.00000000000 0.00000000000 0.00000000000 0.00000000000 0.00000000000 0.00000000000 0.00000000000 0.00000000000 0.00000000000 0.00000000000
# SelPars50:
2.02951219954
# SelPars95:
3.59915420630
# SelPars_dev50:
 0.00000000000 0.00000000000 0.00000000000 0.00000000000 0.00000000000 0.00000000000 0.00000000000 0.00000000000 0.00000000000 0.00000000000 0.00000000000 0.00000000000 0.00000000000 0.00000000000 0.00000000000 0.00000000000 0.00000000000 0.00000000000 0.00000000000 0.00000000000 0.00000000000 0.00000000000 0.00000000000 0.00000000000 0.00000000000 0.00000000000 0.00000000000 0.00000000000 0.00000000000 0.00000000000 0.00000000000 0.00000000000 0.00000000000 0.00000000000 0.00000000000 0.00000000000 0.00000000000 0.00000000000 0.00000000000 0.00000000000 0.00000000000 0.00000000000 0.00000000000 0.00000000000 0.00000000000 0.00000000000 0.00000000000 0.00000000000 0.00000000000 0.00000000000 0.00000000000 0.00000000000 0.00000000000 0.00000000000 0.00000000000 0.00000000000 0.00000000000 0.00000000000
# SelPars_dev95:
 0.00000000000 0.00000000000 0.00000000000 0.00000000000 0.00000000000 0.00000000000 0.00000000000 0.00000000000 0.00000000000 0.00000000000 0.00000000000 0.00000000000 0.00000000000 0.00000000000 0.00000000000 0.00000000000 0.00000000000 0.00000000000 0.00000000000 0.00000000000 0.00000000000 0.00000000000 0.00000000000 0.00000000000 0.00000000000 0.00000000000 0.00000000000 0.00000000000 0.00000000000 0.00000000000 0.00000000000 0.00000000000 0.00000000000 0.00000000000 0.00000000000 0.00000000000 0.00000000000 0.00000000000 0.00000000000 0.00000000000 0.00000000000 0.00000000000 0.00000000000 0.00000000000 0.00000000000 0.00000000000 0.00000000000 0.00000000000 0.00000000000 0.00000000000 0.00000000000 0.00000000000 0.00000000000 0.00000000000 0.00000000000 0.00000000000 0.00000000000 0.00000000000
