# Number of parameters = 161 Objective function value = 78262.4  Maximum gradient component = 0.00340823
# srv_sel50:
1.53347882296
# srv_sel95:
2.60173277326
# stNatLen:
 11.4623112499 11.3111735845 11.0994709528 10.9051923457 10.7197913948 10.5190419577 10.2951852599 10.0558194579 9.81335758416 9.57819852651 9.35692442379 9.15291274947 8.96740408834 8.80041744507 8.65135917894 8.51935717505 8.40346573962 8.30273625975 8.21627378924 8.14331137473 8.08332204415 8.03588801144 8.00073905972 7.97753224931 7.96600533478
# log_avg_fmort_dir:
-1.65992819286
# fmort_dir_dev:
 -1.70207884051 -1.71454510185 -1.30760002611 -0.930915334203 -0.660611233885 -0.446416017550 -0.383961978906 -0.167325437304 0.0271418732219 0.147679802755 0.240486825141 0.344355102082 0.368854337130 0.406268811268 0.500306375443 0.554900634346 0.636074616058 0.505980358273 0.580447224903 0.548707436136 0.456202668539 0.388137948384 0.480306930518 0.412069846382 0.420995336863 0.455207792170 0.423123035135 0.294329664890 0.260393110473 0.162532997190 0.236497884717 0.147635072478 0.0935733823064 -0.0125671864486 0.0754377649285 0.0309566485283 0.0957074344767 0.0870889610100 0.0970193544764 0.0337086109748 0.00666009394215 0.0655880754734 0.0554806523529 0.0381641066607 -0.0390833323150 0.0443770493923 0.0854205818529 0.0760222512025 0.0604689504025 0.0472256040331 -0.366666967535 -0.160570751118 -0.0870705006530 -0.235085937707 -0.295194250393 -0.220050371935 -0.216384792116 -0.159457559761 -0.276897548211 -0.252298116620 -0.170211128852 0.0166591899376 -0.0277285304045 -0.0496213282655 -0.125852123794
# mean_log_rec:
11.1409812030
# rec_dev:
 0.395042676598 0.375893404671 0.375412722917 0.368427505404 0.360764452917 0.360324384929 0.361517906375 0.346959333844 0.320482876503 0.292750639291 0.257192917310 0.236084996301 0.222024208925 0.182702946749 0.141207059547 0.0876721994704 0.0316265877436 -0.0276742443510 -0.0798141378968 -0.0946415823730 -0.100449937763 -0.127725595999 -0.141781538873 -0.161058777564 -0.182345402368 -0.190048853407 -0.197858363014 -0.199498455783 -0.212027631338 -0.232978469695 -0.225282793035 -0.215927037196 -0.198732258974 -0.172526076156 -0.156873327914 -0.149579174122 -0.153022797243 -0.152586946064 -0.144203849222 -0.148203419990 -0.145645994970 -0.160324456032 -0.163854045817 -0.134665795786 -0.129775868810 -0.125020684645 -0.110014194637 -0.104827568916 -0.103288999023 -0.102421957186 -0.0923285339611 -0.0612860394418 -0.0244113951707 -0.00348798752237 0.00117667715131 0.0137320529288 0.0286042493034 0.0189168126681 0.0210687856919 0.0383686030395 0.0582532242464 0.0733716945719 0.0649620612852 0.0458266140586 0.0458265978173
# log_avg_NatM:
-1.60943800000
# m_dev:
 0.00000000000 0.00000000000 0.00000000000 0.00000000000 0.00000000000 0.00000000000 0.00000000000 0.00000000000 0.00000000000 0.00000000000 0.00000000000 0.00000000000 0.00000000000 0.00000000000 0.00000000000 0.00000000000 0.00000000000 0.00000000000 0.00000000000 0.00000000000 0.00000000000 0.00000000000 0.00000000000 0.00000000000 0.00000000000 0.00000000000 0.00000000000 0.00000000000 0.00000000000 0.00000000000 0.00000000000 0.00000000000 0.00000000000 0.00000000000 0.00000000000 0.00000000000 0.00000000000 0.00000000000 0.00000000000 0.00000000000 0.00000000000 0.00000000000 0.00000000000 0.00000000000 0.00000000000 0.00000000000 0.00000000000 0.00000000000 0.00000000000 0.00000000000 0.00000000000 0.00000000000 0.00000000000 0.00000000000 0.00000000000 0.00000000000 0.00000000000 0.00000000000 0.00000000000 0.00000000000 0.00000000000 0.00000000000 0.00000000000 0.00000000000 0.00000000000
# log_avg_GrowthK:
-1.60943800000
# log_avg_Linf:
4.88280200000
# GrowthK_dev:
 0.00000000000 0.00000000000 0.00000000000 0.00000000000 0.00000000000 0.00000000000 0.00000000000 0.00000000000 0.00000000000 0.00000000000 0.00000000000 0.00000000000 0.00000000000 0.00000000000 0.00000000000 0.00000000000 0.00000000000 0.00000000000 0.00000000000 0.00000000000 0.00000000000 0.00000000000 0.00000000000 0.00000000000 0.00000000000 0.00000000000 0.00000000000 0.00000000000 0.00000000000 0.00000000000 0.00000000000 0.00000000000 0.00000000000 0.00000000000 0.00000000000 0.00000000000 0.00000000000 0.00000000000 0.00000000000 0.00000000000 0.00000000000 0.00000000000 0.00000000000 0.00000000000 0.00000000000 0.00000000000 0.00000000000 0.00000000000 0.00000000000 0.00000000000 0.00000000000 0.00000000000 0.00000000000 0.00000000000 0.00000000000 0.00000000000 0.00000000000 0.00000000000 0.00000000000 0.00000000000 0.00000000000 0.00000000000 0.00000000000 0.00000000000 0.00000000000
# Linf_dev:
 0.00000000000 0.00000000000 0.00000000000 0.00000000000 0.00000000000 0.00000000000 0.00000000000 0.00000000000 0.00000000000 0.00000000000 0.00000000000 0.00000000000 0.00000000000 0.00000000000 0.00000000000 0.00000000000 0.00000000000 0.00000000000 0.00000000000 0.00000000000 0.00000000000 0.00000000000 0.00000000000 0.00000000000 0.00000000000 0.00000000000 0.00000000000 0.00000000000 0.00000000000 0.00000000000 0.00000000000 0.00000000000 0.00000000000 0.00000000000 0.00000000000 0.00000000000 0.00000000000 0.00000000000 0.00000000000 0.00000000000 0.00000000000 0.00000000000 0.00000000000 0.00000000000 0.00000000000 0.00000000000 0.00000000000 0.00000000000 0.00000000000 0.00000000000 0.00000000000 0.00000000000 0.00000000000 0.00000000000 0.00000000000 0.00000000000 0.00000000000 0.00000000000 0.00000000000 0.00000000000 0.00000000000 0.00000000000 0.00000000000 0.00000000000 0.00000000000
# SelPars50:
2.10181516795
# SelPars95:
3.78786615658
# SelPars_dev50:
 0.00000000000 0.00000000000 0.00000000000 0.00000000000 0.00000000000 0.00000000000 0.00000000000 0.00000000000 0.00000000000 0.00000000000 0.00000000000 0.00000000000 0.00000000000 0.00000000000 0.00000000000 0.00000000000 0.00000000000 0.00000000000 0.00000000000 0.00000000000 0.00000000000 0.00000000000 0.00000000000 0.00000000000 0.00000000000 0.00000000000 0.00000000000 0.00000000000 0.00000000000 0.00000000000 0.00000000000 0.00000000000 0.00000000000 0.00000000000 0.00000000000 0.00000000000 0.00000000000 0.00000000000 0.00000000000 0.00000000000 0.00000000000 0.00000000000 0.00000000000 0.00000000000 0.00000000000 0.00000000000 0.00000000000 0.00000000000 0.00000000000 0.00000000000 0.00000000000 0.00000000000 0.00000000000 0.00000000000 0.00000000000 0.00000000000 0.00000000000 0.00000000000 0.00000000000 0.00000000000 0.00000000000 0.00000000000 0.00000000000 0.00000000000 0.00000000000
# SelPars_dev95:
 0.00000000000 0.00000000000 0.00000000000 0.00000000000 0.00000000000 0.00000000000 0.00000000000 0.00000000000 0.00000000000 0.00000000000 0.00000000000 0.00000000000 0.00000000000 0.00000000000 0.00000000000 0.00000000000 0.00000000000 0.00000000000 0.00000000000 0.00000000000 0.00000000000 0.00000000000 0.00000000000 0.00000000000 0.00000000000 0.00000000000 0.00000000000 0.00000000000 0.00000000000 0.00000000000 0.00000000000 0.00000000000 0.00000000000 0.00000000000 0.00000000000 0.00000000000 0.00000000000 0.00000000000 0.00000000000 0.00000000000 0.00000000000 0.00000000000 0.00000000000 0.00000000000 0.00000000000 0.00000000000 0.00000000000 0.00000000000 0.00000000000 0.00000000000 0.00000000000 0.00000000000 0.00000000000 0.00000000000 0.00000000000 0.00000000000 0.00000000000 0.00000000000 0.00000000000 0.00000000000 0.00000000000 0.00000000000 0.00000000000 0.00000000000 0.00000000000
