# Number of parameters = 163 Objective function value = 79168.8849891568  Maximum gradient component = 0.000411000882863125
# srv_sel50:
1.65603368922
# srv_sel95:
2.94350306424
# stNatLen:
 11.8219671394 11.6414443513 11.3887476910 11.1726846906 10.9881606089 10.8014937682 10.5915180474 10.3564846502 10.1063687367 9.85370398626 9.60862390092 9.37770263605 9.16450371417 8.97054312758 8.79612113128 8.64088124101 8.50414761744 8.38510700753 8.28300116935 8.19710789781 8.12683031879 8.07150183109 8.03055483542 8.00346931685 7.99000606429
# log_avg_fmort_dir:
-1.60536555846
# fmort_dir_dev:
 -2.06528781995 -2.06275719863 -1.43078683704 -1.12611498656 -0.842042319772 -0.697917100299 -0.364680057778 -0.392870857242 -0.154098982624 0.00556820777862 0.143285540094 0.204178606279 0.355143953239 0.330717869288 0.366362238276 0.424917171951 0.422894140142 0.400066296735 0.433466266556 0.282440108619 0.261065420840 0.295385160325 0.286126936821 0.225782351743 0.245161344830 0.191389145717 0.156046705430 0.141333567886 0.164093502321 0.0685191063791 0.119574994089 0.134912154936 0.0594543964746 0.0958030891278 0.0552292621298 0.178415018445 0.0495574936876 0.106562643899 0.0310280673737 0.0882565735750 0.0751423642535 0.0215292816736 0.00888115786143 0.133902193547 0.100425991980 0.122872779375 0.139254833132 0.0643358809402 0.0649159741044 0.00461114699842 0.195933126834 0.199134548480 0.0604992294770 0.343173974040 0.227023601767 0.0881545557749 0.201330143825 0.208223467022 0.123625549354 0.228000585512 -0.248710464277 0.0628479943428 0.0725766057422 0.273551974652 0.116734526202 -0.0741521977114
# mean_log_rec:
11.3283197366
# rec_dev:
 0.539143712368 0.516142916607 0.521019987755 0.527764208236 0.517859985403 0.503393165023 0.488537985555 0.477375415126 0.446778817390 0.396554771291 0.346500694834 0.304685658703 0.272349393366 0.245703979366 0.222477491396 0.174834674820 0.108980910171 0.0466266721283 0.0173648622568 -0.00834511706049 -0.0420233621300 -0.0614849989985 -0.0813503809343 -0.100470619225 -0.116650281911 -0.126336615532 -0.141978388036 -0.162336171967 -0.167359782307 -0.179543657969 -0.217564710497 -0.246461741683 -0.290736559941 -0.324408852100 -0.247646513616 -0.171052949303 -0.172562461660 -0.192391008898 -0.224226845193 -0.226632637793 -0.193490168197 -0.177119720212 -0.169453562470 -0.164904858840 -0.164223432123 -0.163606920199 -0.173743300874 -0.161788956024 -0.140671329168 -0.143938536953 -0.169983578616 -0.178019300855 -0.172883331662 -0.170763569174 -0.169470302534 -0.161550659256 -0.155473544667 -0.135895688868 -0.116839456122 -0.105818086605 -0.0839759180692 -0.0381269246828 0.0115125790916 0.0484196733469 0.0396386281452 0.0396386205482
# log_avg_NatM:
-1.47890400000
# m_dev:
 0.00000000000 0.00000000000 0.00000000000 0.00000000000 0.00000000000 0.00000000000 0.00000000000 0.00000000000 0.00000000000 0.00000000000 0.00000000000 0.00000000000 0.00000000000 0.00000000000 0.00000000000 0.00000000000 0.00000000000 0.00000000000 0.00000000000 0.00000000000 0.00000000000 0.00000000000 0.00000000000 0.00000000000 0.00000000000 0.00000000000 0.00000000000 0.00000000000 0.00000000000 0.00000000000 0.00000000000 0.00000000000 0.00000000000 0.00000000000 0.00000000000 0.00000000000 0.00000000000 0.00000000000 0.00000000000 0.00000000000 0.00000000000 0.00000000000 0.00000000000 0.00000000000 0.00000000000 0.00000000000 0.00000000000 0.00000000000 0.00000000000 0.00000000000 0.00000000000 0.00000000000 0.00000000000 0.00000000000 0.00000000000 0.00000000000 0.00000000000 0.00000000000 0.00000000000 0.00000000000 0.00000000000 0.00000000000 0.00000000000 0.00000000000 0.00000000000 0.00000000000
# log_avg_GrowthK:
-1.60943800000
# log_avg_Linf:
4.88280200000
# GrowthK_dev:
 0.00000000000 0.00000000000 0.00000000000 0.00000000000 0.00000000000 0.00000000000 0.00000000000 0.00000000000 0.00000000000 0.00000000000 0.00000000000 0.00000000000 0.00000000000 0.00000000000 0.00000000000 0.00000000000 0.00000000000 0.00000000000 0.00000000000 0.00000000000 0.00000000000 0.00000000000 0.00000000000 0.00000000000 0.00000000000 0.00000000000 0.00000000000 0.00000000000 0.00000000000 0.00000000000 0.00000000000 0.00000000000 0.00000000000 0.00000000000 0.00000000000 0.00000000000 0.00000000000 0.00000000000 0.00000000000 0.00000000000 0.00000000000 0.00000000000 0.00000000000 0.00000000000 0.00000000000 0.00000000000 0.00000000000 0.00000000000 0.00000000000 0.00000000000 0.00000000000 0.00000000000 0.00000000000 0.00000000000 0.00000000000 0.00000000000 0.00000000000 0.00000000000 0.00000000000 0.00000000000 0.00000000000 0.00000000000 0.00000000000 0.00000000000 0.00000000000 0.00000000000
# Linf_dev:
 0.00000000000 0.00000000000 0.00000000000 0.00000000000 0.00000000000 0.00000000000 0.00000000000 0.00000000000 0.00000000000 0.00000000000 0.00000000000 0.00000000000 0.00000000000 0.00000000000 0.00000000000 0.00000000000 0.00000000000 0.00000000000 0.00000000000 0.00000000000 0.00000000000 0.00000000000 0.00000000000 0.00000000000 0.00000000000 0.00000000000 0.00000000000 0.00000000000 0.00000000000 0.00000000000 0.00000000000 0.00000000000 0.00000000000 0.00000000000 0.00000000000 0.00000000000 0.00000000000 0.00000000000 0.00000000000 0.00000000000 0.00000000000 0.00000000000 0.00000000000 0.00000000000 0.00000000000 0.00000000000 0.00000000000 0.00000000000 0.00000000000 0.00000000000 0.00000000000 0.00000000000 0.00000000000 0.00000000000 0.00000000000 0.00000000000 0.00000000000 0.00000000000 0.00000000000 0.00000000000 0.00000000000 0.00000000000 0.00000000000 0.00000000000 0.00000000000 0.00000000000
# SelPars50:
2.25106459268
# SelPars95:
4.11016431705
# SelPars_dev50:
 0.00000000000 0.00000000000 0.00000000000 0.00000000000 0.00000000000 0.00000000000 0.00000000000 0.00000000000 0.00000000000 0.00000000000 0.00000000000 0.00000000000 0.00000000000 0.00000000000 0.00000000000 0.00000000000 0.00000000000 0.00000000000 0.00000000000 0.00000000000 0.00000000000 0.00000000000 0.00000000000 0.00000000000 0.00000000000 0.00000000000 0.00000000000 0.00000000000 0.00000000000 0.00000000000 0.00000000000 0.00000000000 0.00000000000 0.00000000000 0.00000000000 0.00000000000 0.00000000000 0.00000000000 0.00000000000 0.00000000000 0.00000000000 0.00000000000 0.00000000000 0.00000000000 0.00000000000 0.00000000000 0.00000000000 0.00000000000 0.00000000000 0.00000000000 0.00000000000 0.00000000000 0.00000000000 0.00000000000 0.00000000000 0.00000000000 0.00000000000 0.00000000000 0.00000000000 0.00000000000 0.00000000000 0.00000000000 0.00000000000 0.00000000000 0.00000000000 0.00000000000
# SelPars_dev95:
 0.00000000000 0.00000000000 0.00000000000 0.00000000000 0.00000000000 0.00000000000 0.00000000000 0.00000000000 0.00000000000 0.00000000000 0.00000000000 0.00000000000 0.00000000000 0.00000000000 0.00000000000 0.00000000000 0.00000000000 0.00000000000 0.00000000000 0.00000000000 0.00000000000 0.00000000000 0.00000000000 0.00000000000 0.00000000000 0.00000000000 0.00000000000 0.00000000000 0.00000000000 0.00000000000 0.00000000000 0.00000000000 0.00000000000 0.00000000000 0.00000000000 0.00000000000 0.00000000000 0.00000000000 0.00000000000 0.00000000000 0.00000000000 0.00000000000 0.00000000000 0.00000000000 0.00000000000 0.00000000000 0.00000000000 0.00000000000 0.00000000000 0.00000000000 0.00000000000 0.00000000000 0.00000000000 0.00000000000 0.00000000000 0.00000000000 0.00000000000 0.00000000000 0.00000000000 0.00000000000 0.00000000000 0.00000000000 0.00000000000 0.00000000000 0.00000000000 0.00000000000
