# Number of parameters = 188 Objective function value = 62191.6  Maximum gradient component = 0.00327006
# srv_sel50:
1.47606405607
# srv_sel95:
2.43640506740
# stNatLen:
 11.4282880065 11.2889631387 11.0900276602 10.9003279559 10.7141872450 10.5111622240 10.2853513503 10.0448303603 9.80190009680 9.56673343682 9.34571337422 9.14207759434 8.95698403284 8.79040632927 8.64171209526 8.51001070699 8.39433892008 8.29382730510 8.20767822863 8.13514830961 8.07558821171 8.02850594953 7.99352101643 7.97031483478 7.95880568192
# log_avg_fmort_dir:
-1.63313357005
# fmort_dir_dev:
 -1.79517249123 -1.81824993754 -1.34552668830 -0.921329989856 -0.753193848862 -0.439081503540 -0.326132837984 -0.220581002319 -0.0591568358330 -0.0897322872199 0.0304781152215 0.191965692186 0.286211539391 0.350647166881 0.434371710103 0.538616705862 0.432689712652 0.412690015303 0.326360786425 0.304660164500 0.312303182189 0.272614434982 0.367726418386 0.317601685006 0.343178447515 0.290080514603 0.317672354603 0.288699991583 0.255324030127 0.263757424344 0.302633154622 0.193700616127 0.0793789003051 0.0592145207080 0.0625863501987 0.0576457009890 -0.00716320311985 -0.0221849945873 0.000458830691362 0.0728806384082 0.00329405841463 -0.0586439238290 0.0852987725630 -0.0617399934648 -0.0278805221776 0.0638661851817 0.0470432004307 0.0680380152390 -0.0404307462278 0.0101513766400 0.111637528382 0.430722865328
# mean_log_rec:
11.1491036180
# rec_dev:
 0.342828193495 0.323508433783 0.311243041125 0.288542169102 0.259334201413 0.241033579009 0.249704455512 0.286930111693 0.324654574257 0.311277384329 0.254856711090 0.190942918234 0.132134152435 0.0756492052705 0.0233158616043 -0.0191833598445 -0.0342903786609 -0.0339784648112 -0.0173890099640 -0.0398338438973 -0.133698367569 -0.219905822295 -0.242948538935 -0.240372459199 -0.233441816717 -0.246354235380 -0.272559935461 -0.319265915841 -0.328459843587 -0.326053800359 -0.288323964247 -0.244419252145 -0.231445812130 -0.192565446751 -0.0768668900296 0.0425760039163 0.0900565052482 0.0127959605525 -0.0459171505758 -0.0380590532250 -0.000393635290768 0.0318266250077 0.0740616026198 0.0802734501695 -0.0155833463765 -0.0494524127413 -0.0171691140409 -0.0105904319565 0.0152265920711 0.0144443179034 -0.0293467608739 -0.0293469869364
# log_avg_NatM:
-1.55598537824
# m_dev:
 -0.00151516545998 -0.121120370911 0.0486968334728 0.0243726244500 0.0268175692910 0.00763340430102 -0.220449871730 -0.443132024564 -0.386818129039 -0.0135748727231 0.0889719376702 0.0820921847369 0.0277250351968 -0.0264912924744 -0.115476004246 -0.0947139764163 -0.251497498584 -0.261416343619 -0.327610317201 -0.0416194575393 0.328474387180 0.182437739612 -0.145957351228 -0.194694757864 -0.293048640822 -0.139535862440 0.00708530241583 0.0828728083365 -0.158556850576 -0.227932400583 -0.373089872957 -0.245956279200 -0.153392391373 -0.158164966022 0.108703308791 -0.0534139199529 -0.0212815123963 0.498010800116 0.362191233026 0.189370349886 0.0713044198886 0.0830455965583 -0.0146583471086 0.156933278294 0.604885071822 0.211141015200 0.00716194171982 0.232647989602 0.0497195471783 0.160645477035 0.446936035600 0.395242585651
# log_avg_GrowthK:
-1.60943800000
# log_avg_Linf:
4.88280200000
# GrowthK_dev:
 0.00000000000 0.00000000000 0.00000000000 0.00000000000 0.00000000000 0.00000000000 0.00000000000 0.00000000000 0.00000000000 0.00000000000 0.00000000000 0.00000000000 0.00000000000 0.00000000000 0.00000000000 0.00000000000 0.00000000000 0.00000000000 0.00000000000 0.00000000000 0.00000000000 0.00000000000 0.00000000000 0.00000000000 0.00000000000 0.00000000000 0.00000000000 0.00000000000 0.00000000000 0.00000000000 0.00000000000 0.00000000000 0.00000000000 0.00000000000 0.00000000000 0.00000000000 0.00000000000 0.00000000000 0.00000000000 0.00000000000 0.00000000000 0.00000000000 0.00000000000 0.00000000000 0.00000000000 0.00000000000 0.00000000000 0.00000000000 0.00000000000 0.00000000000 0.00000000000 0.00000000000
# Linf_dev:
 0.00000000000 0.00000000000 0.00000000000 0.00000000000 0.00000000000 0.00000000000 0.00000000000 0.00000000000 0.00000000000 0.00000000000 0.00000000000 0.00000000000 0.00000000000 0.00000000000 0.00000000000 0.00000000000 0.00000000000 0.00000000000 0.00000000000 0.00000000000 0.00000000000 0.00000000000 0.00000000000 0.00000000000 0.00000000000 0.00000000000 0.00000000000 0.00000000000 0.00000000000 0.00000000000 0.00000000000 0.00000000000 0.00000000000 0.00000000000 0.00000000000 0.00000000000 0.00000000000 0.00000000000 0.00000000000 0.00000000000 0.00000000000 0.00000000000 0.00000000000 0.00000000000 0.00000000000 0.00000000000 0.00000000000 0.00000000000 0.00000000000 0.00000000000 0.00000000000 0.00000000000
# SelPars50:
2.02153044453
# SelPars95:
3.58422395744
# SelPars_dev50:
 0.00000000000 0.00000000000 0.00000000000 0.00000000000 0.00000000000 0.00000000000 0.00000000000 0.00000000000 0.00000000000 0.00000000000 0.00000000000 0.00000000000 0.00000000000 0.00000000000 0.00000000000 0.00000000000 0.00000000000 0.00000000000 0.00000000000 0.00000000000 0.00000000000 0.00000000000 0.00000000000 0.00000000000 0.00000000000 0.00000000000 0.00000000000 0.00000000000 0.00000000000 0.00000000000 0.00000000000 0.00000000000 0.00000000000 0.00000000000 0.00000000000 0.00000000000 0.00000000000 0.00000000000 0.00000000000 0.00000000000 0.00000000000 0.00000000000 0.00000000000 0.00000000000 0.00000000000 0.00000000000 0.00000000000 0.00000000000 0.00000000000 0.00000000000 0.00000000000 0.00000000000
# SelPars_dev95:
 0.00000000000 0.00000000000 0.00000000000 0.00000000000 0.00000000000 0.00000000000 0.00000000000 0.00000000000 0.00000000000 0.00000000000 0.00000000000 0.00000000000 0.00000000000 0.00000000000 0.00000000000 0.00000000000 0.00000000000 0.00000000000 0.00000000000 0.00000000000 0.00000000000 0.00000000000 0.00000000000 0.00000000000 0.00000000000 0.00000000000 0.00000000000 0.00000000000 0.00000000000 0.00000000000 0.00000000000 0.00000000000 0.00000000000 0.00000000000 0.00000000000 0.00000000000 0.00000000000 0.00000000000 0.00000000000 0.00000000000 0.00000000000 0.00000000000 0.00000000000 0.00000000000 0.00000000000 0.00000000000 0.00000000000 0.00000000000 0.00000000000 0.00000000000 0.00000000000 0.00000000000
