# Number of parameters = 157 Objective function value = 75524.3584218581  Maximum gradient component = 0.000956130580903503
# srv_sel50:
1.64484134693
# srv_sel95:
2.91036627471
# stNatLen:
 11.8813277917 11.7056730006 11.4468351004 11.2268881796 11.0468522397 10.8705239208 10.6696216245 10.4365410932 10.1797825481 9.91371353793 9.65129296888 9.40150985062 9.16957125242 8.95791238239 8.76729969369 8.59749995492 8.44781120237 8.31736072259 8.20524471519 8.11063833117 8.03277623184 7.97110811315 7.92524389640 7.89478026987 7.87955476635
# log_avg_fmort_dir:
-1.61808586109
# fmort_dir_dev:
 -2.21177839352 -2.14797973265 -1.49017758082 -1.16540564892 -0.853521013665 -0.570158160803 -0.390368600056 -0.247259860049 -0.185376164994 0.0166954737592 0.140820774657 0.109211325075 0.312234365354 0.393851462076 0.451778196255 0.435739643377 0.392206477388 0.416378574497 0.356863655541 0.279712330019 0.289187794484 0.359072141790 0.239448865845 0.177809501130 0.178396336308 0.238156151338 0.219875322617 0.174916390953 0.169108013588 0.0559631278501 0.200657159007 0.135614627709 0.147759726077 -0.00785098987349 0.161096621329 0.128552920676 0.0920464577496 0.0456914580875 0.231546042434 0.0653956927738 0.0792514739335 0.0787657482140 0.0425190288207 0.0140776516327 0.0301531832937 0.102036073773 0.0589975072544 0.00245954361706 0.164219467563 0.147621705164 0.311032205173 0.209931100764 0.134059083991 -0.0909030378434 0.0470256239700 0.185110778523 0.375766432788 0.363406576360 0.384164393740 -0.00554398904501 0.0260502816448 0.0312866007239 -0.0373979184409
# mean_log_rec:
11.3361679662
# rec_dev:
 0.586582501735 0.560559574794 0.541090999696 0.523167021801 0.513734515060 0.495135139707 0.476794887185 0.462375191336 0.444799391059 0.421389825854 0.383924562916 0.359440075218 0.297694695584 0.229955245333 0.179437834064 0.121839707959 0.0703561322223 0.0160238541638 -0.0253636273181 -0.0424967700551 -0.0473435490621 -0.0663078938890 -0.0723957735238 -0.0835498412753 -0.100063808464 -0.0984405423149 -0.0971282534991 -0.105618685643 -0.102349370050 -0.128692406645 -0.183185053436 -0.222683471681 -0.281549641909 -0.320143406749 -0.243459813189 -0.166091504188 -0.179330289139 -0.202330016301 -0.205449609708 -0.207690078453 -0.213869851601 -0.201400392281 -0.187583781431 -0.179199249319 -0.174329494898 -0.151754858376 -0.151948725587 -0.167260315512 -0.160874523480 -0.139141811925 -0.134383174431 -0.162125999135 -0.181422315913 -0.191260925631 -0.182063021231 -0.171672026313 -0.156424170395 -0.149051578717 -0.142888242946 -0.111093354999 -0.0613644962413 -0.0657627210660 -0.0657627177678
# log_avg_NatM:
-1.47890400000
# m_dev:
 0.00000000000 0.00000000000 0.00000000000 0.00000000000 0.00000000000 0.00000000000 0.00000000000 0.00000000000 0.00000000000 0.00000000000 0.00000000000 0.00000000000 0.00000000000 0.00000000000 0.00000000000 0.00000000000 0.00000000000 0.00000000000 0.00000000000 0.00000000000 0.00000000000 0.00000000000 0.00000000000 0.00000000000 0.00000000000 0.00000000000 0.00000000000 0.00000000000 0.00000000000 0.00000000000 0.00000000000 0.00000000000 0.00000000000 0.00000000000 0.00000000000 0.00000000000 0.00000000000 0.00000000000 0.00000000000 0.00000000000 0.00000000000 0.00000000000 0.00000000000 0.00000000000 0.00000000000 0.00000000000 0.00000000000 0.00000000000 0.00000000000 0.00000000000 0.00000000000 0.00000000000 0.00000000000 0.00000000000 0.00000000000 0.00000000000 0.00000000000 0.00000000000 0.00000000000 0.00000000000 0.00000000000 0.00000000000 0.00000000000
# log_avg_GrowthK:
-1.60943800000
# log_avg_Linf:
4.88280200000
# GrowthK_dev:
 0.00000000000 0.00000000000 0.00000000000 0.00000000000 0.00000000000 0.00000000000 0.00000000000 0.00000000000 0.00000000000 0.00000000000 0.00000000000 0.00000000000 0.00000000000 0.00000000000 0.00000000000 0.00000000000 0.00000000000 0.00000000000 0.00000000000 0.00000000000 0.00000000000 0.00000000000 0.00000000000 0.00000000000 0.00000000000 0.00000000000 0.00000000000 0.00000000000 0.00000000000 0.00000000000 0.00000000000 0.00000000000 0.00000000000 0.00000000000 0.00000000000 0.00000000000 0.00000000000 0.00000000000 0.00000000000 0.00000000000 0.00000000000 0.00000000000 0.00000000000 0.00000000000 0.00000000000 0.00000000000 0.00000000000 0.00000000000 0.00000000000 0.00000000000 0.00000000000 0.00000000000 0.00000000000 0.00000000000 0.00000000000 0.00000000000 0.00000000000 0.00000000000 0.00000000000 0.00000000000 0.00000000000 0.00000000000 0.00000000000
# Linf_dev:
 0.00000000000 0.00000000000 0.00000000000 0.00000000000 0.00000000000 0.00000000000 0.00000000000 0.00000000000 0.00000000000 0.00000000000 0.00000000000 0.00000000000 0.00000000000 0.00000000000 0.00000000000 0.00000000000 0.00000000000 0.00000000000 0.00000000000 0.00000000000 0.00000000000 0.00000000000 0.00000000000 0.00000000000 0.00000000000 0.00000000000 0.00000000000 0.00000000000 0.00000000000 0.00000000000 0.00000000000 0.00000000000 0.00000000000 0.00000000000 0.00000000000 0.00000000000 0.00000000000 0.00000000000 0.00000000000 0.00000000000 0.00000000000 0.00000000000 0.00000000000 0.00000000000 0.00000000000 0.00000000000 0.00000000000 0.00000000000 0.00000000000 0.00000000000 0.00000000000 0.00000000000 0.00000000000 0.00000000000 0.00000000000 0.00000000000 0.00000000000 0.00000000000 0.00000000000 0.00000000000 0.00000000000 0.00000000000 0.00000000000
# SelPars50:
2.24369200775
# SelPars95:
4.09693225052
# SelPars_dev50:
 0.00000000000 0.00000000000 0.00000000000 0.00000000000 0.00000000000 0.00000000000 0.00000000000 0.00000000000 0.00000000000 0.00000000000 0.00000000000 0.00000000000 0.00000000000 0.00000000000 0.00000000000 0.00000000000 0.00000000000 0.00000000000 0.00000000000 0.00000000000 0.00000000000 0.00000000000 0.00000000000 0.00000000000 0.00000000000 0.00000000000 0.00000000000 0.00000000000 0.00000000000 0.00000000000 0.00000000000 0.00000000000 0.00000000000 0.00000000000 0.00000000000 0.00000000000 0.00000000000 0.00000000000 0.00000000000 0.00000000000 0.00000000000 0.00000000000 0.00000000000 0.00000000000 0.00000000000 0.00000000000 0.00000000000 0.00000000000 0.00000000000 0.00000000000 0.00000000000 0.00000000000 0.00000000000 0.00000000000 0.00000000000 0.00000000000 0.00000000000 0.00000000000 0.00000000000 0.00000000000 0.00000000000 0.00000000000 0.00000000000
# SelPars_dev95:
 0.00000000000 0.00000000000 0.00000000000 0.00000000000 0.00000000000 0.00000000000 0.00000000000 0.00000000000 0.00000000000 0.00000000000 0.00000000000 0.00000000000 0.00000000000 0.00000000000 0.00000000000 0.00000000000 0.00000000000 0.00000000000 0.00000000000 0.00000000000 0.00000000000 0.00000000000 0.00000000000 0.00000000000 0.00000000000 0.00000000000 0.00000000000 0.00000000000 0.00000000000 0.00000000000 0.00000000000 0.00000000000 0.00000000000 0.00000000000 0.00000000000 0.00000000000 0.00000000000 0.00000000000 0.00000000000 0.00000000000 0.00000000000 0.00000000000 0.00000000000 0.00000000000 0.00000000000 0.00000000000 0.00000000000 0.00000000000 0.00000000000 0.00000000000 0.00000000000 0.00000000000 0.00000000000 0.00000000000 0.00000000000 0.00000000000 0.00000000000 0.00000000000 0.00000000000 0.00000000000 0.00000000000 0.00000000000 0.00000000000
