# Number of parameters = 145 Objective function value = 68135.3  Maximum gradient component = 0.000405809
# srv_sel50:
1.63886853344
# srv_sel95:
2.88804578115
# stNatLen:
 11.7989529426 11.5932582686 11.2933864522 11.0315750530 10.8122153129 10.6024511454 10.3768515100 10.1288086891 9.86558615551 9.59913660359 9.34003705889 9.09547312289 8.86947520895 8.66381374740 8.47886479655 8.31423220561 8.16917020551 8.04282968621 7.93433281236 7.84287899819 7.76775524615 7.70832903871 7.66412978590 7.63483035570 7.62021583660
# log_avg_fmort_dir:
-1.47096852200
# fmort_dir_dev:
 -0.979550784391 -0.825193825784 -0.575969712539 -0.461204395670 -0.291063067181 -0.0763619475762 -0.0892486571916 0.114040046205 0.109775303689 0.142318377910 0.278846154837 0.255593800073 0.346331685389 0.191675780372 0.187885392019 0.134854633210 0.0954974847449 0.131470454442 0.145696145432 0.195618495009 0.0959347000414 0.212456600749 0.0207201238529 -0.0510027959762 0.0272657702293 0.00293426552860 0.0226534305345 -0.0422682249332 -0.108170979388 -0.0822440129658 0.0693088318735 0.000534177470951 -0.0337640138770 -0.0803170390620 -0.0567920709429 -0.0500395492807 -0.0595334520161 -0.00345714392723 -0.0565234886882 -0.0337656096796 -0.0630875551336 -0.0772081945121 -0.0734599914641 -0.0162125726904 -0.0851629112961 -0.0749302435291 0.0243739145050 0.000162557927216 0.111881549829 0.119867297063 0.180662634287 0.242603336011 0.317543797503 -0.0533152264358 0.224393193254 0.209918602065 0.187028930076
# mean_log_rec:
11.3026070955
# rec_dev:
 0.533874091780 0.508180544251 0.507454498035 0.505747117127 0.488603726354 0.470788373702 0.437694264777 0.369539150272 0.310469336228 0.263545547942 0.208906258135 0.145593287600 0.0949167382235 0.0747034507500 0.0393468404796 0.0165326340936 0.0161082625021 -0.00919406581711 -0.0364978817233 -0.0641877782963 -0.0695047565202 -0.0701967808137 -0.0717529943162 -0.0783600473775 -0.105361640171 -0.135343418125 -0.174825172207 -0.217179412939 -0.281483964212 -0.337713622612 -0.272668413153 -0.195873035904 -0.170742159985 -0.172665363580 -0.175405646497 -0.164576891852 -0.150377737139 -0.147774356416 -0.132875872952 -0.120653016559 -0.121556189896 -0.115645494202 -0.112203872054 -0.0925939823928 -0.0862872661792 -0.0996554774750 -0.0975392487568 -0.0912177696606 -0.0903097089413 -0.117957601647 -0.126804881375 -0.127274860736 -0.123711434871 -0.100260301022 -0.0387712174353 -0.0475003656448 -0.0475004207934
# log_avg_NatM:
-1.47890400000
# m_dev:
 0.00000000000 0.00000000000 0.00000000000 0.00000000000 0.00000000000 0.00000000000 0.00000000000 0.00000000000 0.00000000000 0.00000000000 0.00000000000 0.00000000000 0.00000000000 0.00000000000 0.00000000000 0.00000000000 0.00000000000 0.00000000000 0.00000000000 0.00000000000 0.00000000000 0.00000000000 0.00000000000 0.00000000000 0.00000000000 0.00000000000 0.00000000000 0.00000000000 0.00000000000 0.00000000000 0.00000000000 0.00000000000 0.00000000000 0.00000000000 0.00000000000 0.00000000000 0.00000000000 0.00000000000 0.00000000000 0.00000000000 0.00000000000 0.00000000000 0.00000000000 0.00000000000 0.00000000000 0.00000000000 0.00000000000 0.00000000000 0.00000000000 0.00000000000 0.00000000000 0.00000000000 0.00000000000 0.00000000000 0.00000000000 0.00000000000 0.00000000000
# log_avg_GrowthK:
-1.60943800000
# log_avg_Linf:
4.88280200000
# GrowthK_dev:
 0.00000000000 0.00000000000 0.00000000000 0.00000000000 0.00000000000 0.00000000000 0.00000000000 0.00000000000 0.00000000000 0.00000000000 0.00000000000 0.00000000000 0.00000000000 0.00000000000 0.00000000000 0.00000000000 0.00000000000 0.00000000000 0.00000000000 0.00000000000 0.00000000000 0.00000000000 0.00000000000 0.00000000000 0.00000000000 0.00000000000 0.00000000000 0.00000000000 0.00000000000 0.00000000000 0.00000000000 0.00000000000 0.00000000000 0.00000000000 0.00000000000 0.00000000000 0.00000000000 0.00000000000 0.00000000000 0.00000000000 0.00000000000 0.00000000000 0.00000000000 0.00000000000 0.00000000000 0.00000000000 0.00000000000 0.00000000000 0.00000000000 0.00000000000 0.00000000000 0.00000000000 0.00000000000 0.00000000000 0.00000000000 0.00000000000 0.00000000000
# Linf_dev:
 0.00000000000 0.00000000000 0.00000000000 0.00000000000 0.00000000000 0.00000000000 0.00000000000 0.00000000000 0.00000000000 0.00000000000 0.00000000000 0.00000000000 0.00000000000 0.00000000000 0.00000000000 0.00000000000 0.00000000000 0.00000000000 0.00000000000 0.00000000000 0.00000000000 0.00000000000 0.00000000000 0.00000000000 0.00000000000 0.00000000000 0.00000000000 0.00000000000 0.00000000000 0.00000000000 0.00000000000 0.00000000000 0.00000000000 0.00000000000 0.00000000000 0.00000000000 0.00000000000 0.00000000000 0.00000000000 0.00000000000 0.00000000000 0.00000000000 0.00000000000 0.00000000000 0.00000000000 0.00000000000 0.00000000000 0.00000000000 0.00000000000 0.00000000000 0.00000000000 0.00000000000 0.00000000000 0.00000000000 0.00000000000 0.00000000000 0.00000000000
# SelPars50:
2.25512798066
# SelPars95:
4.13051598754
# SelPars_dev50:
 0.00000000000 0.00000000000 0.00000000000 0.00000000000 0.00000000000 0.00000000000 0.00000000000 0.00000000000 0.00000000000 0.00000000000 0.00000000000 0.00000000000 0.00000000000 0.00000000000 0.00000000000 0.00000000000 0.00000000000 0.00000000000 0.00000000000 0.00000000000 0.00000000000 0.00000000000 0.00000000000 0.00000000000 0.00000000000 0.00000000000 0.00000000000 0.00000000000 0.00000000000 0.00000000000 0.00000000000 0.00000000000 0.00000000000 0.00000000000 0.00000000000 0.00000000000 0.00000000000 0.00000000000 0.00000000000 0.00000000000 0.00000000000 0.00000000000 0.00000000000 0.00000000000 0.00000000000 0.00000000000 0.00000000000 0.00000000000 0.00000000000 0.00000000000 0.00000000000 0.00000000000 0.00000000000 0.00000000000 0.00000000000 0.00000000000 0.00000000000
# SelPars_dev95:
 0.00000000000 0.00000000000 0.00000000000 0.00000000000 0.00000000000 0.00000000000 0.00000000000 0.00000000000 0.00000000000 0.00000000000 0.00000000000 0.00000000000 0.00000000000 0.00000000000 0.00000000000 0.00000000000 0.00000000000 0.00000000000 0.00000000000 0.00000000000 0.00000000000 0.00000000000 0.00000000000 0.00000000000 0.00000000000 0.00000000000 0.00000000000 0.00000000000 0.00000000000 0.00000000000 0.00000000000 0.00000000000 0.00000000000 0.00000000000 0.00000000000 0.00000000000 0.00000000000 0.00000000000 0.00000000000 0.00000000000 0.00000000000 0.00000000000 0.00000000000 0.00000000000 0.00000000000 0.00000000000 0.00000000000 0.00000000000 0.00000000000 0.00000000000 0.00000000000 0.00000000000 0.00000000000 0.00000000000 0.00000000000 0.00000000000 0.00000000000
