# Number of parameters = 137 Objective function value = 63467.6723637107  Maximum gradient component = 0.000621916862693004
# srv_sel50:
1.63945666248
# srv_sel95:
2.88376503084
# stNatLen:
 11.8620540024 11.6859666972 11.4342356440 11.2181853324 11.0310141839 10.8388319963 10.6241592550 10.3889311144 10.1442197488 9.90154233749 9.66931127465 9.45253851392 9.25366691384 9.07352674893 8.91203345642 8.76863738583 8.64256819666 8.53298387356 8.43907368839 8.36007175656 8.29533395103 8.24432288205 8.20656693310 8.18173497134 8.16938394985
# log_avg_fmort_dir:
-1.65691239292
# fmort_dir_dev:
 -2.00912687653 -2.00727631223 -1.50928234228 -1.15141712256 -0.678371669059 -0.622916690991 -0.388154889870 -0.219167586514 -0.160685880041 0.0595605091163 0.0975614578243 0.287755338168 0.325407702009 0.373609385053 0.443777081040 0.366843605663 0.442723963794 0.509412863050 0.338194225882 0.277492666931 0.398270572476 0.306268518884 0.321717211429 0.269863070269 0.279397237033 0.291310779680 0.211725243692 0.214977718155 0.115685871612 0.127931860006 0.119604251791 0.151069905450 0.104469447251 0.144574873785 0.164174485252 0.0808021568944 0.221067876495 0.193419210794 0.127720345647 0.116809593703 0.121531873519 0.159038600720 0.161145387012 0.129201731409 0.0901160628866 0.0699672877010 0.137886070131 0.0845827470637 0.164191126333 0.158381788660 0.0688093326811 -0.0185620812140 -0.0630895856579
# mean_log_rec:
11.3597187388
# rec_dev:
 0.543006022070 0.505211518301 0.492503315838 0.479211275978 0.468395281185 0.466462171386 0.460092629969 0.452697581750 0.432553092459 0.399358838059 0.355497547708 0.310990181848 0.289768131316 0.255439807886 0.210889208037 0.164768658282 0.0893051915716 0.0322917521122 0.0102378898799 -0.00286412314343 -0.0280282433471 -0.0433346296524 -0.0649633923997 -0.0945611476973 -0.127907428103 -0.168730750171 -0.178273529035 -0.186273833461 -0.208178143866 -0.231078739414 -0.259945737793 -0.296517580284 -0.333125296206 -0.349172358130 -0.264827998643 -0.195473612377 -0.223735722299 -0.246597453930 -0.241857647062 -0.228299349767 -0.227806745169 -0.233929805477 -0.244327761226 -0.248134353264 -0.258996427062 -0.246240984908 -0.213209284830 -0.178182047069 -0.151435758354 -0.123400573482 -0.0986207990582 -0.110324435468 -0.110324403487
# log_avg_NatM:
-1.47890400000
# m_dev:
 0.00000000000 0.00000000000 0.00000000000 0.00000000000 0.00000000000 0.00000000000 0.00000000000 0.00000000000 0.00000000000 0.00000000000 0.00000000000 0.00000000000 0.00000000000 0.00000000000 0.00000000000 0.00000000000 0.00000000000 0.00000000000 0.00000000000 0.00000000000 0.00000000000 0.00000000000 0.00000000000 0.00000000000 0.00000000000 0.00000000000 0.00000000000 0.00000000000 0.00000000000 0.00000000000 0.00000000000 0.00000000000 0.00000000000 0.00000000000 0.00000000000 0.00000000000 0.00000000000 0.00000000000 0.00000000000 0.00000000000 0.00000000000 0.00000000000 0.00000000000 0.00000000000 0.00000000000 0.00000000000 0.00000000000 0.00000000000 0.00000000000 0.00000000000 0.00000000000 0.00000000000 0.00000000000
# log_avg_GrowthK:
-1.60943800000
# log_avg_Linf:
4.88280200000
# GrowthK_dev:
 0.00000000000 0.00000000000 0.00000000000 0.00000000000 0.00000000000 0.00000000000 0.00000000000 0.00000000000 0.00000000000 0.00000000000 0.00000000000 0.00000000000 0.00000000000 0.00000000000 0.00000000000 0.00000000000 0.00000000000 0.00000000000 0.00000000000 0.00000000000 0.00000000000 0.00000000000 0.00000000000 0.00000000000 0.00000000000 0.00000000000 0.00000000000 0.00000000000 0.00000000000 0.00000000000 0.00000000000 0.00000000000 0.00000000000 0.00000000000 0.00000000000 0.00000000000 0.00000000000 0.00000000000 0.00000000000 0.00000000000 0.00000000000 0.00000000000 0.00000000000 0.00000000000 0.00000000000 0.00000000000 0.00000000000 0.00000000000 0.00000000000 0.00000000000 0.00000000000 0.00000000000 0.00000000000
# Linf_dev:
 0.00000000000 0.00000000000 0.00000000000 0.00000000000 0.00000000000 0.00000000000 0.00000000000 0.00000000000 0.00000000000 0.00000000000 0.00000000000 0.00000000000 0.00000000000 0.00000000000 0.00000000000 0.00000000000 0.00000000000 0.00000000000 0.00000000000 0.00000000000 0.00000000000 0.00000000000 0.00000000000 0.00000000000 0.00000000000 0.00000000000 0.00000000000 0.00000000000 0.00000000000 0.00000000000 0.00000000000 0.00000000000 0.00000000000 0.00000000000 0.00000000000 0.00000000000 0.00000000000 0.00000000000 0.00000000000 0.00000000000 0.00000000000 0.00000000000 0.00000000000 0.00000000000 0.00000000000 0.00000000000 0.00000000000 0.00000000000 0.00000000000 0.00000000000 0.00000000000 0.00000000000 0.00000000000
# SelPars50:
2.28290603917
# SelPars95:
4.20321032939
# SelPars_dev50:
 0.00000000000 0.00000000000 0.00000000000 0.00000000000 0.00000000000 0.00000000000 0.00000000000 0.00000000000 0.00000000000 0.00000000000 0.00000000000 0.00000000000 0.00000000000 0.00000000000 0.00000000000 0.00000000000 0.00000000000 0.00000000000 0.00000000000 0.00000000000 0.00000000000 0.00000000000 0.00000000000 0.00000000000 0.00000000000 0.00000000000 0.00000000000 0.00000000000 0.00000000000 0.00000000000 0.00000000000 0.00000000000 0.00000000000 0.00000000000 0.00000000000 0.00000000000 0.00000000000 0.00000000000 0.00000000000 0.00000000000 0.00000000000 0.00000000000 0.00000000000 0.00000000000 0.00000000000 0.00000000000 0.00000000000 0.00000000000 0.00000000000 0.00000000000 0.00000000000 0.00000000000 0.00000000000
# SelPars_dev95:
 0.00000000000 0.00000000000 0.00000000000 0.00000000000 0.00000000000 0.00000000000 0.00000000000 0.00000000000 0.00000000000 0.00000000000 0.00000000000 0.00000000000 0.00000000000 0.00000000000 0.00000000000 0.00000000000 0.00000000000 0.00000000000 0.00000000000 0.00000000000 0.00000000000 0.00000000000 0.00000000000 0.00000000000 0.00000000000 0.00000000000 0.00000000000 0.00000000000 0.00000000000 0.00000000000 0.00000000000 0.00000000000 0.00000000000 0.00000000000 0.00000000000 0.00000000000 0.00000000000 0.00000000000 0.00000000000 0.00000000000 0.00000000000 0.00000000000 0.00000000000 0.00000000000 0.00000000000 0.00000000000 0.00000000000 0.00000000000 0.00000000000 0.00000000000 0.00000000000 0.00000000000 0.00000000000
