# Number of parameters = 145 Objective function value = 68285.3630591299  Maximum gradient component = 2.73706910596344e-05
# srv_sel50:
1.68444298416
# srv_sel95:
3.02957669056
# stNatLen:
 11.8597395336 11.6671368381 11.3943284244 11.1677825064 10.9873734988 10.8135904968 10.6146957645 10.3810641695 10.1210053200 9.84973832237 9.58123082998 9.32521795112 9.08732870411 8.87022089359 8.67471723177 8.50061366220 8.34719452009 8.21357101281 8.09878578919 8.00196078911 7.92231878204 7.85917379002 7.81210685086 7.78091620223 7.76545022450
# log_avg_fmort_dir:
-1.59369760173
# fmort_dir_dev:
 -1.99657456972 -2.00935546877 -1.53660159582 -0.995354463741 -0.734995025777 -0.602757732080 -0.448660450738 -0.307164084269 -0.132227810641 0.0292672397182 0.0184056424750 0.176232840025 0.298988542353 0.274271119717 0.477476449110 0.510533035334 0.404095371163 0.423394075153 0.393757771660 0.370084592594 0.346844557991 0.357007827364 0.262257718407 0.268885199596 0.178315194705 0.220062496292 0.159175386115 0.185237152058 0.125563098412 0.173905422018 0.0761916139166 0.0736688402098 0.124703217447 0.113607695744 0.101762287361 0.100664384546 0.122556494706 0.115690475484 0.106713279204 0.123075080661 0.122786583353 0.109381862296 -0.0385340044823 -0.0140423071666 -0.0489885482097 0.127896456542 0.152856190444 0.158147101445 -0.0717962040005 0.0792022382052 0.399864385105 0.421593278997 0.326051629136 0.0234844124586 0.0477529570788 0.107320768713 0.148320300102
# mean_log_rec:
11.3557585919
# rec_dev:
 0.538987448196 0.502536128050 0.488389579609 0.486086994713 0.482792542879 0.481038978582 0.474445371579 0.447589198585 0.418588520210 0.394076858943 0.360658238959 0.327314499639 0.285079338731 0.231767932679 0.176334474705 0.126040861585 0.0802240111631 0.0329926912631 0.0105586214544 -0.0131503179445 -0.0402349358103 -0.0484238577286 -0.0589671505803 -0.0600378801401 -0.0628422030635 -0.0944621630023 -0.129826310604 -0.170629530753 -0.207252508690 -0.211862333467 -0.234672446141 -0.280657143146 -0.319710079284 -0.335834199888 -0.255095950653 -0.188505736770 -0.195852910118 -0.201864478240 -0.201836878187 -0.209097823267 -0.211665639306 -0.197722897079 -0.166531027000 -0.164378942118 -0.184902149143 -0.212934203787 -0.219118817016 -0.202905820104 -0.199017446132 -0.191646392742 -0.168463731491 -0.163848609700 -0.171617744596 -0.134852345205 -0.0755701150198 -0.0797547872824 -0.0797547863218
# log_avg_NatM:
-1.47890400000
# m_dev:
 0.00000000000 0.00000000000 0.00000000000 0.00000000000 0.00000000000 0.00000000000 0.00000000000 0.00000000000 0.00000000000 0.00000000000 0.00000000000 0.00000000000 0.00000000000 0.00000000000 0.00000000000 0.00000000000 0.00000000000 0.00000000000 0.00000000000 0.00000000000 0.00000000000 0.00000000000 0.00000000000 0.00000000000 0.00000000000 0.00000000000 0.00000000000 0.00000000000 0.00000000000 0.00000000000 0.00000000000 0.00000000000 0.00000000000 0.00000000000 0.00000000000 0.00000000000 0.00000000000 0.00000000000 0.00000000000 0.00000000000 0.00000000000 0.00000000000 0.00000000000 0.00000000000 0.00000000000 0.00000000000 0.00000000000 0.00000000000 0.00000000000 0.00000000000 0.00000000000 0.00000000000 0.00000000000 0.00000000000 0.00000000000 0.00000000000 0.00000000000
# log_avg_GrowthK:
-1.60943800000
# log_avg_Linf:
4.88280200000
# GrowthK_dev:
 0.00000000000 0.00000000000 0.00000000000 0.00000000000 0.00000000000 0.00000000000 0.00000000000 0.00000000000 0.00000000000 0.00000000000 0.00000000000 0.00000000000 0.00000000000 0.00000000000 0.00000000000 0.00000000000 0.00000000000 0.00000000000 0.00000000000 0.00000000000 0.00000000000 0.00000000000 0.00000000000 0.00000000000 0.00000000000 0.00000000000 0.00000000000 0.00000000000 0.00000000000 0.00000000000 0.00000000000 0.00000000000 0.00000000000 0.00000000000 0.00000000000 0.00000000000 0.00000000000 0.00000000000 0.00000000000 0.00000000000 0.00000000000 0.00000000000 0.00000000000 0.00000000000 0.00000000000 0.00000000000 0.00000000000 0.00000000000 0.00000000000 0.00000000000 0.00000000000 0.00000000000 0.00000000000 0.00000000000 0.00000000000 0.00000000000 0.00000000000
# Linf_dev:
 0.00000000000 0.00000000000 0.00000000000 0.00000000000 0.00000000000 0.00000000000 0.00000000000 0.00000000000 0.00000000000 0.00000000000 0.00000000000 0.00000000000 0.00000000000 0.00000000000 0.00000000000 0.00000000000 0.00000000000 0.00000000000 0.00000000000 0.00000000000 0.00000000000 0.00000000000 0.00000000000 0.00000000000 0.00000000000 0.00000000000 0.00000000000 0.00000000000 0.00000000000 0.00000000000 0.00000000000 0.00000000000 0.00000000000 0.00000000000 0.00000000000 0.00000000000 0.00000000000 0.00000000000 0.00000000000 0.00000000000 0.00000000000 0.00000000000 0.00000000000 0.00000000000 0.00000000000 0.00000000000 0.00000000000 0.00000000000 0.00000000000 0.00000000000 0.00000000000 0.00000000000 0.00000000000 0.00000000000 0.00000000000 0.00000000000 0.00000000000
# SelPars50:
2.30746240931
# SelPars95:
4.24649797003
# SelPars_dev50:
 0.00000000000 0.00000000000 0.00000000000 0.00000000000 0.00000000000 0.00000000000 0.00000000000 0.00000000000 0.00000000000 0.00000000000 0.00000000000 0.00000000000 0.00000000000 0.00000000000 0.00000000000 0.00000000000 0.00000000000 0.00000000000 0.00000000000 0.00000000000 0.00000000000 0.00000000000 0.00000000000 0.00000000000 0.00000000000 0.00000000000 0.00000000000 0.00000000000 0.00000000000 0.00000000000 0.00000000000 0.00000000000 0.00000000000 0.00000000000 0.00000000000 0.00000000000 0.00000000000 0.00000000000 0.00000000000 0.00000000000 0.00000000000 0.00000000000 0.00000000000 0.00000000000 0.00000000000 0.00000000000 0.00000000000 0.00000000000 0.00000000000 0.00000000000 0.00000000000 0.00000000000 0.00000000000 0.00000000000 0.00000000000 0.00000000000 0.00000000000
# SelPars_dev95:
 0.00000000000 0.00000000000 0.00000000000 0.00000000000 0.00000000000 0.00000000000 0.00000000000 0.00000000000 0.00000000000 0.00000000000 0.00000000000 0.00000000000 0.00000000000 0.00000000000 0.00000000000 0.00000000000 0.00000000000 0.00000000000 0.00000000000 0.00000000000 0.00000000000 0.00000000000 0.00000000000 0.00000000000 0.00000000000 0.00000000000 0.00000000000 0.00000000000 0.00000000000 0.00000000000 0.00000000000 0.00000000000 0.00000000000 0.00000000000 0.00000000000 0.00000000000 0.00000000000 0.00000000000 0.00000000000 0.00000000000 0.00000000000 0.00000000000 0.00000000000 0.00000000000 0.00000000000 0.00000000000 0.00000000000 0.00000000000 0.00000000000 0.00000000000 0.00000000000 0.00000000000 0.00000000000 0.00000000000 0.00000000000 0.00000000000 0.00000000000
