# Number of parameters = 155 Objective function value = 74527.2  Maximum gradient component = 0.000385189
# srv_sel50:
1.50674802798
# srv_sel95:
2.52388604169
# stNatLen:
 11.4320123733 11.2847130078 11.0755463492 10.8813696146 10.6975506020 10.5010352785 10.2813513827 10.0431169142 9.79765595182 9.55588631408 9.32554305416 9.11113312020 8.91478235370 8.73711109487 8.57789970385 8.43648130194 8.31200612990 8.20360319450 8.11041645797 8.03168831778 7.96686247592 7.91551681099 7.87728586435 7.85192567483 7.83933507405
# log_avg_fmort_dir:
-1.69038881711
# fmort_dir_dev:
 -1.84329628520 -1.85426130188 -1.26303355748 -0.937354836741 -0.754565745756 -0.422031531721 -0.337187035303 -0.165414196486 -0.00335046353068 0.0733232033266 0.216368475785 0.273571204463 0.308039967323 0.429630590238 0.578939867392 0.500276742186 0.582129260525 0.439255098926 0.474876233836 0.458716570385 0.411675554409 0.378087972973 0.428255336815 0.279782399135 0.286354910980 0.296788900217 0.326773093499 0.261781414757 0.245713488874 0.142067423414 0.231583974801 0.208718414499 0.147889643661 0.0856686048118 0.233633275061 0.0940284645790 0.120610560315 -0.00260712853032 0.0322478857212 0.113097412561 0.0941075032760 0.115251150133 0.110298914800 0.0803414373826 0.00472841256543 0.0276572725934 0.115539321222 0.0582184584221 0.0977253834027 0.0988648952900 -0.309862452910 -0.0334405830461 -0.0587580606503 -0.0179303084161 0.129330776227 0.0636189837966 -0.173326800441 -0.385390905641 -0.184525327678 -0.375595983299 -0.284531315673 -0.249104634207
# mean_log_rec:
11.1216713252
# rec_dev:
 0.385947826637 0.367156943305 0.374190514454 0.376168427260 0.370201455288 0.369645760867 0.364816877368 0.354203335692 0.344123839003 0.330272743248 0.303973241719 0.278087967266 0.235061708467 0.175891256823 0.117156138451 0.0613594993196 0.0209001653861 -0.0148624722157 -0.0557364785585 -0.0976287669334 -0.124382720860 -0.139289666481 -0.147281512720 -0.164129262027 -0.181870163326 -0.193181337271 -0.193052080710 -0.194574291595 -0.193471890012 -0.185747919362 -0.180151791906 -0.186388621282 -0.185849188983 -0.181049323990 -0.182969577494 -0.175034011987 -0.161383902001 -0.140145059934 -0.129704635939 -0.112722157105 -0.0875245420594 -0.0745056918527 -0.0642685334122 -0.0539300315492 -0.0451424376750 -0.0623974700301 -0.0629661630696 -0.0728891306263 -0.0905526540327 -0.0950754117294 -0.0975743311086 -0.0954987213690 -0.0926733164297 -0.0713608167564 -0.0566197507818 -0.0609575726373 -0.0587137291658 -0.0404019464045 -0.0166148413006 -0.00110852131551 -0.00388762685738 -0.00388762769639
# log_avg_NatM:
-1.68333300000
# m_dev:
 0.00000000000 0.00000000000 0.00000000000 0.00000000000 0.00000000000 0.00000000000 0.00000000000 0.00000000000 0.00000000000 0.00000000000 0.00000000000 0.00000000000 0.00000000000 0.00000000000 0.00000000000 0.00000000000 0.00000000000 0.00000000000 0.00000000000 0.00000000000 0.00000000000 0.00000000000 0.00000000000 0.00000000000 0.00000000000 0.00000000000 0.00000000000 0.00000000000 0.00000000000 0.00000000000 0.00000000000 0.00000000000 0.00000000000 0.00000000000 0.00000000000 0.00000000000 0.00000000000 0.00000000000 0.00000000000 0.00000000000 0.00000000000 0.00000000000 0.00000000000 0.00000000000 0.00000000000 0.00000000000 0.00000000000 0.00000000000 0.00000000000 0.00000000000 0.00000000000 0.00000000000 0.00000000000 0.00000000000 0.00000000000 0.00000000000 0.00000000000 0.00000000000 0.00000000000 0.00000000000 0.00000000000 0.00000000000
# log_avg_GrowthK:
-1.64102600000
# log_avg_Linf:
4.96898600000
# GrowthK_dev:
 0.00000000000 0.00000000000 0.00000000000 0.00000000000 0.00000000000 0.00000000000 0.00000000000 0.00000000000 0.00000000000 0.00000000000 0.00000000000 0.00000000000 0.00000000000 0.00000000000 0.00000000000 0.00000000000 0.00000000000 0.00000000000 0.00000000000 0.00000000000 0.00000000000 0.00000000000 0.00000000000 0.00000000000 0.00000000000 0.00000000000 0.00000000000 0.00000000000 0.00000000000 0.00000000000 0.00000000000 0.00000000000 0.00000000000 0.00000000000 0.00000000000 0.00000000000 0.00000000000 0.00000000000 0.00000000000 0.00000000000 0.00000000000 0.00000000000 0.00000000000 0.00000000000 0.00000000000 0.00000000000 0.00000000000 0.00000000000 0.00000000000 0.00000000000 0.00000000000 0.00000000000 0.00000000000 0.00000000000 0.00000000000 0.00000000000 0.00000000000 0.00000000000 0.00000000000 0.00000000000 0.00000000000 0.00000000000
# Linf_dev:
 0.00000000000 0.00000000000 0.00000000000 0.00000000000 0.00000000000 0.00000000000 0.00000000000 0.00000000000 0.00000000000 0.00000000000 0.00000000000 0.00000000000 0.00000000000 0.00000000000 0.00000000000 0.00000000000 0.00000000000 0.00000000000 0.00000000000 0.00000000000 0.00000000000 0.00000000000 0.00000000000 0.00000000000 0.00000000000 0.00000000000 0.00000000000 0.00000000000 0.00000000000 0.00000000000 0.00000000000 0.00000000000 0.00000000000 0.00000000000 0.00000000000 0.00000000000 0.00000000000 0.00000000000 0.00000000000 0.00000000000 0.00000000000 0.00000000000 0.00000000000 0.00000000000 0.00000000000 0.00000000000 0.00000000000 0.00000000000 0.00000000000 0.00000000000 0.00000000000 0.00000000000 0.00000000000 0.00000000000 0.00000000000 0.00000000000 0.00000000000 0.00000000000 0.00000000000 0.00000000000 0.00000000000 0.00000000000
# SelPars50:
2.03968581034
# SelPars95:
3.62438268555
# SelPars_dev50:
 0.00000000000 0.00000000000 0.00000000000 0.00000000000 0.00000000000 0.00000000000 0.00000000000 0.00000000000 0.00000000000 0.00000000000 0.00000000000 0.00000000000 0.00000000000 0.00000000000 0.00000000000 0.00000000000 0.00000000000 0.00000000000 0.00000000000 0.00000000000 0.00000000000 0.00000000000 0.00000000000 0.00000000000 0.00000000000 0.00000000000 0.00000000000 0.00000000000 0.00000000000 0.00000000000 0.00000000000 0.00000000000 0.00000000000 0.00000000000 0.00000000000 0.00000000000 0.00000000000 0.00000000000 0.00000000000 0.00000000000 0.00000000000 0.00000000000 0.00000000000 0.00000000000 0.00000000000 0.00000000000 0.00000000000 0.00000000000 0.00000000000 0.00000000000 0.00000000000 0.00000000000 0.00000000000 0.00000000000 0.00000000000 0.00000000000 0.00000000000 0.00000000000 0.00000000000 0.00000000000 0.00000000000 0.00000000000
# SelPars_dev95:
 0.00000000000 0.00000000000 0.00000000000 0.00000000000 0.00000000000 0.00000000000 0.00000000000 0.00000000000 0.00000000000 0.00000000000 0.00000000000 0.00000000000 0.00000000000 0.00000000000 0.00000000000 0.00000000000 0.00000000000 0.00000000000 0.00000000000 0.00000000000 0.00000000000 0.00000000000 0.00000000000 0.00000000000 0.00000000000 0.00000000000 0.00000000000 0.00000000000 0.00000000000 0.00000000000 0.00000000000 0.00000000000 0.00000000000 0.00000000000 0.00000000000 0.00000000000 0.00000000000 0.00000000000 0.00000000000 0.00000000000 0.00000000000 0.00000000000 0.00000000000 0.00000000000 0.00000000000 0.00000000000 0.00000000000 0.00000000000 0.00000000000 0.00000000000 0.00000000000 0.00000000000 0.00000000000 0.00000000000 0.00000000000 0.00000000000 0.00000000000 0.00000000000 0.00000000000 0.00000000000 0.00000000000 0.00000000000
