# Number of parameters = 159 Objective function value = 77013.7  Maximum gradient component = 0.000711885
# srv_sel50:
1.51807120193
# srv_sel95:
2.55798726329
# stNatLen:
 11.4289190102 11.2821553486 11.0721525282 10.8788619743 10.6974441219 10.5040368689 10.2870737187 10.0503378084 9.80492265915 9.56197328993 9.32962087543 9.11274240704 8.91374422176 8.73338674446 8.57154315966 8.42763623001 8.30089285257 8.19049046183 8.09560083599 8.01544143697 7.94943671203 7.89711856847 7.85808426552 7.83211228415 7.81911823033
# log_avg_fmort_dir:
-1.68983394531
# fmort_dir_dev:
 -1.67202773239 -1.60446432004 -1.20417757373 -0.919547341300 -0.703918694711 -0.449823466563 -0.345360949040 -0.128958701542 0.0478931200198 0.0516041287006 0.171793622584 0.312985583175 0.458260145902 0.418747309701 0.564006241079 0.593755477158 0.555804752615 0.487586839631 0.471713916032 0.376047549089 0.417919775841 0.353556427168 0.356005972838 0.325468321544 0.259825236169 0.399301454105 0.284807961388 0.169912359360 0.277329059257 0.213755121502 0.237571063953 0.206602348827 0.105052651915 0.0372483598603 0.0632630759746 0.0144020317043 0.0837969224089 0.118878337472 0.0105649333995 0.127523542260 0.0614110276517 0.188749183541 0.111756318178 0.100822179556 0.0517547518418 0.217577781369 0.0387305846891 0.0781907463961 0.136071521368 0.105527723950 -0.190492506106 -0.234336453368 -0.0549729901784 -0.432538752774 -0.247385089672 -0.156599899518 -0.166440830283 -0.242037287099 -0.0777520546733 -0.121694992334 -0.268488919100 -0.101831233458 -0.220684981968 -0.120040691325
# mean_log_rec:
11.1332017064
# rec_dev:
 0.359358864433 0.339438907092 0.347115250195 0.349649002260 0.346454353436 0.352461361539 0.347808547468 0.327078261177 0.311042712347 0.289936350617 0.268650693598 0.251160342871 0.215916427298 0.161378290676 0.0989314674773 0.0484674651578 0.0104109111461 -0.0157001023341 -0.0487713988857 -0.0872866068139 -0.105401060746 -0.118918946721 -0.135505566373 -0.148584563731 -0.158270751225 -0.169513579920 -0.180259071808 -0.201032691532 -0.206694318042 -0.211258366322 -0.217816242772 -0.213729065414 -0.195392414607 -0.190565873486 -0.196330059275 -0.190954325868 -0.172547729031 -0.158942282842 -0.137655178465 -0.110670790160 -0.102701427146 -0.0984542815655 -0.0854141305972 -0.0783772106958 -0.0920970973930 -0.0910367728255 -0.0890974473090 -0.107130493882 -0.0975501987902 -0.0915665692372 -0.0729210564273 -0.0545343516936 -0.0338730370258 -0.00909091090596 0.0139789348765 0.0177061681627 0.0228787720410 0.0261782545223 0.0268286897063 0.0264105690592 0.0227227340151 0.0319051193184 0.0308887552115 0.0308887661644
# log_avg_NatM:
-1.60943800000
# m_dev:
 0.00000000000 0.00000000000 0.00000000000 0.00000000000 0.00000000000 0.00000000000 0.00000000000 0.00000000000 0.00000000000 0.00000000000 0.00000000000 0.00000000000 0.00000000000 0.00000000000 0.00000000000 0.00000000000 0.00000000000 0.00000000000 0.00000000000 0.00000000000 0.00000000000 0.00000000000 0.00000000000 0.00000000000 0.00000000000 0.00000000000 0.00000000000 0.00000000000 0.00000000000 0.00000000000 0.00000000000 0.00000000000 0.00000000000 0.00000000000 0.00000000000 0.00000000000 0.00000000000 0.00000000000 0.00000000000 0.00000000000 0.00000000000 0.00000000000 0.00000000000 0.00000000000 0.00000000000 0.00000000000 0.00000000000 0.00000000000 0.00000000000 0.00000000000 0.00000000000 0.00000000000 0.00000000000 0.00000000000 0.00000000000 0.00000000000 0.00000000000 0.00000000000 0.00000000000 0.00000000000 0.00000000000 0.00000000000 0.00000000000 0.00000000000
# log_avg_GrowthK:
-1.60943800000
# log_avg_Linf:
4.88280200000
# GrowthK_dev:
 0.00000000000 0.00000000000 0.00000000000 0.00000000000 0.00000000000 0.00000000000 0.00000000000 0.00000000000 0.00000000000 0.00000000000 0.00000000000 0.00000000000 0.00000000000 0.00000000000 0.00000000000 0.00000000000 0.00000000000 0.00000000000 0.00000000000 0.00000000000 0.00000000000 0.00000000000 0.00000000000 0.00000000000 0.00000000000 0.00000000000 0.00000000000 0.00000000000 0.00000000000 0.00000000000 0.00000000000 0.00000000000 0.00000000000 0.00000000000 0.00000000000 0.00000000000 0.00000000000 0.00000000000 0.00000000000 0.00000000000 0.00000000000 0.00000000000 0.00000000000 0.00000000000 0.00000000000 0.00000000000 0.00000000000 0.00000000000 0.00000000000 0.00000000000 0.00000000000 0.00000000000 0.00000000000 0.00000000000 0.00000000000 0.00000000000 0.00000000000 0.00000000000 0.00000000000 0.00000000000 0.00000000000 0.00000000000 0.00000000000 0.00000000000
# Linf_dev:
 0.00000000000 0.00000000000 0.00000000000 0.00000000000 0.00000000000 0.00000000000 0.00000000000 0.00000000000 0.00000000000 0.00000000000 0.00000000000 0.00000000000 0.00000000000 0.00000000000 0.00000000000 0.00000000000 0.00000000000 0.00000000000 0.00000000000 0.00000000000 0.00000000000 0.00000000000 0.00000000000 0.00000000000 0.00000000000 0.00000000000 0.00000000000 0.00000000000 0.00000000000 0.00000000000 0.00000000000 0.00000000000 0.00000000000 0.00000000000 0.00000000000 0.00000000000 0.00000000000 0.00000000000 0.00000000000 0.00000000000 0.00000000000 0.00000000000 0.00000000000 0.00000000000 0.00000000000 0.00000000000 0.00000000000 0.00000000000 0.00000000000 0.00000000000 0.00000000000 0.00000000000 0.00000000000 0.00000000000 0.00000000000 0.00000000000 0.00000000000 0.00000000000 0.00000000000 0.00000000000 0.00000000000 0.00000000000 0.00000000000 0.00000000000
# SelPars50:
2.05721344285
# SelPars95:
3.66883786474
# SelPars_dev50:
 0.00000000000 0.00000000000 0.00000000000 0.00000000000 0.00000000000 0.00000000000 0.00000000000 0.00000000000 0.00000000000 0.00000000000 0.00000000000 0.00000000000 0.00000000000 0.00000000000 0.00000000000 0.00000000000 0.00000000000 0.00000000000 0.00000000000 0.00000000000 0.00000000000 0.00000000000 0.00000000000 0.00000000000 0.00000000000 0.00000000000 0.00000000000 0.00000000000 0.00000000000 0.00000000000 0.00000000000 0.00000000000 0.00000000000 0.00000000000 0.00000000000 0.00000000000 0.00000000000 0.00000000000 0.00000000000 0.00000000000 0.00000000000 0.00000000000 0.00000000000 0.00000000000 0.00000000000 0.00000000000 0.00000000000 0.00000000000 0.00000000000 0.00000000000 0.00000000000 0.00000000000 0.00000000000 0.00000000000 0.00000000000 0.00000000000 0.00000000000 0.00000000000 0.00000000000 0.00000000000 0.00000000000 0.00000000000 0.00000000000 0.00000000000
# SelPars_dev95:
 0.00000000000 0.00000000000 0.00000000000 0.00000000000 0.00000000000 0.00000000000 0.00000000000 0.00000000000 0.00000000000 0.00000000000 0.00000000000 0.00000000000 0.00000000000 0.00000000000 0.00000000000 0.00000000000 0.00000000000 0.00000000000 0.00000000000 0.00000000000 0.00000000000 0.00000000000 0.00000000000 0.00000000000 0.00000000000 0.00000000000 0.00000000000 0.00000000000 0.00000000000 0.00000000000 0.00000000000 0.00000000000 0.00000000000 0.00000000000 0.00000000000 0.00000000000 0.00000000000 0.00000000000 0.00000000000 0.00000000000 0.00000000000 0.00000000000 0.00000000000 0.00000000000 0.00000000000 0.00000000000 0.00000000000 0.00000000000 0.00000000000 0.00000000000 0.00000000000 0.00000000000 0.00000000000 0.00000000000 0.00000000000 0.00000000000 0.00000000000 0.00000000000 0.00000000000 0.00000000000 0.00000000000 0.00000000000 0.00000000000 0.00000000000
