# Number of parameters = 153 Objective function value = 72934.4  Maximum gradient component = 0.000328355
# srv_sel50:
1.62879971134
# srv_sel95:
2.85950892686
# stNatLen:
 11.7980568149 11.5944249868 11.2972623210 11.0364896005 10.8170653071 10.6069148402 10.3808427479 10.1322258799 9.86831613467 9.60110695616 9.34123406871 9.09593004043 8.86925286728 8.66298462189 8.47750413587 8.31241251613 8.16695911172 8.04028923017 7.93151924994 7.83984307080 7.76454221909 7.70498037900 7.66068262193 7.63131902726 7.61667261944
# log_avg_fmort_dir:
-1.48176100031
# fmort_dir_dev:
 -0.973190884436 -0.817760742925 -0.568918652066 -0.454432907295 -0.284490999703 -0.0699660253051 -0.0829403020971 0.120231426135 0.115936344893 0.148451741513 0.284869864341 0.261542891218 0.352117221404 0.197448706175 0.193655098295 0.140686425290 0.101386554076 0.137363186238 0.151607019803 0.201474083374 0.101836254030 0.218275635915 0.0266281185310 -0.0449886362662 0.0333099324882 0.00903649976074 0.0287755757051 -0.0360794628613 -0.101882056334 -0.0758848534696 0.0756252905692 0.00687109004200 -0.0274290161820 -0.0740468296062 -0.0505950023642 -0.0438589888926 -0.0533059744044 0.00278345972774 -0.0502173101544 -0.0274252206376 -0.0566638160662 -0.0706692344936 -0.0667900825289 -0.00939282694387 -0.0780688824447 -0.0674427584230 0.0323994661567 0.00902524680408 0.121942205889 0.131776184531 0.195380462904 0.261791341738 0.343595705973 -0.0179648012766 0.273458284399 0.280179222741 0.284109406934 -0.125283869476 -0.277819085833 -0.0148162556331 -0.221244469476
# mean_log_rec:
11.2871873746
# rec_dev:
 0.550041705751 0.523944980263 0.523240822604 0.521659177761 0.504612499482 0.486717861865 0.454024593916 0.386172372320 0.327093851012 0.280132319821 0.225652427361 0.162395438171 0.111577853231 0.0912909410425 0.0563025602286 0.0330527207629 0.0328570760867 0.00755308100493 -0.0195619119503 -0.0473080816715 -0.0527835398074 -0.0534311103189 -0.0549470194363 -0.0614753536451 -0.0883706066921 -0.118555728449 -0.157863220250 -0.200481618549 -0.264505726173 -0.320902696259 -0.255988220632 -0.179101578829 -0.154067736406 -0.155763589984 -0.158562207890 -0.147939902316 -0.133641283451 -0.131132070832 -0.116520320380 -0.104197478144 -0.105348420154 -0.0998265526456 -0.0970201235677 -0.0784463341357 -0.0726683952383 -0.0877199698574 -0.0877512510579 -0.0847442912345 -0.0884009283841 -0.122980167588 -0.142506669521 -0.157057703164 -0.172599487652 -0.183020196673 -0.153440349011 -0.145914511364 -0.155204619283 -0.119874006601 -0.0542789286121 -0.0462091949713 -0.0462091799003
# log_avg_NatM:
-1.47890400000
# m_dev:
 0.00000000000 0.00000000000 0.00000000000 0.00000000000 0.00000000000 0.00000000000 0.00000000000 0.00000000000 0.00000000000 0.00000000000 0.00000000000 0.00000000000 0.00000000000 0.00000000000 0.00000000000 0.00000000000 0.00000000000 0.00000000000 0.00000000000 0.00000000000 0.00000000000 0.00000000000 0.00000000000 0.00000000000 0.00000000000 0.00000000000 0.00000000000 0.00000000000 0.00000000000 0.00000000000 0.00000000000 0.00000000000 0.00000000000 0.00000000000 0.00000000000 0.00000000000 0.00000000000 0.00000000000 0.00000000000 0.00000000000 0.00000000000 0.00000000000 0.00000000000 0.00000000000 0.00000000000 0.00000000000 0.00000000000 0.00000000000 0.00000000000 0.00000000000 0.00000000000 0.00000000000 0.00000000000 0.00000000000 0.00000000000 0.00000000000 0.00000000000 0.00000000000 0.00000000000 0.00000000000 0.00000000000
# log_avg_GrowthK:
-1.60943800000
# log_avg_Linf:
4.88280200000
# GrowthK_dev:
 0.00000000000 0.00000000000 0.00000000000 0.00000000000 0.00000000000 0.00000000000 0.00000000000 0.00000000000 0.00000000000 0.00000000000 0.00000000000 0.00000000000 0.00000000000 0.00000000000 0.00000000000 0.00000000000 0.00000000000 0.00000000000 0.00000000000 0.00000000000 0.00000000000 0.00000000000 0.00000000000 0.00000000000 0.00000000000 0.00000000000 0.00000000000 0.00000000000 0.00000000000 0.00000000000 0.00000000000 0.00000000000 0.00000000000 0.00000000000 0.00000000000 0.00000000000 0.00000000000 0.00000000000 0.00000000000 0.00000000000 0.00000000000 0.00000000000 0.00000000000 0.00000000000 0.00000000000 0.00000000000 0.00000000000 0.00000000000 0.00000000000 0.00000000000 0.00000000000 0.00000000000 0.00000000000 0.00000000000 0.00000000000 0.00000000000 0.00000000000 0.00000000000 0.00000000000 0.00000000000 0.00000000000
# Linf_dev:
 0.00000000000 0.00000000000 0.00000000000 0.00000000000 0.00000000000 0.00000000000 0.00000000000 0.00000000000 0.00000000000 0.00000000000 0.00000000000 0.00000000000 0.00000000000 0.00000000000 0.00000000000 0.00000000000 0.00000000000 0.00000000000 0.00000000000 0.00000000000 0.00000000000 0.00000000000 0.00000000000 0.00000000000 0.00000000000 0.00000000000 0.00000000000 0.00000000000 0.00000000000 0.00000000000 0.00000000000 0.00000000000 0.00000000000 0.00000000000 0.00000000000 0.00000000000 0.00000000000 0.00000000000 0.00000000000 0.00000000000 0.00000000000 0.00000000000 0.00000000000 0.00000000000 0.00000000000 0.00000000000 0.00000000000 0.00000000000 0.00000000000 0.00000000000 0.00000000000 0.00000000000 0.00000000000 0.00000000000 0.00000000000 0.00000000000 0.00000000000 0.00000000000 0.00000000000 0.00000000000 0.00000000000
# SelPars50:
2.23754301741
# SelPars95:
4.09015309944
# SelPars_dev50:
 0.00000000000 0.00000000000 0.00000000000 0.00000000000 0.00000000000 0.00000000000 0.00000000000 0.00000000000 0.00000000000 0.00000000000 0.00000000000 0.00000000000 0.00000000000 0.00000000000 0.00000000000 0.00000000000 0.00000000000 0.00000000000 0.00000000000 0.00000000000 0.00000000000 0.00000000000 0.00000000000 0.00000000000 0.00000000000 0.00000000000 0.00000000000 0.00000000000 0.00000000000 0.00000000000 0.00000000000 0.00000000000 0.00000000000 0.00000000000 0.00000000000 0.00000000000 0.00000000000 0.00000000000 0.00000000000 0.00000000000 0.00000000000 0.00000000000 0.00000000000 0.00000000000 0.00000000000 0.00000000000 0.00000000000 0.00000000000 0.00000000000 0.00000000000 0.00000000000 0.00000000000 0.00000000000 0.00000000000 0.00000000000 0.00000000000 0.00000000000 0.00000000000 0.00000000000 0.00000000000 0.00000000000
# SelPars_dev95:
 0.00000000000 0.00000000000 0.00000000000 0.00000000000 0.00000000000 0.00000000000 0.00000000000 0.00000000000 0.00000000000 0.00000000000 0.00000000000 0.00000000000 0.00000000000 0.00000000000 0.00000000000 0.00000000000 0.00000000000 0.00000000000 0.00000000000 0.00000000000 0.00000000000 0.00000000000 0.00000000000 0.00000000000 0.00000000000 0.00000000000 0.00000000000 0.00000000000 0.00000000000 0.00000000000 0.00000000000 0.00000000000 0.00000000000 0.00000000000 0.00000000000 0.00000000000 0.00000000000 0.00000000000 0.00000000000 0.00000000000 0.00000000000 0.00000000000 0.00000000000 0.00000000000 0.00000000000 0.00000000000 0.00000000000 0.00000000000 0.00000000000 0.00000000000 0.00000000000 0.00000000000 0.00000000000 0.00000000000 0.00000000000 0.00000000000 0.00000000000 0.00000000000 0.00000000000 0.00000000000 0.00000000000
