# Number of parameters = 215 Objective function value = 72924.3  Maximum gradient component = 0.000459199
# srv_sel50:
1.46879906646
# srv_sel95:
2.42399659264
# stNatLen:
 11.2930839141 11.1411923040 10.9132068841 10.6838860338 10.4588629602 10.2257898390 9.98074287610 9.72981713095 9.48230037618 9.24587402835 9.02530911388 8.82289768711 8.63929521326 8.47422064008 8.32692979341 8.19648403443 8.08191289808 7.98230716811 7.89686823079 7.82495198976 7.76589850555 7.71918605179 7.68443749567 7.66141074373 7.64992051818
# log_avg_fmort_dir:
-1.50028596764
# fmort_dir_dev:
 -0.610984228133 -0.522517977071 -0.472421817507 -0.293232826080 -0.0772657690498 0.0502063779682 0.127730217335 0.180145429158 0.169456265098 0.384495097966 0.387566260677 0.384137634391 0.437143731195 0.439352608082 0.347153581089 0.385093415901 0.311339831090 0.287446081819 0.194069683351 0.238342007897 0.276375818945 0.185532207516 0.129190334323 0.196251260323 0.0551703836112 0.110492281308 -0.0284781986178 0.0357188117938 0.0326053534934 -0.00163240902562 0.102140163757 -0.0478380240620 -0.0985352554735 -0.124678238658 -0.191426170244 -0.0615008969511 -0.142482858399 -0.214360470354 -0.224747129674 -0.130028816417 -0.248300255935 -0.0951291566152 -0.0781071224360 -0.166405805544 -0.143600686694 -0.0496735564529 -0.129329347805 -0.0658700210335 0.0396345085803 -0.302723596377 0.0226933570043 -0.140422661022 -0.367711369930 0.110120301070 0.147245931746 -0.260314306165 0.0892708107952 -0.214990223801 -0.141262479538 -0.0680437276654 -0.142104344553
# mean_log_rec:
11.0891270324
# rec_dev:
 0.296108793694 0.285970739233 0.278253294627 0.225708168599 0.150574729676 0.0996269722869 0.108633585001 0.127120417824 0.0989392493425 0.0460440071579 -0.0136988284511 -0.0760935230994 -0.141954038076 -0.182100732215 -0.216141794904 -0.215527408304 -0.216612964305 -0.235150240149 -0.255130867853 -0.281326196896 -0.271781485369 -0.255548826039 -0.236078836263 -0.221971395697 -0.193521553364 -0.163189846746 -0.168741514572 -0.211911703946 -0.256555654198 -0.260483685672 -0.132202869846 0.0297969969683 0.100272985087 0.124930017238 0.127550099703 0.0934810047918 0.0738474341943 0.104437845546 0.121386869871 0.126602962717 0.142558470973 0.103243917511 0.123974377410 0.149557675415 0.108529697382 0.0736536302071 0.0537832467027 0.0248148446299 0.0143707229550 0.00776782985643 0.0416998319080 0.0962495535328 0.136906794098 0.131559648702 0.107683206062 0.0617796892018 0.0319903207524 0.0233494619366 0.0459021832850 0.0535313815116 0.0535313083747
# log_avg_NatM:
-1.58687000717
# m_dev:
 -0.359493184431 -0.228977666097 -0.125593704971 0.0379389736408 0.111039302873 -0.0742220395437 -0.537411294883 -0.485334803116 -0.288876314305 -0.149440162006 -0.139010162922 -0.186978952946 -0.140999349136 -0.186994640050 -0.302921428036 -0.422263037204 -0.240254010068 -0.136601699720 -0.0837410211771 -0.115607069626 -0.243856773295 -0.293751038188 -0.262556608506 -0.154604085917 -0.323317441526 -0.238867284387 -0.0118921980417 0.149530109958 0.0766102923332 0.00475116118327 -0.101995316782 -0.181152154157 -0.0532174861123 0.0412109240589 0.153939028410 0.433308593973 0.309596193913 0.130340151770 0.271329481414 0.200136290610 0.132173775245 0.435454348071 0.0217866940733 0.144453691037 0.383033384283 0.287797170084 0.277836968219 0.323245881638 0.168507129104 0.244576961007 0.0528560044823 -0.102737646061 0.120807719651 0.246002218632 0.191777315826 0.396672505663 0.232303736314 0.174963092985 0.132228590238 0.138653755338 0.147807127184
# log_avg_GrowthK:
-1.60943800000
# log_avg_Linf:
4.88280200000
# GrowthK_dev:
 0.00000000000 0.00000000000 0.00000000000 0.00000000000 0.00000000000 0.00000000000 0.00000000000 0.00000000000 0.00000000000 0.00000000000 0.00000000000 0.00000000000 0.00000000000 0.00000000000 0.00000000000 0.00000000000 0.00000000000 0.00000000000 0.00000000000 0.00000000000 0.00000000000 0.00000000000 0.00000000000 0.00000000000 0.00000000000 0.00000000000 0.00000000000 0.00000000000 0.00000000000 0.00000000000 0.00000000000 0.00000000000 0.00000000000 0.00000000000 0.00000000000 0.00000000000 0.00000000000 0.00000000000 0.00000000000 0.00000000000 0.00000000000 0.00000000000 0.00000000000 0.00000000000 0.00000000000 0.00000000000 0.00000000000 0.00000000000 0.00000000000 0.00000000000 0.00000000000 0.00000000000 0.00000000000 0.00000000000 0.00000000000 0.00000000000 0.00000000000 0.00000000000 0.00000000000 0.00000000000 0.00000000000
# Linf_dev:
 0.00000000000 0.00000000000 0.00000000000 0.00000000000 0.00000000000 0.00000000000 0.00000000000 0.00000000000 0.00000000000 0.00000000000 0.00000000000 0.00000000000 0.00000000000 0.00000000000 0.00000000000 0.00000000000 0.00000000000 0.00000000000 0.00000000000 0.00000000000 0.00000000000 0.00000000000 0.00000000000 0.00000000000 0.00000000000 0.00000000000 0.00000000000 0.00000000000 0.00000000000 0.00000000000 0.00000000000 0.00000000000 0.00000000000 0.00000000000 0.00000000000 0.00000000000 0.00000000000 0.00000000000 0.00000000000 0.00000000000 0.00000000000 0.00000000000 0.00000000000 0.00000000000 0.00000000000 0.00000000000 0.00000000000 0.00000000000 0.00000000000 0.00000000000 0.00000000000 0.00000000000 0.00000000000 0.00000000000 0.00000000000 0.00000000000 0.00000000000 0.00000000000 0.00000000000 0.00000000000 0.00000000000
# SelPars50:
2.00585819686
# SelPars95:
3.55584644294
# SelPars_dev50:
 0.00000000000 0.00000000000 0.00000000000 0.00000000000 0.00000000000 0.00000000000 0.00000000000 0.00000000000 0.00000000000 0.00000000000 0.00000000000 0.00000000000 0.00000000000 0.00000000000 0.00000000000 0.00000000000 0.00000000000 0.00000000000 0.00000000000 0.00000000000 0.00000000000 0.00000000000 0.00000000000 0.00000000000 0.00000000000 0.00000000000 0.00000000000 0.00000000000 0.00000000000 0.00000000000 0.00000000000 0.00000000000 0.00000000000 0.00000000000 0.00000000000 0.00000000000 0.00000000000 0.00000000000 0.00000000000 0.00000000000 0.00000000000 0.00000000000 0.00000000000 0.00000000000 0.00000000000 0.00000000000 0.00000000000 0.00000000000 0.00000000000 0.00000000000 0.00000000000 0.00000000000 0.00000000000 0.00000000000 0.00000000000 0.00000000000 0.00000000000 0.00000000000 0.00000000000 0.00000000000 0.00000000000
# SelPars_dev95:
 0.00000000000 0.00000000000 0.00000000000 0.00000000000 0.00000000000 0.00000000000 0.00000000000 0.00000000000 0.00000000000 0.00000000000 0.00000000000 0.00000000000 0.00000000000 0.00000000000 0.00000000000 0.00000000000 0.00000000000 0.00000000000 0.00000000000 0.00000000000 0.00000000000 0.00000000000 0.00000000000 0.00000000000 0.00000000000 0.00000000000 0.00000000000 0.00000000000 0.00000000000 0.00000000000 0.00000000000 0.00000000000 0.00000000000 0.00000000000 0.00000000000 0.00000000000 0.00000000000 0.00000000000 0.00000000000 0.00000000000 0.00000000000 0.00000000000 0.00000000000 0.00000000000 0.00000000000 0.00000000000 0.00000000000 0.00000000000 0.00000000000 0.00000000000 0.00000000000 0.00000000000 0.00000000000 0.00000000000 0.00000000000 0.00000000000 0.00000000000 0.00000000000 0.00000000000 0.00000000000 0.00000000000
