# Number of parameters = 133 Objective function value = 60999.7  Maximum gradient component = 0.000655790
# srv_sel50:
1.49132312675
# srv_sel95:
2.47082505953
# stNatLen:
 11.4874203052 11.3238971802 11.0805568883 10.8444756973 10.6215098453 10.3948680774 10.1553032037 9.90556703200 9.65427262353 9.41005194488 9.17909060973 8.96495715261 8.76925556288 8.59234617484 8.43389435455 8.29318960399 8.16936625406 8.06155897461 7.96896638016 7.89092953418 7.82683369458 7.77617556618 7.73857294362 7.71368608778 7.70125323871
# log_avg_fmort_dir:
-1.54456296361
# fmort_dir_dev:
 -0.642997100787 -0.493192594735 -0.473026340570 -0.169663139382 -0.194698817840 0.00528953330018 0.0790311581548 0.129948747082 0.191364045818 0.313552654360 0.337772669801 0.402719807224 0.373462728529 0.348613312389 0.375234143865 0.285485751805 0.297837241773 0.215793445127 0.208390052624 0.156840850318 0.0902547616365 0.205436859905 0.239755593166 0.0887240359878 0.113343097768 0.0703463345676 0.108421573173 -0.0203488460596 -0.00890963779097 -0.0964746743709 -0.0424636301398 -0.00971792597069 -0.0378979929682 -0.149023783684 -0.112004924405 -0.136427893891 -0.0493049880422 -0.0927761650764 0.00301309111608 -0.104714828605 -0.0837150072896 -0.0159067082176 -0.0927184211035 -0.0822201465764 -0.0184554244868 -0.0974002468830 -0.278655887794 -0.255822372818 -0.203018617375 -0.411859383106 -0.267215989522
# mean_log_rec:
11.1110988994
# rec_dev:
 0.419713503474 0.395255138671 0.384643794295 0.375842719269 0.360209663935 0.328271946426 0.300795557407 0.279869954767 0.258642178995 0.215821009597 0.131007239150 0.0447355300244 -0.0140010914623 -0.0577991739678 -0.0783583565466 -0.0897177240529 -0.106179260089 -0.103765304141 -0.0833083950890 -0.0881760463659 -0.117471614394 -0.150627416061 -0.159450001151 -0.172577243162 -0.188407262637 -0.191484015838 -0.181646328567 -0.172845407466 -0.158059465881 -0.151492971393 -0.147673381547 -0.142318678530 -0.124722202623 -0.107234058205 -0.105833022291 -0.101286526602 -0.0811966330908 -0.0649292092379 -0.0490955287334 -0.0432840991279 -0.0501346248109 -0.0452985661410 -0.0463847413261 -0.0541480133877 -0.0496013405513 -0.0346798706949 -0.0152738421732 -0.00120710808218 0.0100214930484 0.0124193832317 0.0124194131273
# log_avg_NatM:
-1.60943800000
# m_dev:
 0.00000000000 0.00000000000 0.00000000000 0.00000000000 0.00000000000 0.00000000000 0.00000000000 0.00000000000 0.00000000000 0.00000000000 0.00000000000 0.00000000000 0.00000000000 0.00000000000 0.00000000000 0.00000000000 0.00000000000 0.00000000000 0.00000000000 0.00000000000 0.00000000000 0.00000000000 0.00000000000 0.00000000000 0.00000000000 0.00000000000 0.00000000000 0.00000000000 0.00000000000 0.00000000000 0.00000000000 0.00000000000 0.00000000000 0.00000000000 0.00000000000 0.00000000000 0.00000000000 0.00000000000 0.00000000000 0.00000000000 0.00000000000 0.00000000000 0.00000000000 0.00000000000 0.00000000000 0.00000000000 0.00000000000 0.00000000000 0.00000000000 0.00000000000 0.00000000000
# log_avg_GrowthK:
-1.60943800000
# log_avg_Linf:
4.88280200000
# GrowthK_dev:
 0.00000000000 0.00000000000 0.00000000000 0.00000000000 0.00000000000 0.00000000000 0.00000000000 0.00000000000 0.00000000000 0.00000000000 0.00000000000 0.00000000000 0.00000000000 0.00000000000 0.00000000000 0.00000000000 0.00000000000 0.00000000000 0.00000000000 0.00000000000 0.00000000000 0.00000000000 0.00000000000 0.00000000000 0.00000000000 0.00000000000 0.00000000000 0.00000000000 0.00000000000 0.00000000000 0.00000000000 0.00000000000 0.00000000000 0.00000000000 0.00000000000 0.00000000000 0.00000000000 0.00000000000 0.00000000000 0.00000000000 0.00000000000 0.00000000000 0.00000000000 0.00000000000 0.00000000000 0.00000000000 0.00000000000 0.00000000000 0.00000000000 0.00000000000 0.00000000000
# Linf_dev:
 0.00000000000 0.00000000000 0.00000000000 0.00000000000 0.00000000000 0.00000000000 0.00000000000 0.00000000000 0.00000000000 0.00000000000 0.00000000000 0.00000000000 0.00000000000 0.00000000000 0.00000000000 0.00000000000 0.00000000000 0.00000000000 0.00000000000 0.00000000000 0.00000000000 0.00000000000 0.00000000000 0.00000000000 0.00000000000 0.00000000000 0.00000000000 0.00000000000 0.00000000000 0.00000000000 0.00000000000 0.00000000000 0.00000000000 0.00000000000 0.00000000000 0.00000000000 0.00000000000 0.00000000000 0.00000000000 0.00000000000 0.00000000000 0.00000000000 0.00000000000 0.00000000000 0.00000000000 0.00000000000 0.00000000000 0.00000000000 0.00000000000 0.00000000000 0.00000000000
# SelPars50:
2.06231196042
# SelPars95:
3.70380045263
# SelPars_dev50:
 0.00000000000 0.00000000000 0.00000000000 0.00000000000 0.00000000000 0.00000000000 0.00000000000 0.00000000000 0.00000000000 0.00000000000 0.00000000000 0.00000000000 0.00000000000 0.00000000000 0.00000000000 0.00000000000 0.00000000000 0.00000000000 0.00000000000 0.00000000000 0.00000000000 0.00000000000 0.00000000000 0.00000000000 0.00000000000 0.00000000000 0.00000000000 0.00000000000 0.00000000000 0.00000000000 0.00000000000 0.00000000000 0.00000000000 0.00000000000 0.00000000000 0.00000000000 0.00000000000 0.00000000000 0.00000000000 0.00000000000 0.00000000000 0.00000000000 0.00000000000 0.00000000000 0.00000000000 0.00000000000 0.00000000000 0.00000000000 0.00000000000 0.00000000000 0.00000000000
# SelPars_dev95:
 0.00000000000 0.00000000000 0.00000000000 0.00000000000 0.00000000000 0.00000000000 0.00000000000 0.00000000000 0.00000000000 0.00000000000 0.00000000000 0.00000000000 0.00000000000 0.00000000000 0.00000000000 0.00000000000 0.00000000000 0.00000000000 0.00000000000 0.00000000000 0.00000000000 0.00000000000 0.00000000000 0.00000000000 0.00000000000 0.00000000000 0.00000000000 0.00000000000 0.00000000000 0.00000000000 0.00000000000 0.00000000000 0.00000000000 0.00000000000 0.00000000000 0.00000000000 0.00000000000 0.00000000000 0.00000000000 0.00000000000 0.00000000000 0.00000000000 0.00000000000 0.00000000000 0.00000000000 0.00000000000 0.00000000000 0.00000000000 0.00000000000 0.00000000000 0.00000000000
