# Number of parameters = 209 Objective function value = 70643.9799808459  Maximum gradient component = 0.000585876528398318
# srv_sel50:
1.48010578753
# srv_sel95:
2.44990793222
# stNatLen:
 11.7120919403 11.5620867393 11.3607525353 11.1721557797 10.9873496086 10.7852023451 10.5597072696 10.3189303112 10.0752598859 9.83901032752 9.61670555503 9.41168314314 9.22519224400 9.05725700335 8.90727709921 8.77436979821 8.65762141725 8.55613726810 8.46911537823 8.39579637413 8.33550364180 8.28782718406 8.25232229164 8.22884146896 8.21723387722
# log_avg_fmort_dir:
-1.62393292441
# fmort_dir_dev:
 -1.75729404598 -1.80854328424 -1.30952009023 -0.940545893277 -0.752455836254 -0.469170186865 -0.276119960903 -0.139714461498 -0.0834462053717 0.0886671907805 0.161234534877 0.264532961003 0.378916690738 0.525983002957 0.537755081033 0.629370035526 0.550102036905 0.571499000712 0.472338671381 0.241673245166 0.282902260842 0.335279559014 0.361504609606 0.403999061124 0.297832740204 0.340713767450 0.210449516584 0.246310688733 0.126162805733 0.0994100470503 0.102469761217 0.149384074513 0.196694198701 0.0304092197514 0.00169582906942 0.0775345379984 -0.0276335793334 -0.136924106924 -0.112922837323 -0.0718927249988 0.00454672473322 0.0640101935630 0.129036967056 0.150949553006 0.115974520072 -0.00620719163350 -0.123541964455 -0.0804104434324 -0.161017793448 -0.136252324276 0.173648019952 -0.180464895195 0.389715327432 -0.316221411067 -0.226638808044 -0.164012056886 0.0357562745119 0.0987610668140 0.433726325829
# mean_log_rec:
11.1578631193
# rec_dev:
 0.349242534946 0.302751533246 0.306762504954 0.303399283578 0.275706710210 0.211825351030 0.171362832421 0.190422278961 0.213865252072 0.209444506733 0.147311132590 0.0585820931309 -0.0324812553441 -0.0916615356544 -0.139596825342 -0.155536332682 -0.135682433429 -0.0888609752995 -0.0260448598803 -0.0217172595655 -0.119655132404 -0.237473775741 -0.326818562994 -0.359427723815 -0.347958523642 -0.310216631699 -0.274206623943 -0.227073307707 -0.195843146243 -0.201028514759 -0.237758438452 -0.247424854077 -0.223390292445 -0.201521803578 -0.0851963576384 0.0528126784007 0.110539872511 0.124644797871 0.0947965892764 0.0470746618993 -0.0300850908725 -0.101725535029 -0.124783147604 -0.117407524320 -0.0494888644284 0.0537291234919 0.137591973511 0.175529887937 0.183812584127 0.172868985858 0.156253851006 0.0723257505998 0.0211899264066 0.00201990182287 0.0500811908276 0.127068596276 0.151349192365 0.117849873193 0.117849877334
# log_avg_NatM:
-1.56024216748
# m_dev:
 0.769408350050 0.148712644938 -0.170011653330 0.0122994587268 -0.0778255629758 0.242402249176 -0.0219875781631 -0.380646777560 -0.427846723390 -0.305458033164 0.0458462861824 0.0681552849551 -0.00947015835121 -0.164885487566 -0.235146057704 -0.556477960918 -0.876083672294 -0.914300035158 -0.702881906077 -0.139769500762 0.267996511194 0.304167733993 0.188139159552 -0.0903134302431 -0.249711618076 -0.358318994799 -0.309033650046 -0.327492000251 -0.204599664878 0.0132299327167 0.130800401193 -0.162415878871 -0.190314617024 0.0149363341019 0.0905303018827 -0.0790507871179 0.0338960808568 0.148837601258 0.361499923214 0.353966952616 0.437915459580 0.407425690560 0.205142733206 0.136463969574 -0.0860314431179 -0.268601353671 -0.121418971582 0.162524370514 0.271566108737 0.328549276968 0.209145851997 0.539510230958 0.351800857384 0.207171048442 0.0299294504652 0.0261301134653 0.0570791079764 0.459507207481 0.405406833172
# log_avg_GrowthK:
-1.60943800000
# log_avg_Linf:
4.88280200000
# GrowthK_dev:
 0.00000000000 0.00000000000 0.00000000000 0.00000000000 0.00000000000 0.00000000000 0.00000000000 0.00000000000 0.00000000000 0.00000000000 0.00000000000 0.00000000000 0.00000000000 0.00000000000 0.00000000000 0.00000000000 0.00000000000 0.00000000000 0.00000000000 0.00000000000 0.00000000000 0.00000000000 0.00000000000 0.00000000000 0.00000000000 0.00000000000 0.00000000000 0.00000000000 0.00000000000 0.00000000000 0.00000000000 0.00000000000 0.00000000000 0.00000000000 0.00000000000 0.00000000000 0.00000000000 0.00000000000 0.00000000000 0.00000000000 0.00000000000 0.00000000000 0.00000000000 0.00000000000 0.00000000000 0.00000000000 0.00000000000 0.00000000000 0.00000000000 0.00000000000 0.00000000000 0.00000000000 0.00000000000 0.00000000000 0.00000000000 0.00000000000 0.00000000000 0.00000000000 0.00000000000
# Linf_dev:
 0.00000000000 0.00000000000 0.00000000000 0.00000000000 0.00000000000 0.00000000000 0.00000000000 0.00000000000 0.00000000000 0.00000000000 0.00000000000 0.00000000000 0.00000000000 0.00000000000 0.00000000000 0.00000000000 0.00000000000 0.00000000000 0.00000000000 0.00000000000 0.00000000000 0.00000000000 0.00000000000 0.00000000000 0.00000000000 0.00000000000 0.00000000000 0.00000000000 0.00000000000 0.00000000000 0.00000000000 0.00000000000 0.00000000000 0.00000000000 0.00000000000 0.00000000000 0.00000000000 0.00000000000 0.00000000000 0.00000000000 0.00000000000 0.00000000000 0.00000000000 0.00000000000 0.00000000000 0.00000000000 0.00000000000 0.00000000000 0.00000000000 0.00000000000 0.00000000000 0.00000000000 0.00000000000 0.00000000000 0.00000000000 0.00000000000 0.00000000000 0.00000000000 0.00000000000
# SelPars50:
2.01483708817
# SelPars95:
3.56659974703
# SelPars_dev50:
 0.00000000000 0.00000000000 0.00000000000 0.00000000000 0.00000000000 0.00000000000 0.00000000000 0.00000000000 0.00000000000 0.00000000000 0.00000000000 0.00000000000 0.00000000000 0.00000000000 0.00000000000 0.00000000000 0.00000000000 0.00000000000 0.00000000000 0.00000000000 0.00000000000 0.00000000000 0.00000000000 0.00000000000 0.00000000000 0.00000000000 0.00000000000 0.00000000000 0.00000000000 0.00000000000 0.00000000000 0.00000000000 0.00000000000 0.00000000000 0.00000000000 0.00000000000 0.00000000000 0.00000000000 0.00000000000 0.00000000000 0.00000000000 0.00000000000 0.00000000000 0.00000000000 0.00000000000 0.00000000000 0.00000000000 0.00000000000 0.00000000000 0.00000000000 0.00000000000 0.00000000000 0.00000000000 0.00000000000 0.00000000000 0.00000000000 0.00000000000 0.00000000000 0.00000000000
# SelPars_dev95:
 0.00000000000 0.00000000000 0.00000000000 0.00000000000 0.00000000000 0.00000000000 0.00000000000 0.00000000000 0.00000000000 0.00000000000 0.00000000000 0.00000000000 0.00000000000 0.00000000000 0.00000000000 0.00000000000 0.00000000000 0.00000000000 0.00000000000 0.00000000000 0.00000000000 0.00000000000 0.00000000000 0.00000000000 0.00000000000 0.00000000000 0.00000000000 0.00000000000 0.00000000000 0.00000000000 0.00000000000 0.00000000000 0.00000000000 0.00000000000 0.00000000000 0.00000000000 0.00000000000 0.00000000000 0.00000000000 0.00000000000 0.00000000000 0.00000000000 0.00000000000 0.00000000000 0.00000000000 0.00000000000 0.00000000000 0.00000000000 0.00000000000 0.00000000000 0.00000000000 0.00000000000 0.00000000000 0.00000000000 0.00000000000 0.00000000000 0.00000000000 0.00000000000 0.00000000000
