# Number of parameters = 153 Objective function value = 73205.9  Maximum gradient component = 0.000597886
# srv_sel50:
1.51942126045
# srv_sel95:
2.56372241481
# stNatLen:
 11.4699578799 11.2983937173 11.0547441639 10.8207826825 10.5992347572 10.3730104064 10.1333788701 9.88355592667 9.63236328661 9.38845778506 9.15798507161 8.94445929890 8.74943694637 8.57323136686 8.41546587370 8.27541142723 8.15222864606 8.04504830759 7.95306489676 7.87550241133 7.81172957884 7.76124542360 7.72365912796 7.69869622180 7.68627932635
# log_avg_fmort_dir:
-1.55265316206
# fmort_dir_dev:
 -0.599162970715 -0.586700910341 -0.402173239114 -0.323126399639 -0.207701255858 -0.0186680001975 0.164587273661 0.211449384045 0.279826397306 0.284022994901 0.317534886168 0.460367062612 0.421595575418 0.387009059762 0.354959676023 0.298722578871 0.332599990132 0.312911192216 0.253782509165 0.242094385195 0.248702183788 0.236583298689 0.176839412218 0.167041389017 0.105626142546 0.0757557447839 0.0895931385845 0.0386431648932 0.0760068248351 0.00769086850532 -0.00200466817785 -0.0674947026919 -0.0207665684780 -0.0314356070242 0.0303121863366 -0.0384835102502 -0.0401873678090 -0.121903224670 -0.193968351515 -0.0780472003431 -0.0154379756526 -0.0991492063650 -0.102453753169 -0.0750578351941 -0.0527236303525 -0.00926058201948 -0.187372460278 -0.124324525277 -0.160873813685 -0.192131420904 -0.174801058141 -0.195997755439 -0.191583467849 -0.0945398925097 -0.0616929077391 -0.172190971497 0.00648605389190 -0.110372205629 -0.0943229858730 -0.425904678666 -0.308728270499
# mean_log_rec:
11.1007494258
# rec_dev:
 0.408565828474 0.383771498196 0.387476332874 0.384372496128 0.369720722542 0.354027890722 0.322552757210 0.291682235399 0.258690379486 0.228153846943 0.167981230206 0.0913992451597 0.0318836257639 -0.0178580854498 -0.0526477237499 -0.0616746491465 -0.0837501380050 -0.102729551401 -0.118242072397 -0.139631316093 -0.153344279479 -0.166865308604 -0.178511983684 -0.170361213038 -0.145791686626 -0.139914208457 -0.130301802824 -0.117443889177 -0.119572061517 -0.103724348198 -0.0865508922370 -0.0739156555157 -0.0755344134010 -0.0776561156105 -0.0853425699863 -0.0920828368334 -0.0910115862613 -0.0832621786467 -0.0773640875385 -0.0642502216337 -0.0381955824111 -0.0225204009425 -0.0328910642408 -0.0579720179209 -0.0651075784572 -0.0584039033262 -0.0424407298084 -0.0406043873716 -0.0479113397957 -0.0579217066623 -0.0571698234421 -0.0427678022306 -0.0392587277664 -0.0385083495723 -0.0302614068531 -0.0307831128945 -0.0283196590482 -0.0315825503642 -0.0346115494482 -0.0368557696507 -0.0368557513862
# log_avg_NatM:
-1.60943800000
# m_dev:
 0.00000000000 0.00000000000 0.00000000000 0.00000000000 0.00000000000 0.00000000000 0.00000000000 0.00000000000 0.00000000000 0.00000000000 0.00000000000 0.00000000000 0.00000000000 0.00000000000 0.00000000000 0.00000000000 0.00000000000 0.00000000000 0.00000000000 0.00000000000 0.00000000000 0.00000000000 0.00000000000 0.00000000000 0.00000000000 0.00000000000 0.00000000000 0.00000000000 0.00000000000 0.00000000000 0.00000000000 0.00000000000 0.00000000000 0.00000000000 0.00000000000 0.00000000000 0.00000000000 0.00000000000 0.00000000000 0.00000000000 0.00000000000 0.00000000000 0.00000000000 0.00000000000 0.00000000000 0.00000000000 0.00000000000 0.00000000000 0.00000000000 0.00000000000 0.00000000000 0.00000000000 0.00000000000 0.00000000000 0.00000000000 0.00000000000 0.00000000000 0.00000000000 0.00000000000 0.00000000000 0.00000000000
# log_avg_GrowthK:
-1.60943800000
# log_avg_Linf:
4.88280200000
# GrowthK_dev:
 0.00000000000 0.00000000000 0.00000000000 0.00000000000 0.00000000000 0.00000000000 0.00000000000 0.00000000000 0.00000000000 0.00000000000 0.00000000000 0.00000000000 0.00000000000 0.00000000000 0.00000000000 0.00000000000 0.00000000000 0.00000000000 0.00000000000 0.00000000000 0.00000000000 0.00000000000 0.00000000000 0.00000000000 0.00000000000 0.00000000000 0.00000000000 0.00000000000 0.00000000000 0.00000000000 0.00000000000 0.00000000000 0.00000000000 0.00000000000 0.00000000000 0.00000000000 0.00000000000 0.00000000000 0.00000000000 0.00000000000 0.00000000000 0.00000000000 0.00000000000 0.00000000000 0.00000000000 0.00000000000 0.00000000000 0.00000000000 0.00000000000 0.00000000000 0.00000000000 0.00000000000 0.00000000000 0.00000000000 0.00000000000 0.00000000000 0.00000000000 0.00000000000 0.00000000000 0.00000000000 0.00000000000
# Linf_dev:
 0.00000000000 0.00000000000 0.00000000000 0.00000000000 0.00000000000 0.00000000000 0.00000000000 0.00000000000 0.00000000000 0.00000000000 0.00000000000 0.00000000000 0.00000000000 0.00000000000 0.00000000000 0.00000000000 0.00000000000 0.00000000000 0.00000000000 0.00000000000 0.00000000000 0.00000000000 0.00000000000 0.00000000000 0.00000000000 0.00000000000 0.00000000000 0.00000000000 0.00000000000 0.00000000000 0.00000000000 0.00000000000 0.00000000000 0.00000000000 0.00000000000 0.00000000000 0.00000000000 0.00000000000 0.00000000000 0.00000000000 0.00000000000 0.00000000000 0.00000000000 0.00000000000 0.00000000000 0.00000000000 0.00000000000 0.00000000000 0.00000000000 0.00000000000 0.00000000000 0.00000000000 0.00000000000 0.00000000000 0.00000000000 0.00000000000 0.00000000000 0.00000000000 0.00000000000 0.00000000000 0.00000000000
# SelPars50:
2.04923972508
# SelPars95:
3.64660400657
# SelPars_dev50:
 0.00000000000 0.00000000000 0.00000000000 0.00000000000 0.00000000000 0.00000000000 0.00000000000 0.00000000000 0.00000000000 0.00000000000 0.00000000000 0.00000000000 0.00000000000 0.00000000000 0.00000000000 0.00000000000 0.00000000000 0.00000000000 0.00000000000 0.00000000000 0.00000000000 0.00000000000 0.00000000000 0.00000000000 0.00000000000 0.00000000000 0.00000000000 0.00000000000 0.00000000000 0.00000000000 0.00000000000 0.00000000000 0.00000000000 0.00000000000 0.00000000000 0.00000000000 0.00000000000 0.00000000000 0.00000000000 0.00000000000 0.00000000000 0.00000000000 0.00000000000 0.00000000000 0.00000000000 0.00000000000 0.00000000000 0.00000000000 0.00000000000 0.00000000000 0.00000000000 0.00000000000 0.00000000000 0.00000000000 0.00000000000 0.00000000000 0.00000000000 0.00000000000 0.00000000000 0.00000000000 0.00000000000
# SelPars_dev95:
 0.00000000000 0.00000000000 0.00000000000 0.00000000000 0.00000000000 0.00000000000 0.00000000000 0.00000000000 0.00000000000 0.00000000000 0.00000000000 0.00000000000 0.00000000000 0.00000000000 0.00000000000 0.00000000000 0.00000000000 0.00000000000 0.00000000000 0.00000000000 0.00000000000 0.00000000000 0.00000000000 0.00000000000 0.00000000000 0.00000000000 0.00000000000 0.00000000000 0.00000000000 0.00000000000 0.00000000000 0.00000000000 0.00000000000 0.00000000000 0.00000000000 0.00000000000 0.00000000000 0.00000000000 0.00000000000 0.00000000000 0.00000000000 0.00000000000 0.00000000000 0.00000000000 0.00000000000 0.00000000000 0.00000000000 0.00000000000 0.00000000000 0.00000000000 0.00000000000 0.00000000000 0.00000000000 0.00000000000 0.00000000000 0.00000000000 0.00000000000 0.00000000000 0.00000000000 0.00000000000 0.00000000000
