# Number of parameters = 137 Objective function value = 63329.4  Maximum gradient component = 0.000620937
# srv_sel50:
1.66207367855
# srv_sel95:
2.95648142496
# stNatLen:
 11.8182853082 11.6100032293 11.3088529551 11.0488914977 10.8329674223 10.6267504658 10.4037582215 10.1568641602 9.89338468763 9.62565055716 9.36467466090 9.11799152321 8.88985320568 8.68215775825 8.49533560669 8.32901960823 8.18245834953 8.05475834632 7.94503140214 7.85245836859 7.77631857039 7.71599773331 7.67104674790 7.64115016021 7.62623788558
# log_avg_fmort_dir:
-1.48770211329
# fmort_dir_dev:
 -0.849321726747 -0.663802566827 -0.566670490629 -0.456176339875 -0.213386625478 -0.255661471220 -0.0952198112347 0.0743149583825 0.194002259568 0.247582944016 0.293004801212 0.265670417914 0.387229864993 0.260946744853 0.206401042020 0.163520959690 0.102940230407 0.162536380018 0.133376810163 0.0977693559857 0.0381274873942 0.144314288932 0.000841888044452 -0.00884692708270 0.0160387687213 -0.00803153241373 -0.0486637280003 0.00403891800696 -0.0846249058862 0.0615468910597 0.0637484612770 -0.0234438112570 0.0614861440101 0.0229842874717 0.0151370515289 0.0916587801570 0.00802356425666 -0.0238908591960 -0.0341144209354 -0.00926989593961 -0.0605423894608 -0.0348804560997 -0.103724804344 -0.0569727352999 -0.0853822445063 -0.0656567435446 0.317686054819 0.0840589894994 0.151506128968 -0.103768138200 0.112456657117 0.0728679253155 -0.00376643162365
# mean_log_rec:
11.3254345591
# rec_dev:
 0.505944317954 0.475076825215 0.463423774240 0.458255703746 0.448844332514 0.433881818652 0.404952299688 0.359446615276 0.303624712971 0.254056401996 0.216173675052 0.159141440723 0.103660777867 0.0528213768436 0.0178508178589 0.00565515454199 -0.0292828783335 -0.0593626717112 -0.0700854475189 -0.104376721246 -0.113154747082 -0.106476750221 -0.122347231819 -0.146355095953 -0.173084997199 -0.190872091708 -0.213546493875 -0.245494586789 -0.294835619806 -0.318964665313 -0.219629347757 -0.126876392046 -0.121886762200 -0.132133900476 -0.131676688650 -0.133784214891 -0.137176408476 -0.155925892740 -0.161995318289 -0.148094958473 -0.137938679282 -0.141531267511 -0.149488088476 -0.133959171678 -0.112472147394 -0.103876906324 -0.0870751069862 -0.0905422334398 -0.0805212426085 -0.0274859603145 0.0313911088867 0.0140547766149 0.0140547559471
# log_avg_NatM:
-1.47890400000
# m_dev:
 0.00000000000 0.00000000000 0.00000000000 0.00000000000 0.00000000000 0.00000000000 0.00000000000 0.00000000000 0.00000000000 0.00000000000 0.00000000000 0.00000000000 0.00000000000 0.00000000000 0.00000000000 0.00000000000 0.00000000000 0.00000000000 0.00000000000 0.00000000000 0.00000000000 0.00000000000 0.00000000000 0.00000000000 0.00000000000 0.00000000000 0.00000000000 0.00000000000 0.00000000000 0.00000000000 0.00000000000 0.00000000000 0.00000000000 0.00000000000 0.00000000000 0.00000000000 0.00000000000 0.00000000000 0.00000000000 0.00000000000 0.00000000000 0.00000000000 0.00000000000 0.00000000000 0.00000000000 0.00000000000 0.00000000000 0.00000000000 0.00000000000 0.00000000000 0.00000000000 0.00000000000 0.00000000000
# log_avg_GrowthK:
-1.60943800000
# log_avg_Linf:
4.88280200000
# GrowthK_dev:
 0.00000000000 0.00000000000 0.00000000000 0.00000000000 0.00000000000 0.00000000000 0.00000000000 0.00000000000 0.00000000000 0.00000000000 0.00000000000 0.00000000000 0.00000000000 0.00000000000 0.00000000000 0.00000000000 0.00000000000 0.00000000000 0.00000000000 0.00000000000 0.00000000000 0.00000000000 0.00000000000 0.00000000000 0.00000000000 0.00000000000 0.00000000000 0.00000000000 0.00000000000 0.00000000000 0.00000000000 0.00000000000 0.00000000000 0.00000000000 0.00000000000 0.00000000000 0.00000000000 0.00000000000 0.00000000000 0.00000000000 0.00000000000 0.00000000000 0.00000000000 0.00000000000 0.00000000000 0.00000000000 0.00000000000 0.00000000000 0.00000000000 0.00000000000 0.00000000000 0.00000000000 0.00000000000
# Linf_dev:
 0.00000000000 0.00000000000 0.00000000000 0.00000000000 0.00000000000 0.00000000000 0.00000000000 0.00000000000 0.00000000000 0.00000000000 0.00000000000 0.00000000000 0.00000000000 0.00000000000 0.00000000000 0.00000000000 0.00000000000 0.00000000000 0.00000000000 0.00000000000 0.00000000000 0.00000000000 0.00000000000 0.00000000000 0.00000000000 0.00000000000 0.00000000000 0.00000000000 0.00000000000 0.00000000000 0.00000000000 0.00000000000 0.00000000000 0.00000000000 0.00000000000 0.00000000000 0.00000000000 0.00000000000 0.00000000000 0.00000000000 0.00000000000 0.00000000000 0.00000000000 0.00000000000 0.00000000000 0.00000000000 0.00000000000 0.00000000000 0.00000000000 0.00000000000 0.00000000000 0.00000000000 0.00000000000
# SelPars50:
2.27324079598
# SelPars95:
4.16157453284
# SelPars_dev50:
 0.00000000000 0.00000000000 0.00000000000 0.00000000000 0.00000000000 0.00000000000 0.00000000000 0.00000000000 0.00000000000 0.00000000000 0.00000000000 0.00000000000 0.00000000000 0.00000000000 0.00000000000 0.00000000000 0.00000000000 0.00000000000 0.00000000000 0.00000000000 0.00000000000 0.00000000000 0.00000000000 0.00000000000 0.00000000000 0.00000000000 0.00000000000 0.00000000000 0.00000000000 0.00000000000 0.00000000000 0.00000000000 0.00000000000 0.00000000000 0.00000000000 0.00000000000 0.00000000000 0.00000000000 0.00000000000 0.00000000000 0.00000000000 0.00000000000 0.00000000000 0.00000000000 0.00000000000 0.00000000000 0.00000000000 0.00000000000 0.00000000000 0.00000000000 0.00000000000 0.00000000000 0.00000000000
# SelPars_dev95:
 0.00000000000 0.00000000000 0.00000000000 0.00000000000 0.00000000000 0.00000000000 0.00000000000 0.00000000000 0.00000000000 0.00000000000 0.00000000000 0.00000000000 0.00000000000 0.00000000000 0.00000000000 0.00000000000 0.00000000000 0.00000000000 0.00000000000 0.00000000000 0.00000000000 0.00000000000 0.00000000000 0.00000000000 0.00000000000 0.00000000000 0.00000000000 0.00000000000 0.00000000000 0.00000000000 0.00000000000 0.00000000000 0.00000000000 0.00000000000 0.00000000000 0.00000000000 0.00000000000 0.00000000000 0.00000000000 0.00000000000 0.00000000000 0.00000000000 0.00000000000 0.00000000000 0.00000000000 0.00000000000 0.00000000000 0.00000000000 0.00000000000 0.00000000000 0.00000000000 0.00000000000 0.00000000000
