# Number of parameters = 169 Objective function value = 83194.7  Maximum gradient component = 0.000240101
# srv_sel50:
1.50490521661
# srv_sel95:
2.51716476333
# stNatLen:
 11.4168302942 11.2722785838 11.0715570403 10.8844825767 10.6974406982 10.4882173206 10.2553434380 10.0115436273 9.77096972937 9.54332593917 9.33359746865 9.14355045993 8.97315183519 8.82151589255 8.68746778131 8.56971161515 8.46710259722 8.37861279621 8.30334843388 8.24046400149 8.18923493555 8.14908090363 8.11949730658 8.09995524923 8.09018621135
# log_avg_fmort_dir:
-1.71481725720
# fmort_dir_dev:
 -1.66343532276 -1.64001380086 -1.34806987058 -0.990890149831 -0.557218849773 -0.469217468379 -0.319576558236 -0.167692431247 -0.0445869416795 0.0907554026322 0.186581943526 0.311261151502 0.333550718797 0.506166385779 0.479852467090 0.573037432842 0.523325182267 0.415988113543 0.483146206569 0.471062648380 0.519334383674 0.479205590165 0.435064561293 0.422425267839 0.448122864381 0.309475089595 0.394284752376 0.302038048720 0.340099447774 0.272982650920 0.229836969467 0.233105342387 0.148700636356 0.146551929816 0.00753000129039 -0.0130482281019 0.0704575988920 0.123995001895 0.178967797755 0.0958159789209 0.0474538770597 0.0373049417422 0.0700074754105 0.131350756168 0.100694675859 0.0615570938990 0.148937366698 0.186889764869 0.136206680897 0.00253977846942 -0.445802407277 -0.102799236587 -0.217688429011 -0.294062644555 -0.355247875403 -0.274102361665 -0.217450224979 -0.279240948321 -0.241981466784 -0.165703402248 -0.0442491397129 -0.120004953221 -0.281914683323 -0.249083020631 -0.0466990264953 0.125291181619 -0.0591650818426 -0.00608961592315 0.0340789802792
# mean_log_rec:
11.1278547555
# rec_dev:
 0.351248135892 0.337611369492 0.347680676862 0.343516321061 0.343336241663 0.349222551636 0.339725961890 0.321427662924 0.304040360042 0.287311979362 0.250962931789 0.216323002845 0.183331340777 0.156263918356 0.122390884537 0.0886983496564 0.0572065105508 0.0203619664493 -0.0238579493902 -0.0636459046480 -0.0794730375284 -0.0949366675767 -0.0945413727274 -0.107955891162 -0.115636102256 -0.153631625710 -0.174975409679 -0.164273435985 -0.166453128963 -0.171266684069 -0.170505748318 -0.159116827644 -0.158223945454 -0.162083816595 -0.160452036364 -0.151687016759 -0.154334096790 -0.165283769855 -0.149053641717 -0.136710307647 -0.139679809353 -0.138891210555 -0.142574417606 -0.139135770144 -0.133775136591 -0.135688226998 -0.146333315068 -0.139960068788 -0.123391739594 -0.116694976763 -0.102063562741 -0.0682874703266 -0.0355484850875 -0.0100802875287 0.0177961654431 0.0363863900576 0.0447292923870 0.0472081932731 0.0413757521742 0.0507334994385 0.0487338237969 0.0238015417683 0.00358920845295 0.00118241071633 -0.00967570125706 -0.0292391919891 -0.0401850212981 -0.0534468185162 -0.0534468162513
# log_avg_NatM:
-1.61168500000
# m_dev:
 0.00000000000 0.00000000000 0.00000000000 0.00000000000 0.00000000000 0.00000000000 0.00000000000 0.00000000000 0.00000000000 0.00000000000 0.00000000000 0.00000000000 0.00000000000 0.00000000000 0.00000000000 0.00000000000 0.00000000000 0.00000000000 0.00000000000 0.00000000000 0.00000000000 0.00000000000 0.00000000000 0.00000000000 0.00000000000 0.00000000000 0.00000000000 0.00000000000 0.00000000000 0.00000000000 0.00000000000 0.00000000000 0.00000000000 0.00000000000 0.00000000000 0.00000000000 0.00000000000 0.00000000000 0.00000000000 0.00000000000 0.00000000000 0.00000000000 0.00000000000 0.00000000000 0.00000000000 0.00000000000 0.00000000000 0.00000000000 0.00000000000 0.00000000000 0.00000000000 0.00000000000 0.00000000000 0.00000000000 0.00000000000 0.00000000000 0.00000000000 0.00000000000 0.00000000000 0.00000000000 0.00000000000 0.00000000000 0.00000000000 0.00000000000 0.00000000000 0.00000000000 0.00000000000 0.00000000000 0.00000000000
# log_avg_GrowthK:
-1.64454400000
# log_avg_Linf:
4.96470700000
# GrowthK_dev:
 0.00000000000 0.00000000000 0.00000000000 0.00000000000 0.00000000000 0.00000000000 0.00000000000 0.00000000000 0.00000000000 0.00000000000 0.00000000000 0.00000000000 0.00000000000 0.00000000000 0.00000000000 0.00000000000 0.00000000000 0.00000000000 0.00000000000 0.00000000000 0.00000000000 0.00000000000 0.00000000000 0.00000000000 0.00000000000 0.00000000000 0.00000000000 0.00000000000 0.00000000000 0.00000000000 0.00000000000 0.00000000000 0.00000000000 0.00000000000 0.00000000000 0.00000000000 0.00000000000 0.00000000000 0.00000000000 0.00000000000 0.00000000000 0.00000000000 0.00000000000 0.00000000000 0.00000000000 0.00000000000 0.00000000000 0.00000000000 0.00000000000 0.00000000000 0.00000000000 0.00000000000 0.00000000000 0.00000000000 0.00000000000 0.00000000000 0.00000000000 0.00000000000 0.00000000000 0.00000000000 0.00000000000 0.00000000000 0.00000000000 0.00000000000 0.00000000000 0.00000000000 0.00000000000 0.00000000000 0.00000000000
# Linf_dev:
 0.00000000000 0.00000000000 0.00000000000 0.00000000000 0.00000000000 0.00000000000 0.00000000000 0.00000000000 0.00000000000 0.00000000000 0.00000000000 0.00000000000 0.00000000000 0.00000000000 0.00000000000 0.00000000000 0.00000000000 0.00000000000 0.00000000000 0.00000000000 0.00000000000 0.00000000000 0.00000000000 0.00000000000 0.00000000000 0.00000000000 0.00000000000 0.00000000000 0.00000000000 0.00000000000 0.00000000000 0.00000000000 0.00000000000 0.00000000000 0.00000000000 0.00000000000 0.00000000000 0.00000000000 0.00000000000 0.00000000000 0.00000000000 0.00000000000 0.00000000000 0.00000000000 0.00000000000 0.00000000000 0.00000000000 0.00000000000 0.00000000000 0.00000000000 0.00000000000 0.00000000000 0.00000000000 0.00000000000 0.00000000000 0.00000000000 0.00000000000 0.00000000000 0.00000000000 0.00000000000 0.00000000000 0.00000000000 0.00000000000 0.00000000000 0.00000000000 0.00000000000 0.00000000000 0.00000000000 0.00000000000
# SelPars50:
2.04479118416
# SelPars95:
3.64082355619
# SelPars_dev50:
 0.00000000000 0.00000000000 0.00000000000 0.00000000000 0.00000000000 0.00000000000 0.00000000000 0.00000000000 0.00000000000 0.00000000000 0.00000000000 0.00000000000 0.00000000000 0.00000000000 0.00000000000 0.00000000000 0.00000000000 0.00000000000 0.00000000000 0.00000000000 0.00000000000 0.00000000000 0.00000000000 0.00000000000 0.00000000000 0.00000000000 0.00000000000 0.00000000000 0.00000000000 0.00000000000 0.00000000000 0.00000000000 0.00000000000 0.00000000000 0.00000000000 0.00000000000 0.00000000000 0.00000000000 0.00000000000 0.00000000000 0.00000000000 0.00000000000 0.00000000000 0.00000000000 0.00000000000 0.00000000000 0.00000000000 0.00000000000 0.00000000000 0.00000000000 0.00000000000 0.00000000000 0.00000000000 0.00000000000 0.00000000000 0.00000000000 0.00000000000 0.00000000000 0.00000000000 0.00000000000 0.00000000000 0.00000000000 0.00000000000 0.00000000000 0.00000000000 0.00000000000 0.00000000000 0.00000000000 0.00000000000
# SelPars_dev95:
 0.00000000000 0.00000000000 0.00000000000 0.00000000000 0.00000000000 0.00000000000 0.00000000000 0.00000000000 0.00000000000 0.00000000000 0.00000000000 0.00000000000 0.00000000000 0.00000000000 0.00000000000 0.00000000000 0.00000000000 0.00000000000 0.00000000000 0.00000000000 0.00000000000 0.00000000000 0.00000000000 0.00000000000 0.00000000000 0.00000000000 0.00000000000 0.00000000000 0.00000000000 0.00000000000 0.00000000000 0.00000000000 0.00000000000 0.00000000000 0.00000000000 0.00000000000 0.00000000000 0.00000000000 0.00000000000 0.00000000000 0.00000000000 0.00000000000 0.00000000000 0.00000000000 0.00000000000 0.00000000000 0.00000000000 0.00000000000 0.00000000000 0.00000000000 0.00000000000 0.00000000000 0.00000000000 0.00000000000 0.00000000000 0.00000000000 0.00000000000 0.00000000000 0.00000000000 0.00000000000 0.00000000000 0.00000000000 0.00000000000 0.00000000000 0.00000000000 0.00000000000 0.00000000000 0.00000000000 0.00000000000
