# Number of parameters = 218 Objective function value = 74267.1879234581  Maximum gradient component = 0.000892218802036260
# srv_sel50:
1.46592626795
# srv_sel95:
2.41513643595
# stNatLen:
 11.3265463729 11.2024472113 11.0032494524 10.8101564552 10.6244769960 10.4258469287 10.2051224619 9.96744837746 9.72403566102 9.48535946135 9.25868029007 9.04812024039 8.85554356150 8.68143593539 8.52549444115 8.38703132502 8.26517937287 8.15907148284 8.06789786221 7.99093813740 7.92766028823 7.87758171431 7.84022924633 7.81534033903 7.80286531275
# log_avg_fmort_dir:
-1.61773882725
# fmort_dir_dev:
 -1.90389228278 -1.83838692477 -1.47887354003 -1.11250858244 -0.861510734189 -0.620631813050 -0.560740995587 -0.270592994575 -0.0114753211961 0.182173540754 0.279897972614 0.394588751886 0.451472281153 0.548185500929 0.580263977758 0.629084068444 0.542818494804 0.597167617265 0.558846126422 0.476146886226 0.373524574905 0.429787791319 0.372838043718 0.299274958304 0.319597881398 0.311008393082 0.300323225949 0.236627993408 0.196938679635 0.172016487303 0.253496416223 0.178007842281 0.266822703160 0.148243730099 0.0598558122875 0.143358689829 0.180563380917 0.112023012059 0.0843357360377 0.0624701700339 0.0502703613464 -0.0360379277595 -0.0295823964122 -0.185512098331 -0.197342082213 -0.180241012860 -0.0378081872683 0.0132546216808 0.169830081190 0.128911080541 -0.0247938806167 -0.0919263881864 0.188336421399 0.442407882647 0.253441204538 -0.797952140791 0.0296605519891 0.468654395263 0.295957621454 -0.693067138924 -0.928610660749 0.0790021404715
# mean_log_rec:
11.1072152553
# rec_dev:
 0.425055530584 0.462195622609 0.498115020976 0.475888243171 0.463605170461 0.464095753045 0.388235227707 0.244775652592 0.103330123764 0.00832523160155 -0.0350076906380 -0.0443239987934 -0.0476292672225 -0.0731873123348 -0.109676345853 -0.146114985061 -0.196961285636 -0.234232840251 -0.250738890838 -0.234695774023 -0.214333791578 -0.189747057348 -0.196584280963 -0.222523945843 -0.236075247794 -0.256667002741 -0.256848270746 -0.250583806215 -0.250909429670 -0.251025554688 -0.264101538235 -0.295705318406 -0.312732694846 -0.279704353437 -0.158518292629 -0.0799404753971 -0.0585021787463 -0.0206163390330 0.0251230640621 0.0225851615809 0.0679423450274 0.147266773134 0.214601460422 0.268047407280 0.258484026242 0.187905467010 0.0499370881115 -0.0942900800775 -0.0970366559804 -0.0270684783331 0.0525550927281 0.0932245143468 0.0855308782618 0.0627560067758 0.0707605824688 0.109760053375 0.113525281274 0.0524024481224 -0.00570714770722 -0.0145148131379 -0.00486204990574 -0.00486203262826
# log_avg_NatM:
-1.62032033313
# m_dev:
 -0.739509066449 -0.513509250473 -0.102301441076 0.225688250350 0.00876302291092 -0.0559005547831 0.320090282732 0.434675077046 0.373453332208 0.167841830774 -0.265054165004 -0.498795126695 -0.578104931571 -0.468277094452 -0.410244612383 -0.358126158213 -0.263822406169 -0.285303017294 -0.252018195799 -0.415392896668 -0.500649874086 -0.420944228825 -0.0401079839277 -0.0589621865787 -0.0566704309354 -0.00709277190549 -0.135668335192 -0.0629194505628 -0.117166162727 -0.108428855122 -0.0137061043135 0.0442329003852 -0.0734522527471 -0.143116076838 0.00221797027072 0.215530805642 0.0447568172518 -0.0876678077553 -0.0275525564702 0.350971367223 0.0453039554692 -0.0313169308628 0.0491957273523 0.114528958388 0.429678674132 0.475813628830 0.729389181012 0.677718760902 0.0478355596736 -0.0625720645682 -0.151957757253 -0.000982649938066 0.325018402090 0.310285809092 -0.0272185646887 0.0957173108992 0.324360664012 0.519778156979 0.329944290525 0.145882842316 0.325102477844 0.200735906017
# log_avg_GrowthK:
-1.60943800000
# log_avg_Linf:
4.88280200000
# GrowthK_dev:
 0.00000000000 0.00000000000 0.00000000000 0.00000000000 0.00000000000 0.00000000000 0.00000000000 0.00000000000 0.00000000000 0.00000000000 0.00000000000 0.00000000000 0.00000000000 0.00000000000 0.00000000000 0.00000000000 0.00000000000 0.00000000000 0.00000000000 0.00000000000 0.00000000000 0.00000000000 0.00000000000 0.00000000000 0.00000000000 0.00000000000 0.00000000000 0.00000000000 0.00000000000 0.00000000000 0.00000000000 0.00000000000 0.00000000000 0.00000000000 0.00000000000 0.00000000000 0.00000000000 0.00000000000 0.00000000000 0.00000000000 0.00000000000 0.00000000000 0.00000000000 0.00000000000 0.00000000000 0.00000000000 0.00000000000 0.00000000000 0.00000000000 0.00000000000 0.00000000000 0.00000000000 0.00000000000 0.00000000000 0.00000000000 0.00000000000 0.00000000000 0.00000000000 0.00000000000 0.00000000000 0.00000000000 0.00000000000
# Linf_dev:
 0.00000000000 0.00000000000 0.00000000000 0.00000000000 0.00000000000 0.00000000000 0.00000000000 0.00000000000 0.00000000000 0.00000000000 0.00000000000 0.00000000000 0.00000000000 0.00000000000 0.00000000000 0.00000000000 0.00000000000 0.00000000000 0.00000000000 0.00000000000 0.00000000000 0.00000000000 0.00000000000 0.00000000000 0.00000000000 0.00000000000 0.00000000000 0.00000000000 0.00000000000 0.00000000000 0.00000000000 0.00000000000 0.00000000000 0.00000000000 0.00000000000 0.00000000000 0.00000000000 0.00000000000 0.00000000000 0.00000000000 0.00000000000 0.00000000000 0.00000000000 0.00000000000 0.00000000000 0.00000000000 0.00000000000 0.00000000000 0.00000000000 0.00000000000 0.00000000000 0.00000000000 0.00000000000 0.00000000000 0.00000000000 0.00000000000 0.00000000000 0.00000000000 0.00000000000 0.00000000000 0.00000000000 0.00000000000
# SelPars50:
2.02313654834
# SelPars95:
3.60662913475
# SelPars_dev50:
 0.00000000000 0.00000000000 0.00000000000 0.00000000000 0.00000000000 0.00000000000 0.00000000000 0.00000000000 0.00000000000 0.00000000000 0.00000000000 0.00000000000 0.00000000000 0.00000000000 0.00000000000 0.00000000000 0.00000000000 0.00000000000 0.00000000000 0.00000000000 0.00000000000 0.00000000000 0.00000000000 0.00000000000 0.00000000000 0.00000000000 0.00000000000 0.00000000000 0.00000000000 0.00000000000 0.00000000000 0.00000000000 0.00000000000 0.00000000000 0.00000000000 0.00000000000 0.00000000000 0.00000000000 0.00000000000 0.00000000000 0.00000000000 0.00000000000 0.00000000000 0.00000000000 0.00000000000 0.00000000000 0.00000000000 0.00000000000 0.00000000000 0.00000000000 0.00000000000 0.00000000000 0.00000000000 0.00000000000 0.00000000000 0.00000000000 0.00000000000 0.00000000000 0.00000000000 0.00000000000 0.00000000000 0.00000000000
# SelPars_dev95:
 0.00000000000 0.00000000000 0.00000000000 0.00000000000 0.00000000000 0.00000000000 0.00000000000 0.00000000000 0.00000000000 0.00000000000 0.00000000000 0.00000000000 0.00000000000 0.00000000000 0.00000000000 0.00000000000 0.00000000000 0.00000000000 0.00000000000 0.00000000000 0.00000000000 0.00000000000 0.00000000000 0.00000000000 0.00000000000 0.00000000000 0.00000000000 0.00000000000 0.00000000000 0.00000000000 0.00000000000 0.00000000000 0.00000000000 0.00000000000 0.00000000000 0.00000000000 0.00000000000 0.00000000000 0.00000000000 0.00000000000 0.00000000000 0.00000000000 0.00000000000 0.00000000000 0.00000000000 0.00000000000 0.00000000000 0.00000000000 0.00000000000 0.00000000000 0.00000000000 0.00000000000 0.00000000000 0.00000000000 0.00000000000 0.00000000000 0.00000000000 0.00000000000 0.00000000000 0.00000000000 0.00000000000 0.00000000000
