# Number of parameters = 161 Objective function value = 78198.4  Maximum gradient component = 0.000983903
# srv_sel50:
1.50249386321
# srv_sel95:
2.50799943383
# stNatLen:
 11.4535268154 11.3058131622 11.0993159550 10.9077522795 10.7237934155 10.5246620003 10.3023625424 10.0637004832 9.82069317500 9.58382761286 9.36000021061 9.15293303837 8.96414633111 8.79388586465 8.64169460075 8.50678238286 8.38822871472 8.28511861504 8.19656666519 8.12182144715 8.06032306014 8.01157917656 7.97522452380 7.95103463990 7.93899173421
# log_avg_fmort_dir:
-1.68704439234
# fmort_dir_dev:
 -1.79165286665 -1.78290050759 -1.34956888323 -0.874093503244 -0.630161231831 -0.436255265901 -0.291676614311 -0.132906703071 0.0308083076341 0.0481060764540 0.118202413658 0.271061795107 0.340812034171 0.358035046949 0.613775965596 0.425885357598 0.432232260737 0.529927981709 0.546440944173 0.422773683196 0.376112009456 0.527073444706 0.377290844115 0.421703586489 0.293759673863 0.355230709007 0.265126366334 0.283093207583 0.261343631053 0.269787440053 0.146765483944 0.102457315699 0.143692990289 0.0945155089199 0.170947033132 0.0309929896541 0.0825727748337 0.0501205281372 0.101602667588 0.117955663052 0.0830052995732 0.118200884034 0.150089535010 0.0445379354661 0.0501142647016 0.135437817311 0.110665477935 -0.0386710426727 -0.0349063736276 0.124759236381 -0.411813367618 -0.114394277526 -0.164959230296 -0.0908638846746 -0.292969734323 -0.0869492161218 0.0405271446936 -0.122974003601 0.0497275890541 -0.0551426160284 -0.162134849501 -0.246206492505 -0.322902851275 -0.0435800525035 -0.0395873509458
# mean_log_rec:
11.1240568537
# rec_dev:
 0.392042335290 0.369075352891 0.369949607403 0.363489820040 0.350771457537 0.341097404940 0.333865517245 0.321287412776 0.309575184548 0.299026065350 0.273747555419 0.244132393517 0.218071319559 0.162113275591 0.126332308374 0.0877560390599 0.0206830208190 -0.0382095651019 -0.0700092853070 -0.103435075533 -0.131459693269 -0.146699159440 -0.143091394876 -0.147766943165 -0.163988841671 -0.173304474357 -0.175980833464 -0.183813244462 -0.184563991269 -0.185294883374 -0.188309924184 -0.198356125988 -0.195620418103 -0.191002994959 -0.182949194319 -0.178236100043 -0.157360729805 -0.143133590837 -0.128610482577 -0.108883807584 -0.105643061432 -0.113138162622 -0.104302191352 -0.0977092384669 -0.103189714485 -0.102736912686 -0.0806056021394 -0.0613567371780 -0.0681601136993 -0.0787682629522 -0.0715426925374 -0.0435317600883 -0.0357387692617 -0.0296239422574 -0.0111351371655 0.00164970230304 0.0153895401297 0.0132599677902 0.00598096582523 0.00374973288373 -0.00615525685598 -0.0118838742226 0.00368073863869 0.00928771979344 0.00928774536874
# log_avg_NatM:
-1.55160400000
# m_dev:
 0.00000000000 0.00000000000 0.00000000000 0.00000000000 0.00000000000 0.00000000000 0.00000000000 0.00000000000 0.00000000000 0.00000000000 0.00000000000 0.00000000000 0.00000000000 0.00000000000 0.00000000000 0.00000000000 0.00000000000 0.00000000000 0.00000000000 0.00000000000 0.00000000000 0.00000000000 0.00000000000 0.00000000000 0.00000000000 0.00000000000 0.00000000000 0.00000000000 0.00000000000 0.00000000000 0.00000000000 0.00000000000 0.00000000000 0.00000000000 0.00000000000 0.00000000000 0.00000000000 0.00000000000 0.00000000000 0.00000000000 0.00000000000 0.00000000000 0.00000000000 0.00000000000 0.00000000000 0.00000000000 0.00000000000 0.00000000000 0.00000000000 0.00000000000 0.00000000000 0.00000000000 0.00000000000 0.00000000000 0.00000000000 0.00000000000 0.00000000000 0.00000000000 0.00000000000 0.00000000000 0.00000000000 0.00000000000 0.00000000000 0.00000000000 0.00000000000
# log_avg_GrowthK:
-1.60700000000
# log_avg_Linf:
4.88244500000
# GrowthK_dev:
 0.00000000000 0.00000000000 0.00000000000 0.00000000000 0.00000000000 0.00000000000 0.00000000000 0.00000000000 0.00000000000 0.00000000000 0.00000000000 0.00000000000 0.00000000000 0.00000000000 0.00000000000 0.00000000000 0.00000000000 0.00000000000 0.00000000000 0.00000000000 0.00000000000 0.00000000000 0.00000000000 0.00000000000 0.00000000000 0.00000000000 0.00000000000 0.00000000000 0.00000000000 0.00000000000 0.00000000000 0.00000000000 0.00000000000 0.00000000000 0.00000000000 0.00000000000 0.00000000000 0.00000000000 0.00000000000 0.00000000000 0.00000000000 0.00000000000 0.00000000000 0.00000000000 0.00000000000 0.00000000000 0.00000000000 0.00000000000 0.00000000000 0.00000000000 0.00000000000 0.00000000000 0.00000000000 0.00000000000 0.00000000000 0.00000000000 0.00000000000 0.00000000000 0.00000000000 0.00000000000 0.00000000000 0.00000000000 0.00000000000 0.00000000000 0.00000000000
# Linf_dev:
 0.00000000000 0.00000000000 0.00000000000 0.00000000000 0.00000000000 0.00000000000 0.00000000000 0.00000000000 0.00000000000 0.00000000000 0.00000000000 0.00000000000 0.00000000000 0.00000000000 0.00000000000 0.00000000000 0.00000000000 0.00000000000 0.00000000000 0.00000000000 0.00000000000 0.00000000000 0.00000000000 0.00000000000 0.00000000000 0.00000000000 0.00000000000 0.00000000000 0.00000000000 0.00000000000 0.00000000000 0.00000000000 0.00000000000 0.00000000000 0.00000000000 0.00000000000 0.00000000000 0.00000000000 0.00000000000 0.00000000000 0.00000000000 0.00000000000 0.00000000000 0.00000000000 0.00000000000 0.00000000000 0.00000000000 0.00000000000 0.00000000000 0.00000000000 0.00000000000 0.00000000000 0.00000000000 0.00000000000 0.00000000000 0.00000000000 0.00000000000 0.00000000000 0.00000000000 0.00000000000 0.00000000000 0.00000000000 0.00000000000 0.00000000000 0.00000000000
# SelPars50:
2.05244237169
# SelPars95:
3.66498761894
# SelPars_dev50:
 0.00000000000 0.00000000000 0.00000000000 0.00000000000 0.00000000000 0.00000000000 0.00000000000 0.00000000000 0.00000000000 0.00000000000 0.00000000000 0.00000000000 0.00000000000 0.00000000000 0.00000000000 0.00000000000 0.00000000000 0.00000000000 0.00000000000 0.00000000000 0.00000000000 0.00000000000 0.00000000000 0.00000000000 0.00000000000 0.00000000000 0.00000000000 0.00000000000 0.00000000000 0.00000000000 0.00000000000 0.00000000000 0.00000000000 0.00000000000 0.00000000000 0.00000000000 0.00000000000 0.00000000000 0.00000000000 0.00000000000 0.00000000000 0.00000000000 0.00000000000 0.00000000000 0.00000000000 0.00000000000 0.00000000000 0.00000000000 0.00000000000 0.00000000000 0.00000000000 0.00000000000 0.00000000000 0.00000000000 0.00000000000 0.00000000000 0.00000000000 0.00000000000 0.00000000000 0.00000000000 0.00000000000 0.00000000000 0.00000000000 0.00000000000 0.00000000000
# SelPars_dev95:
 0.00000000000 0.00000000000 0.00000000000 0.00000000000 0.00000000000 0.00000000000 0.00000000000 0.00000000000 0.00000000000 0.00000000000 0.00000000000 0.00000000000 0.00000000000 0.00000000000 0.00000000000 0.00000000000 0.00000000000 0.00000000000 0.00000000000 0.00000000000 0.00000000000 0.00000000000 0.00000000000 0.00000000000 0.00000000000 0.00000000000 0.00000000000 0.00000000000 0.00000000000 0.00000000000 0.00000000000 0.00000000000 0.00000000000 0.00000000000 0.00000000000 0.00000000000 0.00000000000 0.00000000000 0.00000000000 0.00000000000 0.00000000000 0.00000000000 0.00000000000 0.00000000000 0.00000000000 0.00000000000 0.00000000000 0.00000000000 0.00000000000 0.00000000000 0.00000000000 0.00000000000 0.00000000000 0.00000000000 0.00000000000 0.00000000000 0.00000000000 0.00000000000 0.00000000000 0.00000000000 0.00000000000 0.00000000000 0.00000000000 0.00000000000 0.00000000000
