# Number of parameters = 135 Objective function value = 62349.4  Maximum gradient component = 0.000434829
# srv_sel50:
1.47754323678
# srv_sel95:
2.42923728756
# stNatLen:
 11.4477990081 11.3136150507 11.1063445271 10.9093332132 10.7242080167 10.5289634775 10.3114675883 10.0745763723 9.82884785406 9.58526731399 9.35200542196 9.13399316521 8.93371796676 8.75205897047 8.58897185558 8.44389875591 8.31605876461 8.20467850361 8.10897643958 8.02821588148 7.96177663349 7.90923351513 7.87021596985 7.84435408497 7.83138183828
# log_avg_fmort_dir:
-1.65986517144
# fmort_dir_dev:
 -1.84621369389 -1.76426892422 -1.35817841221 -0.984888534804 -0.799405267454 -0.446069337486 -0.291352649587 -0.134651488801 -0.138313238936 0.187630841266 0.212774655623 0.213172658953 0.361925779430 0.397693637745 0.400438874121 0.428846005252 0.470927297731 0.389122202312 0.343227690437 0.464022317649 0.313484229995 0.355453167371 0.352403447736 0.370261706152 0.294417216277 0.221362554866 0.213171798457 0.240276247234 0.219875207255 0.128475856268 0.226236837634 0.193347764655 0.196887664062 0.0973034243041 0.0323382336016 0.0654380324468 0.0215297605300 0.0524064062094 0.0552680421194 0.0719688861368 -0.00737431145500 0.0640771669836 0.0645438390372 0.130031405814 0.0691493180899 0.144404675241 0.0399759322653 0.160607082906 0.113798690022 0.103571066800 -0.487655071878 -0.223476690264
# mean_log_rec:
11.1252664717
# rec_dev:
 0.407066948579 0.397859692097 0.407402432476 0.406648599202 0.402542145205 0.395890637517 0.381237604048 0.358157578048 0.323204069214 0.285143944828 0.248841067191 0.212759848444 0.175705195368 0.153140363849 0.114090854994 0.0692241414673 0.0347552702997 0.00647225850499 -0.0480947232366 -0.0886827350707 -0.116457270041 -0.152094290919 -0.176980644474 -0.189802254723 -0.194942806558 -0.219055277483 -0.222640012658 -0.196135485930 -0.173009785359 -0.150066989392 -0.133759329884 -0.129210152201 -0.144623793552 -0.153234561087 -0.139590357985 -0.134029306032 -0.142371054471 -0.150286403862 -0.130804246600 -0.113622550017 -0.115452405396 -0.112231894499 -0.103729217423 -0.106511260236 -0.108981975166 -0.110197716587 -0.120988936308 -0.131775900697 -0.133971836740 -0.140906432495 -0.147950505522 -0.147950538728
# log_avg_NatM:
-1.59594000000
# m_dev:
 0.00000000000 0.00000000000 0.00000000000 0.00000000000 0.00000000000 0.00000000000 0.00000000000 0.00000000000 0.00000000000 0.00000000000 0.00000000000 0.00000000000 0.00000000000 0.00000000000 0.00000000000 0.00000000000 0.00000000000 0.00000000000 0.00000000000 0.00000000000 0.00000000000 0.00000000000 0.00000000000 0.00000000000 0.00000000000 0.00000000000 0.00000000000 0.00000000000 0.00000000000 0.00000000000 0.00000000000 0.00000000000 0.00000000000 0.00000000000 0.00000000000 0.00000000000 0.00000000000 0.00000000000 0.00000000000 0.00000000000 0.00000000000 0.00000000000 0.00000000000 0.00000000000 0.00000000000 0.00000000000 0.00000000000 0.00000000000 0.00000000000 0.00000000000 0.00000000000 0.00000000000
# log_avg_GrowthK:
-1.58047000000
# log_avg_Linf:
4.91931400000
# GrowthK_dev:
 0.00000000000 0.00000000000 0.00000000000 0.00000000000 0.00000000000 0.00000000000 0.00000000000 0.00000000000 0.00000000000 0.00000000000 0.00000000000 0.00000000000 0.00000000000 0.00000000000 0.00000000000 0.00000000000 0.00000000000 0.00000000000 0.00000000000 0.00000000000 0.00000000000 0.00000000000 0.00000000000 0.00000000000 0.00000000000 0.00000000000 0.00000000000 0.00000000000 0.00000000000 0.00000000000 0.00000000000 0.00000000000 0.00000000000 0.00000000000 0.00000000000 0.00000000000 0.00000000000 0.00000000000 0.00000000000 0.00000000000 0.00000000000 0.00000000000 0.00000000000 0.00000000000 0.00000000000 0.00000000000 0.00000000000 0.00000000000 0.00000000000 0.00000000000 0.00000000000 0.00000000000
# Linf_dev:
 0.00000000000 0.00000000000 0.00000000000 0.00000000000 0.00000000000 0.00000000000 0.00000000000 0.00000000000 0.00000000000 0.00000000000 0.00000000000 0.00000000000 0.00000000000 0.00000000000 0.00000000000 0.00000000000 0.00000000000 0.00000000000 0.00000000000 0.00000000000 0.00000000000 0.00000000000 0.00000000000 0.00000000000 0.00000000000 0.00000000000 0.00000000000 0.00000000000 0.00000000000 0.00000000000 0.00000000000 0.00000000000 0.00000000000 0.00000000000 0.00000000000 0.00000000000 0.00000000000 0.00000000000 0.00000000000 0.00000000000 0.00000000000 0.00000000000 0.00000000000 0.00000000000 0.00000000000 0.00000000000 0.00000000000 0.00000000000 0.00000000000 0.00000000000 0.00000000000 0.00000000000
# SelPars50:
2.06452243323
# SelPars95:
3.71780647211
# SelPars_dev50:
 0.00000000000 0.00000000000 0.00000000000 0.00000000000 0.00000000000 0.00000000000 0.00000000000 0.00000000000 0.00000000000 0.00000000000 0.00000000000 0.00000000000 0.00000000000 0.00000000000 0.00000000000 0.00000000000 0.00000000000 0.00000000000 0.00000000000 0.00000000000 0.00000000000 0.00000000000 0.00000000000 0.00000000000 0.00000000000 0.00000000000 0.00000000000 0.00000000000 0.00000000000 0.00000000000 0.00000000000 0.00000000000 0.00000000000 0.00000000000 0.00000000000 0.00000000000 0.00000000000 0.00000000000 0.00000000000 0.00000000000 0.00000000000 0.00000000000 0.00000000000 0.00000000000 0.00000000000 0.00000000000 0.00000000000 0.00000000000 0.00000000000 0.00000000000 0.00000000000 0.00000000000
# SelPars_dev95:
 0.00000000000 0.00000000000 0.00000000000 0.00000000000 0.00000000000 0.00000000000 0.00000000000 0.00000000000 0.00000000000 0.00000000000 0.00000000000 0.00000000000 0.00000000000 0.00000000000 0.00000000000 0.00000000000 0.00000000000 0.00000000000 0.00000000000 0.00000000000 0.00000000000 0.00000000000 0.00000000000 0.00000000000 0.00000000000 0.00000000000 0.00000000000 0.00000000000 0.00000000000 0.00000000000 0.00000000000 0.00000000000 0.00000000000 0.00000000000 0.00000000000 0.00000000000 0.00000000000 0.00000000000 0.00000000000 0.00000000000 0.00000000000 0.00000000000 0.00000000000 0.00000000000 0.00000000000 0.00000000000 0.00000000000 0.00000000000 0.00000000000 0.00000000000 0.00000000000 0.00000000000
