# Number of parameters = 165 Objective function value = 80719.5636386761  Maximum gradient component = 0.000724974246748931
# srv_sel50:
1.52923121650
# srv_sel95:
2.59011127932
# stNatLen:
 11.4282854102 11.2784724549 11.0678763449 10.8741830471 10.6886837850 10.4873911931 10.2628110876 10.0227167746 9.77961322066 9.54393063198 9.32226624984 9.11798762601 8.93232692816 8.76530789447 8.61634270786 8.48455300952 8.36898019933 8.26869542774 8.18281715598 8.11060169108 8.05147387669 8.00484731638 7.97030850821 7.94750874068 7.93617270116
# log_avg_fmort_dir:
-1.69590027234
# fmort_dir_dev:
 -1.70184185787 -1.70670469028 -1.21056257681 -0.900459917381 -0.682694406712 -0.351231026620 -0.287244721042 -0.187905668586 0.0599176493455 0.142345376962 0.285991918096 0.248495262516 0.412050242449 0.503371587286 0.587560056463 0.620277342409 0.494724275415 0.541319172749 0.483238683148 0.452268619784 0.454613577207 0.438007082953 0.458573299363 0.371202389560 0.320778850948 0.343411844393 0.277565297961 0.148273816276 0.152112164962 0.247010013603 0.284998406909 0.131693779992 0.173984020448 0.103701643836 0.163539792628 0.0975241075960 0.153735250181 0.119643360927 0.146130640768 0.112871552165 0.127924892000 0.0949758506049 0.0781288494103 0.107203718718 0.0811103342640 0.0741428673184 0.131406507148 0.169407604628 0.192689334163 0.0890981179869 -0.386449535245 -0.659523212893 -0.565716494338 -0.422660908860 -0.440453461365 -0.172473011140 -0.0576275242542 -0.0434683794425 -0.0575615968334 -0.0701069900439 -0.203687116626 -0.111966969079 -0.185043388580 -0.101212500955 -0.00544020178640 -0.0612333198438 -0.103749678959
# mean_log_rec:
11.1407444923
# rec_dev:
 0.361422279765 0.343977712990 0.357519472950 0.367732407818 0.362996580422 0.364291883025 0.369307808968 0.361319800883 0.345795106843 0.325593337114 0.294146667411 0.258688109585 0.213909581407 0.151455126072 0.0810966836016 0.0341014237329 0.00506923073265 -0.0187804617690 -0.0479154922454 -0.0692453012977 -0.0940015049244 -0.119794968898 -0.148411137397 -0.164803199268 -0.192403332609 -0.212221899121 -0.212229125264 -0.196034436144 -0.213619148424 -0.230137376813 -0.207300458914 -0.195706651045 -0.192601236347 -0.192682629094 -0.194085445867 -0.185327288977 -0.155267345622 -0.139168359889 -0.151238521763 -0.157476352330 -0.153596993365 -0.157906382456 -0.170652044894 -0.171927143229 -0.163460925640 -0.156713452041 -0.153659338286 -0.140431704711 -0.103889878192 -0.0932412844341 -0.0838091670642 -0.0425683812786 -0.00595480876300 0.0146252206705 0.0352498111467 0.0535742199106 0.0648695354113 0.0630883678330 0.0490837147530 0.0444759422875 0.0465639425034 0.0565705475165 0.0565431093333 0.0596311110480 0.0571314694295 0.0442164892803 0.0442164839316
# log_avg_NatM:
-1.60943800000
# m_dev:
 0.00000000000 0.00000000000 0.00000000000 0.00000000000 0.00000000000 0.00000000000 0.00000000000 0.00000000000 0.00000000000 0.00000000000 0.00000000000 0.00000000000 0.00000000000 0.00000000000 0.00000000000 0.00000000000 0.00000000000 0.00000000000 0.00000000000 0.00000000000 0.00000000000 0.00000000000 0.00000000000 0.00000000000 0.00000000000 0.00000000000 0.00000000000 0.00000000000 0.00000000000 0.00000000000 0.00000000000 0.00000000000 0.00000000000 0.00000000000 0.00000000000 0.00000000000 0.00000000000 0.00000000000 0.00000000000 0.00000000000 0.00000000000 0.00000000000 0.00000000000 0.00000000000 0.00000000000 0.00000000000 0.00000000000 0.00000000000 0.00000000000 0.00000000000 0.00000000000 0.00000000000 0.00000000000 0.00000000000 0.00000000000 0.00000000000 0.00000000000 0.00000000000 0.00000000000 0.00000000000 0.00000000000 0.00000000000 0.00000000000 0.00000000000 0.00000000000 0.00000000000 0.00000000000
# log_avg_GrowthK:
-1.60943800000
# log_avg_Linf:
4.88280200000
# GrowthK_dev:
 0.00000000000 0.00000000000 0.00000000000 0.00000000000 0.00000000000 0.00000000000 0.00000000000 0.00000000000 0.00000000000 0.00000000000 0.00000000000 0.00000000000 0.00000000000 0.00000000000 0.00000000000 0.00000000000 0.00000000000 0.00000000000 0.00000000000 0.00000000000 0.00000000000 0.00000000000 0.00000000000 0.00000000000 0.00000000000 0.00000000000 0.00000000000 0.00000000000 0.00000000000 0.00000000000 0.00000000000 0.00000000000 0.00000000000 0.00000000000 0.00000000000 0.00000000000 0.00000000000 0.00000000000 0.00000000000 0.00000000000 0.00000000000 0.00000000000 0.00000000000 0.00000000000 0.00000000000 0.00000000000 0.00000000000 0.00000000000 0.00000000000 0.00000000000 0.00000000000 0.00000000000 0.00000000000 0.00000000000 0.00000000000 0.00000000000 0.00000000000 0.00000000000 0.00000000000 0.00000000000 0.00000000000 0.00000000000 0.00000000000 0.00000000000 0.00000000000 0.00000000000 0.00000000000
# Linf_dev:
 0.00000000000 0.00000000000 0.00000000000 0.00000000000 0.00000000000 0.00000000000 0.00000000000 0.00000000000 0.00000000000 0.00000000000 0.00000000000 0.00000000000 0.00000000000 0.00000000000 0.00000000000 0.00000000000 0.00000000000 0.00000000000 0.00000000000 0.00000000000 0.00000000000 0.00000000000 0.00000000000 0.00000000000 0.00000000000 0.00000000000 0.00000000000 0.00000000000 0.00000000000 0.00000000000 0.00000000000 0.00000000000 0.00000000000 0.00000000000 0.00000000000 0.00000000000 0.00000000000 0.00000000000 0.00000000000 0.00000000000 0.00000000000 0.00000000000 0.00000000000 0.00000000000 0.00000000000 0.00000000000 0.00000000000 0.00000000000 0.00000000000 0.00000000000 0.00000000000 0.00000000000 0.00000000000 0.00000000000 0.00000000000 0.00000000000 0.00000000000 0.00000000000 0.00000000000 0.00000000000 0.00000000000 0.00000000000 0.00000000000 0.00000000000 0.00000000000 0.00000000000 0.00000000000
# SelPars50:
2.07830977431
# SelPars95:
3.72362088320
# SelPars_dev50:
 0.00000000000 0.00000000000 0.00000000000 0.00000000000 0.00000000000 0.00000000000 0.00000000000 0.00000000000 0.00000000000 0.00000000000 0.00000000000 0.00000000000 0.00000000000 0.00000000000 0.00000000000 0.00000000000 0.00000000000 0.00000000000 0.00000000000 0.00000000000 0.00000000000 0.00000000000 0.00000000000 0.00000000000 0.00000000000 0.00000000000 0.00000000000 0.00000000000 0.00000000000 0.00000000000 0.00000000000 0.00000000000 0.00000000000 0.00000000000 0.00000000000 0.00000000000 0.00000000000 0.00000000000 0.00000000000 0.00000000000 0.00000000000 0.00000000000 0.00000000000 0.00000000000 0.00000000000 0.00000000000 0.00000000000 0.00000000000 0.00000000000 0.00000000000 0.00000000000 0.00000000000 0.00000000000 0.00000000000 0.00000000000 0.00000000000 0.00000000000 0.00000000000 0.00000000000 0.00000000000 0.00000000000 0.00000000000 0.00000000000 0.00000000000 0.00000000000 0.00000000000 0.00000000000
# SelPars_dev95:
 0.00000000000 0.00000000000 0.00000000000 0.00000000000 0.00000000000 0.00000000000 0.00000000000 0.00000000000 0.00000000000 0.00000000000 0.00000000000 0.00000000000 0.00000000000 0.00000000000 0.00000000000 0.00000000000 0.00000000000 0.00000000000 0.00000000000 0.00000000000 0.00000000000 0.00000000000 0.00000000000 0.00000000000 0.00000000000 0.00000000000 0.00000000000 0.00000000000 0.00000000000 0.00000000000 0.00000000000 0.00000000000 0.00000000000 0.00000000000 0.00000000000 0.00000000000 0.00000000000 0.00000000000 0.00000000000 0.00000000000 0.00000000000 0.00000000000 0.00000000000 0.00000000000 0.00000000000 0.00000000000 0.00000000000 0.00000000000 0.00000000000 0.00000000000 0.00000000000 0.00000000000 0.00000000000 0.00000000000 0.00000000000 0.00000000000 0.00000000000 0.00000000000 0.00000000000 0.00000000000 0.00000000000 0.00000000000 0.00000000000 0.00000000000 0.00000000000 0.00000000000 0.00000000000
