# Number of parameters = 133 Objective function value = 61031.0  Maximum gradient component = 0.000690850
# srv_sel50:
1.71988937546
# srv_sel95:
3.12812703012
# stNatLen:
 11.8790918607 11.6926284400 11.4132247527 11.1810106592 11.0007057985 10.8308333305 10.6360645215 10.4040581480 10.1423689899 9.86690381056 9.59274707806 9.33055337051 9.08652860502 8.86363262348 8.66282703596 8.48394343022 8.32625580229 8.18882259121 8.07070461502 7.97105809966 7.88911217244 7.82426797153 7.77606050973 7.74408331203 7.72807178773
# log_avg_fmort_dir:
-1.62703091776
# fmort_dir_dev:
 -2.11566911049 -2.00988556655 -1.43933968926 -1.04289031310 -0.723714339703 -0.618752184572 -0.363579152836 -0.220951540170 -0.00677455437138 -0.0453719135253 0.175389151364 0.159390053246 0.325539980269 0.443887986125 0.443333396844 0.463637953008 0.546932604260 0.354982554893 0.420699604241 0.320889773644 0.269852885256 0.375447680725 0.295670266966 0.365321855450 0.275028703442 0.237277578226 0.196405403801 0.222562505074 0.269264992962 0.178104228259 0.310660133724 0.216769675833 0.112364419752 0.155702024943 0.102536964872 0.169657063192 0.192060062829 0.245104953575 0.0905580392258 0.152906280473 0.0870920218324 0.0140418952760 0.0232052651334 0.115747497106 0.0790706923232 0.0477848150504 0.0747249917052 0.107233293641 -0.0598734618548 -0.0614924882138 0.0714550660979
# mean_log_rec:
11.4088403163
# rec_dev:
 0.519515329729 0.500908816736 0.495635968647 0.482938698721 0.469057139608 0.442134124375 0.408488017701 0.381321589995 0.353042112563 0.320501203867 0.288658700912 0.268073477129 0.243994964133 0.203050470463 0.144578883428 0.0794703041649 0.0253172413301 -0.0208654219415 -0.0656482547546 -0.0835704239017 -0.103965324684 -0.130172285377 -0.131524793251 -0.144128959131 -0.157956183914 -0.163606961026 -0.184542206043 -0.210678402710 -0.240671540415 -0.271073456145 -0.308796166840 -0.330807022678 -0.376355804139 -0.405038120719 -0.324046311597 -0.270522936327 -0.279588565835 -0.264875558204 -0.254057017613 -0.240766735471 -0.216352265503 -0.201887155027 -0.176407023668 -0.149746067446 -0.122757775790 -0.0873295305553 -0.0416297224964 0.0429343895190 0.106419161914 0.0916636935732 0.0916637046944
# log_avg_NatM:
-1.50497900000
# m_dev:
 0.00000000000 0.00000000000 0.00000000000 0.00000000000 0.00000000000 0.00000000000 0.00000000000 0.00000000000 0.00000000000 0.00000000000 0.00000000000 0.00000000000 0.00000000000 0.00000000000 0.00000000000 0.00000000000 0.00000000000 0.00000000000 0.00000000000 0.00000000000 0.00000000000 0.00000000000 0.00000000000 0.00000000000 0.00000000000 0.00000000000 0.00000000000 0.00000000000 0.00000000000 0.00000000000 0.00000000000 0.00000000000 0.00000000000 0.00000000000 0.00000000000 0.00000000000 0.00000000000 0.00000000000 0.00000000000 0.00000000000 0.00000000000 0.00000000000 0.00000000000 0.00000000000 0.00000000000 0.00000000000 0.00000000000 0.00000000000 0.00000000000 0.00000000000 0.00000000000
# log_avg_GrowthK:
-1.63753600000
# log_avg_Linf:
4.90533500000
# GrowthK_dev:
 0.00000000000 0.00000000000 0.00000000000 0.00000000000 0.00000000000 0.00000000000 0.00000000000 0.00000000000 0.00000000000 0.00000000000 0.00000000000 0.00000000000 0.00000000000 0.00000000000 0.00000000000 0.00000000000 0.00000000000 0.00000000000 0.00000000000 0.00000000000 0.00000000000 0.00000000000 0.00000000000 0.00000000000 0.00000000000 0.00000000000 0.00000000000 0.00000000000 0.00000000000 0.00000000000 0.00000000000 0.00000000000 0.00000000000 0.00000000000 0.00000000000 0.00000000000 0.00000000000 0.00000000000 0.00000000000 0.00000000000 0.00000000000 0.00000000000 0.00000000000 0.00000000000 0.00000000000 0.00000000000 0.00000000000 0.00000000000 0.00000000000 0.00000000000 0.00000000000
# Linf_dev:
 0.00000000000 0.00000000000 0.00000000000 0.00000000000 0.00000000000 0.00000000000 0.00000000000 0.00000000000 0.00000000000 0.00000000000 0.00000000000 0.00000000000 0.00000000000 0.00000000000 0.00000000000 0.00000000000 0.00000000000 0.00000000000 0.00000000000 0.00000000000 0.00000000000 0.00000000000 0.00000000000 0.00000000000 0.00000000000 0.00000000000 0.00000000000 0.00000000000 0.00000000000 0.00000000000 0.00000000000 0.00000000000 0.00000000000 0.00000000000 0.00000000000 0.00000000000 0.00000000000 0.00000000000 0.00000000000 0.00000000000 0.00000000000 0.00000000000 0.00000000000 0.00000000000 0.00000000000 0.00000000000 0.00000000000 0.00000000000 0.00000000000 0.00000000000 0.00000000000
# SelPars50:
2.35450276132
# SelPars95:
4.34626789700
# SelPars_dev50:
 0.00000000000 0.00000000000 0.00000000000 0.00000000000 0.00000000000 0.00000000000 0.00000000000 0.00000000000 0.00000000000 0.00000000000 0.00000000000 0.00000000000 0.00000000000 0.00000000000 0.00000000000 0.00000000000 0.00000000000 0.00000000000 0.00000000000 0.00000000000 0.00000000000 0.00000000000 0.00000000000 0.00000000000 0.00000000000 0.00000000000 0.00000000000 0.00000000000 0.00000000000 0.00000000000 0.00000000000 0.00000000000 0.00000000000 0.00000000000 0.00000000000 0.00000000000 0.00000000000 0.00000000000 0.00000000000 0.00000000000 0.00000000000 0.00000000000 0.00000000000 0.00000000000 0.00000000000 0.00000000000 0.00000000000 0.00000000000 0.00000000000 0.00000000000 0.00000000000
# SelPars_dev95:
 0.00000000000 0.00000000000 0.00000000000 0.00000000000 0.00000000000 0.00000000000 0.00000000000 0.00000000000 0.00000000000 0.00000000000 0.00000000000 0.00000000000 0.00000000000 0.00000000000 0.00000000000 0.00000000000 0.00000000000 0.00000000000 0.00000000000 0.00000000000 0.00000000000 0.00000000000 0.00000000000 0.00000000000 0.00000000000 0.00000000000 0.00000000000 0.00000000000 0.00000000000 0.00000000000 0.00000000000 0.00000000000 0.00000000000 0.00000000000 0.00000000000 0.00000000000 0.00000000000 0.00000000000 0.00000000000 0.00000000000 0.00000000000 0.00000000000 0.00000000000 0.00000000000 0.00000000000 0.00000000000 0.00000000000 0.00000000000 0.00000000000 0.00000000000 0.00000000000
