# Number of parameters = 212 Objective function value = 71844.0217729363  Maximum gradient component = 0.00177619510209080
# srv_sel50:
1.46640871913
# srv_sel95:
2.41829091894
# stNatLen:
 11.2200534899 11.0938724786 10.8960429365 10.7044096142 10.5188569810 10.3192206594 10.0971614499 9.85850080424 9.61472155928 9.37627306878 9.15025846289 8.94064594314 8.74917024005 8.57620439217 8.42136780354 8.28393631633 8.16305841157 8.05781927087 7.96741475666 7.89114127792 7.82839947808 7.77870149841 7.74156824053 7.71685090494 7.70456223854
# log_avg_fmort_dir:
-1.59613535067
# fmort_dir_dev:
 -1.83599858575 -1.83654624028 -1.37549688603 -1.02034860787 -0.916509232398 -0.528322634225 -0.384147642779 -0.233940599938 0.00629004852791 0.176904896129 0.254156495624 0.365893946297 0.333865479168 0.473317450088 0.505135749187 0.547344486289 0.607727157193 0.428263957914 0.345212743753 0.280621382758 0.361233459123 0.340578278255 0.344300313569 0.320826201102 0.244701262776 0.222265882103 0.237078098608 0.210968004503 0.157229209695 0.179205880765 0.0512327611717 0.0606834910527 0.0914816860162 0.128384245307 0.191082531653 0.163640203034 0.174427491048 0.0493377501134 0.0704116666417 -0.0813077865283 -0.0493427151928 0.00589214160926 0.0535265697031 0.0850493335589 0.132776066870 0.124352981144 0.157596952509 0.148868106279 0.0565965113126 0.0540453920539 -0.122294354277 0.0354509138153 0.0433342646596 -0.0319034471281 -0.0707932804023 -0.362092503352 -0.0598687882160 -0.0943623473173 0.228535246654 -0.0465510379479
# mean_log_rec:
11.1038011435
# rec_dev:
 0.315279466295 0.365409677638 0.430716792392 0.409956786219 0.363668032742 0.328334767807 0.279090225023 0.195333006745 0.0847735808980 0.0312709742235 0.0176419302477 0.0108484861616 0.00246313617212 -0.0136019076451 -0.0425116336810 -0.0941299168463 -0.129608521161 -0.125500424695 -0.113431185003 -0.128038640624 -0.185943139866 -0.216532796354 -0.228202500371 -0.229958765151 -0.245217934635 -0.248519397672 -0.225750704316 -0.209833625919 -0.208483612311 -0.164583512421 -0.112550112912 -0.105719113804 -0.203917986241 -0.321262572404 -0.293111314911 -0.199774071547 -0.123516040570 -0.0401149597683 0.0307784996050 0.0588516525078 0.0344396997616 0.0166167792095 0.00992858310496 -0.0301633129163 -0.0600452549605 -0.0676390975029 -0.0857291848994 -0.0963641632874 -0.0596437885141 -0.0171166672369 0.0194662000164 0.0573093643372 0.0837138057571 0.117992935111 0.176849658200 0.233549610964 0.277547172232 0.252553040150 0.211065999926 0.211065996699
# log_avg_NatM:
-1.62810739100
# m_dev:
 -0.710047235999 -0.697518479544 -0.364530023121 0.223828914357 0.150980587419 0.0960696765339 0.117025306418 0.207985599181 0.280670209135 -0.146840886778 -0.307389966096 -0.350724877331 -0.436226733106 -0.470417764676 -0.413856491776 -0.203033190439 -0.203232388374 -0.287585969078 -0.278796874534 -0.0800908191297 0.132191421924 -0.0838489207966 -0.138148221874 -0.0472693916613 0.0252718891384 -0.113882169432 -0.217178851122 -0.0731349668790 -0.0103496200514 -0.269187218612 -0.290396236064 -0.0895703161515 0.315487589945 0.506237895565 0.345102486512 0.0540195422071 -0.209258727232 -0.252581129782 -0.127089232271 0.183020570013 0.365761844784 0.255443923346 0.184869360022 0.367816318105 0.222570000458 0.130766872926 0.288659779297 0.213980882980 0.0198791315989 -0.000129416458194 0.0557609566604 0.138326544930 0.127738016125 0.174357745959 0.0817909983229 0.125100659134 0.128894289636 0.420190707412 0.444093396507 0.488423001815
# log_avg_GrowthK:
-1.60943800000
# log_avg_Linf:
4.88280200000
# GrowthK_dev:
 0.00000000000 0.00000000000 0.00000000000 0.00000000000 0.00000000000 0.00000000000 0.00000000000 0.00000000000 0.00000000000 0.00000000000 0.00000000000 0.00000000000 0.00000000000 0.00000000000 0.00000000000 0.00000000000 0.00000000000 0.00000000000 0.00000000000 0.00000000000 0.00000000000 0.00000000000 0.00000000000 0.00000000000 0.00000000000 0.00000000000 0.00000000000 0.00000000000 0.00000000000 0.00000000000 0.00000000000 0.00000000000 0.00000000000 0.00000000000 0.00000000000 0.00000000000 0.00000000000 0.00000000000 0.00000000000 0.00000000000 0.00000000000 0.00000000000 0.00000000000 0.00000000000 0.00000000000 0.00000000000 0.00000000000 0.00000000000 0.00000000000 0.00000000000 0.00000000000 0.00000000000 0.00000000000 0.00000000000 0.00000000000 0.00000000000 0.00000000000 0.00000000000 0.00000000000 0.00000000000
# Linf_dev:
 0.00000000000 0.00000000000 0.00000000000 0.00000000000 0.00000000000 0.00000000000 0.00000000000 0.00000000000 0.00000000000 0.00000000000 0.00000000000 0.00000000000 0.00000000000 0.00000000000 0.00000000000 0.00000000000 0.00000000000 0.00000000000 0.00000000000 0.00000000000 0.00000000000 0.00000000000 0.00000000000 0.00000000000 0.00000000000 0.00000000000 0.00000000000 0.00000000000 0.00000000000 0.00000000000 0.00000000000 0.00000000000 0.00000000000 0.00000000000 0.00000000000 0.00000000000 0.00000000000 0.00000000000 0.00000000000 0.00000000000 0.00000000000 0.00000000000 0.00000000000 0.00000000000 0.00000000000 0.00000000000 0.00000000000 0.00000000000 0.00000000000 0.00000000000 0.00000000000 0.00000000000 0.00000000000 0.00000000000 0.00000000000 0.00000000000 0.00000000000 0.00000000000 0.00000000000 0.00000000000
# SelPars50:
2.00898805806
# SelPars95:
3.56366557182
# SelPars_dev50:
 0.00000000000 0.00000000000 0.00000000000 0.00000000000 0.00000000000 0.00000000000 0.00000000000 0.00000000000 0.00000000000 0.00000000000 0.00000000000 0.00000000000 0.00000000000 0.00000000000 0.00000000000 0.00000000000 0.00000000000 0.00000000000 0.00000000000 0.00000000000 0.00000000000 0.00000000000 0.00000000000 0.00000000000 0.00000000000 0.00000000000 0.00000000000 0.00000000000 0.00000000000 0.00000000000 0.00000000000 0.00000000000 0.00000000000 0.00000000000 0.00000000000 0.00000000000 0.00000000000 0.00000000000 0.00000000000 0.00000000000 0.00000000000 0.00000000000 0.00000000000 0.00000000000 0.00000000000 0.00000000000 0.00000000000 0.00000000000 0.00000000000 0.00000000000 0.00000000000 0.00000000000 0.00000000000 0.00000000000 0.00000000000 0.00000000000 0.00000000000 0.00000000000 0.00000000000 0.00000000000
# SelPars_dev95:
 0.00000000000 0.00000000000 0.00000000000 0.00000000000 0.00000000000 0.00000000000 0.00000000000 0.00000000000 0.00000000000 0.00000000000 0.00000000000 0.00000000000 0.00000000000 0.00000000000 0.00000000000 0.00000000000 0.00000000000 0.00000000000 0.00000000000 0.00000000000 0.00000000000 0.00000000000 0.00000000000 0.00000000000 0.00000000000 0.00000000000 0.00000000000 0.00000000000 0.00000000000 0.00000000000 0.00000000000 0.00000000000 0.00000000000 0.00000000000 0.00000000000 0.00000000000 0.00000000000 0.00000000000 0.00000000000 0.00000000000 0.00000000000 0.00000000000 0.00000000000 0.00000000000 0.00000000000 0.00000000000 0.00000000000 0.00000000000 0.00000000000 0.00000000000 0.00000000000 0.00000000000 0.00000000000 0.00000000000 0.00000000000 0.00000000000 0.00000000000 0.00000000000 0.00000000000 0.00000000000
