# Number of parameters = 167 Objective function value = 81618.0461315501  Maximum gradient component = 0.000114685333414915
# srv_sel50:
1.64039458024
# srv_sel95:
2.89275340970
# stNatLen:
 11.8687617014 11.6889774192 11.4279563128 11.2059482635 11.0247503316 10.8481052725 10.6468976850 10.4128587656 10.1543797701 9.88608114680 9.62124005606 9.36906702361 9.13487897033 8.92118935570 8.72874155251 8.55731281562 8.40620135708 8.27452435077 8.16136750724 8.06593418018 7.98753304676 7.92552993955 7.87939746003 7.84875125905 7.83350527777
# log_avg_fmort_dir:
-1.62560922920
# fmort_dir_dev:
 -2.11895914073 -2.09631271299 -1.47869867802 -1.11417209549 -0.807883649262 -0.664890843864 -0.417146080505 -0.199883636556 -0.106738410925 0.0509534511102 0.0588781937671 0.236654061349 0.345163377557 0.404763445051 0.464738367090 0.479571884333 0.451987795007 0.361944220492 0.323195944765 0.325643643466 0.379807196864 0.223217790933 0.308101157196 0.173248267211 0.225868298523 0.289645040470 0.147795013211 0.185003412497 0.190559445045 0.105730940117 0.0686491920182 0.0863229197595 0.104266959683 0.119328836027 0.189105634136 0.0389581692934 0.124907720599 0.0475428259818 0.0762990607063 -0.0531217023586 0.0691952172669 0.0593690609820 0.0986829590625 0.0370109860464 0.0576696716368 0.0816178418624 0.143414243616 0.0540858993837 0.0891860860151 0.0639778719613 0.0570982006312 0.200820186440 0.0880010195038 0.264688550724 0.171477920221 0.0571920537563 0.200255941732 0.261493878179 0.0685708067984 -0.0732180794265 0.232140106830 0.300381994823 -0.00176513876137 -0.0499055566081 0.0180163938987 0.00511498233439 -0.154014354141 0.0693959416710
# mean_log_rec:
11.3389309047
# rec_dev:
 0.566638986707 0.542705356925 0.544146557618 0.537944385520 0.518203343292 0.498467060982 0.475474500852 0.448624481974 0.425779919640 0.404379360192 0.378133033283 0.338619528516 0.299619559955 0.261632480540 0.199664670631 0.134666062969 0.101429348668 0.0688197776683 0.0341892744139 0.00794223919604 -0.00598304777818 -0.0183479350277 -0.0291730073212 -0.0554426132091 -0.0914546357163 -0.129529906273 -0.136683864291 -0.134007024505 -0.143313932547 -0.147036869951 -0.176438734654 -0.234359234493 -0.299660336856 -0.342465124880 -0.281525810620 -0.218732430314 -0.236199988636 -0.262783031209 -0.259057131066 -0.238620998054 -0.231968534013 -0.228538571783 -0.221264122187 -0.200366097778 -0.179516004559 -0.171231685798 -0.150413830798 -0.135150906078 -0.134527570955 -0.131076406235 -0.142973295104 -0.139648188996 -0.146248345406 -0.160737234284 -0.163017157686 -0.159009058418 -0.159715694885 -0.162538518236 -0.161659295907 -0.138056631197 -0.112590123876 -0.0850595606297 -0.0604765017113 -0.0282257136230 0.0241091291379 0.0787419863224 0.0774468279821 0.0774468345590
# log_avg_NatM:
-1.47890400000
# m_dev:
 0.00000000000 0.00000000000 0.00000000000 0.00000000000 0.00000000000 0.00000000000 0.00000000000 0.00000000000 0.00000000000 0.00000000000 0.00000000000 0.00000000000 0.00000000000 0.00000000000 0.00000000000 0.00000000000 0.00000000000 0.00000000000 0.00000000000 0.00000000000 0.00000000000 0.00000000000 0.00000000000 0.00000000000 0.00000000000 0.00000000000 0.00000000000 0.00000000000 0.00000000000 0.00000000000 0.00000000000 0.00000000000 0.00000000000 0.00000000000 0.00000000000 0.00000000000 0.00000000000 0.00000000000 0.00000000000 0.00000000000 0.00000000000 0.00000000000 0.00000000000 0.00000000000 0.00000000000 0.00000000000 0.00000000000 0.00000000000 0.00000000000 0.00000000000 0.00000000000 0.00000000000 0.00000000000 0.00000000000 0.00000000000 0.00000000000 0.00000000000 0.00000000000 0.00000000000 0.00000000000 0.00000000000 0.00000000000 0.00000000000 0.00000000000 0.00000000000 0.00000000000 0.00000000000 0.00000000000
# log_avg_GrowthK:
-1.60943800000
# log_avg_Linf:
4.88280200000
# GrowthK_dev:
 0.00000000000 0.00000000000 0.00000000000 0.00000000000 0.00000000000 0.00000000000 0.00000000000 0.00000000000 0.00000000000 0.00000000000 0.00000000000 0.00000000000 0.00000000000 0.00000000000 0.00000000000 0.00000000000 0.00000000000 0.00000000000 0.00000000000 0.00000000000 0.00000000000 0.00000000000 0.00000000000 0.00000000000 0.00000000000 0.00000000000 0.00000000000 0.00000000000 0.00000000000 0.00000000000 0.00000000000 0.00000000000 0.00000000000 0.00000000000 0.00000000000 0.00000000000 0.00000000000 0.00000000000 0.00000000000 0.00000000000 0.00000000000 0.00000000000 0.00000000000 0.00000000000 0.00000000000 0.00000000000 0.00000000000 0.00000000000 0.00000000000 0.00000000000 0.00000000000 0.00000000000 0.00000000000 0.00000000000 0.00000000000 0.00000000000 0.00000000000 0.00000000000 0.00000000000 0.00000000000 0.00000000000 0.00000000000 0.00000000000 0.00000000000 0.00000000000 0.00000000000 0.00000000000 0.00000000000
# Linf_dev:
 0.00000000000 0.00000000000 0.00000000000 0.00000000000 0.00000000000 0.00000000000 0.00000000000 0.00000000000 0.00000000000 0.00000000000 0.00000000000 0.00000000000 0.00000000000 0.00000000000 0.00000000000 0.00000000000 0.00000000000 0.00000000000 0.00000000000 0.00000000000 0.00000000000 0.00000000000 0.00000000000 0.00000000000 0.00000000000 0.00000000000 0.00000000000 0.00000000000 0.00000000000 0.00000000000 0.00000000000 0.00000000000 0.00000000000 0.00000000000 0.00000000000 0.00000000000 0.00000000000 0.00000000000 0.00000000000 0.00000000000 0.00000000000 0.00000000000 0.00000000000 0.00000000000 0.00000000000 0.00000000000 0.00000000000 0.00000000000 0.00000000000 0.00000000000 0.00000000000 0.00000000000 0.00000000000 0.00000000000 0.00000000000 0.00000000000 0.00000000000 0.00000000000 0.00000000000 0.00000000000 0.00000000000 0.00000000000 0.00000000000 0.00000000000 0.00000000000 0.00000000000 0.00000000000 0.00000000000
# SelPars50:
2.26183024019
# SelPars95:
4.15125749061
# SelPars_dev50:
 0.00000000000 0.00000000000 0.00000000000 0.00000000000 0.00000000000 0.00000000000 0.00000000000 0.00000000000 0.00000000000 0.00000000000 0.00000000000 0.00000000000 0.00000000000 0.00000000000 0.00000000000 0.00000000000 0.00000000000 0.00000000000 0.00000000000 0.00000000000 0.00000000000 0.00000000000 0.00000000000 0.00000000000 0.00000000000 0.00000000000 0.00000000000 0.00000000000 0.00000000000 0.00000000000 0.00000000000 0.00000000000 0.00000000000 0.00000000000 0.00000000000 0.00000000000 0.00000000000 0.00000000000 0.00000000000 0.00000000000 0.00000000000 0.00000000000 0.00000000000 0.00000000000 0.00000000000 0.00000000000 0.00000000000 0.00000000000 0.00000000000 0.00000000000 0.00000000000 0.00000000000 0.00000000000 0.00000000000 0.00000000000 0.00000000000 0.00000000000 0.00000000000 0.00000000000 0.00000000000 0.00000000000 0.00000000000 0.00000000000 0.00000000000 0.00000000000 0.00000000000 0.00000000000 0.00000000000
# SelPars_dev95:
 0.00000000000 0.00000000000 0.00000000000 0.00000000000 0.00000000000 0.00000000000 0.00000000000 0.00000000000 0.00000000000 0.00000000000 0.00000000000 0.00000000000 0.00000000000 0.00000000000 0.00000000000 0.00000000000 0.00000000000 0.00000000000 0.00000000000 0.00000000000 0.00000000000 0.00000000000 0.00000000000 0.00000000000 0.00000000000 0.00000000000 0.00000000000 0.00000000000 0.00000000000 0.00000000000 0.00000000000 0.00000000000 0.00000000000 0.00000000000 0.00000000000 0.00000000000 0.00000000000 0.00000000000 0.00000000000 0.00000000000 0.00000000000 0.00000000000 0.00000000000 0.00000000000 0.00000000000 0.00000000000 0.00000000000 0.00000000000 0.00000000000 0.00000000000 0.00000000000 0.00000000000 0.00000000000 0.00000000000 0.00000000000 0.00000000000 0.00000000000 0.00000000000 0.00000000000 0.00000000000 0.00000000000 0.00000000000 0.00000000000 0.00000000000 0.00000000000 0.00000000000 0.00000000000 0.00000000000
