# Number of parameters = 133 Objective function value = 61062.9  Maximum gradient component = 0.00104070
# srv_sel50:
1.74007337723
# srv_sel95:
3.19500731578
# stNatLen:
 11.8747068547 11.6831454662 11.4064064223 11.1773483551 10.9932678612 10.8141749470 10.6120593752 10.3808656783 10.1294875774 9.87141748815 9.61836249156 9.37825500410 9.15559233703 8.95244484944 8.76940116763 8.60621313392 8.46222515085 8.33659569575 8.22855880174 8.13743781350 8.06260711190 8.00353481326 7.95970161592 7.93066561848 7.91620611977
# log_avg_fmort_dir:
-1.61052069755
# fmort_dir_dev:
 -2.07026953682 -2.04435738274 -1.51950958300 -1.09628971064 -0.816882466857 -0.592230697326 -0.446080813030 -0.256335740802 -0.179287093153 0.0988922194870 0.123111022139 0.168316921060 0.271716195303 0.444004288445 0.485881588866 0.517995905641 0.481447975793 0.435627642601 0.478498755917 0.419027874733 0.410884440689 0.237691860487 0.357415105491 0.163938799077 0.301257171269 0.188111866902 0.201466644871 0.138052167445 0.0394403469670 0.168422364740 0.207998395759 0.199678616185 0.124581933062 0.177338599090 0.322759601805 0.168782423772 0.155281400743 0.151661942602 0.240249916657 0.187448496379 0.160580177774 0.220439251696 -0.0122134371493 0.163422208536 0.0676555560484 0.108565376279 0.0950629070596 0.0367729337014 0.0106908526840 0.0103714159157 0.0929132978417
# mean_log_rec:
11.3978484323
# rec_dev:
 0.521323783119 0.503562153924 0.501996416652 0.490465403741 0.475682114830 0.449414920179 0.419737316944 0.404951156391 0.375460660079 0.339393959024 0.318573636281 0.305555077906 0.270815431562 0.232988291602 0.192579091710 0.150993144329 0.0875806606523 0.0362362014330 -0.0115130765822 -0.0557692174344 -0.0969296572299 -0.133901292715 -0.162888810088 -0.169720288642 -0.172524296311 -0.193700606197 -0.218459528017 -0.224025845117 -0.235473713637 -0.278680728515 -0.323462082169 -0.346300337974 -0.406342564526 -0.436719051843 -0.352826929780 -0.260495117582 -0.247839327609 -0.265482231052 -0.266615573071 -0.253084495716 -0.240453343808 -0.220914250751 -0.199678985175 -0.177437069012 -0.128591665348 -0.0967463676615 -0.0618494570460 0.00209357403136 0.0617760382570 0.0486234369210 0.0486234410390
# log_avg_NatM:
-1.47890400000
# m_dev:
 0.00000000000 0.00000000000 0.00000000000 0.00000000000 0.00000000000 0.00000000000 0.00000000000 0.00000000000 0.00000000000 0.00000000000 0.00000000000 0.00000000000 0.00000000000 0.00000000000 0.00000000000 0.00000000000 0.00000000000 0.00000000000 0.00000000000 0.00000000000 0.00000000000 0.00000000000 0.00000000000 0.00000000000 0.00000000000 0.00000000000 0.00000000000 0.00000000000 0.00000000000 0.00000000000 0.00000000000 0.00000000000 0.00000000000 0.00000000000 0.00000000000 0.00000000000 0.00000000000 0.00000000000 0.00000000000 0.00000000000 0.00000000000 0.00000000000 0.00000000000 0.00000000000 0.00000000000 0.00000000000 0.00000000000 0.00000000000 0.00000000000 0.00000000000 0.00000000000
# log_avg_GrowthK:
-1.60943800000
# log_avg_Linf:
4.88280200000
# GrowthK_dev:
 0.00000000000 0.00000000000 0.00000000000 0.00000000000 0.00000000000 0.00000000000 0.00000000000 0.00000000000 0.00000000000 0.00000000000 0.00000000000 0.00000000000 0.00000000000 0.00000000000 0.00000000000 0.00000000000 0.00000000000 0.00000000000 0.00000000000 0.00000000000 0.00000000000 0.00000000000 0.00000000000 0.00000000000 0.00000000000 0.00000000000 0.00000000000 0.00000000000 0.00000000000 0.00000000000 0.00000000000 0.00000000000 0.00000000000 0.00000000000 0.00000000000 0.00000000000 0.00000000000 0.00000000000 0.00000000000 0.00000000000 0.00000000000 0.00000000000 0.00000000000 0.00000000000 0.00000000000 0.00000000000 0.00000000000 0.00000000000 0.00000000000 0.00000000000 0.00000000000
# Linf_dev:
 0.00000000000 0.00000000000 0.00000000000 0.00000000000 0.00000000000 0.00000000000 0.00000000000 0.00000000000 0.00000000000 0.00000000000 0.00000000000 0.00000000000 0.00000000000 0.00000000000 0.00000000000 0.00000000000 0.00000000000 0.00000000000 0.00000000000 0.00000000000 0.00000000000 0.00000000000 0.00000000000 0.00000000000 0.00000000000 0.00000000000 0.00000000000 0.00000000000 0.00000000000 0.00000000000 0.00000000000 0.00000000000 0.00000000000 0.00000000000 0.00000000000 0.00000000000 0.00000000000 0.00000000000 0.00000000000 0.00000000000 0.00000000000 0.00000000000 0.00000000000 0.00000000000 0.00000000000 0.00000000000 0.00000000000 0.00000000000 0.00000000000 0.00000000000 0.00000000000
# SelPars50:
2.35772537952
# SelPars95:
4.34128828990
# SelPars_dev50:
 0.00000000000 0.00000000000 0.00000000000 0.00000000000 0.00000000000 0.00000000000 0.00000000000 0.00000000000 0.00000000000 0.00000000000 0.00000000000 0.00000000000 0.00000000000 0.00000000000 0.00000000000 0.00000000000 0.00000000000 0.00000000000 0.00000000000 0.00000000000 0.00000000000 0.00000000000 0.00000000000 0.00000000000 0.00000000000 0.00000000000 0.00000000000 0.00000000000 0.00000000000 0.00000000000 0.00000000000 0.00000000000 0.00000000000 0.00000000000 0.00000000000 0.00000000000 0.00000000000 0.00000000000 0.00000000000 0.00000000000 0.00000000000 0.00000000000 0.00000000000 0.00000000000 0.00000000000 0.00000000000 0.00000000000 0.00000000000 0.00000000000 0.00000000000 0.00000000000
# SelPars_dev95:
 0.00000000000 0.00000000000 0.00000000000 0.00000000000 0.00000000000 0.00000000000 0.00000000000 0.00000000000 0.00000000000 0.00000000000 0.00000000000 0.00000000000 0.00000000000 0.00000000000 0.00000000000 0.00000000000 0.00000000000 0.00000000000 0.00000000000 0.00000000000 0.00000000000 0.00000000000 0.00000000000 0.00000000000 0.00000000000 0.00000000000 0.00000000000 0.00000000000 0.00000000000 0.00000000000 0.00000000000 0.00000000000 0.00000000000 0.00000000000 0.00000000000 0.00000000000 0.00000000000 0.00000000000 0.00000000000 0.00000000000 0.00000000000 0.00000000000 0.00000000000 0.00000000000 0.00000000000 0.00000000000 0.00000000000 0.00000000000 0.00000000000 0.00000000000 0.00000000000
