# Number of parameters = 147 Objective function value = 69484.3  Maximum gradient component = 0.000528868
# srv_sel50:
1.64210356969
# srv_sel95:
2.89347861819
# stNatLen:
 11.8709732656 11.6949861606 11.4346852357 11.2134035716 11.0356259765 10.8644481817 10.6672546384 10.4326845464 10.1685746056 9.89092073968 9.61484749122 9.35102411403 9.10565600169 8.88169272876 8.68005383506 8.50053809191 8.34238507553 8.20460115376 8.08620258939 7.98625644121 7.90400533565 7.83883623799 7.79028767116 7.75804978874 7.74193593365
# log_avg_fmort_dir:
-1.64399692563
# fmort_dir_dev:
 -2.06362033758 -1.97200175547 -1.32313092990 -1.10353690041 -0.726240781306 -0.546203785523 -0.372409505782 -0.239526423049 -0.123907981360 -0.0140961358517 0.0972816555380 0.228707601383 0.328927461670 0.305500446150 0.480072520449 0.490722438161 0.358231367539 0.405725444771 0.300665841155 0.385895247169 0.329470285527 0.263358113162 0.285457127235 0.196992318791 0.185121123034 0.237957970070 0.161275516280 0.269805339472 0.140536353597 0.100735459590 0.0970063798996 0.105638687353 0.186516839882 0.121596735220 0.119452627117 0.0653614999556 0.0465243293156 0.112638368208 0.180984980975 0.144527569921 0.0945937564456 0.0570380437935 0.0562592605792 0.158743392802 0.121911610246 0.0621490089053 0.0309259441430 0.112785048917 0.0274774812479 -0.0295062165432 0.501743607320 0.273430744133 0.383877830102 0.0488989451671 -0.0159141136313 -0.228830452305 0.0939072025763 0.00249579375307
# mean_log_rec:
11.3520519049
# rec_dev:
 0.562972350054 0.528388844698 0.511833830283 0.492135737519 0.470862152840 0.453979728380 0.432108359938 0.418273980134 0.395006859941 0.366895545066 0.339524737276 0.305406192601 0.274208644568 0.222667321611 0.160214939326 0.115254260274 0.0615564391694 0.00923569932227 -0.0497686364885 -0.0845877526034 -0.0777975560444 -0.0879083626117 -0.104008819041 -0.123453796786 -0.142104112068 -0.156583898976 -0.177852353474 -0.205205141633 -0.199655325508 -0.192406861682 -0.201431818129 -0.234354285644 -0.313645547631 -0.343551487602 -0.263681371114 -0.203124456792 -0.202285923404 -0.209850121262 -0.214323645427 -0.226690056468 -0.222709126771 -0.215904143249 -0.202285206890 -0.198671041098 -0.208497575959 -0.207200428779 -0.195573439398 -0.189018474872 -0.172740910132 -0.149207176063 -0.116624777366 -0.0976834225583 -0.0823733084421 -0.0589693975003 0.000242802633937 0.0653178903312 0.0728217335153 0.0728217099893
# log_avg_NatM:
-1.50865300000
# m_dev:
 0.00000000000 0.00000000000 0.00000000000 0.00000000000 0.00000000000 0.00000000000 0.00000000000 0.00000000000 0.00000000000 0.00000000000 0.00000000000 0.00000000000 0.00000000000 0.00000000000 0.00000000000 0.00000000000 0.00000000000 0.00000000000 0.00000000000 0.00000000000 0.00000000000 0.00000000000 0.00000000000 0.00000000000 0.00000000000 0.00000000000 0.00000000000 0.00000000000 0.00000000000 0.00000000000 0.00000000000 0.00000000000 0.00000000000 0.00000000000 0.00000000000 0.00000000000 0.00000000000 0.00000000000 0.00000000000 0.00000000000 0.00000000000 0.00000000000 0.00000000000 0.00000000000 0.00000000000 0.00000000000 0.00000000000 0.00000000000 0.00000000000 0.00000000000 0.00000000000 0.00000000000 0.00000000000 0.00000000000 0.00000000000 0.00000000000 0.00000000000 0.00000000000
# log_avg_GrowthK:
-1.61202800000
# log_avg_Linf:
4.88480300000
# GrowthK_dev:
 0.00000000000 0.00000000000 0.00000000000 0.00000000000 0.00000000000 0.00000000000 0.00000000000 0.00000000000 0.00000000000 0.00000000000 0.00000000000 0.00000000000 0.00000000000 0.00000000000 0.00000000000 0.00000000000 0.00000000000 0.00000000000 0.00000000000 0.00000000000 0.00000000000 0.00000000000 0.00000000000 0.00000000000 0.00000000000 0.00000000000 0.00000000000 0.00000000000 0.00000000000 0.00000000000 0.00000000000 0.00000000000 0.00000000000 0.00000000000 0.00000000000 0.00000000000 0.00000000000 0.00000000000 0.00000000000 0.00000000000 0.00000000000 0.00000000000 0.00000000000 0.00000000000 0.00000000000 0.00000000000 0.00000000000 0.00000000000 0.00000000000 0.00000000000 0.00000000000 0.00000000000 0.00000000000 0.00000000000 0.00000000000 0.00000000000 0.00000000000 0.00000000000
# Linf_dev:
 0.00000000000 0.00000000000 0.00000000000 0.00000000000 0.00000000000 0.00000000000 0.00000000000 0.00000000000 0.00000000000 0.00000000000 0.00000000000 0.00000000000 0.00000000000 0.00000000000 0.00000000000 0.00000000000 0.00000000000 0.00000000000 0.00000000000 0.00000000000 0.00000000000 0.00000000000 0.00000000000 0.00000000000 0.00000000000 0.00000000000 0.00000000000 0.00000000000 0.00000000000 0.00000000000 0.00000000000 0.00000000000 0.00000000000 0.00000000000 0.00000000000 0.00000000000 0.00000000000 0.00000000000 0.00000000000 0.00000000000 0.00000000000 0.00000000000 0.00000000000 0.00000000000 0.00000000000 0.00000000000 0.00000000000 0.00000000000 0.00000000000 0.00000000000 0.00000000000 0.00000000000 0.00000000000 0.00000000000 0.00000000000 0.00000000000 0.00000000000 0.00000000000
# SelPars50:
2.25431105652
# SelPars95:
4.12509239683
# SelPars_dev50:
 0.00000000000 0.00000000000 0.00000000000 0.00000000000 0.00000000000 0.00000000000 0.00000000000 0.00000000000 0.00000000000 0.00000000000 0.00000000000 0.00000000000 0.00000000000 0.00000000000 0.00000000000 0.00000000000 0.00000000000 0.00000000000 0.00000000000 0.00000000000 0.00000000000 0.00000000000 0.00000000000 0.00000000000 0.00000000000 0.00000000000 0.00000000000 0.00000000000 0.00000000000 0.00000000000 0.00000000000 0.00000000000 0.00000000000 0.00000000000 0.00000000000 0.00000000000 0.00000000000 0.00000000000 0.00000000000 0.00000000000 0.00000000000 0.00000000000 0.00000000000 0.00000000000 0.00000000000 0.00000000000 0.00000000000 0.00000000000 0.00000000000 0.00000000000 0.00000000000 0.00000000000 0.00000000000 0.00000000000 0.00000000000 0.00000000000 0.00000000000 0.00000000000
# SelPars_dev95:
 0.00000000000 0.00000000000 0.00000000000 0.00000000000 0.00000000000 0.00000000000 0.00000000000 0.00000000000 0.00000000000 0.00000000000 0.00000000000 0.00000000000 0.00000000000 0.00000000000 0.00000000000 0.00000000000 0.00000000000 0.00000000000 0.00000000000 0.00000000000 0.00000000000 0.00000000000 0.00000000000 0.00000000000 0.00000000000 0.00000000000 0.00000000000 0.00000000000 0.00000000000 0.00000000000 0.00000000000 0.00000000000 0.00000000000 0.00000000000 0.00000000000 0.00000000000 0.00000000000 0.00000000000 0.00000000000 0.00000000000 0.00000000000 0.00000000000 0.00000000000 0.00000000000 0.00000000000 0.00000000000 0.00000000000 0.00000000000 0.00000000000 0.00000000000 0.00000000000 0.00000000000 0.00000000000 0.00000000000 0.00000000000 0.00000000000 0.00000000000 0.00000000000
