# Number of parameters = 131 Objective function value = 59867.8467352153  Maximum gradient component = 0.000871464450081560
# srv_sel50:
1.67339337288
# srv_sel95:
2.98938261593
# stNatLen:
 11.8715247554 11.6863077205 11.4160450733 11.1886831300 11.0059186651 10.8294053556 10.6292254440 10.3970688995 10.1412269042 9.87601962820 9.61439280572 9.36531340118 9.13396056600 8.92278949525 8.73253306653 8.56298226750 8.41345988049 8.28311102651 8.17104858353 8.07650198687 7.99880355203 7.93733859968 7.89159533674 7.86120126215 7.84608122143
# log_avg_fmort_dir:
-1.64460222577
# fmort_dir_dev:
 -2.08595216371 -2.06499753140 -1.44680823428 -1.08195162435 -0.775462776381 -0.632429431428 -0.384561022793 -0.167002187098 -0.0736245767549 0.0844700528093 0.0926383504531 0.270949887860 0.380069171625 0.440374602601 0.501016622362 0.516342762852 0.489072713372 0.399084106135 0.360153585223 0.362500740788 0.416789005713 0.259902152215 0.344806508877 0.209629974822 0.262067704672 0.325995714436 0.183903992841 0.221102916058 0.226664631891 0.141617908803 0.104363871778 0.121856086152 0.139628591075 0.154647131740 0.224468442390 0.0739212627892 0.159926459602 0.0827224156883 0.111837697431 -0.0177675384935 0.104632594160 0.0947700805134 0.134171425280 0.0723339542179 0.0927077853119 0.116028957456 0.176617005432 0.0844919699599 0.114096052046 0.0781821972639
# mean_log_rec:
11.3718851374
# rec_dev:
 0.531107543477 0.508427606938 0.510120135944 0.502766480677 0.482761160284 0.463199433610 0.439511676169 0.412491855413 0.389774361008 0.367738787081 0.340938689224 0.301763848864 0.262657161805 0.224283522231 0.160681233745 0.0972438627725 0.0638834267147 0.0308749042445 -0.00383417593314 -0.0297593196628 -0.0435349444785 -0.0559869906931 -0.0677950434413 -0.0937512852768 -0.130248328297 -0.168053010309 -0.173944806719 -0.172274818143 -0.180884599566 -0.184795633342 -0.215509123157 -0.272627977590 -0.337712386640 -0.380098970571 -0.319484413392 -0.256726070025 -0.275119625206 -0.301655204997 -0.296669203367 -0.276267136513 -0.269502466494 -0.264930438457 -0.255981669356 -0.231363939082 -0.204776912162 -0.183969816273 -0.134101883827 -0.0889087425717 -0.109978383498 -0.109978371162
# log_avg_NatM:
-1.47890400000
# m_dev:
 0.00000000000 0.00000000000 0.00000000000 0.00000000000 0.00000000000 0.00000000000 0.00000000000 0.00000000000 0.00000000000 0.00000000000 0.00000000000 0.00000000000 0.00000000000 0.00000000000 0.00000000000 0.00000000000 0.00000000000 0.00000000000 0.00000000000 0.00000000000 0.00000000000 0.00000000000 0.00000000000 0.00000000000 0.00000000000 0.00000000000 0.00000000000 0.00000000000 0.00000000000 0.00000000000 0.00000000000 0.00000000000 0.00000000000 0.00000000000 0.00000000000 0.00000000000 0.00000000000 0.00000000000 0.00000000000 0.00000000000 0.00000000000 0.00000000000 0.00000000000 0.00000000000 0.00000000000 0.00000000000 0.00000000000 0.00000000000 0.00000000000 0.00000000000
# log_avg_GrowthK:
-1.60943800000
# log_avg_Linf:
4.88280200000
# GrowthK_dev:
 0.00000000000 0.00000000000 0.00000000000 0.00000000000 0.00000000000 0.00000000000 0.00000000000 0.00000000000 0.00000000000 0.00000000000 0.00000000000 0.00000000000 0.00000000000 0.00000000000 0.00000000000 0.00000000000 0.00000000000 0.00000000000 0.00000000000 0.00000000000 0.00000000000 0.00000000000 0.00000000000 0.00000000000 0.00000000000 0.00000000000 0.00000000000 0.00000000000 0.00000000000 0.00000000000 0.00000000000 0.00000000000 0.00000000000 0.00000000000 0.00000000000 0.00000000000 0.00000000000 0.00000000000 0.00000000000 0.00000000000 0.00000000000 0.00000000000 0.00000000000 0.00000000000 0.00000000000 0.00000000000 0.00000000000 0.00000000000 0.00000000000 0.00000000000
# Linf_dev:
 0.00000000000 0.00000000000 0.00000000000 0.00000000000 0.00000000000 0.00000000000 0.00000000000 0.00000000000 0.00000000000 0.00000000000 0.00000000000 0.00000000000 0.00000000000 0.00000000000 0.00000000000 0.00000000000 0.00000000000 0.00000000000 0.00000000000 0.00000000000 0.00000000000 0.00000000000 0.00000000000 0.00000000000 0.00000000000 0.00000000000 0.00000000000 0.00000000000 0.00000000000 0.00000000000 0.00000000000 0.00000000000 0.00000000000 0.00000000000 0.00000000000 0.00000000000 0.00000000000 0.00000000000 0.00000000000 0.00000000000 0.00000000000 0.00000000000 0.00000000000 0.00000000000 0.00000000000 0.00000000000 0.00000000000 0.00000000000 0.00000000000 0.00000000000
# SelPars50:
2.32817435300
# SelPars95:
4.30737149369
# SelPars_dev50:
 0.00000000000 0.00000000000 0.00000000000 0.00000000000 0.00000000000 0.00000000000 0.00000000000 0.00000000000 0.00000000000 0.00000000000 0.00000000000 0.00000000000 0.00000000000 0.00000000000 0.00000000000 0.00000000000 0.00000000000 0.00000000000 0.00000000000 0.00000000000 0.00000000000 0.00000000000 0.00000000000 0.00000000000 0.00000000000 0.00000000000 0.00000000000 0.00000000000 0.00000000000 0.00000000000 0.00000000000 0.00000000000 0.00000000000 0.00000000000 0.00000000000 0.00000000000 0.00000000000 0.00000000000 0.00000000000 0.00000000000 0.00000000000 0.00000000000 0.00000000000 0.00000000000 0.00000000000 0.00000000000 0.00000000000 0.00000000000 0.00000000000 0.00000000000
# SelPars_dev95:
 0.00000000000 0.00000000000 0.00000000000 0.00000000000 0.00000000000 0.00000000000 0.00000000000 0.00000000000 0.00000000000 0.00000000000 0.00000000000 0.00000000000 0.00000000000 0.00000000000 0.00000000000 0.00000000000 0.00000000000 0.00000000000 0.00000000000 0.00000000000 0.00000000000 0.00000000000 0.00000000000 0.00000000000 0.00000000000 0.00000000000 0.00000000000 0.00000000000 0.00000000000 0.00000000000 0.00000000000 0.00000000000 0.00000000000 0.00000000000 0.00000000000 0.00000000000 0.00000000000 0.00000000000 0.00000000000 0.00000000000 0.00000000000 0.00000000000 0.00000000000 0.00000000000 0.00000000000 0.00000000000 0.00000000000 0.00000000000 0.00000000000 0.00000000000
