# Number of parameters = 153 Objective function value = 73279.0  Maximum gradient component = 0.000297371
# srv_sel50:
1.52923418550
# srv_sel95:
2.58678672219
# stNatLen:
 11.4467690955 11.2745534771 11.0276167512 10.7925408108 10.5715316889 10.3463053687 10.1075224701 9.85822470154 9.60725554830 9.36335252536 9.13273396932 8.91896745828 8.72363637632 8.54708127521 8.38892441179 8.24841269218 8.12467367445 8.01685651671 7.92412853885 7.84578934568 7.78134710841 7.73037672246 7.69251473127 7.66744288564 7.65495703705
# log_avg_fmort_dir:
-1.58180872306
# fmort_dir_dev:
 -0.574922905906 -0.522450920044 -0.365884637433 -0.299422386263 -0.0469271355244 -0.0736786521528 0.0533468836322 0.120900944655 0.299046159444 0.233898427423 0.330138528058 0.473252262227 0.389214354054 0.434835617305 0.366884798948 0.386945571929 0.326093656935 0.304767244840 0.271717960047 0.234123998088 0.253019097611 0.229470989652 0.161438618543 0.236723328443 0.0806490577237 0.144687205009 0.114522885079 0.0894431950828 0.0434273547828 0.0525197888525 0.0954484496108 -0.0405072988988 -0.0152243746978 0.136756142280 -0.0921585226434 0.00100202000478 -0.0448749127662 0.0856814169898 -0.0268314975946 -0.00585635162798 0.0513616300161 0.0480566196612 -0.0363058287775 0.0559550785482 0.106124119904 -0.0614423329858 -0.517586378917 -0.433282190284 -0.607078048591 -0.521276271939 -0.212792422353 -0.367236839128 -0.208076371842 -0.308573887464 -0.358952000838 -0.183686057337 -0.186797082841 -0.244030672158 -0.0109244341906 0.0778065392124 0.0775204706066
# mean_log_rec:
11.1352824250
# rec_dev:
 0.354846427672 0.330145715806 0.327725316847 0.306417818272 0.273158525325 0.258541121627 0.248111966052 0.214263542522 0.195479053815 0.190509677091 0.138495490554 0.0679346889525 0.0183900916808 -0.0249360405129 -0.0715809659831 -0.102764602693 -0.134144650053 -0.159827159517 -0.173792017085 -0.188283161952 -0.198187236892 -0.196052355251 -0.206904137694 -0.220269875118 -0.219808787083 -0.218364334301 -0.203071591677 -0.169615811106 -0.144776558991 -0.147458566130 -0.138091591963 -0.134992290116 -0.136583808702 -0.137754429893 -0.131214152472 -0.132588555916 -0.131444719767 -0.128579605448 -0.114815035317 -0.0995470122020 -0.0950757417479 -0.0911893449074 -0.0905342969831 -0.0920420560562 -0.0635893848825 -0.0368000543721 -0.0197138989021 0.0141073557931 0.0490032350748 0.0776161692936 0.112810332814 0.132307785283 0.133040245184 0.134615221915 0.124797074548 0.112413363743 0.112342387055 0.131904036047 0.165899787912 0.164758682390 0.164758718414
# log_avg_NatM:
-1.60943800000
# m_dev:
 0.00000000000 0.00000000000 0.00000000000 0.00000000000 0.00000000000 0.00000000000 0.00000000000 0.00000000000 0.00000000000 0.00000000000 0.00000000000 0.00000000000 0.00000000000 0.00000000000 0.00000000000 0.00000000000 0.00000000000 0.00000000000 0.00000000000 0.00000000000 0.00000000000 0.00000000000 0.00000000000 0.00000000000 0.00000000000 0.00000000000 0.00000000000 0.00000000000 0.00000000000 0.00000000000 0.00000000000 0.00000000000 0.00000000000 0.00000000000 0.00000000000 0.00000000000 0.00000000000 0.00000000000 0.00000000000 0.00000000000 0.00000000000 0.00000000000 0.00000000000 0.00000000000 0.00000000000 0.00000000000 0.00000000000 0.00000000000 0.00000000000 0.00000000000 0.00000000000 0.00000000000 0.00000000000 0.00000000000 0.00000000000 0.00000000000 0.00000000000 0.00000000000 0.00000000000 0.00000000000 0.00000000000
# log_avg_GrowthK:
-1.60943800000
# log_avg_Linf:
4.88280200000
# GrowthK_dev:
 0.00000000000 0.00000000000 0.00000000000 0.00000000000 0.00000000000 0.00000000000 0.00000000000 0.00000000000 0.00000000000 0.00000000000 0.00000000000 0.00000000000 0.00000000000 0.00000000000 0.00000000000 0.00000000000 0.00000000000 0.00000000000 0.00000000000 0.00000000000 0.00000000000 0.00000000000 0.00000000000 0.00000000000 0.00000000000 0.00000000000 0.00000000000 0.00000000000 0.00000000000 0.00000000000 0.00000000000 0.00000000000 0.00000000000 0.00000000000 0.00000000000 0.00000000000 0.00000000000 0.00000000000 0.00000000000 0.00000000000 0.00000000000 0.00000000000 0.00000000000 0.00000000000 0.00000000000 0.00000000000 0.00000000000 0.00000000000 0.00000000000 0.00000000000 0.00000000000 0.00000000000 0.00000000000 0.00000000000 0.00000000000 0.00000000000 0.00000000000 0.00000000000 0.00000000000 0.00000000000 0.00000000000
# Linf_dev:
 0.00000000000 0.00000000000 0.00000000000 0.00000000000 0.00000000000 0.00000000000 0.00000000000 0.00000000000 0.00000000000 0.00000000000 0.00000000000 0.00000000000 0.00000000000 0.00000000000 0.00000000000 0.00000000000 0.00000000000 0.00000000000 0.00000000000 0.00000000000 0.00000000000 0.00000000000 0.00000000000 0.00000000000 0.00000000000 0.00000000000 0.00000000000 0.00000000000 0.00000000000 0.00000000000 0.00000000000 0.00000000000 0.00000000000 0.00000000000 0.00000000000 0.00000000000 0.00000000000 0.00000000000 0.00000000000 0.00000000000 0.00000000000 0.00000000000 0.00000000000 0.00000000000 0.00000000000 0.00000000000 0.00000000000 0.00000000000 0.00000000000 0.00000000000 0.00000000000 0.00000000000 0.00000000000 0.00000000000 0.00000000000 0.00000000000 0.00000000000 0.00000000000 0.00000000000 0.00000000000 0.00000000000
# SelPars50:
2.06804682554
# SelPars95:
3.69271701603
# SelPars_dev50:
 0.00000000000 0.00000000000 0.00000000000 0.00000000000 0.00000000000 0.00000000000 0.00000000000 0.00000000000 0.00000000000 0.00000000000 0.00000000000 0.00000000000 0.00000000000 0.00000000000 0.00000000000 0.00000000000 0.00000000000 0.00000000000 0.00000000000 0.00000000000 0.00000000000 0.00000000000 0.00000000000 0.00000000000 0.00000000000 0.00000000000 0.00000000000 0.00000000000 0.00000000000 0.00000000000 0.00000000000 0.00000000000 0.00000000000 0.00000000000 0.00000000000 0.00000000000 0.00000000000 0.00000000000 0.00000000000 0.00000000000 0.00000000000 0.00000000000 0.00000000000 0.00000000000 0.00000000000 0.00000000000 0.00000000000 0.00000000000 0.00000000000 0.00000000000 0.00000000000 0.00000000000 0.00000000000 0.00000000000 0.00000000000 0.00000000000 0.00000000000 0.00000000000 0.00000000000 0.00000000000 0.00000000000
# SelPars_dev95:
 0.00000000000 0.00000000000 0.00000000000 0.00000000000 0.00000000000 0.00000000000 0.00000000000 0.00000000000 0.00000000000 0.00000000000 0.00000000000 0.00000000000 0.00000000000 0.00000000000 0.00000000000 0.00000000000 0.00000000000 0.00000000000 0.00000000000 0.00000000000 0.00000000000 0.00000000000 0.00000000000 0.00000000000 0.00000000000 0.00000000000 0.00000000000 0.00000000000 0.00000000000 0.00000000000 0.00000000000 0.00000000000 0.00000000000 0.00000000000 0.00000000000 0.00000000000 0.00000000000 0.00000000000 0.00000000000 0.00000000000 0.00000000000 0.00000000000 0.00000000000 0.00000000000 0.00000000000 0.00000000000 0.00000000000 0.00000000000 0.00000000000 0.00000000000 0.00000000000 0.00000000000 0.00000000000 0.00000000000 0.00000000000 0.00000000000 0.00000000000 0.00000000000 0.00000000000 0.00000000000 0.00000000000
