# Number of parameters = 123 Objective function value = 54952.9  Maximum gradient component = 7.01089e-005
# srv_sel50:
1.51326345422
# srv_sel95:
2.54367332658
# stNatLen:
 11.4826732264 11.3161647310 11.0650808230 10.8234136643 10.6010203263 10.3793307545 10.1444191845 9.89546849667 9.64014357521 9.38795274186 9.14654057999 8.92079780238 8.71328400389 8.52495858732 8.35580591138 8.20528234009 8.07261601049 7.95694970755 7.85745143060 7.77335659490 7.70401849576 7.64901789369 7.60809581910 7.58096461535 7.56740835446
# log_avg_fmort_dir:
-1.50047014647
# fmort_dir_dev:
 -0.811283665882 -0.626273169098 -0.598002936114 -0.322233456040 -0.139381236133 -0.0383719930628 0.0688554618513 0.0831988342218 0.162705132265 0.273619689449 0.426863898711 0.441857317958 0.308742325976 0.346507775442 0.202940706298 0.257250796568 0.315408823812 0.185459173110 0.213797364094 0.151291049215 0.169207706077 0.116377847107 0.130312222073 0.0868986313892 0.0857642305022 -0.00689258762833 -0.00768304555369 0.00304652273456 -0.0409120163323 -0.132259090687 -0.0256319455580 -0.0822704109992 -0.206784149223 -0.0584051859883 0.00170115580671 -0.115707128832 -0.0249659360370 -0.151721732598 -0.0732518310012 -0.0750211997046 -0.0576994664352 -0.0964711641840 -0.173651893776 -0.0693976975362 -0.0660231032177 -0.0315106230386
# mean_log_rec:
11.1057670931
# rec_dev:
 0.445931629886 0.429236147865 0.416724300265 0.383291571370 0.358562093600 0.343451976174 0.328095496528 0.313596712868 0.274605302106 0.219008007767 0.160806968060 0.0980950596999 0.0427369246771 0.0110776744694 -0.0135846421591 -0.0633296917032 -0.101336069967 -0.115850986038 -0.126679307526 -0.135227706295 -0.159472999584 -0.185153710985 -0.200315316874 -0.206312928126 -0.218428572325 -0.211112060833 -0.189909046383 -0.169865639691 -0.143731307471 -0.147035024542 -0.123294315337 -0.0805964230627 -0.0657263821710 -0.0617846717888 -0.0701449378674 -0.0938597937103 -0.0831811890516 -0.0832674516456 -0.108371810864 -0.130049073272 -0.114214327025 -0.0962907188608 -0.0816005992234 -0.0736439357788 -0.0859245975979 -0.0859246275752
# log_avg_NatM:
-1.60943800000
# m_dev:
 0.00000000000 0.00000000000 0.00000000000 0.00000000000 0.00000000000 0.00000000000 0.00000000000 0.00000000000 0.00000000000 0.00000000000 0.00000000000 0.00000000000 0.00000000000 0.00000000000 0.00000000000 0.00000000000 0.00000000000 0.00000000000 0.00000000000 0.00000000000 0.00000000000 0.00000000000 0.00000000000 0.00000000000 0.00000000000 0.00000000000 0.00000000000 0.00000000000 0.00000000000 0.00000000000 0.00000000000 0.00000000000 0.00000000000 0.00000000000 0.00000000000 0.00000000000 0.00000000000 0.00000000000 0.00000000000 0.00000000000 0.00000000000 0.00000000000 0.00000000000 0.00000000000 0.00000000000 0.00000000000
# log_avg_GrowthK:
-1.60943800000
# log_avg_Linf:
4.88280200000
# GrowthK_dev:
 0.00000000000 0.00000000000 0.00000000000 0.00000000000 0.00000000000 0.00000000000 0.00000000000 0.00000000000 0.00000000000 0.00000000000 0.00000000000 0.00000000000 0.00000000000 0.00000000000 0.00000000000 0.00000000000 0.00000000000 0.00000000000 0.00000000000 0.00000000000 0.00000000000 0.00000000000 0.00000000000 0.00000000000 0.00000000000 0.00000000000 0.00000000000 0.00000000000 0.00000000000 0.00000000000 0.00000000000 0.00000000000 0.00000000000 0.00000000000 0.00000000000 0.00000000000 0.00000000000 0.00000000000 0.00000000000 0.00000000000 0.00000000000 0.00000000000 0.00000000000 0.00000000000 0.00000000000 0.00000000000
# Linf_dev:
 0.00000000000 0.00000000000 0.00000000000 0.00000000000 0.00000000000 0.00000000000 0.00000000000 0.00000000000 0.00000000000 0.00000000000 0.00000000000 0.00000000000 0.00000000000 0.00000000000 0.00000000000 0.00000000000 0.00000000000 0.00000000000 0.00000000000 0.00000000000 0.00000000000 0.00000000000 0.00000000000 0.00000000000 0.00000000000 0.00000000000 0.00000000000 0.00000000000 0.00000000000 0.00000000000 0.00000000000 0.00000000000 0.00000000000 0.00000000000 0.00000000000 0.00000000000 0.00000000000 0.00000000000 0.00000000000 0.00000000000 0.00000000000 0.00000000000 0.00000000000 0.00000000000 0.00000000000 0.00000000000
# SelPars50:
2.07367857835
# SelPars95:
3.72071400257
# SelPars_dev50:
 0.00000000000 0.00000000000 0.00000000000 0.00000000000 0.00000000000 0.00000000000 0.00000000000 0.00000000000 0.00000000000 0.00000000000 0.00000000000 0.00000000000 0.00000000000 0.00000000000 0.00000000000 0.00000000000 0.00000000000 0.00000000000 0.00000000000 0.00000000000 0.00000000000 0.00000000000 0.00000000000 0.00000000000 0.00000000000 0.00000000000 0.00000000000 0.00000000000 0.00000000000 0.00000000000 0.00000000000 0.00000000000 0.00000000000 0.00000000000 0.00000000000 0.00000000000 0.00000000000 0.00000000000 0.00000000000 0.00000000000 0.00000000000 0.00000000000 0.00000000000 0.00000000000 0.00000000000 0.00000000000
# SelPars_dev95:
 0.00000000000 0.00000000000 0.00000000000 0.00000000000 0.00000000000 0.00000000000 0.00000000000 0.00000000000 0.00000000000 0.00000000000 0.00000000000 0.00000000000 0.00000000000 0.00000000000 0.00000000000 0.00000000000 0.00000000000 0.00000000000 0.00000000000 0.00000000000 0.00000000000 0.00000000000 0.00000000000 0.00000000000 0.00000000000 0.00000000000 0.00000000000 0.00000000000 0.00000000000 0.00000000000 0.00000000000 0.00000000000 0.00000000000 0.00000000000 0.00000000000 0.00000000000 0.00000000000 0.00000000000 0.00000000000 0.00000000000 0.00000000000 0.00000000000 0.00000000000 0.00000000000 0.00000000000 0.00000000000
