#True quantities 
# 
#recruitment 
NA 100145.4 99524.82 98911.53 98004.98 96799.4 95381.87 93559.24 91814.61 89440.02 87079.92 84355.43 81519.77 78447.06 75311.18 71890.09 68546.7 66015.23 63785.56 61871.34 60380.27 59415.89 58362.08 57649.49 57015.86 56621.99 56494.35 56448.48 56539.82 56576.2 56722.17 57033.68 57393.56 57914.2 58424.73 72657.4 71759.29 71159.68 70775.79 71191.46 71478.87 71734.82 72001.15 72146.6 72249.01 72519.4 72479.94 72662.88 72869.38 72907.76 73023.76 71564.47 71690.02 71652.13 71180.62 71180.3 71237.59 71635.12 72546.71 73674.61 73556.56 72862.16 71583.94 70064.36 68810.46 69719.08 69791.51 71016.75 71368.9 71710.78 
NA 99945.27 99557.07 99018.93 98056.97 96804.34 95496.18 93635.92 91548.97 89420.81 86812.94 84210.54 81196.16 78099.57 74754.8 71486.68 68267.65 65598.27 63647.75 61869.76 60209.19 59236.22 58249.77 57636.02 57116.75 56890.33 56584.46 56382.36 56394.57 56503.18 56783.66 57036.98 57448.94 57816.9 58297.49 72788.29 71902.6 71230.04 71079.56 71260.34 71241.82 71740.81 71807.62 72104.99 72303.38 72484.8 72634.6 72941.54 72749.29 72913.31 73152.32 72309.21 71257.4 70519.01 69976.38 71387.84 71144.71 71369.8 71794.63 72534.94 73148.35 73607.45 73175.66 73354.57 73158.07 73624 74160.4 74393.76 74892.68 75010.65 
NA 100050 99465.42 99053.1 98031.28 96889.14 95534.73 93838.69 91600.51 89422.93 86880.91 84063.65 81258.78 78347.66 74917 71622.48 68337.43 65670.43 63328.44 61683.37 60152.98 59080.66 57987.65 57505.4 57196.65 56808.77 56450.64 56339.96 56286.02 56642.05 56859.14 57187.1 57520.61 57797.49 58421.18 72881.99 71992.17 71207.56 71073.3 70987.01 71394.3 71545.63 71923.51 72215.1 72194.15 72434.88 72760.08 72687.42 72951.2 72925.18 73095.68 70955.1 69810.74 68692.18 69605.73 70427.99 71508.96 71329.8 70340.88 69131.1 68610.85 69323.2 69885.76 70650.16 71133.86 72263.31 72559.79 72918.7 72745.13 72416.94 
NA 100129.8 99558.8 99021.04 98078.01 96767.7 95396.11 93737.17 91612.66 89513.55 86860.42 84175.82 81158.65 78132.83 74941.78 71467.43 68364.67 65999.55 63707.93 61806.05 60225.26 59189.4 58194.41 57506.38 57029.68 56615.33 56408.21 56453.65 56465.28 56514.36 56633.49 56986.82 57303.46 57797.01 58310.43 72789.82 71906.27 71117.06 71067.35 71188.97 71377.11 71801.98 72040.97 72171.79 72285.4 72429.64 72651.95 72803.62 72767.61 72975.46 72987.76 70800.88 68590.19 68979.82 70025.96 70579.59 69364.5 70055.02 70589.89 69190.68 68781.25 69243.49 70616.96 71667.66 72217.19 73006.36 74020.52 74549.66 74146.38 72927.77 
NA 100175.6 99593.51 98843.39 98221.96 96944.51 95501.01 93677.81 91693.86 89564.18 86984.56 84323.7 81337.78 78212.93 75159.44 71763.32 68438.95 65848.5 63788.96 61876.53 60442.96 59248.23 58248.43 57547.41 57125.62 56655.13 56536.01 56398.86 56225.07 56515.46 56786.88 56974.37 57426.77 57725.96 58499.76 72799.63 71848.88 71173.81 71097.55 70958.54 71276.72 71656.26 71968.89 72073.49 72306.03 72511.09 72514.9 72716.01 72917.17 73021.3 73031.03 73149.44 72597.97 73602.56 73664.31 75011.06 75580.63 75701.93 75517.77 75388.99 75375.34 75085.77 74622.49 74061.03 73877.49 73591.31 72803.86 73266.19 72692.44 71955.02 
NA 100032.5 99759.17 98912.33 98273.82 96988.28 95437.28 93621.07 91862.38 89306.32 86868.46 84156.85 81253.84 78360.82 74967.5 71642.11 68443.07 65697.87 63457.4 61764.41 60304.87 59301.72 58442.14 57517.37 57133.12 56629.23 56468.44 56525.94 56372.61 56431.58 56730.08 56965.84 57374.33 57814.48 58377.98 72819.49 72016.02 71199.12 71112.99 71165.42 71434.43 71589.77 71773.39 72076.98 72430.45 72633.69 72727.12 72783.18 72926.3 73067.3 72967.77 71884.72 71367.54 70995.65 70028.92 70400.42 71812.63 70847.18 71571.12 71867.39 72094.09 72842.89 73001.2 73776.84 74465.55 74458.26 74031.73 73525.34 73455.05 72165.1 
NA 99797.01 99667.43 99151.07 98050.43 96939.19 95492.09 93669.09 91849.12 89662.5 87038.13 84325.85 81437.93 78361.17 75109.31 71540.06 68244.87 65667.04 63484.33 61830 60384.21 59162.25 58464.41 57763.76 57033.63 56686.16 56570.15 56460.41 56455.86 56597.82 56864.69 57108.72 57265 57801.21 58411.3 72797.65 71941.9 71367.89 71009.74 71165.81 71399.35 71602.28 71870.48 72100.99 72311.47 72497.75 72762.9 72791.51 72785.85 73019.88 73053.85 71171.44 70785.77 70354.76 70050.95 69141.49 67881.81 68771.91 70345.19 69906.71 70541.86 69564.53 69673.19 69680.76 70589.88 71635.6 71644.72 71563.63 71360.32 71967 
NA 99866.48 99497.99 99170.37 97935.61 96706.78 95422.86 93461.45 91740.26 89296.34 86887.32 84113.73 81195.4 78057.28 74895.85 71459.9 68398.54 65579.92 63617.66 61869.1 60278.11 59259.85 58333 57633.71 57226.84 56836.28 56531.81 56338.79 56555.08 56653.94 56790.1 57056.84 57328.16 57886.49 58407.34 72862.35 71905.58 71107.64 71033.65 71328.76 71321.6 71639.08 71899.06 72094.32 72272.58 72507.37 72583.28 72811.98 72932.61 72968.01 73149.27 72107.57 70208.27 69571.51 68707.31 68361.14 66512.5 65690.22 67794.99 68081.97 68353.92 68262.71 67774.28 68495.64 70148.99 71088.07 71204.82 70240.53 69997.13 70883.27 
NA 99975.5 99731.15 98897.33 97958.05 96809.37 95485.64 93602.59 91938.05 89519.79 86798.9 84246.66 81382.82 78220.3 75122.53 71766.94 68454.54 66009.71 63914.77 62120.38 60754.63 59465.62 58600.66 57847.84 57206.32 56789.5 56658.12 56519.74 56607.63 56726.24 57098.65 57281.35 57520.1 58078.9 58655.28 73026.94 72130.18 71480.67 71204.58 71402.93 71484.06 71771.02 72038.41 72278.22 72419.86 72423.17 72627.96 72901.38 72958.42 73050.84 73166.47 73059.26 74085.47 73135.48 71342.39 70020.36 69738.97 70948.09 71831.49 72645.08 72528.12 72393.4 72218.98 72578.26 73037.28 72316.63 71752.72 71741.38 70930.34 70042.41 
NA 100188.1 99552.73 98890.94 97851.51 96805.09 95411.09 93616.08 91617.52 89455.39 86896.95 84273.73 81272.57 78289.81 75009.05 71695.88 68406.61 65585.28 63604.47 61810.27 60242.04 59079.57 58165.49 57526.82 56920.01 56559.6 56272.04 56363.67 56181.99 56242.75 56646.24 56867.49 57145.8 57556.63 58027.27 72496.99 71799.88 70923.78 70758.75 71069.83 71279.42 71497.64 71817.25 71991.74 72154.3 72538.39 72668.78 72807.86 72760.45 73092.6 73222.39 71159.28 69949.29 67591.59 67614.74 68689.57 69609.36 70429.24 70364.03 71309.91 NA NA NA NA NA NA NA NA NA NA 
#Catch 
NA 96692.45 154812.5 203805.7 243131.7 274115.4 294762.1 302361 302860.9 293070.1 292164.2 274197.3 264224.5 248112.2 235082 214651.1 186584.1 170049.6 153735.7 142378.6 131009.4 124632 120002.3 116057.5 109425.5 105171.9 101876.6 101796.5 99551.24 99835.52 96106.84 95974.62 95630.56 95120.05 95568.31 91965.74 88931.78 87011.52 84876.65 86350.01 85380.98 88222.31 89928.33 89374.19 90154.29 92718.09 92232.29 89452.43 91240.64 91148.94 117554 93954.3 90223.2 102098 94666.2 90531.6 81583.6 78688.1 72965.9 95468.6 105269 116922 117370 108189 80546.6 89126.6 71454.9 86070.8 87355.6 102559 
NA 97695.73 153684.6 205365 245524.7 272731.2 292993.5 304992.5 304953.9 302369.5 285329.7 280274.4 262881.1 250155.9 233230.1 211880.4 185175.1 164435 152452.6 142370.8 131021.4 124495.4 117948.7 113293.5 107634.4 106937.7 105002 102369 98148.52 98257.39 96359.05 97341.44 95175.84 95403.11 94536.89 91159.16 89052.39 86685.83 86680.43 86805.33 86478.97 89047.22 88233.35 89772.24 88455.14 91053.27 90731.18 92062.54 90315.63 92314.81 106942 111527 103743 100903 69100.8 97720.9 87797.8 81736.5 81064.6 85116.2 80574.8 102466 92919.6 95489.1 84878.3 86075.1 88802.2 85625.7 91413.7 77322.8 
NA 97120.65 153936 203495.9 247525.8 274741.1 289950.8 304693.5 305964.4 302275.5 290823 274855.5 260798.5 249663.5 232826.1 213937.4 188470.3 168094.5 151362.2 140643 132404.6 123687.6 116364.1 111282.9 109192.2 106678.2 103222.2 102587 97600.64 98048.95 97026.15 96028.72 95970.97 95084.85 93650.89 92248.23 89816.27 86251.76 87227.23 87633.93 87454.19 86914.77 87438.14 89793.1 89843.27 90950.49 90510.04 90763.21 92699.02 93323.97 128966 110568 105133 77328.7 79936.4 73367.3 97136.4 104060 112735 95569.6 81687.7 79296.2 80747.6 82142.6 72229.9 86032.5 88390.4 96098.3 97088.8 115891 
NA 97520.28 155374.3 205980.5 241400.2 273827.3 294360.3 302928.7 302128.2 303079.4 288445.7 278974.6 262021.6 251624.6 235394.7 208785.2 183667.3 167075.9 155805.9 141019.8 131483.5 125018 118096.1 112825.9 108908.4 105510.7 102505.5 102770.8 100321.6 98785.71 95923.87 95766.94 96365.56 94393.01 93563.91 91474.29 88891.72 86627.32 86403.1 85408.46 88024.77 86358.57 91068.58 90518.28 89140.22 89525.47 91053.8 92600.37 91265.21 91407.57 132276 124848 83528.1 77523.7 83508.4 109135 79348.4 82560.3 111757 97095.7 82114.4 69409 75140.3 81374.4 80864.5 70328.8 84893.5 102573 113860 101744 
NA 97567.46 152744.7 204439 244789.3 275364 294417.7 298065 301857.9 293828.7 292826.9 284680.6 263592.2 244836.2 234261.2 214383.3 186505.7 166967.5 154122.9 141832.3 131739.4 126019.1 118862.8 111450 111730.4 106198.3 103604.8 101722.5 98987.99 97034.82 96737.34 96480.16 95848.33 93969.68 94793.11 92831.7 88529.96 86050.93 87624.18 85951.07 86195.6 87113.62 90004.43 88845.66 89746.1 91280.3 89226.11 91661.09 93020.68 91720.39 90836.6 106384 74195.1 93186.8 70066.8 82806.7 89588.6 98809.6 99638.6 97177.1 98957.5 106242 106167 97324.6 99633.7 108633 85718.7 106508 106240 85709.9 
NA 95594.97 153408.6 206700.9 241843.3 276806.6 297557.3 298751.7 305548.2 298469.9 291546.7 272995.5 261406.1 252603.2 235980.7 212217.5 187999.1 166786.8 152251.2 139759.6 130810.7 124701.6 119096.4 113229.7 110535 104668.8 103527.9 103045.2 99372.84 99085.98 96702.27 95111.64 94008.94 95476.64 93854.53 91968.58 89931.42 86000.02 87329.63 85785.25 88781.25 86993.16 88929.23 88839.98 89310.68 89835.31 90832.2 91461.06 91912.41 93097.96 112445 104089 97441.6 107536 86882.3 68375.3 106574 80720.4 88754.1 85684.6 82770.3 88953.4 79887 79857.1 93202.6 106511 99168.3 96198.5 118178 115390 
NA 95793.7 154091.8 203818.4 246965.2 271275.5 286557.1 297116.2 306372.8 302658.3 287804.9 278845.1 265718.4 250978.7 236848.9 215434.1 186395.7 166692.9 149511.2 140106.9 132254.5 124303 118116.1 114636.9 109524.1 106263.4 103853.5 101674.1 99795.05 97472.6 97828.46 97042.62 94632.09 95442.45 94116.72 90792.43 88577.99 87174.94 86562.51 86408.61 88294.98 89022.01 87811.56 89249.25 89028.93 91435.53 90593.19 91715.91 90744.1 92381.01 124337 98873.9 98999.9 97653.4 107566 106871 77606.5 68721.1 93778 80213.2 107087 87393.7 89427.2 78229.6 72920.5 92103.6 92872.5 95664.1 81379.1 111412 
NA 96550.77 154706.2 206131.6 247389.4 273382.6 293820.4 302288.1 303161.3 296572.8 292243.3 282388.6 261453.8 245366.3 235263.2 211548.9 186741.7 163453.4 154861.5 141289.1 130364.7 124364.8 117736.2 112985.6 109740.9 107261 103957.4 101202.6 98873.75 98352.68 97607.99 97445.08 93995.85 96374.47 92832.45 92758.5 89578.24 85775.86 85562.18 87614.45 87709.92 87981.49 88663.57 88854.92 89976.34 89697.46 90996.61 91557.4 91388.15 92824.28 109336 125123 101234 104472 95410.5 116127 96665.9 60307.7 84074.2 84283.6 89080.5 96111.2 78021.6 65490.1 75013.5 89465.5 105060 94645.1 76681.7 82434.8 
NA 96277.71 154377.8 202297.6 246964.1 271423.4 292198 300846.9 304691.5 299582.1 288426.1 277890.1 265109.3 248549 233375.9 212833.2 184901.7 166760.2 153377.2 142029 133085.8 125014.4 119404.4 115345.1 110209.7 106454.8 103058 101226.1 99665.09 98263.57 98166.18 96873.95 96117.87 94024.59 95196.59 92909.97 88331.68 86375.08 87177.38 87961.24 87590 88114.4 88684.17 90822.3 90296.34 90560.83 91430.92 90774.25 90702.05 91688.67 95878.5 74734.4 112680 122546 114312 96279.7 73478.9 78456.9 75936.7 97604.2 94068.5 95124.4 88591.3 83985.5 107002 100851 94428.2 105649 105187 78918.3 
NA 95493.52 153962.1 206405.7 243778 272634.9 294955.6 302899.4 301910.9 300207.1 292029.6 279049.9 260603.5 249144.9 234443.9 211784.2 188565.3 166125.9 153072.6 141967.2 130662.7 124969.5 116786 113468.4 110796.4 106185.9 103418.7 100964 100123.8 96236.35 98242.33 96494.71 95172.92 95342.55 93034.73 91056.41 88468.31 85704.36 85181.41 85831.26 87557.62 87513.2 87837.65 89165.12 88787.1 90250.21 91254.72 90009.33 92028.37 91014.17 129525 110917 124440 90046.4 75212.7 76488.1 78607.7 89533.4 75995.5 92521 NA NA NA NA NA NA NA NA NA NA 
#fishing mortality 
0.01 0.03 0.05 0.07 0.09 0.11 0.13 0.15 0.17 0.19 0.21 0.23 0.25 0.27 0.29 0.3 0.295 0.29 0.285 0.28 0.275 0.27 0.265 0.26 0.255 0.25 0.245 0.24 0.235 0.23 0.225 0.22 0.215 0.21 0.205 0.2 0.2 0.2 0.2 0.2 0.2 0.2 0.2 0.2 0.2 0.2 0.2 0.2 0.2 0.2 0.2615808 0.2157009 0.2071808 0.2360328 0.2219375 0.2125732 0.1888807 0.1769235 0.1577111 0.2016202 0.2253566 0.2606282 0.2775999 0.2702079 0.2034764 0.221239 0.1724732 0.2009347 0.2012521 0.2378792 
0.01 0.03 0.05 0.07 0.09 0.11 0.13 0.15 0.17 0.19 0.21 0.23 0.25 0.27 0.29 0.3 0.295 0.29 0.285 0.28 0.275 0.27 0.265 0.26 0.255 0.25 0.245 0.24 0.235 0.23 0.225 0.22 0.215 0.21 0.205 0.2 0.2 0.2 0.2 0.2 0.2 0.2 0.2 0.2 0.2 0.2 0.2 0.2 0.2 0.2 0.2345064 0.2536775 0.2449523 0.2445896 0.1651535 0.2279111 0.2047891 0.1875511 0.1813357 0.1860841 0.1721639 0.217657 0.1993169 0.2052921 0.1812533 0.1804059 0.1832153 0.1738951 0.1831306 0.1516771 
0.01 0.03 0.05 0.07 0.09 0.11 0.13 0.15 0.17 0.19 0.21 0.23 0.25 0.27 0.29 0.3 0.295 0.29 0.285 0.28 0.275 0.27 0.265 0.26 0.255 0.25 0.245 0.24 0.235 0.23 0.225 0.22 0.215 0.21 0.205 0.2 0.2 0.2 0.2 0.2 0.2 0.2 0.2 0.2 0.2 0.2 0.2 0.2 0.2 0.2 0.2911798 0.2668589 0.2651262 0.1956155 0.1956016 0.1727459 0.2244094 0.2454184 0.2778106 0.2447169 0.2088822 0.1975694 0.1954879 0.1940204 0.1650284 0.1905792 0.1933742 0.2100008 0.214087 0.2636091 
0.01 0.03 0.05 0.07 0.09 0.11 0.13 0.15 0.17 0.19 0.21 0.23 0.25 0.27 0.29 0.3 0.295 0.29 0.285 0.28 0.275 0.27 0.265 0.26 0.255 0.25 0.245 0.24 0.235 0.23 0.225 0.22 0.215 0.21 0.205 0.2 0.2 0.2 0.2 0.2 0.2 0.2 0.2 0.2 0.2 0.2 0.2 0.2 0.2 0.2 0.298924 0.308189 0.2144568 0.1940278 0.2027135 0.2671807 0.1964855 0.1998066 0.2738998 0.246881 0.2092613 0.17067 0.1760956 0.1843585 0.1785952 0.1497476 0.1745452 0.2104329 0.2407585 0.2224363 
0.01 0.03 0.05 0.07 0.09 0.11 0.13 0.15 0.17 0.19 0.21 0.23 0.25 0.27 0.29 0.3 0.295 0.29 0.285 0.28 0.275 0.27 0.265 0.26 0.255 0.25 0.245 0.24 0.235 0.23 0.225 0.22 0.215 0.21 0.205 0.2 0.2 0.2 0.2 0.2 0.2 0.2 0.2 0.2 0.2 0.2 0.2 0.2 0.2 0.2 0.1963488 0.2322744 0.1612089 0.1977956 0.1448247 0.1645375 0.1745108 0.1918609 0.1950107 0.1915012 0.1961117 0.2135839 0.2183919 0.2033007 0.2097749 0.2332745 0.1855177 0.2312321 0.2370721 0.1928202 
0.01 0.03 0.05 0.07 0.09 0.11 0.13 0.15 0.17 0.19 0.21 0.23 0.25 0.27 0.29 0.3 0.295 0.29 0.285 0.28 0.275 0.27 0.265 0.26 0.255 0.25 0.245 0.24 0.235 0.23 0.225 0.22 0.215 0.21 0.205 0.2 0.2 0.2 0.2 0.2 0.2 0.2 0.2 0.2 0.2 0.2 0.2 0.2 0.2 0.2 0.248346 0.2382638 0.2277888 0.2575948 0.2112058 0.160865 0.2467707 0.187684 0.202935 0.1935871 0.1835033 0.1939733 0.1709068 0.165821 0.1901306 0.2195222 0.2083895 0.2039626 0.2575979 0.265317 
0.01 0.03 0.05 0.07 0.09 0.11 0.13 0.15 0.17 0.19 0.21 0.23 0.25 0.27 0.29 0.3 0.295 0.29 0.285 0.28 0.275 0.27 0.265 0.26 0.255 0.25 0.245 0.24 0.235 0.23 0.225 0.22 0.215 0.21 0.205 0.2 0.2 0.2 0.2 0.2 0.2 0.2 0.2 0.2 0.2 0.2 0.2 0.2 0.2 0.2 0.278229 0.2316735 0.2362108 0.2366432 0.2677566 0.2777721 0.203696 0.1727796 0.229223 0.1942154 0.2608869 0.2169726 0.2212323 0.1904202 0.1708999 0.2106568 0.212586 0.2203899 0.186346 0.2571954 
0.01 0.03 0.05 0.07 0.09 0.11 0.13 0.15 0.17 0.19 0.21 0.23 0.25 0.27 0.29 0.3 0.295 0.29 0.285 0.28 0.275 0.27 0.265 0.26 0.255 0.25 0.245 0.24 0.235 0.23 0.225 0.22 0.215 0.21 0.205 0.2 0.2 0.2 0.2 0.2 0.2 0.2 0.2 0.2 0.2 0.2 0.2 0.2 0.2 0.2 0.2408095 0.2913092 0.248877 0.2648664 0.2478448 0.3142785 0.2754211 0.1681064 0.2231827 0.2203831 0.231745 0.2529505 0.2052123 0.1650516 0.1796206 0.2093677 0.2494721 0.2303969 0.1849438 0.193096 
0.01 0.03 0.05 0.07 0.09 0.11 0.13 0.15 0.17 0.19 0.21 0.23 0.25 0.27 0.29 0.3 0.295 0.29 0.285 0.28 0.275 0.27 0.265 0.26 0.255 0.25 0.245 0.24 0.235 0.23 0.225 0.22 0.215 0.21 0.205 0.2 0.2 0.2 0.2 0.2 0.2 0.2 0.2 0.2 0.2 0.2 0.2 0.2 0.2 0.2 0.2071059 0.1587004 0.2384103 0.2730188 0.2710506 0.2366368 0.1779275 0.1822944 0.1698407 0.214712 0.2083864 0.2118916 0.1971662 0.1841837 0.2353187 0.2273362 0.2155861 0.2453266 0.2520954 0.1897556 
0.01 0.03 0.05 0.07 0.09 0.11 0.13 0.15 0.17 0.19 0.21 0.23 0.25 0.27 0.29 0.3 0.295 0.29 0.285 0.28 0.275 0.27 0.265 0.26 0.255 0.25 0.245 0.24 0.235 0.23 0.225 0.22 0.215 0.21 0.205 0.2 0.2 0.2 0.2 0.2 0.2 0.2 0.2 0.2 0.2 0.2 0.2 0.2 0.2 0.2 0.2905236 0.2660365 0.3195153 0.2426558 0.1991052 0.1944683 0.1928639 0.2157238 0.179829 0.2152249 NA NA NA NA NA NA NA NA NA NA 
#spawning biomass 
3634688 3531043 3369858 3165163 2930790 2678277 2419990 2169956 1934553 1722950 1522556 1349412 1191849 1054116 930468.6 827690.9 754179.6 696290.5 653497.6 620341.8 597239.5 578753.6 563158.3 550044.3 543112.6 540222.4 540585.8 540570.2 542954 544987.9 551745.7 559253.5 567802.9 577752.6 588108.9 568919.6 554239.2 550460.8 554349.7 559424.2 567052.9 572043.6 575231 579269.5 582614.4 582953.4 583912.6 588490.8 591181.8 594145.7 594145.7 564724.6 562776.3 566176.4 554829.1 551782.8 553820.1 567038.7 584489.8 609453.2 607367.1 592633.7 563268.9 532345 511697.8 524760.2 527854.2 552100.7 559251.2 564357.3 
3634688 3529968 3369974 3163451 2926507 2675714 2419608 2166935 1929538 1707826 1515196 1335364 1179189 1038895 916900.9 816779.1 744225.6 692425.9 650897.2 617334.7 593815.5 575136.6 561701.2 551875 547342.8 542591.7 539197.7 538373.2 542428 546484.4 553043.7 558853.2 567838.2 577419.2 589026.3 570763.1 555891 552548.6 554332.9 558900.4 565366.8 569361.5 574516.3 578086.1 583403.6 585842.4 588787.2 590290.6 594120.4 595790 595790 579365.1 556408.5 542315.1 531368.4 559438.1 553429.2 558156.8 570915.2 585107.4 594737.8 610154.8 599424.5 599800.4 597596.6 608517.5 618733.4 625762.1 636811.6 641222.9 
3634688 3530584 3370328 3165848 2926642 2673632 2420874 2168589 1930178 1708760 1510096 1336476 1182914 1043331 922028.4 819809.2 743489.4 687164.7 646628.8 615014.3 589566.9 571431.9 559643.8 552106.9 545504.6 540735 539381.7 538284.5 542907.8 547149.4 552822.9 560266.7 568511.5 578687.3 591612.5 572155.8 556426.6 553666.3 554872.4 558407.6 563508.8 569891.1 576080.2 579626.4 583295.9 585807 588932.3 592014.8 592960.1 593158 593158 549525.9 526171.4 509348.2 526332.2 540968.8 563396.9 556879.8 540837.1 513649.2 506740.4 517384.6 531532.5 544031.3 555008 578623.6 586394.1 591291.8 587171.4 581874.5 
3634688 3530156 3368404 3161452 2929190 2677285 2419708 2169234 1934833 1712252 1516041 1337621 1182449 1040446 915804.6 819271.3 748841.2 694187.7 648706.9 616829.4 592912.1 573612 559929.2 550563.9 544317.4 540995.8 540517.7 539129.2 540275 543326.1 550180.4 557816.8 565311.4 575926.4 588611 569996.4 555331.3 552089 554210.3 560461.4 565051.5 572265.4 574124.4 576762.3 581338.9 585748.8 588464.2 589357.3 591976.5 594621.6 594621.6 547013.9 505763 514577 532117.4 542082.3 519672.9 532644.2 543197.3 517530.5 508285.4 517994.8 544250.1 564423.1 577132.7 590852 618368.2 629376.4 618911.8 594275.6 
3634688 3530106 3371189 3165825 2929690 2675923 2418330 2173394 1939432 1727156 1525998 1340872 1183633 1049477 926661.8 823970.5 750262.2 695815.9 652504.3 619843.7 595764.7 575423.6 560971.1 553437.3 543962.4 539695.6 537766.9 537572.2 540501.3 545879.3 551871.2 558653 566808 578058.8 589391.9 569094.2 554879.9 552376.1 553052 558620.8 565397 571629.4 574615.3 579180.8 582951.7 585023.9 589787 591855.8 592263.3 594337.9 594337.9 597766.7 582277.8 605648.3 607310 636838.2 652147.7 659053.9 654873.4 649577 647370.7 643188.3 630089.1 616626.4 613670.6 608010 590864.7 601011.8 586299.7 570530.9 
3634688 3532219 3372449 3164488 2931590 2676296 2415379 2169843 1931937 1714703 1515265 1343615 1189276 1046204 920978.4 820527 744790.8 690189.3 648866.8 618536.2 595432.5 576593.4 561835 552123.6 544065.1 541805.4 540233.6 538530.8 540912.8 543751 549619.4 557949.7 568432.9 578017 590471.2 571235.7 555290 552779.8 553872.2 559717.1 563408.1 569826 574278.9 578949.8 583216.7 587109.9 590096.4 592524 594513.7 595122.2 595122.2 571944.7 557849.7 551781.4 532985.3 538639.7 567939.7 550883.4 563915.4 568366.9 576417.2 588595.1 593706.2 610086.3 627470.2 629022 614129.8 607774.8 605428.2 576188.9 
3634688 3532006 3371435 3166372 2927737 2678482 2429317 2185067 1945615 1723032 1527248 1348813 1189353 1048085 922011.5 817833.8 743913.8 689362.8 651259.4 620684.5 595909.2 577552.3 564073.2 552696 545899.4 541883.8 539836.3 539844.1 541906.4 546849.9 551671.6 557834.1 567601.5 577258.2 589351.8 571553.5 557328.6 553456 555436.4 560572.1 564779.4 568644 574279.9 578462.2 583126.7 585081.2 588178.6 590169.1 593564 595112.6 595112.6 557284.2 548813 540715.4 533567.2 513435.6 492625.8 507337.6 534394.5 530829.1 543101.8 523094.4 526080.2 527543.1 542903.5 565702.9 565488.5 563861.9 559062.6 572021.2 
3634688 3531195 3370025 3162563 2923571 2672198 2415276 2165644 1930211 1714896 1514501 1332032 1177327 1042543 918354.6 818645.6 744311.4 693679.5 649339.3 616940.2 594228.2 575806.6 562765.9 553482.7 546506 541250.9 539108.3 539792 543070.9 547028.4 552166.3 557884 568377.9 576890.2 590549.8 570482.3 555030.3 552853.1 556080.1 559674.3 564536.5 569762.3 574434.1 579111.8 582643.7 586679.1 589343.7 591462.5 593917.5 594822.4 594822.4 575452.3 535592.3 523527.6 507460.5 501320.7 468584.2 457365.9 491665.3 497909.4 502599.8 501565.7 491725.3 504170.2 533595.8 552585.7 554065.8 536312.5 530988.2 548625.8 
3634688 3531487 3370692 3167486 2928929 2679353 2423809 2175346 1937828 1718895 1522708 1345434 1186608 1048088 926106.2 825187.8 753485.5 699507.9 657364.2 624875.2 599565.7 580903 566477.8 554753.3 547498.8 543544.2 542816 543800.5 546443.9 550785.8 555488.5 562187.5 570546.7 582295.8 593684.2 573623.7 559905.5 557293.8 558835.8 562265.8 567494.2 572753.9 577593.7 580018 583212.9 586333.4 588550.7 591644.6 595070.3 597543.9 597543.9 594953.7 618286.5 596201.6 560205.5 533149.1 527686.2 550593.2 568180.7 588690.5 582912.5 580764.7 577715.6 582932.4 594360 577887.5 567897.4 565890.8 550069.9 533745.9 
3634688 3532328 3372011 3164456 2929405 2678489 2419880 2169190 1934835 1715267 1514898 1336209 1182625 1043658 920491.7 820778.4 744552.5 690835.8 648549.6 615393.9 592246.4 572922.9 560798.2 550662.3 541978.5 537492.2 535475.3 535886.6 537070 543043.4 546850.9 553013.1 561481.3 570581.2 583427.3 565119.5 550725.4 548373.9 551858.9 557432.6 562302.7 567881.6 573429.9 577613.9 582467.2 585739.2 587944.8 591930.9 593740.8 596862.8 596862.8 552685.5 529035.9 488329.3 487957.2 506659.4 523927.1 538425.1 539538.8 557364.5 NA NA NA NA NA NA NA NA NA NA 
#survey index 
3643456 3539820 3378665 3173919 2939503 2686917 2428530 2178375 1942815 1731061 1530455 1357106 1199300 1061317 937396.6 834340.9 760523.4 702343.1 659341.6 625996.5 602733.9 584127.4 568454.8 555250.7 548262.3 545318.6 545652.9 545630.8 548014.8 550057.9 556819.7 564342 572922.2 582906.6 593311.5 574100 560760.3 556708.4 560507.4 565553.5 573230.5 578244.9 581454.8 585516.1 588870.3 589218.6 590201.6 594774.7 597482.4 600463.5 1203647 1289868 1407762 1530084 1634788 1743367 1851645 1965178 2076436 2188270 2265759 2323244 2358743 2385683 2416390 2474908 2517842 2576948 2614123 2645259 
3643456 3538743 3378761 3172215 2935232 2684358 2428149 2175365 1937803 1715911 1523096 1343031 1186629 1046064 923796.2 823378.2 750537.2 698455.3 656703.5 622982.8 599311.3 580493 566982.3 557073.1 552493.2 547699.9 544290.5 543439.2 547479.2 551539.5 558112.7 563949.1 572958.7 582577.1 594217.1 575934.2 562427.3 558808.8 560497.8 565057.8 571543.6 575540 580742.3 584314.1 589659.5 592112.7 595073.3 596590.6 600444.2 602091.9 1205519 1304797 1401765 1506773 1611889 1751697 1852080 1957343 2063863 2164855 2253953 2341444 2395574 2453986 2503199 2559549 2609572 2651373 2692549 2722820 
3643456 3539360 3379124 3174601 2935371 2682275 2429424 2177024 1938463 1716847 1517996 1344149 1190337 1050510 928948.3 826420.9 749811.8 693200.5 652439 620628.6 595048 576785.7 564908.6 557280.4 550646.6 545853.6 544464.8 543337.2 547955.8 552196.6 557907.8 565370.5 573645 583849.4 596801.1 577338.6 562970.9 559933.3 561033.2 564561 569663 576086 582287.6 585868 589559 592065.6 595216.7 598324.1 599260.3 599482.7 1201400 1273455 1370026 1472140 1605122 1731327 1860249 1954218 2032098 2091625 2164063 2246736 2325821 2396431 2459018 2528175 2575744 2615341 2641197 2661851 
3643456 3538933 3377209 3170214 2937915 2685930 2428243 2177657 1943111 1720343 1523949 1345291 1189883 1047612 922706.2 825888.6 755148.1 700229.6 654551.5 622478.3 598399.6 578970 565205.5 555756.1 549455.1 546095.3 545583.4 544182.1 545337.3 548389.3 555248.4 562897.4 570426.7 581072 593802.4 575169.1 561868 558348.1 560364.7 566618.4 571222.7 578459.3 580355.2 583012.5 587598 592016 594744.6 595657.9 598288 600928.8 1201118 1269037 1347546 1475181 1608532 1730180 1814224 1927692 2031985 2093224 2163600 2245446 2336776 2415178 2479648 2538977 2606512 2652474 2672393 2673921 
3643456 3538883 3380000 3174586 2938398 2684587 2426883 2181822 1947701 1735255 1533909 1348555 1191083 1056659 933567.8 830608.3 756596 701859.2 658333.3 625501.7 601260.7 580801.7 566250.4 558634 549102.9 544805.2 542837.1 542636.8 545553.2 550919 556943.6 563749 571921.8 583214.7 594576.3 574285.3 561415.2 558630.1 559212.1 564777.7 571546.2 577814.2 580834.4 585425.3 589202.1 591295.3 596074.6 598140.8 598569 600661.6 1200228 1319287 1423638 1566168 1683930 1825409 1947300 2054920 2144730 2226247 2303437 2371310 2423117 2467614 2516033 2555663 2578268 2623193 2638590 2648996 
3643456 3540995 3381247 3173268 2940304 2684964 2423935 2178265 1940204 1722817 1523148 1351289 1196708 1053381 927900.4 827145 751115.1 696234.6 654678.5 624163.1 600920.6 581961.2 567123.6 557338 549201 546914.9 545299.3 543590.2 545980.3 548802.3 554681.7 563041.4 573545.8 583168 595664 576414.4 561829.4 559050.1 560032.6 565877 569577.3 576023.1 580487.3 585176.3 589471.9 593394.9 596395 598827.9 600822.5 601444.6 1202935 1295460 1401214 1514187 1611525 1729034 1864870 1948399 2055447 2146567 2234148 2318398 2388345 2462654 2531349 2578264 2603193 2631614 2659457 2656145 
3643456 3540779 3380209 3175151 2936473 2687125 2437869 2193493 1953884 1731148 1535169 1356499 1196801 1055278 928931.5 824463.3 750225.3 695389.6 657071.7 626314.5 601403.8 582925.6 569347.2 557916.5 551058.3 546980.1 544910 544912.3 546966.2 551912 556749.3 562937.8 572725.1 582396.4 594545 576735.7 563864.9 559720.6 561612.5 566719.8 570949.4 574837.6 580492.4 584697.4 589381.5 591352.6 594467.8 596478.8 599872.4 601421.1 1201278 1279104 1390379 1501042 1609873 1701462 1787163 1902334 2023201 2106614 2198685 2250900 2318980 2378392 2445331 2513670 2553440 2586694 2612046 2651113 
3643456 3539968 3378803 3171325 2932311 2680827 2423808 2174067 1938463 1723000 1522386 1339708 1184758 1049713 925246 825258.6 750619.8 699721.8 655141 622586.4 599725.1 581169.5 568049.1 558687.9 551655.6 546369.8 544194.2 544852.4 548119.9 552101.9 557247.7 562978.7 573498.4 582036.2 595751 575662.9 561572 559111.3 562232.7 565828.9 570721.6 575947.1 580650.1 585349.5 588896.5 592947.8 595630.9 597756 600231.8 601144.1 1201682 1297976 1378017 1484994 1584888 1690531 1764260 1853564 1981622 2074606 2158957 2229967 2284975 2355372 2436193 2500633 2542097 2559154 2584072 2627895 
3643456 3540262 3379485 3176265 2937638 2687989 2432351 2183774 1946094 1727019 1530610 1353097 1194052 1055277 933013.4 831822 759819.6 705553.6 663209.2 630544.9 605085.9 586309.8 571775.8 559982.4 552664.9 548656.6 547897.8 548875 551508.7 555862.1 560578.8 567313.2 575685.5 587459 598901.5 578826 566461.8 563573.1 565020.4 568431.7 573684.6 578953 583820.7 586267.8 589482.9 592611.6 594828.6 597944.4 601392.4 603867.4 1207143 1320182 1463457 1560577 1640909 1725536 1826354 1949590 2060907 2168169 2241804 2311793 2373609 2436773 2499547 2528276 2557936 2590408 2604487 2614091 
3643456 3541106 3380822 3173213 2938115 2687115 2428423 2177613 1943101 1723359 1522801 1343885 1190070 1050835 927406.1 827401.2 750880.8 696875.6 654352.4 621037.5 597737.8 578281.5 566063.5 555852.8 547117.6 542581.6 540536.5 540927.7 542122 548078 551896.1 558099.8 566585.3 575710.5 588595.8 570267.1 557238.8 554626.2 557994.3 563562.5 568467.3 574065.3 579633.5 583844.6 588711.1 591998.5 594238.2 598232.7 600050.3 603170.6 1205579 1277123 1373242 1451255 1566715 1696810 1820489 1935518 2030574 2135407 NA NA NA NA NA NA NA NA NA NA 
#cpue index 
3591149 3488317 3328080 3124378 2891114 2639776 2382733 2133962 1899857 1689522 1490547 1318762 1162646 1026352 904194.7 802781 730321.4 673496.1 631630.4 599248.4 576742.9 558790.3 543636.8 530868 524144.2 521382.5 521826 521894.5 524269.4 526289.5 532913.4 540308.7 548726.5 558501 568666.3 550403.1 535513.6 529859.3 533123.5 538119.6 545698.8 550642.9 553789.8 557733.9 561000.6 561347 562267.9 566712.1 569370.7 572274.1 572274.1 543563.1 541377.8 544611.3 533719.2 530693.6 532643.8 545598.2 562776.9 587357.1 585544.3 571060 542086.9 511585.1 491178.9 503805.2 507155.2 531057.4 538244.1 543310.7 
3591149 3487248 3328205 3122713 2886864 2637200 2382322 2130951 1894857 1674550 1483233 1304869 1150127 1011318 890801.7 792027.5 720555.3 669688.6 629097.7 596348.3 573396.8 555230.2 542201.1 532667.2 528313.2 523746.5 520481.5 519699.3 523708.1 527747.7 534219.2 539949.4 548761.3 558168.4 569556.2 552232.3 537163.2 531903.4 533111.5 537587.6 544000.5 547998.1 553084 556577.2 561784.8 564179.1 567054.5 568524.2 572244.8 573881.8 573881.8 557885.3 535309.1 521285.5 510517.3 537895.9 532430 537138.1 549488.5 563446 572989.8 588108.1 577674.9 577876.4 575626.4 586282.3 596352.3 603359.6 614192.1 618542.8 
3591149 3487860 3328550 3125079 2887013 2635142 2383568 2132575 1895475 1675441 1478188 1305930 1153785 1015719 895860.8 795005.3 719834 664514.5 624855.3 594026 569254.7 551602.5 540166 532898.8 526560.2 521942.1 520638.5 519621.5 524199.4 528422.2 534023.1 541315.2 549406.5 559388.6 572085 553613.8 537688.8 532985.6 533636.8 537114.4 542203.6 548522.8 554608.4 558111.9 561685.8 564139.2 567209.6 570209.6 571129.3 571327.6 571327.6 528718.8 505519 488805.8 505366.2 519998.7 542251.6 536089.2 520295.1 493447.7 486399.5 496749.6 510816.5 523278.3 534097.3 557182.7 564900.9 569708.1 565593.4 560302.1 
3591149 3487436 3326636 3120693 2889501 2638755 2382427 2133243 1900116 1678939 1484082 1307090 1153342 1012874 889751.5 794457.1 725066.8 671448.1 626949.8 595781.2 572479.2 553730 540454.1 531372.9 525353.1 522178.3 521778 520496.4 521649.7 524641.9 531369.4 538897.4 546287.3 556701.8 569153.1 551480.4 536607.1 531444.5 532989.9 539121.4 543717.7 550839.9 552712.2 555269.1 559719.7 564044 566728.8 567613.6 570149.9 572735.5 572735.5 526290.9 485611.8 493698.2 511047.1 521301.6 499636.3 511964.7 522239.9 497443.6 488160.7 497413.1 523216.3 543278.1 555909.1 569290.5 596139.3 607049 596862.2 572571.7 
3591149 3487387 3329396 3125026 2890018 2637435 2381038 2137308 1904651 1693684 1493979 1310368 1154531 1021737 900438.8 799136 726480.9 673018.5 630670.1 598778 575300.6 555515.3 541463.6 534178.3 525022 520902.6 519061.1 518926.5 521824.3 527146.6 533082.9 539744.7 547750.1 558793.4 569928 550607 536138 531712.2 531862.8 537307.2 544038.4 550246.6 553214.8 557660 561339.7 563378.8 568018.8 570058.1 570477.6 572481.6 572481.6 575811.1 560707.1 583378.2 585171.5 614134 629285 636190.3 632032 626717.4 624457.8 620343.7 607515.6 594251.8 591248.6 585728.7 569017.5 578801.4 564550.8 549143.5 
3591149 3489482 3330663 3123723 2891879 2637788 2378101 2133776 1897231 1681340 1483300 1313018 1160105 1018593 894866.5 795708.9 721103.8 667475.1 627056.3 597485.3 575006.4 556688.9 542342.5 532894.6 525088.2 522955.4 521489 519902.1 522252.5 525051.3 530842 539035.7 549332.7 558769.3 570993.4 552710.4 536574.3 532112.8 532646.8 538376.9 542098.1 548436.5 552834.6 557433 561621.6 565419.2 568321.6 570690.9 572646.4 573252.4 573252.4 550612.9 536626.2 530538 512240.5 517657.4 546325.7 530114.4 542718.7 546999.7 554971.5 566878.6 571952.5 587969.3 605016.9 606674.8 592073.7 585628.8 583202.7 554673.8 
3591149 3489269 3329671 3125639 2888080 2639927 2391932 2148912 1910841 1689664 1495186 1318169 1160193 1020415 895859.7 793060.2 720211 666670.1 629419.4 599615.2 575495 557625 544535.8 533493.8 526883.4 523022.4 521109.9 521172 523221.2 528096.1 532862.4 538919.8 548492.3 557997.9 569896.6 553012.3 538565.3 532800.2 534189.5 539217.1 543458.7 547305.8 552836.6 556947.6 561512.3 563433.5 566451.6 568386.3 571687.6 573227.9 573227.9 536319.5 527675.9 519624 512767 493175.5 472766 486893.6 513494.5 510503.1 522432.4 502843.1 505563.1 506910.3 521994.3 544417.7 544460.2 542811.8 537957.6 550499.6 
3591149 3488465 3328263 3121853 2883957 2633691 2378031 2129672 1895537 1681553 1482571 1301605 1148276 1014897 892252.3 793876 720644.3 670914.5 627566.9 595953.1 573796.6 555883.6 543238.5 534239.9 527501.2 522426 520366.6 521084.6 524360.2 528292.7 533340.6 538967.2 549265.7 557652.8 571058.2 551958.5 536303.3 532176.7 534816.7 538378.2 543214.2 548375.4 552997.6 557583 561043.9 564993.7 567605.3 569676.3 572075 572950.7 572950.7 554036 514948.6 502755.8 487022.1 481106.4 449291 438163.8 471439.8 478109.2 482966.9 481825.7 472127 484090.4 512870.7 531771.3 533390.4 515904.5 510364.5 527414.1 
3591149 3488756 3328922 3126702 2889255 2640836 2386522 2139306 1903108 1685525 1490658 1314830 1157504 1020418 899894.2 800324.5 729649.7 676662.3 635456.6 603726 579043.7 560869.8 546845.9 535471.6 528437.5 524640.3 524010.8 525046.4 527684.9 531982.4 536620.8 543192.9 551380 562922.7 574132.1 555030.8 541065.9 536532.1 537515.4 540888.7 546098.6 551309 556092.5 558482.1 561590.8 564628.4 566807.8 569847.7 573190.2 575604.9 575604.9 573091.7 595841.1 574469.7 539176.5 512299.4 506720.1 529168.8 546773.3 567112.5 561586.3 559335.3 556180.9 561206.2 572418.5 556477.7 546564.9 544416.5 529010.9 513018.7 
3591149 3489592 3330217 3123676 2889735 2639992 2382649 2133212 1900126 1681935 1482978 1305708 1153499 1016007 894343.9 795946.3 720863.2 668100.1 626761.5 594421.4 571845.5 553051.1 541298.7 531489.8 523077.4 518739.6 516826.3 517285.8 518489.8 524353.4 528157.5 534219.9 542505.2 551443.3 564054.6 546696.1 532101.2 527806.4 530671.7 536171.6 541049 546553.6 552013.5 556127.7 560873.1 564091.5 566248.5 570113.2 571886.8 574948.9 574948.9 531849.6 508336.4 468347.8 467753.3 486105 503456.9 517904.3 519063 536336.9 NA NA NA NA NA NA NA NA NA NA 
# 
#BMSY begin 
811419.1 
#FMSY begin 
0.1513248 
#BMSY end 
811419.1 
#FMSY end 
0.1513248 
#B35in 
553865.9 
#F35in 
0.2151274 
#B35out 
553865.9 
#F35out 
0.2151274 
#OFL 
NA NA NA NA NA NA NA NA NA NA NA NA NA NA NA NA NA NA NA NA NA NA NA NA NA NA NA NA NA NA NA NA NA NA NA NA NA NA NA NA NA NA NA NA NA NA NA NA NA NA 98667.66 93728.12 93356.86 93912.83 92036.3 91516.57 91522.77 94072.66 97033.15 101258.9 100944.5 98455.48 93475.65 88232.47 81573.37 80540.59 83061.74 87457.57 92527.37 93681.12 
NA NA NA NA NA NA NA NA NA NA NA NA NA NA NA NA NA NA NA NA NA NA NA NA NA NA NA NA NA NA NA NA NA NA NA NA NA NA NA NA NA NA NA NA NA NA NA NA NA NA 98943.98 96191.64 92310.58 89901.25 86294.75 89152.61 91811.36 92552.01 94747.49 97147.32 98787.43 101388.1 99593.07 99630.91 99244.87 101078.4 102809 104012.8 105876.2 106624.1 
NA NA NA NA NA NA NA NA NA NA NA NA NA NA NA NA NA NA NA NA NA NA NA NA NA NA NA NA NA NA NA NA NA NA NA NA NA NA NA NA NA NA NA NA NA NA NA NA NA NA 98504.61 91174.49 86538.07 80276.49 80430.81 85404.73 91419.56 92436.79 89722.94 83195.52 78048.51 78669.25 82526.96 86753.71 90534.86 96068.05 97394.2 98222.08 97515.92 96607.95 
NA NA NA NA NA NA NA NA NA NA NA NA NA NA NA NA NA NA NA NA NA NA NA NA NA NA NA NA NA NA NA NA NA NA NA NA NA NA NA NA NA NA NA NA NA NA NA NA NA NA 98746.95 90756.44 82775.44 78046.88 82136.76 86518.77 84416.03 83065.32 86758.73 84213.31 78897.8 79005.27 84622.07 92122.49 95846.1 98149.41 102769.2 104644.2 102892.4 98717.88 
NA NA NA NA NA NA NA NA NA NA NA NA NA NA NA NA NA NA NA NA NA NA NA NA NA NA NA NA NA NA NA NA NA NA NA NA NA NA NA NA NA NA NA NA NA NA NA NA NA NA 98703.09 99276.25 96677.51 100580.3 100885.4 105867.1 108470.2 109657.1 108943.4 108031.5 107644.3 106936.9 104730.6 102450.4 101935.1 100984.8 98109.29 99794.13 97339.78 94690.06 
NA NA NA NA NA NA NA NA NA NA NA NA NA NA NA NA NA NA NA NA NA NA NA NA NA NA NA NA NA NA NA NA NA NA NA NA NA NA NA NA NA NA NA NA NA NA NA NA NA NA 98835.61 94941.09 92538.37 91492.39 88026.15 86055.79 91731.11 91410.82 93102.21 94318.9 95689.59 97737.96 98609.78 101365.7 104297.3 104581.1 102070.9 100966 100550.3 95641.46 
NA NA NA NA NA NA NA NA NA NA NA NA NA NA NA NA NA NA NA NA NA NA NA NA NA NA NA NA NA NA NA NA NA NA NA NA NA NA NA NA NA NA NA NA NA NA NA NA NA NA 98831.47 92481.77 91000.76 88835.63 86427.52 82078.86 75833.55 75030.95 81404.54 85075.33 86504 85111.01 82548.61 83222.25 85920.71 92099.07 93877.66 93596.17 92763.63 94923.02 
NA NA NA NA NA NA NA NA NA NA NA NA NA NA NA NA NA NA NA NA NA NA NA NA NA NA NA NA NA NA NA NA NA NA NA NA NA NA NA NA NA NA NA NA NA NA NA NA NA NA 98783.84 95529.94 88808.42 83979.54 79596.3 76302.29 70431.43 64322.59 67572.28 73532.7 75191.57 75700.33 74033.74 74463.18 80812.92 88483.81 91768.92 88966.68 85351.45 87357.81 
NA NA NA NA NA NA NA NA NA NA NA NA NA NA NA NA NA NA NA NA NA NA NA NA NA NA NA NA NA NA NA NA NA NA NA NA NA NA NA NA NA NA NA NA NA NA NA NA NA NA 98344.97 98808.01 102722.3 99042.47 92974.44 88356.73 84270.49 87126.72 93748.48 97775.15 96823.39 96439.51 95899.44 96764.95 98692.83 95948.57 94246.3 93878.79 91227.28 87898.56 
NA NA NA NA NA NA NA NA NA NA NA NA NA NA NA NA NA NA NA NA NA NA NA NA NA NA NA NA NA NA NA NA NA NA NA NA NA NA NA NA NA NA NA NA NA NA NA NA NA NA 95683.15 91712.57 87496.24 77326.71 71480.7 74220.05 79711.2 84682.55 87123.29 90197 NA NA NA NA NA NA NA NA NA NA 
