# Number of parameters = 153 Objective function value = 73117.3749756328  Maximum gradient component = 7.23515278083168e-05
# srv_sel50:
1.64628069417
# srv_sel95:
2.91307701248
# stNatLen:
 11.8815380643 11.7056306539 11.4455299833 11.2246093955 11.0441904002 10.8678171993 10.6670568941 10.4342620006 10.1778980378 9.91228258069 9.65032661646 9.40098594935 9.16944968659 8.95814620793 8.76784137559 8.59830453100 8.44883763722 8.31857225602 8.20660849004 8.11212515066 8.03436002282 7.97276585864 7.92695517031 7.89652618981 7.88131774013
# log_avg_fmort_dir:
-1.61752696351
# fmort_dir_dev:
 -2.21034346570 -2.14667896028 -1.48881127336 -1.16399886124 -0.852081629846 -0.568676203959 -0.388844358193 -0.245682819890 -0.183756915828 0.0183972178430 0.142615714609 0.111050919491 0.314191584708 0.395913200940 0.453966998535 0.438016859463 0.394522056156 0.418752001825 0.359252414744 0.282084112637 0.291547275186 0.361447902080 0.241785987947 0.180109552925 0.180654271379 0.240417968895 0.222141847071 0.177164100355 0.171344905224 0.0581597976766 0.202862811215 0.137795967841 0.149926692265 -0.00576660806767 0.163166010165 0.130588613282 0.0940652061728 0.0477484295606 0.233733302304 0.0675751678256 0.0813933722423 0.0808726167650 0.0445836674193 0.0160871452809 0.0321239489956 0.103986287744 0.0608819213736 0.00422941361913 0.165910560706 0.149147121161 0.312320918280 0.210788882773 0.134282798808 -0.0915938368766 0.0450822389532 0.181304579445 0.369049924028 0.352201388973 0.366287445810 -0.0323896373508 -0.0129085521055
# mean_log_rec:
11.3412464377
# rec_dev:
 0.581104505620 0.555141872746 0.535503242772 0.517651912732 0.508144075629 0.489458793006 0.471014937282 0.456642455420 0.439022244432 0.415415540069 0.377956253650 0.353385256120 0.291565279721 0.223903849812 0.173235490127 0.115760636172 0.0642628024729 0.00996374640213 -0.0313498173321 -0.0483796561250 -0.0533514503467 -0.0722337141483 -0.0785332034159 -0.0896417905552 -0.106075474585 -0.104417043314 -0.103193056656 -0.111633986890 -0.108309025307 -0.134933512772 -0.189235960871 -0.228684572583 -0.287645112421 -0.326101630341 -0.249253927800 -0.172158305373 -0.185448560549 -0.208313161468 -0.211446291678 -0.213649416595 -0.219749170600 -0.207274019696 -0.193430754111 -0.184907168427 -0.179872696327 -0.157319842102 -0.157282971730 -0.172070068133 -0.165180304771 -0.142588533305 -0.136693090147 -0.162784214673 -0.179955224036 -0.186805008180 -0.172730700906 -0.154929427310 -0.128169352128 -0.0997952829324 -0.0769466497201 -0.0933298716469 -0.0933298721797
# log_avg_NatM:
-1.47890400000
# m_dev:
 0.00000000000 0.00000000000 0.00000000000 0.00000000000 0.00000000000 0.00000000000 0.00000000000 0.00000000000 0.00000000000 0.00000000000 0.00000000000 0.00000000000 0.00000000000 0.00000000000 0.00000000000 0.00000000000 0.00000000000 0.00000000000 0.00000000000 0.00000000000 0.00000000000 0.00000000000 0.00000000000 0.00000000000 0.00000000000 0.00000000000 0.00000000000 0.00000000000 0.00000000000 0.00000000000 0.00000000000 0.00000000000 0.00000000000 0.00000000000 0.00000000000 0.00000000000 0.00000000000 0.00000000000 0.00000000000 0.00000000000 0.00000000000 0.00000000000 0.00000000000 0.00000000000 0.00000000000 0.00000000000 0.00000000000 0.00000000000 0.00000000000 0.00000000000 0.00000000000 0.00000000000 0.00000000000 0.00000000000 0.00000000000 0.00000000000 0.00000000000 0.00000000000 0.00000000000 0.00000000000 0.00000000000
# log_avg_GrowthK:
-1.60943800000
# log_avg_Linf:
4.88280200000
# GrowthK_dev:
 0.00000000000 0.00000000000 0.00000000000 0.00000000000 0.00000000000 0.00000000000 0.00000000000 0.00000000000 0.00000000000 0.00000000000 0.00000000000 0.00000000000 0.00000000000 0.00000000000 0.00000000000 0.00000000000 0.00000000000 0.00000000000 0.00000000000 0.00000000000 0.00000000000 0.00000000000 0.00000000000 0.00000000000 0.00000000000 0.00000000000 0.00000000000 0.00000000000 0.00000000000 0.00000000000 0.00000000000 0.00000000000 0.00000000000 0.00000000000 0.00000000000 0.00000000000 0.00000000000 0.00000000000 0.00000000000 0.00000000000 0.00000000000 0.00000000000 0.00000000000 0.00000000000 0.00000000000 0.00000000000 0.00000000000 0.00000000000 0.00000000000 0.00000000000 0.00000000000 0.00000000000 0.00000000000 0.00000000000 0.00000000000 0.00000000000 0.00000000000 0.00000000000 0.00000000000 0.00000000000 0.00000000000
# Linf_dev:
 0.00000000000 0.00000000000 0.00000000000 0.00000000000 0.00000000000 0.00000000000 0.00000000000 0.00000000000 0.00000000000 0.00000000000 0.00000000000 0.00000000000 0.00000000000 0.00000000000 0.00000000000 0.00000000000 0.00000000000 0.00000000000 0.00000000000 0.00000000000 0.00000000000 0.00000000000 0.00000000000 0.00000000000 0.00000000000 0.00000000000 0.00000000000 0.00000000000 0.00000000000 0.00000000000 0.00000000000 0.00000000000 0.00000000000 0.00000000000 0.00000000000 0.00000000000 0.00000000000 0.00000000000 0.00000000000 0.00000000000 0.00000000000 0.00000000000 0.00000000000 0.00000000000 0.00000000000 0.00000000000 0.00000000000 0.00000000000 0.00000000000 0.00000000000 0.00000000000 0.00000000000 0.00000000000 0.00000000000 0.00000000000 0.00000000000 0.00000000000 0.00000000000 0.00000000000 0.00000000000 0.00000000000
# SelPars50:
2.25624989456
# SelPars95:
4.13011001909
# SelPars_dev50:
 0.00000000000 0.00000000000 0.00000000000 0.00000000000 0.00000000000 0.00000000000 0.00000000000 0.00000000000 0.00000000000 0.00000000000 0.00000000000 0.00000000000 0.00000000000 0.00000000000 0.00000000000 0.00000000000 0.00000000000 0.00000000000 0.00000000000 0.00000000000 0.00000000000 0.00000000000 0.00000000000 0.00000000000 0.00000000000 0.00000000000 0.00000000000 0.00000000000 0.00000000000 0.00000000000 0.00000000000 0.00000000000 0.00000000000 0.00000000000 0.00000000000 0.00000000000 0.00000000000 0.00000000000 0.00000000000 0.00000000000 0.00000000000 0.00000000000 0.00000000000 0.00000000000 0.00000000000 0.00000000000 0.00000000000 0.00000000000 0.00000000000 0.00000000000 0.00000000000 0.00000000000 0.00000000000 0.00000000000 0.00000000000 0.00000000000 0.00000000000 0.00000000000 0.00000000000 0.00000000000 0.00000000000
# SelPars_dev95:
 0.00000000000 0.00000000000 0.00000000000 0.00000000000 0.00000000000 0.00000000000 0.00000000000 0.00000000000 0.00000000000 0.00000000000 0.00000000000 0.00000000000 0.00000000000 0.00000000000 0.00000000000 0.00000000000 0.00000000000 0.00000000000 0.00000000000 0.00000000000 0.00000000000 0.00000000000 0.00000000000 0.00000000000 0.00000000000 0.00000000000 0.00000000000 0.00000000000 0.00000000000 0.00000000000 0.00000000000 0.00000000000 0.00000000000 0.00000000000 0.00000000000 0.00000000000 0.00000000000 0.00000000000 0.00000000000 0.00000000000 0.00000000000 0.00000000000 0.00000000000 0.00000000000 0.00000000000 0.00000000000 0.00000000000 0.00000000000 0.00000000000 0.00000000000 0.00000000000 0.00000000000 0.00000000000 0.00000000000 0.00000000000 0.00000000000 0.00000000000 0.00000000000 0.00000000000 0.00000000000 0.00000000000
