# Number of parameters = 194 Objective function value = 64506.3  Maximum gradient component = 0.00129973
# srv_sel50:
1.47824157018
# srv_sel95:
2.43886399139
# stNatLen:
 11.3212937215 11.1648616216 10.9367700350 10.7093120022 10.4857310819 10.2531669762 10.0081099371 9.75713491997 9.50977551634 9.27376093552 9.05380605369 8.85212711922 8.66931703879 8.50504746333 8.35852771346 8.22879722849 8.11489384575 8.01591816581 7.93103458226 7.85951569624 7.80074387285 7.75426065396 7.71975552803 7.69694269502 7.68555687413
# log_avg_fmort_dir:
-1.54636025498
# fmort_dir_dev:
 -0.525730341518 -0.431756753250 -0.378789463382 -0.241143776555 -0.139711677025 -0.0982820104102 0.122524762258 0.126055691617 0.239331902846 0.241188355824 0.330670980213 0.311184802474 0.319479790458 0.376069367407 0.180791482289 0.235274334610 0.184773194960 0.0328616387769 0.0553142980569 0.102264696823 0.183787760872 0.101713834702 0.0345841659714 0.113460509525 -0.0174511741541 0.0193657193026 0.0219145094432 0.0292646224658 -0.0601324623677 0.0691749148070 0.104185157906 0.0831912013479 0.0582807822062 -0.00200918883222 -0.0173390215396 -0.0590219170311 0.00971068012783 -0.00449867001912 0.00337976275884 -0.0975593447118 0.0130236255498 0.00155108281676 -0.0577090808772 -0.149140954455 -0.0830367843220 -0.144880275482 0.316207504458 -0.526988468603 -0.108428158512 -0.885464571573 -0.0977049455616 -0.0761514574511 0.0777973305119 0.104552034249
# mean_log_rec:
11.1415589212
# rec_dev:
 0.249818876479 0.229144410594 0.242711718323 0.265462529494 0.266235675495 0.217839745495 0.178880484401 0.168087829367 0.176704364342 0.178121496884 0.126285126700 0.0424472331800 -0.00847862786541 -0.0148972950303 -0.0130303978251 0.00854478746053 0.0414931492650 0.0258762065647 -0.0695398397073 -0.165341578559 -0.193385218813 -0.172156994290 -0.119848055433 -0.0884846918064 -0.0948793280722 -0.161539235090 -0.210238059401 -0.234648242297 -0.275463422680 -0.323091722491 -0.231745670267 -0.0957216808936 -0.0457273768213 -0.0334754737236 -0.0222152629385 -0.0135502656294 -0.0173217389729 -0.0105019103862 0.0285791052538 0.0424982785437 0.0430685730879 0.0491172317973 0.105960279118 0.175739081268 0.132634359374 0.00622617308460 -0.115326484252 -0.203471455184 -0.178254588210 -0.0987217212312 -0.00683701820869 0.0632041080122 0.0766063168104 0.0766062156852
# log_avg_NatM:
-1.55071336740
# m_dev:
 -0.316988457712 -0.172860214972 -0.269017493331 -0.357763427327 -0.192158776564 0.0264399602271 -0.0437221471370 -0.220362310139 -0.420188357756 -0.302219016198 0.0122993122081 0.134758496204 -0.0550016698606 -0.146410710826 -0.134820102468 -0.259322994386 -0.236211006929 0.0985106544308 0.357251867179 0.335904044691 0.0668491193460 -0.167608552559 -0.321272220504 -0.185061292701 -0.0291442584270 0.337081924603 0.151254918890 0.0665947149850 0.0287081951310 0.218083640270 -0.0246645374251 -0.197355076784 -0.0445142316308 0.0664971051193 0.109101213333 0.101320086438 0.217288808414 0.125931428409 -0.0362256774448 0.138826029325 0.192940987056 0.211336012332 -0.169423947796 -0.109441555133 0.352198444183 0.614968294495 0.426552735215 0.480349743905 -0.0111450682940 -0.157620917377 -0.224117434795 -0.0867792788066 0.0115060196456 0.00886697924961
# log_avg_GrowthK:
-1.60943800000
# log_avg_Linf:
4.88280200000
# GrowthK_dev:
 0.00000000000 0.00000000000 0.00000000000 0.00000000000 0.00000000000 0.00000000000 0.00000000000 0.00000000000 0.00000000000 0.00000000000 0.00000000000 0.00000000000 0.00000000000 0.00000000000 0.00000000000 0.00000000000 0.00000000000 0.00000000000 0.00000000000 0.00000000000 0.00000000000 0.00000000000 0.00000000000 0.00000000000 0.00000000000 0.00000000000 0.00000000000 0.00000000000 0.00000000000 0.00000000000 0.00000000000 0.00000000000 0.00000000000 0.00000000000 0.00000000000 0.00000000000 0.00000000000 0.00000000000 0.00000000000 0.00000000000 0.00000000000 0.00000000000 0.00000000000 0.00000000000 0.00000000000 0.00000000000 0.00000000000 0.00000000000 0.00000000000 0.00000000000 0.00000000000 0.00000000000 0.00000000000 0.00000000000
# Linf_dev:
 0.00000000000 0.00000000000 0.00000000000 0.00000000000 0.00000000000 0.00000000000 0.00000000000 0.00000000000 0.00000000000 0.00000000000 0.00000000000 0.00000000000 0.00000000000 0.00000000000 0.00000000000 0.00000000000 0.00000000000 0.00000000000 0.00000000000 0.00000000000 0.00000000000 0.00000000000 0.00000000000 0.00000000000 0.00000000000 0.00000000000 0.00000000000 0.00000000000 0.00000000000 0.00000000000 0.00000000000 0.00000000000 0.00000000000 0.00000000000 0.00000000000 0.00000000000 0.00000000000 0.00000000000 0.00000000000 0.00000000000 0.00000000000 0.00000000000 0.00000000000 0.00000000000 0.00000000000 0.00000000000 0.00000000000 0.00000000000 0.00000000000 0.00000000000 0.00000000000 0.00000000000 0.00000000000 0.00000000000
# SelPars50:
2.03169259321
# SelPars95:
3.61705820712
# SelPars_dev50:
 0.00000000000 0.00000000000 0.00000000000 0.00000000000 0.00000000000 0.00000000000 0.00000000000 0.00000000000 0.00000000000 0.00000000000 0.00000000000 0.00000000000 0.00000000000 0.00000000000 0.00000000000 0.00000000000 0.00000000000 0.00000000000 0.00000000000 0.00000000000 0.00000000000 0.00000000000 0.00000000000 0.00000000000 0.00000000000 0.00000000000 0.00000000000 0.00000000000 0.00000000000 0.00000000000 0.00000000000 0.00000000000 0.00000000000 0.00000000000 0.00000000000 0.00000000000 0.00000000000 0.00000000000 0.00000000000 0.00000000000 0.00000000000 0.00000000000 0.00000000000 0.00000000000 0.00000000000 0.00000000000 0.00000000000 0.00000000000 0.00000000000 0.00000000000 0.00000000000 0.00000000000 0.00000000000 0.00000000000
# SelPars_dev95:
 0.00000000000 0.00000000000 0.00000000000 0.00000000000 0.00000000000 0.00000000000 0.00000000000 0.00000000000 0.00000000000 0.00000000000 0.00000000000 0.00000000000 0.00000000000 0.00000000000 0.00000000000 0.00000000000 0.00000000000 0.00000000000 0.00000000000 0.00000000000 0.00000000000 0.00000000000 0.00000000000 0.00000000000 0.00000000000 0.00000000000 0.00000000000 0.00000000000 0.00000000000 0.00000000000 0.00000000000 0.00000000000 0.00000000000 0.00000000000 0.00000000000 0.00000000000 0.00000000000 0.00000000000 0.00000000000 0.00000000000 0.00000000000 0.00000000000 0.00000000000 0.00000000000 0.00000000000 0.00000000000 0.00000000000 0.00000000000 0.00000000000 0.00000000000 0.00000000000 0.00000000000 0.00000000000 0.00000000000
