# Number of parameters = 149 Objective function value = 70515.2  Maximum gradient component = 0.000728791
# srv_sel50:
1.65496504521
# srv_sel95:
2.93146979979
# stNatLen:
 11.8210851185 11.6051381807 11.2979892195 11.0337854956 10.8157441135 10.6088618505 10.3853650238 10.1372155048 9.87155208360 9.60098846596 9.33690816223 9.08712697043 8.85606254365 8.64569369798 8.45647926182 8.28803829925 8.13958037208 8.01017836305 7.89890634629 7.80491029189 7.72745830582 7.66604348113 7.62024703816 7.58988657164 7.57480459857
# log_avg_fmort_dir:
-1.46543300869
# fmort_dir_dev:
 -0.897486694670 -0.874768207527 -0.671191624254 -0.499004508639 -0.259187621007 -0.170977195515 -0.0531847668266 0.0951068563850 0.104620957243 0.214706373356 0.229964809493 0.301413979674 0.316619689151 0.309775008288 0.236448741204 0.0758287090395 0.212308197488 0.177723453614 0.149795034185 0.181610917235 0.118287718714 0.156427616436 0.105205669800 0.00178024165942 0.0803336700947 -0.000161752217523 0.0136920381500 0.0530743830935 0.0155389581151 -0.0182717486317 0.112693329798 0.00493962621369 0.0631121125242 0.0161398732938 -0.0738427777278 0.0780173685840 -0.0690367107773 -0.115931196601 -0.0743750658628 -0.0105401037293 -0.0964490996832 -0.0484322546248 -0.0371361380586 -0.0953392949489 -0.165151411757 -0.121441756035 0.253491506200 0.293168073051 0.0530339488894 0.121670694158 0.120500984294 0.173195400701 0.273058726745 0.292314802468 0.312218231089 -0.180998438934 -0.233954003702 -0.269772845666 -0.281182483033
# mean_log_rec:
11.3065341379
# rec_dev:
 0.549166301016 0.515032864181 0.500192646841 0.470489920317 0.444959410475 0.419376446276 0.376515518025 0.340588613046 0.313057569141 0.269704864398 0.216012778903 0.146771894039 0.0928088110739 0.0488912428830 0.0218052876012 -0.00293009644705 -0.0445332253416 -0.0661251452496 -0.0780829564307 -0.0811677650359 -0.0932223792915 -0.109043123695 -0.127148832721 -0.151124034113 -0.162397134671 -0.168883618682 -0.190580657873 -0.224661700135 -0.259409993834 -0.271681775559 -0.181815189153 -0.108673693356 -0.117502100703 -0.116941720036 -0.127232651193 -0.153201011936 -0.149476255935 -0.135530634497 -0.155831848818 -0.145271261764 -0.111025912990 -0.100183563462 -0.101408908871 -0.0831777185084 -0.0703240755257 -0.0592339232501 -0.0641466064251 -0.0963788697599 -0.121396562163 -0.140685307097 -0.156411283422 -0.158213505662 -0.122639847183 -0.0920250241472 -0.0599854318459 0.00152634337747 0.0711172799172 0.0808437031050 0.0808438521619
# log_avg_NatM:
-1.47890400000
# m_dev:
 0.00000000000 0.00000000000 0.00000000000 0.00000000000 0.00000000000 0.00000000000 0.00000000000 0.00000000000 0.00000000000 0.00000000000 0.00000000000 0.00000000000 0.00000000000 0.00000000000 0.00000000000 0.00000000000 0.00000000000 0.00000000000 0.00000000000 0.00000000000 0.00000000000 0.00000000000 0.00000000000 0.00000000000 0.00000000000 0.00000000000 0.00000000000 0.00000000000 0.00000000000 0.00000000000 0.00000000000 0.00000000000 0.00000000000 0.00000000000 0.00000000000 0.00000000000 0.00000000000 0.00000000000 0.00000000000 0.00000000000 0.00000000000 0.00000000000 0.00000000000 0.00000000000 0.00000000000 0.00000000000 0.00000000000 0.00000000000 0.00000000000 0.00000000000 0.00000000000 0.00000000000 0.00000000000 0.00000000000 0.00000000000 0.00000000000 0.00000000000 0.00000000000 0.00000000000
# log_avg_GrowthK:
-1.60943800000
# log_avg_Linf:
4.88280200000
# GrowthK_dev:
 0.00000000000 0.00000000000 0.00000000000 0.00000000000 0.00000000000 0.00000000000 0.00000000000 0.00000000000 0.00000000000 0.00000000000 0.00000000000 0.00000000000 0.00000000000 0.00000000000 0.00000000000 0.00000000000 0.00000000000 0.00000000000 0.00000000000 0.00000000000 0.00000000000 0.00000000000 0.00000000000 0.00000000000 0.00000000000 0.00000000000 0.00000000000 0.00000000000 0.00000000000 0.00000000000 0.00000000000 0.00000000000 0.00000000000 0.00000000000 0.00000000000 0.00000000000 0.00000000000 0.00000000000 0.00000000000 0.00000000000 0.00000000000 0.00000000000 0.00000000000 0.00000000000 0.00000000000 0.00000000000 0.00000000000 0.00000000000 0.00000000000 0.00000000000 0.00000000000 0.00000000000 0.00000000000 0.00000000000 0.00000000000 0.00000000000 0.00000000000 0.00000000000 0.00000000000
# Linf_dev:
 0.00000000000 0.00000000000 0.00000000000 0.00000000000 0.00000000000 0.00000000000 0.00000000000 0.00000000000 0.00000000000 0.00000000000 0.00000000000 0.00000000000 0.00000000000 0.00000000000 0.00000000000 0.00000000000 0.00000000000 0.00000000000 0.00000000000 0.00000000000 0.00000000000 0.00000000000 0.00000000000 0.00000000000 0.00000000000 0.00000000000 0.00000000000 0.00000000000 0.00000000000 0.00000000000 0.00000000000 0.00000000000 0.00000000000 0.00000000000 0.00000000000 0.00000000000 0.00000000000 0.00000000000 0.00000000000 0.00000000000 0.00000000000 0.00000000000 0.00000000000 0.00000000000 0.00000000000 0.00000000000 0.00000000000 0.00000000000 0.00000000000 0.00000000000 0.00000000000 0.00000000000 0.00000000000 0.00000000000 0.00000000000 0.00000000000 0.00000000000 0.00000000000 0.00000000000
# SelPars50:
2.28766828331
# SelPars95:
4.20572359245
# SelPars_dev50:
 0.00000000000 0.00000000000 0.00000000000 0.00000000000 0.00000000000 0.00000000000 0.00000000000 0.00000000000 0.00000000000 0.00000000000 0.00000000000 0.00000000000 0.00000000000 0.00000000000 0.00000000000 0.00000000000 0.00000000000 0.00000000000 0.00000000000 0.00000000000 0.00000000000 0.00000000000 0.00000000000 0.00000000000 0.00000000000 0.00000000000 0.00000000000 0.00000000000 0.00000000000 0.00000000000 0.00000000000 0.00000000000 0.00000000000 0.00000000000 0.00000000000 0.00000000000 0.00000000000 0.00000000000 0.00000000000 0.00000000000 0.00000000000 0.00000000000 0.00000000000 0.00000000000 0.00000000000 0.00000000000 0.00000000000 0.00000000000 0.00000000000 0.00000000000 0.00000000000 0.00000000000 0.00000000000 0.00000000000 0.00000000000 0.00000000000 0.00000000000 0.00000000000 0.00000000000
# SelPars_dev95:
 0.00000000000 0.00000000000 0.00000000000 0.00000000000 0.00000000000 0.00000000000 0.00000000000 0.00000000000 0.00000000000 0.00000000000 0.00000000000 0.00000000000 0.00000000000 0.00000000000 0.00000000000 0.00000000000 0.00000000000 0.00000000000 0.00000000000 0.00000000000 0.00000000000 0.00000000000 0.00000000000 0.00000000000 0.00000000000 0.00000000000 0.00000000000 0.00000000000 0.00000000000 0.00000000000 0.00000000000 0.00000000000 0.00000000000 0.00000000000 0.00000000000 0.00000000000 0.00000000000 0.00000000000 0.00000000000 0.00000000000 0.00000000000 0.00000000000 0.00000000000 0.00000000000 0.00000000000 0.00000000000 0.00000000000 0.00000000000 0.00000000000 0.00000000000 0.00000000000 0.00000000000 0.00000000000 0.00000000000 0.00000000000 0.00000000000 0.00000000000 0.00000000000 0.00000000000
