# Number of parameters = 125 Objective function value = 56078.0  Maximum gradient component = 0.000651161
# srv_sel50:
1.69098651770
# srv_sel95:
3.04447347226
# stNatLen:
 11.8023467171 11.5898682726 11.2796564043 11.0152227644 10.7973625907 10.5898937462 10.3675196711 10.1245308774 9.86822535636 9.60985809914 9.35918531631 9.12279507011 8.90436393988 8.70550814553 8.52656712505 8.36716461143 8.22659929306 8.10402819190 7.99859280022 7.90950719789 7.83613453269 7.77792447115 7.73449720180 7.70556283165 7.69105340752
# log_avg_fmort_dir:
-1.49189833002
# fmort_dir_dev:
 -1.07578572315 -0.794503418028 -0.607728388323 -0.330453769944 -0.350003747203 -0.183028222813 -0.0398415157405 0.0778448298590 0.0815459744893 0.192799966643 0.316661958978 0.327640234155 0.271581774253 0.269817008322 0.260132647345 0.235091599220 0.186046104464 0.189530977626 0.189538144796 0.130693453292 0.202896733064 0.166744447489 0.0989673715024 0.0142023654150 0.0156873958985 0.0803748044741 0.0747302446750 0.0329799033387 -0.0370428964632 0.0381988883605 0.00367449555371 -0.00143883931659 0.0756640502718 0.0635543337933 -0.00591485740125 -0.0150173489865 0.00645866960439 -0.0129108860575 -0.103032633321 -0.0725008717924 0.0446891797273 -0.0630566879863 0.0452463731972 0.0427931518943 0.0309769865075 -0.0465407619654 -0.0279634997141
# mean_log_rec:
11.3259787439
# rec_dev:
 0.491557452882 0.449397782651 0.420689038076 0.400134064791 0.377639517483 0.354283544850 0.334572185492 0.307513934616 0.266981726160 0.230677408974 0.181907904677 0.144359829931 0.105734893122 0.0413908194574 0.0123784084557 -0.0105617807129 -0.0419842268852 -0.0648990286970 -0.0810233022471 -0.0940409357235 -0.110158160990 -0.111802964514 -0.111721045879 -0.130464881032 -0.142689675546 -0.161359018624 -0.208623858118 -0.240914278829 -0.287698354245 -0.315470159206 -0.232820575598 -0.154455034933 -0.154661586103 -0.167901824301 -0.171073066515 -0.181038538679 -0.167850757159 -0.143046977190 -0.129053539332 -0.123431520520 -0.118569601100 -0.102439847387 -0.0756235203763 -0.0430396501099 -0.00528882084043 -0.0177559710425 -0.0177560091849
# log_avg_NatM:
-1.47890400000
# m_dev:
 0.00000000000 0.00000000000 0.00000000000 0.00000000000 0.00000000000 0.00000000000 0.00000000000 0.00000000000 0.00000000000 0.00000000000 0.00000000000 0.00000000000 0.00000000000 0.00000000000 0.00000000000 0.00000000000 0.00000000000 0.00000000000 0.00000000000 0.00000000000 0.00000000000 0.00000000000 0.00000000000 0.00000000000 0.00000000000 0.00000000000 0.00000000000 0.00000000000 0.00000000000 0.00000000000 0.00000000000 0.00000000000 0.00000000000 0.00000000000 0.00000000000 0.00000000000 0.00000000000 0.00000000000 0.00000000000 0.00000000000 0.00000000000 0.00000000000 0.00000000000 0.00000000000 0.00000000000 0.00000000000 0.00000000000
# log_avg_GrowthK:
-1.60943800000
# log_avg_Linf:
4.88280200000
# GrowthK_dev:
 0.00000000000 0.00000000000 0.00000000000 0.00000000000 0.00000000000 0.00000000000 0.00000000000 0.00000000000 0.00000000000 0.00000000000 0.00000000000 0.00000000000 0.00000000000 0.00000000000 0.00000000000 0.00000000000 0.00000000000 0.00000000000 0.00000000000 0.00000000000 0.00000000000 0.00000000000 0.00000000000 0.00000000000 0.00000000000 0.00000000000 0.00000000000 0.00000000000 0.00000000000 0.00000000000 0.00000000000 0.00000000000 0.00000000000 0.00000000000 0.00000000000 0.00000000000 0.00000000000 0.00000000000 0.00000000000 0.00000000000 0.00000000000 0.00000000000 0.00000000000 0.00000000000 0.00000000000 0.00000000000 0.00000000000
# Linf_dev:
 0.00000000000 0.00000000000 0.00000000000 0.00000000000 0.00000000000 0.00000000000 0.00000000000 0.00000000000 0.00000000000 0.00000000000 0.00000000000 0.00000000000 0.00000000000 0.00000000000 0.00000000000 0.00000000000 0.00000000000 0.00000000000 0.00000000000 0.00000000000 0.00000000000 0.00000000000 0.00000000000 0.00000000000 0.00000000000 0.00000000000 0.00000000000 0.00000000000 0.00000000000 0.00000000000 0.00000000000 0.00000000000 0.00000000000 0.00000000000 0.00000000000 0.00000000000 0.00000000000 0.00000000000 0.00000000000 0.00000000000 0.00000000000 0.00000000000 0.00000000000 0.00000000000 0.00000000000 0.00000000000 0.00000000000
# SelPars50:
2.29675491726
# SelPars95:
4.20192346942
# SelPars_dev50:
 0.00000000000 0.00000000000 0.00000000000 0.00000000000 0.00000000000 0.00000000000 0.00000000000 0.00000000000 0.00000000000 0.00000000000 0.00000000000 0.00000000000 0.00000000000 0.00000000000 0.00000000000 0.00000000000 0.00000000000 0.00000000000 0.00000000000 0.00000000000 0.00000000000 0.00000000000 0.00000000000 0.00000000000 0.00000000000 0.00000000000 0.00000000000 0.00000000000 0.00000000000 0.00000000000 0.00000000000 0.00000000000 0.00000000000 0.00000000000 0.00000000000 0.00000000000 0.00000000000 0.00000000000 0.00000000000 0.00000000000 0.00000000000 0.00000000000 0.00000000000 0.00000000000 0.00000000000 0.00000000000 0.00000000000
# SelPars_dev95:
 0.00000000000 0.00000000000 0.00000000000 0.00000000000 0.00000000000 0.00000000000 0.00000000000 0.00000000000 0.00000000000 0.00000000000 0.00000000000 0.00000000000 0.00000000000 0.00000000000 0.00000000000 0.00000000000 0.00000000000 0.00000000000 0.00000000000 0.00000000000 0.00000000000 0.00000000000 0.00000000000 0.00000000000 0.00000000000 0.00000000000 0.00000000000 0.00000000000 0.00000000000 0.00000000000 0.00000000000 0.00000000000 0.00000000000 0.00000000000 0.00000000000 0.00000000000 0.00000000000 0.00000000000 0.00000000000 0.00000000000 0.00000000000 0.00000000000 0.00000000000 0.00000000000 0.00000000000 0.00000000000 0.00000000000
