# Number of parameters = 141 Objective function value = 65994.3272220219  Maximum gradient component = 0.000252132719139867
# srv_sel50:
1.47916536054
# srv_sel95:
2.43645883237
# stNatLen:
 11.4431815506 11.3040783455 11.1021060344 10.9103746968 10.7258896799 10.5275890823 10.3064812332 10.0679416257 9.82338096798 9.58344893260 9.35550535749 9.14375651819 8.95007547631 8.77494477267 8.61804306571 8.47867764113 8.35595738272 8.24897589391 8.15691144571 8.07908771296 8.01494575155 7.96407077348 7.92622184874 7.90115933186 7.88867958065
# log_avg_fmort_dir:
-1.68715731535
# fmort_dir_dev:
 -1.73905937239 -1.72486940712 -1.28145202729 -0.913671434514 -0.750618461917 -0.439203063596 -0.344349269924 -0.0918682879717 -0.209685649235 0.0184599790518 0.185218743335 0.266237992238 0.356814504871 0.472106076058 0.410395901806 0.460327850451 0.441333718344 0.464428959133 0.333074360963 0.396713547339 0.372650432877 0.472703081189 0.278889450094 0.367918302514 0.337071886888 0.287338430351 0.364598226721 0.255500510554 0.222648876776 0.238646771761 0.168263542242 0.203136014527 0.167496184834 0.106508266790 0.151084815321 0.0280965081215 0.140209213795 0.159117500354 0.0136183647110 0.0552488231009 0.0550834863840 0.0218831523783 0.0613013808998 0.0406671095499 0.0784710169487 0.0233217353101 0.0856546526337 -0.00299323627305 0.0605991414327 0.0451799346332 -0.396582746835 -0.268624341513 -0.163774178215 -0.197753949818 -0.143513020666
# mean_log_rec:
11.1177136081
# rec_dev:
 0.398920887328 0.376129112209 0.370506531695 0.363929870957 0.351490657778 0.337704606513 0.323666082633 0.327539116745 0.324193438064 0.296500610940 0.263387483378 0.227817634732 0.198357298991 0.153190498013 0.111699367732 0.0563168904560 -0.00162004267096 -0.0411945039734 -0.0725546834319 -0.114094973722 -0.163528151460 -0.173224554346 -0.185538551782 -0.194432818095 -0.169151244299 -0.170632957688 -0.170686793558 -0.155597577994 -0.145210180513 -0.147438061947 -0.168461292462 -0.163491732694 -0.146611861830 -0.137372299029 -0.127941574812 -0.130440537527 -0.135670320371 -0.125313538064 -0.128698710286 -0.134383694082 -0.133623691006 -0.130250377733 -0.111294158718 -0.117148872881 -0.110231078625 -0.0958862557858 -0.0873087999071 -0.0784814687857 -0.0694419610562 -0.0722176143869 -0.0702952477144 -0.0479148687002 -0.0198582829428 -0.0170533847313 -0.0170533685524
# log_avg_NatM:
-1.60943800000
# m_dev:
 0.00000000000 0.00000000000 0.00000000000 0.00000000000 0.00000000000 0.00000000000 0.00000000000 0.00000000000 0.00000000000 0.00000000000 0.00000000000 0.00000000000 0.00000000000 0.00000000000 0.00000000000 0.00000000000 0.00000000000 0.00000000000 0.00000000000 0.00000000000 0.00000000000 0.00000000000 0.00000000000 0.00000000000 0.00000000000 0.00000000000 0.00000000000 0.00000000000 0.00000000000 0.00000000000 0.00000000000 0.00000000000 0.00000000000 0.00000000000 0.00000000000 0.00000000000 0.00000000000 0.00000000000 0.00000000000 0.00000000000 0.00000000000 0.00000000000 0.00000000000 0.00000000000 0.00000000000 0.00000000000 0.00000000000 0.00000000000 0.00000000000 0.00000000000 0.00000000000 0.00000000000 0.00000000000 0.00000000000 0.00000000000
# log_avg_GrowthK:
-1.60943800000
# log_avg_Linf:
4.88280200000
# GrowthK_dev:
 0.00000000000 0.00000000000 0.00000000000 0.00000000000 0.00000000000 0.00000000000 0.00000000000 0.00000000000 0.00000000000 0.00000000000 0.00000000000 0.00000000000 0.00000000000 0.00000000000 0.00000000000 0.00000000000 0.00000000000 0.00000000000 0.00000000000 0.00000000000 0.00000000000 0.00000000000 0.00000000000 0.00000000000 0.00000000000 0.00000000000 0.00000000000 0.00000000000 0.00000000000 0.00000000000 0.00000000000 0.00000000000 0.00000000000 0.00000000000 0.00000000000 0.00000000000 0.00000000000 0.00000000000 0.00000000000 0.00000000000 0.00000000000 0.00000000000 0.00000000000 0.00000000000 0.00000000000 0.00000000000 0.00000000000 0.00000000000 0.00000000000 0.00000000000 0.00000000000 0.00000000000 0.00000000000 0.00000000000 0.00000000000
# Linf_dev:
 0.00000000000 0.00000000000 0.00000000000 0.00000000000 0.00000000000 0.00000000000 0.00000000000 0.00000000000 0.00000000000 0.00000000000 0.00000000000 0.00000000000 0.00000000000 0.00000000000 0.00000000000 0.00000000000 0.00000000000 0.00000000000 0.00000000000 0.00000000000 0.00000000000 0.00000000000 0.00000000000 0.00000000000 0.00000000000 0.00000000000 0.00000000000 0.00000000000 0.00000000000 0.00000000000 0.00000000000 0.00000000000 0.00000000000 0.00000000000 0.00000000000 0.00000000000 0.00000000000 0.00000000000 0.00000000000 0.00000000000 0.00000000000 0.00000000000 0.00000000000 0.00000000000 0.00000000000 0.00000000000 0.00000000000 0.00000000000 0.00000000000 0.00000000000 0.00000000000 0.00000000000 0.00000000000 0.00000000000 0.00000000000
# SelPars50:
2.02813828508
# SelPars95:
3.60645529808
# SelPars_dev50:
 0.00000000000 0.00000000000 0.00000000000 0.00000000000 0.00000000000 0.00000000000 0.00000000000 0.00000000000 0.00000000000 0.00000000000 0.00000000000 0.00000000000 0.00000000000 0.00000000000 0.00000000000 0.00000000000 0.00000000000 0.00000000000 0.00000000000 0.00000000000 0.00000000000 0.00000000000 0.00000000000 0.00000000000 0.00000000000 0.00000000000 0.00000000000 0.00000000000 0.00000000000 0.00000000000 0.00000000000 0.00000000000 0.00000000000 0.00000000000 0.00000000000 0.00000000000 0.00000000000 0.00000000000 0.00000000000 0.00000000000 0.00000000000 0.00000000000 0.00000000000 0.00000000000 0.00000000000 0.00000000000 0.00000000000 0.00000000000 0.00000000000 0.00000000000 0.00000000000 0.00000000000 0.00000000000 0.00000000000 0.00000000000
# SelPars_dev95:
 0.00000000000 0.00000000000 0.00000000000 0.00000000000 0.00000000000 0.00000000000 0.00000000000 0.00000000000 0.00000000000 0.00000000000 0.00000000000 0.00000000000 0.00000000000 0.00000000000 0.00000000000 0.00000000000 0.00000000000 0.00000000000 0.00000000000 0.00000000000 0.00000000000 0.00000000000 0.00000000000 0.00000000000 0.00000000000 0.00000000000 0.00000000000 0.00000000000 0.00000000000 0.00000000000 0.00000000000 0.00000000000 0.00000000000 0.00000000000 0.00000000000 0.00000000000 0.00000000000 0.00000000000 0.00000000000 0.00000000000 0.00000000000 0.00000000000 0.00000000000 0.00000000000 0.00000000000 0.00000000000 0.00000000000 0.00000000000 0.00000000000 0.00000000000 0.00000000000 0.00000000000 0.00000000000 0.00000000000 0.00000000000
