# Number of parameters = 182 Objective function value = 59762.4832902729  Maximum gradient component = 0.00210082028478198
# srv_sel50:
1.46150143385
# srv_sel95:
2.41092244200
# stNatLen:
 11.2195450031 11.0944068870 10.8964670269 10.7044729907 10.5187256673 10.3190489001 10.0970188898 9.85840206150 9.61465907755 9.37623447767 9.15023356710 8.94062773692 8.74915425742 8.57618803458 8.42135010942 8.28391679823 8.16303718050 8.05779662321 7.96739094448 7.89111652259 7.82837433706 7.77867638437 7.74154300128 7.71682548095 7.70453663364
# log_avg_fmort_dir:
-1.58511999364
# fmort_dir_dev:
 -1.84692798168 -1.84746287266 -1.38642228403 -1.03126803682 -0.927421639590 -0.539212190238 -0.395006478081 -0.244772214166 -0.00453867412072 0.166077695514 0.243359678401 0.355122415214 0.323109339085 0.462597708354 0.494464999510 0.536692748938 0.597053184092 0.417575020995 0.334547290659 0.269980234579 0.350560650665 0.329860233274 0.333606812207 0.310156933569 0.234010118014 0.211546498376 0.226379452100 0.200282153544 0.146485907281 0.168421393582 0.0404854043592 0.0499977969849 0.0808203557823 0.117681346302 0.180316456860 0.152826993313 0.163620133505 0.0385903482938 0.0597396768231 -0.0919584865807 -0.0600345460302 -0.00484432744845 0.0427282987651 0.0739197284198 0.120988321997 0.112063301596 0.146286270740 0.143041284190 0.0632156117177 0.0816579338456
# mean_log_rec:
11.0665672910
# rec_dev:
 0.351493087970 0.402004346193 0.467113390888 0.446231452374 0.399852050472 0.364402915190 0.315079335659 0.231244618033 0.120666968294 0.0671279147099 0.0534110470086 0.0465229527314 0.0380885656693 0.0219942410355 -0.00695223301853 -0.0585038884839 -0.0940258786989 -0.0899553960991 -0.0779056433266 -0.0925402072439 -0.150415800354 -0.180982913772 -0.192679288534 -0.194404051186 -0.209670278055 -0.212942044657 -0.190156542510 -0.174273084516 -0.172861096582 -0.128982552929 -0.0769849190589 -0.0702109506428 -0.168414594424 -0.285741256064 -0.257577435484 -0.164209774997 -0.0880734126947 -0.00468463046484 0.0660999808115 0.0941817113849 0.0697882602540 0.0520467486855 0.0455124793275 0.00588028364968 -0.0236499066791 -0.0322806932563 -0.0536287280357 -0.0723801338609 -0.0668273863648 -0.0668276283477
# log_avg_NatM:
-1.66946176599
# m_dev:
 -0.668711991478 -0.656171801407 -0.323239570935 0.265032554488 0.192154169647 0.137187370259 0.158076140297 0.248930977020 0.321412661176 -0.106170493108 -0.266962478233 -0.310568151683 -0.396186617199 -0.430452984285 -0.373984447577 -0.163416928560 -0.163561313037 -0.247714188322 -0.238779092944 -0.0401114996929 0.172030173366 -0.0437628420962 -0.0980548648275 -0.00729790311982 0.0651290437778 -0.0739087693234 -0.177139849230 -0.0333141803160 0.0293303527272 -0.229193321840 -0.250254406095 -0.0493125662706 0.355795157877 0.546631332109 0.385426119415 0.0941457793591 -0.169269067372 -0.212685977059 -0.0871640973228 0.222992382745 0.405867738514 0.295586480977 0.224577139216 0.406326286619 0.260804285836 0.171209949623 0.338272294498 0.285142019157 0.118585353176 0.116743641455
# log_avg_GrowthK:
-1.60943800000
# log_avg_Linf:
4.88280200000
# GrowthK_dev:
 0.00000000000 0.00000000000 0.00000000000 0.00000000000 0.00000000000 0.00000000000 0.00000000000 0.00000000000 0.00000000000 0.00000000000 0.00000000000 0.00000000000 0.00000000000 0.00000000000 0.00000000000 0.00000000000 0.00000000000 0.00000000000 0.00000000000 0.00000000000 0.00000000000 0.00000000000 0.00000000000 0.00000000000 0.00000000000 0.00000000000 0.00000000000 0.00000000000 0.00000000000 0.00000000000 0.00000000000 0.00000000000 0.00000000000 0.00000000000 0.00000000000 0.00000000000 0.00000000000 0.00000000000 0.00000000000 0.00000000000 0.00000000000 0.00000000000 0.00000000000 0.00000000000 0.00000000000 0.00000000000 0.00000000000 0.00000000000 0.00000000000 0.00000000000
# Linf_dev:
 0.00000000000 0.00000000000 0.00000000000 0.00000000000 0.00000000000 0.00000000000 0.00000000000 0.00000000000 0.00000000000 0.00000000000 0.00000000000 0.00000000000 0.00000000000 0.00000000000 0.00000000000 0.00000000000 0.00000000000 0.00000000000 0.00000000000 0.00000000000 0.00000000000 0.00000000000 0.00000000000 0.00000000000 0.00000000000 0.00000000000 0.00000000000 0.00000000000 0.00000000000 0.00000000000 0.00000000000 0.00000000000 0.00000000000 0.00000000000 0.00000000000 0.00000000000 0.00000000000 0.00000000000 0.00000000000 0.00000000000 0.00000000000 0.00000000000 0.00000000000 0.00000000000 0.00000000000 0.00000000000 0.00000000000 0.00000000000 0.00000000000 0.00000000000
# SelPars50:
2.01089811611
# SelPars95:
3.57086470528
# SelPars_dev50:
 0.00000000000 0.00000000000 0.00000000000 0.00000000000 0.00000000000 0.00000000000 0.00000000000 0.00000000000 0.00000000000 0.00000000000 0.00000000000 0.00000000000 0.00000000000 0.00000000000 0.00000000000 0.00000000000 0.00000000000 0.00000000000 0.00000000000 0.00000000000 0.00000000000 0.00000000000 0.00000000000 0.00000000000 0.00000000000 0.00000000000 0.00000000000 0.00000000000 0.00000000000 0.00000000000 0.00000000000 0.00000000000 0.00000000000 0.00000000000 0.00000000000 0.00000000000 0.00000000000 0.00000000000 0.00000000000 0.00000000000 0.00000000000 0.00000000000 0.00000000000 0.00000000000 0.00000000000 0.00000000000 0.00000000000 0.00000000000 0.00000000000 0.00000000000
# SelPars_dev95:
 0.00000000000 0.00000000000 0.00000000000 0.00000000000 0.00000000000 0.00000000000 0.00000000000 0.00000000000 0.00000000000 0.00000000000 0.00000000000 0.00000000000 0.00000000000 0.00000000000 0.00000000000 0.00000000000 0.00000000000 0.00000000000 0.00000000000 0.00000000000 0.00000000000 0.00000000000 0.00000000000 0.00000000000 0.00000000000 0.00000000000 0.00000000000 0.00000000000 0.00000000000 0.00000000000 0.00000000000 0.00000000000 0.00000000000 0.00000000000 0.00000000000 0.00000000000 0.00000000000 0.00000000000 0.00000000000 0.00000000000 0.00000000000 0.00000000000 0.00000000000 0.00000000000 0.00000000000 0.00000000000 0.00000000000 0.00000000000 0.00000000000 0.00000000000
