# Number of parameters = 224 Objective function value = 76702.9359046816  Maximum gradient component = 0.00284277105519643
# srv_sel50:
1.47231809637
# srv_sel95:
2.43186851711
# stNatLen:
 11.3365414145 11.1956114172 10.9982892731 10.8101722967 10.6248435118 10.4222852940 10.1967584526 9.95628250034 9.71312374204 9.47748754930 9.25581721714 9.05142588665 8.86554486896 8.69818423569 8.54875859533 8.41640500618 8.30017216641 8.19912214063 8.11247795525 8.03949660196 7.97952203121 7.93208638244 7.89686657339 7.87359427412 7.86198513822
# log_avg_fmort_dir:
-1.61643018052
# fmort_dir_dev:
 -1.76412472968 -1.74055428143 -1.24873387471 -0.897761755141 -0.673834428887 -0.408928582443 -0.168314678299 -0.0672457302025 0.0491251618856 0.199698027721 0.224773409410 0.301336658817 0.385322281870 0.362958705356 0.459011894788 0.480659424095 0.495594603343 0.406387096260 0.332507145224 0.324099699449 0.379330116588 0.394028359361 0.297260678609 0.333774016378 0.173073636979 0.226630217916 0.316635080419 0.334193181557 0.264912617877 0.221995097867 0.120378441871 0.0540966072720 0.0709917712631 -0.00593579248224 0.0699749072619 0.0660470042372 0.144486695690 0.00870832918713 -0.0104731077964 0.00508307253077 -0.0518137144632 -0.0763171569574 0.0514305777220 0.0486127694517 0.132201279410 0.118752699388 0.104318142197 0.0936704870545 0.117848064130 -0.0149676682271 0.0346315158618 0.215736296015 -0.516061539902 -0.131744348438 0.105998685057 0.104752788957 0.0431909944785 -0.600528313149 0.0169239069531 0.130267491844 -0.131261067615 0.135499510022 0.00175559100471 -0.450063970808
# mean_log_rec:
11.1173489110
# rec_dev:
 0.288079805134 0.250699691654 0.257166461749 0.269841962007 0.245545721674 0.175832943996 0.123765871690 0.117638265750 0.104852828195 0.103142769619 0.122130075499 0.145972442371 0.159843449688 0.149958928948 0.0977837455199 -0.00789209584237 -0.0698909752745 -0.0912930443885 -0.118856903464 -0.175260475429 -0.206515280293 -0.209215112002 -0.192029144762 -0.169490429139 -0.181753529193 -0.232961802364 -0.302339918280 -0.317363550323 -0.292718090351 -0.248592019183 -0.205197042506 -0.168462839152 -0.139570351366 -0.144689816155 -0.0868918587769 -0.00439468414296 0.0249483492301 0.0583365052240 0.0820907550464 0.0922368500622 0.102341674489 0.0643415698819 -0.0198358986279 -0.0729308565677 -0.0868644865470 -0.0847798457598 -0.0475186609233 0.0149828812097 0.0368249035957 0.0400555039188 0.0354372034037 0.0586475779900 0.103337718002 0.149814922323 0.138505455898 0.0717554278567 0.0356037174241 0.00100192308238 -0.0156693659226 -0.0210716980384 -0.0111915957277 0.0407179058070 0.0810027034897 0.0810028590726
# log_avg_NatM:
-1.58760739470
# m_dev:
 -0.0841967839259 0.0761278951097 -0.117915172635 -0.197048670859 -0.0340181713692 0.178480726085 -0.0276207589229 -0.297851543263 -0.225296706724 -0.391385239314 -0.544127654218 -0.564536382988 -0.413830642565 -0.342423066139 -0.105469412143 0.206398417218 -0.107937301356 -0.108276889506 -0.0438249825204 0.109379055020 -0.116854555706 -0.206788088913 -0.291868262779 -0.196609890147 -0.0372742662531 0.104285260229 0.162938561452 -0.195585795855 -0.208736497134 -0.297600763620 -0.201642801899 -0.254724424947 -0.211001182939 0.114359772935 0.262045607708 0.158037996442 0.110612351732 -0.00630145680179 0.148476661117 0.184346653317 0.217216310199 0.369161821349 0.481463488736 0.354644159141 0.184422160538 0.165563619843 -0.0839009034342 -0.132301921545 0.137633647189 0.188353726925 0.295752858829 0.0558616563842 0.0344032000616 0.218227432216 0.321194358436 0.408482456549 0.266082555032 0.394209247003 0.283332778995 0.154744424527 0.219896207912 0.00457107715982 -0.280252901376 -0.243503053589
# log_avg_GrowthK:
-1.60943800000
# log_avg_Linf:
4.88280200000
# GrowthK_dev:
 0.00000000000 0.00000000000 0.00000000000 0.00000000000 0.00000000000 0.00000000000 0.00000000000 0.00000000000 0.00000000000 0.00000000000 0.00000000000 0.00000000000 0.00000000000 0.00000000000 0.00000000000 0.00000000000 0.00000000000 0.00000000000 0.00000000000 0.00000000000 0.00000000000 0.00000000000 0.00000000000 0.00000000000 0.00000000000 0.00000000000 0.00000000000 0.00000000000 0.00000000000 0.00000000000 0.00000000000 0.00000000000 0.00000000000 0.00000000000 0.00000000000 0.00000000000 0.00000000000 0.00000000000 0.00000000000 0.00000000000 0.00000000000 0.00000000000 0.00000000000 0.00000000000 0.00000000000 0.00000000000 0.00000000000 0.00000000000 0.00000000000 0.00000000000 0.00000000000 0.00000000000 0.00000000000 0.00000000000 0.00000000000 0.00000000000 0.00000000000 0.00000000000 0.00000000000 0.00000000000 0.00000000000 0.00000000000 0.00000000000 0.00000000000
# Linf_dev:
 0.00000000000 0.00000000000 0.00000000000 0.00000000000 0.00000000000 0.00000000000 0.00000000000 0.00000000000 0.00000000000 0.00000000000 0.00000000000 0.00000000000 0.00000000000 0.00000000000 0.00000000000 0.00000000000 0.00000000000 0.00000000000 0.00000000000 0.00000000000 0.00000000000 0.00000000000 0.00000000000 0.00000000000 0.00000000000 0.00000000000 0.00000000000 0.00000000000 0.00000000000 0.00000000000 0.00000000000 0.00000000000 0.00000000000 0.00000000000 0.00000000000 0.00000000000 0.00000000000 0.00000000000 0.00000000000 0.00000000000 0.00000000000 0.00000000000 0.00000000000 0.00000000000 0.00000000000 0.00000000000 0.00000000000 0.00000000000 0.00000000000 0.00000000000 0.00000000000 0.00000000000 0.00000000000 0.00000000000 0.00000000000 0.00000000000 0.00000000000 0.00000000000 0.00000000000 0.00000000000 0.00000000000 0.00000000000 0.00000000000 0.00000000000
# SelPars50:
2.00896229679
# SelPars95:
3.55868277227
# SelPars_dev50:
 0.00000000000 0.00000000000 0.00000000000 0.00000000000 0.00000000000 0.00000000000 0.00000000000 0.00000000000 0.00000000000 0.00000000000 0.00000000000 0.00000000000 0.00000000000 0.00000000000 0.00000000000 0.00000000000 0.00000000000 0.00000000000 0.00000000000 0.00000000000 0.00000000000 0.00000000000 0.00000000000 0.00000000000 0.00000000000 0.00000000000 0.00000000000 0.00000000000 0.00000000000 0.00000000000 0.00000000000 0.00000000000 0.00000000000 0.00000000000 0.00000000000 0.00000000000 0.00000000000 0.00000000000 0.00000000000 0.00000000000 0.00000000000 0.00000000000 0.00000000000 0.00000000000 0.00000000000 0.00000000000 0.00000000000 0.00000000000 0.00000000000 0.00000000000 0.00000000000 0.00000000000 0.00000000000 0.00000000000 0.00000000000 0.00000000000 0.00000000000 0.00000000000 0.00000000000 0.00000000000 0.00000000000 0.00000000000 0.00000000000 0.00000000000
# SelPars_dev95:
 0.00000000000 0.00000000000 0.00000000000 0.00000000000 0.00000000000 0.00000000000 0.00000000000 0.00000000000 0.00000000000 0.00000000000 0.00000000000 0.00000000000 0.00000000000 0.00000000000 0.00000000000 0.00000000000 0.00000000000 0.00000000000 0.00000000000 0.00000000000 0.00000000000 0.00000000000 0.00000000000 0.00000000000 0.00000000000 0.00000000000 0.00000000000 0.00000000000 0.00000000000 0.00000000000 0.00000000000 0.00000000000 0.00000000000 0.00000000000 0.00000000000 0.00000000000 0.00000000000 0.00000000000 0.00000000000 0.00000000000 0.00000000000 0.00000000000 0.00000000000 0.00000000000 0.00000000000 0.00000000000 0.00000000000 0.00000000000 0.00000000000 0.00000000000 0.00000000000 0.00000000000 0.00000000000 0.00000000000 0.00000000000 0.00000000000 0.00000000000 0.00000000000 0.00000000000 0.00000000000 0.00000000000 0.00000000000 0.00000000000 0.00000000000
