# Number of parameters = 133 Objective function value = 60912.3  Maximum gradient component = 0.000483683
# srv_sel50:
1.68012816320
# srv_sel95:
3.00784451739
# stNatLen:
 11.8014219693 11.5903552665 11.2818077779 11.0179268969 10.7999692933 10.5922606076 10.3696432690 10.1263827973 9.86975058694 9.61101114825 9.35994689050 9.12317143721 8.90437910494 8.70519563137 8.52596370263 8.36630685297 8.22552213827 8.10276419919 7.99717225610 7.90795792776 7.83448229849 7.77619304260 7.73270829980 7.70373670901 7.68920876024
# log_avg_fmort_dir:
-1.49453508241
# fmort_dir_dev:
 -1.07499957508 -0.793298603222 -0.606705039908 -0.329558190798 -0.349174462701 -0.182223536372 -0.0390634829699 0.0785978551920 0.0823109041605 0.193574815364 0.317401681985 0.328358326039 0.272295603361 0.270529071832 0.260868600230 0.235830207055 0.186818821829 0.190330233292 0.190351768897 0.131534301293 0.203730481623 0.167578402659 0.0998108087205 0.0150782637339 0.0165923220400 0.0812791977112 0.0756334747796 0.0339034304359 -0.0360969328992 0.0391409309279 0.00461949705365 -0.000498408988312 0.0765554725108 0.0643893091769 -0.00510411104083 -0.0142358257658 0.00717435718983 -0.0122933668755 -0.102503386249 -0.0720960246407 0.0449045627658 -0.0629554863648 0.0452900496558 0.0431265958072 0.0324458112160 -0.0419201926599 -0.0164615167444 -0.0291782825645 -0.0440622544323 0.0160532867421 0.00632023499572
# mean_log_rec:
11.3297553033
# rec_dev:
 0.487814211002 0.445525438498 0.416666361850 0.396170595028 0.373725030213 0.350396859789 0.330562029851 0.303656192303 0.263219374305 0.227017020606 0.178365034750 0.140670348312 0.102104201741 0.0379198618398 0.00870325603301 -0.0141104990344 -0.0454523864553 -0.0684141458211 -0.0845133399424 -0.0974402348399 -0.113461756634 -0.115308715685 -0.115130607221 -0.133898400038 -0.146137853887 -0.164699881923 -0.212025057276 -0.244395401401 -0.291084332466 -0.318848737102 -0.236135877771 -0.157764979993 -0.157730800149 -0.170988718661 -0.173979909399 -0.183915800800 -0.170732943327 -0.145809546751 -0.132081330852 -0.127043577185 -0.123863008406 -0.111842837361 -0.0932494512268 -0.0825885826431 -0.0650573847874 -0.0363194336955 -0.00710472990351 0.0395847247392 0.0881121626637 0.0754587658061 0.0754587933064
# log_avg_NatM:
-1.47890400000
# m_dev:
 0.00000000000 0.00000000000 0.00000000000 0.00000000000 0.00000000000 0.00000000000 0.00000000000 0.00000000000 0.00000000000 0.00000000000 0.00000000000 0.00000000000 0.00000000000 0.00000000000 0.00000000000 0.00000000000 0.00000000000 0.00000000000 0.00000000000 0.00000000000 0.00000000000 0.00000000000 0.00000000000 0.00000000000 0.00000000000 0.00000000000 0.00000000000 0.00000000000 0.00000000000 0.00000000000 0.00000000000 0.00000000000 0.00000000000 0.00000000000 0.00000000000 0.00000000000 0.00000000000 0.00000000000 0.00000000000 0.00000000000 0.00000000000 0.00000000000 0.00000000000 0.00000000000 0.00000000000 0.00000000000 0.00000000000 0.00000000000 0.00000000000 0.00000000000 0.00000000000
# log_avg_GrowthK:
-1.60943800000
# log_avg_Linf:
4.88280200000
# GrowthK_dev:
 0.00000000000 0.00000000000 0.00000000000 0.00000000000 0.00000000000 0.00000000000 0.00000000000 0.00000000000 0.00000000000 0.00000000000 0.00000000000 0.00000000000 0.00000000000 0.00000000000 0.00000000000 0.00000000000 0.00000000000 0.00000000000 0.00000000000 0.00000000000 0.00000000000 0.00000000000 0.00000000000 0.00000000000 0.00000000000 0.00000000000 0.00000000000 0.00000000000 0.00000000000 0.00000000000 0.00000000000 0.00000000000 0.00000000000 0.00000000000 0.00000000000 0.00000000000 0.00000000000 0.00000000000 0.00000000000 0.00000000000 0.00000000000 0.00000000000 0.00000000000 0.00000000000 0.00000000000 0.00000000000 0.00000000000 0.00000000000 0.00000000000 0.00000000000 0.00000000000
# Linf_dev:
 0.00000000000 0.00000000000 0.00000000000 0.00000000000 0.00000000000 0.00000000000 0.00000000000 0.00000000000 0.00000000000 0.00000000000 0.00000000000 0.00000000000 0.00000000000 0.00000000000 0.00000000000 0.00000000000 0.00000000000 0.00000000000 0.00000000000 0.00000000000 0.00000000000 0.00000000000 0.00000000000 0.00000000000 0.00000000000 0.00000000000 0.00000000000 0.00000000000 0.00000000000 0.00000000000 0.00000000000 0.00000000000 0.00000000000 0.00000000000 0.00000000000 0.00000000000 0.00000000000 0.00000000000 0.00000000000 0.00000000000 0.00000000000 0.00000000000 0.00000000000 0.00000000000 0.00000000000 0.00000000000 0.00000000000 0.00000000000 0.00000000000 0.00000000000 0.00000000000
# SelPars50:
2.29302518362
# SelPars95:
4.19899837969
# SelPars_dev50:
 0.00000000000 0.00000000000 0.00000000000 0.00000000000 0.00000000000 0.00000000000 0.00000000000 0.00000000000 0.00000000000 0.00000000000 0.00000000000 0.00000000000 0.00000000000 0.00000000000 0.00000000000 0.00000000000 0.00000000000 0.00000000000 0.00000000000 0.00000000000 0.00000000000 0.00000000000 0.00000000000 0.00000000000 0.00000000000 0.00000000000 0.00000000000 0.00000000000 0.00000000000 0.00000000000 0.00000000000 0.00000000000 0.00000000000 0.00000000000 0.00000000000 0.00000000000 0.00000000000 0.00000000000 0.00000000000 0.00000000000 0.00000000000 0.00000000000 0.00000000000 0.00000000000 0.00000000000 0.00000000000 0.00000000000 0.00000000000 0.00000000000 0.00000000000 0.00000000000
# SelPars_dev95:
 0.00000000000 0.00000000000 0.00000000000 0.00000000000 0.00000000000 0.00000000000 0.00000000000 0.00000000000 0.00000000000 0.00000000000 0.00000000000 0.00000000000 0.00000000000 0.00000000000 0.00000000000 0.00000000000 0.00000000000 0.00000000000 0.00000000000 0.00000000000 0.00000000000 0.00000000000 0.00000000000 0.00000000000 0.00000000000 0.00000000000 0.00000000000 0.00000000000 0.00000000000 0.00000000000 0.00000000000 0.00000000000 0.00000000000 0.00000000000 0.00000000000 0.00000000000 0.00000000000 0.00000000000 0.00000000000 0.00000000000 0.00000000000 0.00000000000 0.00000000000 0.00000000000 0.00000000000 0.00000000000 0.00000000000 0.00000000000 0.00000000000 0.00000000000 0.00000000000
