# Number of parameters = 215 Objective function value = 73042.9  Maximum gradient component = 0.00426335
# srv_sel50:
1.47717448428
# srv_sel95:
2.43738252131
# stNatLen:
 11.3864961007 11.2516429799 11.0549876708 10.8659678717 10.6802175163 10.4778363925 10.2527132914 10.0125707402 9.76955420754 9.53386418432 9.31201463889 9.10734828107 8.92114292359 8.75345096084 8.60369314652 8.47099975646 8.35441612573 8.25304042232 8.16606903105 8.09280767579 8.03263151422 7.98508177517 7.94973554309 7.92628865453 7.91461449665
# log_avg_fmort_dir:
-1.63280312776
# fmort_dir_dev:
 -1.73313312985 -1.72442941089 -1.30361664058 -0.963278947304 -0.733293338626 -0.664381143138 -0.364500958525 -0.273890168135 -0.0710195089838 0.105791940746 0.254035343595 0.323578964667 0.417946283053 0.492519613905 0.544691304249 0.532922377929 0.470173732093 0.480127140207 0.393384656191 0.391489945999 0.440737007978 0.448046512633 0.391608693573 0.240728815675 0.231496147676 0.290114429006 0.212226764991 0.117246767373 0.119013399672 0.0622368585830 0.0240745230180 0.0703954950895 -0.00756270289135 0.127015232998 0.0198269345223 -0.0245296717804 -0.0662451028272 -0.0930506402877 0.0357910521016 -0.0789245017754 0.120420949740 0.148922648108 0.0876673638756 0.0788033652250 0.138505483255 0.0354564706078 -0.0172076408452 -0.163302785229 -0.113248448015 -0.138112754332 -0.00529875490582 -0.00889316268765 0.118999910710 0.375535076264 -0.425109108639 -0.493193393381 0.167079587878 0.408594152751 -0.243681406196 0.262841116991 0.529857256898
# mean_log_rec:
11.1670917446
# rec_dev:
 0.343727115743 0.341291128099 0.353012532148 0.350507679761 0.360929545047 0.361189700940 0.356216540771 0.323358666670 0.223941633671 0.0932797644141 6.89671389301e-005 -0.0390924394043 -0.0569741781583 -0.0676296510085 -0.0954494944399 -0.109622500113 -0.114598332683 -0.133956865351 -0.166272659229 -0.240944622126 -0.305095191838 -0.314230373731 -0.287095861258 -0.255475926441 -0.227656240176 -0.219259970539 -0.215749927874 -0.201613073696 -0.170526786431 -0.142844206136 -0.142105340383 -0.145917136185 -0.201515853360 -0.225879993679 -0.0787573887400 0.0369945751578 0.0475678880844 0.0374244143019 0.0169241856616 -0.0500983120611 -0.0964285975323 -0.105084604987 -0.0883557391586 -0.0515020773026 0.0134523591001 0.114391279903 0.198420139556 0.200796853441 0.194830043958 0.217193602419 0.223095834383 0.181095724102 0.0837863636048 0.0149994239627 0.000210037523886 0.0304610078274 0.0343389098821 0.0105985551503 -0.0435219568674 -0.0854245999708 -0.0854245715637
# log_avg_NatM:
-1.53847182768
# m_dev:
 -0.322530427443 -0.259535003913 -0.0852845589660 -0.0434982017929 -0.166363938599 -0.0991037798140 -0.163253062150 -0.0405555359505 0.173040327953 0.311335416971 0.0593529139768 -0.262979353655 -0.441242007926 -0.483903062381 -0.325763346465 -0.459798216841 -0.364756359025 -0.265194837892 -0.162483050435 0.0938453587711 -0.0333081271972 -0.230387330276 -0.304727853213 -0.370535856212 -0.332121110519 -0.126580574807 -0.0488475558926 -0.102905845760 -0.188381027961 -0.0764868243008 -0.0585072354219 0.00301801293390 0.258803428317 0.0862011423589 -0.208692246864 0.147971981411 0.181689862445 0.172550592932 0.278394086674 0.383536317613 0.248175498982 0.163015812344 0.0777910400833 0.0289521099411 -0.177483559074 -0.360164742103 -0.123482081723 0.334845011606 0.241952435749 0.266760523410 0.241887135891 0.326128339459 0.546025018400 0.314379638128 0.0977444860992 0.182902673798 0.305157670938 0.0879729910211 0.257526579449 0.431108674151 0.386791632768
# log_avg_GrowthK:
-1.60943800000
# log_avg_Linf:
4.88280200000
# GrowthK_dev:
 0.00000000000 0.00000000000 0.00000000000 0.00000000000 0.00000000000 0.00000000000 0.00000000000 0.00000000000 0.00000000000 0.00000000000 0.00000000000 0.00000000000 0.00000000000 0.00000000000 0.00000000000 0.00000000000 0.00000000000 0.00000000000 0.00000000000 0.00000000000 0.00000000000 0.00000000000 0.00000000000 0.00000000000 0.00000000000 0.00000000000 0.00000000000 0.00000000000 0.00000000000 0.00000000000 0.00000000000 0.00000000000 0.00000000000 0.00000000000 0.00000000000 0.00000000000 0.00000000000 0.00000000000 0.00000000000 0.00000000000 0.00000000000 0.00000000000 0.00000000000 0.00000000000 0.00000000000 0.00000000000 0.00000000000 0.00000000000 0.00000000000 0.00000000000 0.00000000000 0.00000000000 0.00000000000 0.00000000000 0.00000000000 0.00000000000 0.00000000000 0.00000000000 0.00000000000 0.00000000000 0.00000000000
# Linf_dev:
 0.00000000000 0.00000000000 0.00000000000 0.00000000000 0.00000000000 0.00000000000 0.00000000000 0.00000000000 0.00000000000 0.00000000000 0.00000000000 0.00000000000 0.00000000000 0.00000000000 0.00000000000 0.00000000000 0.00000000000 0.00000000000 0.00000000000 0.00000000000 0.00000000000 0.00000000000 0.00000000000 0.00000000000 0.00000000000 0.00000000000 0.00000000000 0.00000000000 0.00000000000 0.00000000000 0.00000000000 0.00000000000 0.00000000000 0.00000000000 0.00000000000 0.00000000000 0.00000000000 0.00000000000 0.00000000000 0.00000000000 0.00000000000 0.00000000000 0.00000000000 0.00000000000 0.00000000000 0.00000000000 0.00000000000 0.00000000000 0.00000000000 0.00000000000 0.00000000000 0.00000000000 0.00000000000 0.00000000000 0.00000000000 0.00000000000 0.00000000000 0.00000000000 0.00000000000 0.00000000000 0.00000000000
# SelPars50:
2.01497878419
# SelPars95:
3.56740350663
# SelPars_dev50:
 0.00000000000 0.00000000000 0.00000000000 0.00000000000 0.00000000000 0.00000000000 0.00000000000 0.00000000000 0.00000000000 0.00000000000 0.00000000000 0.00000000000 0.00000000000 0.00000000000 0.00000000000 0.00000000000 0.00000000000 0.00000000000 0.00000000000 0.00000000000 0.00000000000 0.00000000000 0.00000000000 0.00000000000 0.00000000000 0.00000000000 0.00000000000 0.00000000000 0.00000000000 0.00000000000 0.00000000000 0.00000000000 0.00000000000 0.00000000000 0.00000000000 0.00000000000 0.00000000000 0.00000000000 0.00000000000 0.00000000000 0.00000000000 0.00000000000 0.00000000000 0.00000000000 0.00000000000 0.00000000000 0.00000000000 0.00000000000 0.00000000000 0.00000000000 0.00000000000 0.00000000000 0.00000000000 0.00000000000 0.00000000000 0.00000000000 0.00000000000 0.00000000000 0.00000000000 0.00000000000 0.00000000000
# SelPars_dev95:
 0.00000000000 0.00000000000 0.00000000000 0.00000000000 0.00000000000 0.00000000000 0.00000000000 0.00000000000 0.00000000000 0.00000000000 0.00000000000 0.00000000000 0.00000000000 0.00000000000 0.00000000000 0.00000000000 0.00000000000 0.00000000000 0.00000000000 0.00000000000 0.00000000000 0.00000000000 0.00000000000 0.00000000000 0.00000000000 0.00000000000 0.00000000000 0.00000000000 0.00000000000 0.00000000000 0.00000000000 0.00000000000 0.00000000000 0.00000000000 0.00000000000 0.00000000000 0.00000000000 0.00000000000 0.00000000000 0.00000000000 0.00000000000 0.00000000000 0.00000000000 0.00000000000 0.00000000000 0.00000000000 0.00000000000 0.00000000000 0.00000000000 0.00000000000 0.00000000000 0.00000000000 0.00000000000 0.00000000000 0.00000000000 0.00000000000 0.00000000000 0.00000000000 0.00000000000 0.00000000000 0.00000000000
