# Number of parameters = 230 Objective function value = 79018.3767185462  Maximum gradient component = 0.00257693062942273
# srv_sel50:
1.47893729890
# srv_sel95:
2.43978291141
# stNatLen:
 11.6932074544 11.5371116168 11.3345724674 11.1462599459 10.9611847972 10.7580346043 10.5315496157 10.2904671311 10.0473966340 9.81253382546 9.59215830671 9.38937418730 9.20524573748 9.03967753757 8.89199362517 8.76125617354 8.64646815295 8.54670470927 8.46119935251 8.38921412803 8.33017869029 8.28358522877 8.24899654257 8.22611574976 8.21475714180
# log_avg_fmort_dir:
-1.60411702112
# fmort_dir_dev:
 -1.88801002908 -1.90336424142 -1.33739945231 -0.824666316216 -0.545140685195 -0.514127272862 -0.397436800550 -0.254926734604 -0.0873749060680 0.0119372558776 0.282285669814 0.220940775114 0.384807085045 0.443709039007 0.495903817670 0.426404526345 0.522894182140 0.369469512253 0.386464911267 0.381413456511 0.310387518852 0.389644060280 0.348119284328 0.361097452521 0.327153137711 0.272292611301 0.268076857178 0.201245029274 0.251561744149 0.198476301286 0.173720165966 0.143588516209 -0.0253127605781 0.00768177157008 -0.172449935198 -0.0211680708237 0.105298968670 0.101698192106 0.141053575186 0.107704127512 -0.0896619976000 -0.0117339716977 -0.0307581543376 -0.0363127962740 0.0185566972168 -0.0794816900460 -0.0974830850644 -0.0178493822541 -0.115804109810 -0.118159281326 -0.0157465382088 0.00787074622123 -0.0695355208564 0.190785136418 0.422654217678 0.193753653832 -0.638550294909 -0.300169559538 0.181862806055 0.176765069283 -0.300936400926 0.354227888814 -0.0165998478629 0.123427339928 0.321394404884 0.283832330146
# mean_log_rec:
11.1487164738
# rec_dev:
 0.428326435932 0.325685145412 0.231554685405 0.180451811197 0.184977281374 0.226951991092 0.265367820747 0.283651359618 0.228418749451 0.103689410922 0.0172409548329 -0.0134557022920 -0.0237077313956 -0.0323719951436 -0.0404766538749 -0.0666311999300 -0.0679982338759 -0.0725234310176 -0.109593589793 -0.140628368248 -0.187410871696 -0.238248402054 -0.292428392045 -0.316058578914 -0.292720032449 -0.272779028052 -0.286553351241 -0.313097023870 -0.324879914607 -0.325939717586 -0.279355502334 -0.194027979018 -0.135762981066 -0.0741143906337 0.0221143416021 -0.0242498212805 -0.132733635740 -0.152541139761 -0.0865571232918 -0.00538971710009 0.0426349201104 0.0379085615379 -0.00194167220666 -0.0220572465917 0.0106829511199 0.0640674196346 0.0968646357141 0.0988244218740 0.131076216975 0.177873528304 0.231614809312 0.271754371125 0.273269484141 0.201068894867 0.0745283500265 -0.0170579249842 -0.0266087493031 0.0102843418120 0.0316658850673 0.0439634701611 0.0417927788984 0.0667362303005 0.0751633460733 0.0531948637588 0.0182503026745 0.0182503303242
# log_avg_NatM:
-1.52333966332
# m_dev:
 0.470495799748 0.348024488110 0.236195175279 0.0962315783287 -0.208390390942 -0.427334628988 -0.408960287985 -0.403988428504 0.00907696625579 0.285135001742 0.0380340556431 -0.301895331502 -0.457995208497 -0.459534656918 -0.357156353333 -0.369373442510 -0.479516750198 -0.288495921791 -0.113220695825 -0.153940653198 -0.0686820932719 -0.0183232695943 0.0590620541860 -0.219678373470 -0.430935361858 -0.265707090435 -0.110625291219 -0.0427205297306 -0.0155815954958 -0.166881028339 -0.460330145574 -0.468633789925 -0.340033792844 -0.262741588351 0.0841503486963 0.590481876777 0.514540260669 0.0385431025632 -0.282359063621 -0.179233418652 -0.0414458670758 0.247573947290 0.320574906487 0.265959372007 0.0519792041543 -0.0384855630556 0.0579433521489 0.251705282731 0.0859425870990 0.0914750351655 0.116714543010 0.0558278985434 0.181320160305 0.515949720776 0.528334492726 0.321988162974 0.206252248946 0.239943411727 0.204735551328 0.00350137943404 0.231665869406 0.0537429211660 0.136456601503 0.206974085215 0.344745061468 0.350924109099
# log_avg_GrowthK:
-1.60943800000
# log_avg_Linf:
4.88280200000
# GrowthK_dev:
 0.00000000000 0.00000000000 0.00000000000 0.00000000000 0.00000000000 0.00000000000 0.00000000000 0.00000000000 0.00000000000 0.00000000000 0.00000000000 0.00000000000 0.00000000000 0.00000000000 0.00000000000 0.00000000000 0.00000000000 0.00000000000 0.00000000000 0.00000000000 0.00000000000 0.00000000000 0.00000000000 0.00000000000 0.00000000000 0.00000000000 0.00000000000 0.00000000000 0.00000000000 0.00000000000 0.00000000000 0.00000000000 0.00000000000 0.00000000000 0.00000000000 0.00000000000 0.00000000000 0.00000000000 0.00000000000 0.00000000000 0.00000000000 0.00000000000 0.00000000000 0.00000000000 0.00000000000 0.00000000000 0.00000000000 0.00000000000 0.00000000000 0.00000000000 0.00000000000 0.00000000000 0.00000000000 0.00000000000 0.00000000000 0.00000000000 0.00000000000 0.00000000000 0.00000000000 0.00000000000 0.00000000000 0.00000000000 0.00000000000 0.00000000000 0.00000000000 0.00000000000
# Linf_dev:
 0.00000000000 0.00000000000 0.00000000000 0.00000000000 0.00000000000 0.00000000000 0.00000000000 0.00000000000 0.00000000000 0.00000000000 0.00000000000 0.00000000000 0.00000000000 0.00000000000 0.00000000000 0.00000000000 0.00000000000 0.00000000000 0.00000000000 0.00000000000 0.00000000000 0.00000000000 0.00000000000 0.00000000000 0.00000000000 0.00000000000 0.00000000000 0.00000000000 0.00000000000 0.00000000000 0.00000000000 0.00000000000 0.00000000000 0.00000000000 0.00000000000 0.00000000000 0.00000000000 0.00000000000 0.00000000000 0.00000000000 0.00000000000 0.00000000000 0.00000000000 0.00000000000 0.00000000000 0.00000000000 0.00000000000 0.00000000000 0.00000000000 0.00000000000 0.00000000000 0.00000000000 0.00000000000 0.00000000000 0.00000000000 0.00000000000 0.00000000000 0.00000000000 0.00000000000 0.00000000000 0.00000000000 0.00000000000 0.00000000000 0.00000000000 0.00000000000 0.00000000000
# SelPars50:
2.02377959009
# SelPars95:
3.59316075937
# SelPars_dev50:
 0.00000000000 0.00000000000 0.00000000000 0.00000000000 0.00000000000 0.00000000000 0.00000000000 0.00000000000 0.00000000000 0.00000000000 0.00000000000 0.00000000000 0.00000000000 0.00000000000 0.00000000000 0.00000000000 0.00000000000 0.00000000000 0.00000000000 0.00000000000 0.00000000000 0.00000000000 0.00000000000 0.00000000000 0.00000000000 0.00000000000 0.00000000000 0.00000000000 0.00000000000 0.00000000000 0.00000000000 0.00000000000 0.00000000000 0.00000000000 0.00000000000 0.00000000000 0.00000000000 0.00000000000 0.00000000000 0.00000000000 0.00000000000 0.00000000000 0.00000000000 0.00000000000 0.00000000000 0.00000000000 0.00000000000 0.00000000000 0.00000000000 0.00000000000 0.00000000000 0.00000000000 0.00000000000 0.00000000000 0.00000000000 0.00000000000 0.00000000000 0.00000000000 0.00000000000 0.00000000000 0.00000000000 0.00000000000 0.00000000000 0.00000000000 0.00000000000 0.00000000000
# SelPars_dev95:
 0.00000000000 0.00000000000 0.00000000000 0.00000000000 0.00000000000 0.00000000000 0.00000000000 0.00000000000 0.00000000000 0.00000000000 0.00000000000 0.00000000000 0.00000000000 0.00000000000 0.00000000000 0.00000000000 0.00000000000 0.00000000000 0.00000000000 0.00000000000 0.00000000000 0.00000000000 0.00000000000 0.00000000000 0.00000000000 0.00000000000 0.00000000000 0.00000000000 0.00000000000 0.00000000000 0.00000000000 0.00000000000 0.00000000000 0.00000000000 0.00000000000 0.00000000000 0.00000000000 0.00000000000 0.00000000000 0.00000000000 0.00000000000 0.00000000000 0.00000000000 0.00000000000 0.00000000000 0.00000000000 0.00000000000 0.00000000000 0.00000000000 0.00000000000 0.00000000000 0.00000000000 0.00000000000 0.00000000000 0.00000000000 0.00000000000 0.00000000000 0.00000000000 0.00000000000 0.00000000000 0.00000000000 0.00000000000 0.00000000000 0.00000000000 0.00000000000 0.00000000000
