# Number of parameters = 145 Objective function value = 68146.7  Maximum gradient component = 0.000850391
# srv_sel50:
1.65868554824
# srv_sel95:
2.95561825106
# stNatLen:
 11.8269056417 11.6212115545 11.3229881378 11.0622804438 10.8439149370 10.6352475011 10.4098192208 10.1600849463 9.89326990465 9.62192450587 9.35733637113 9.10723746639 8.87598740582 8.66551147030 8.47623842982 8.30776270946 8.15928882154 8.02987487133 7.91858102365 7.82458551395 7.74721256064 7.68593596404 7.64039779267 7.61029597661 7.59530074469
# log_avg_fmort_dir:
-1.50821394894
# fmort_dir_dev:
 -0.878658610207 -0.746102435024 -0.650139555671 -0.469769687457 -0.309517160468 -0.156882986405 -0.00229502363283 0.110681830892 0.176094915273 0.198665827825 0.220162222525 0.322894676054 0.315997033494 0.330451268042 0.188946221311 0.280114932047 0.246128518191 0.0990687432082 0.201844120339 0.200744105398 0.182917084992 0.0577354350000 0.175805518070 -0.0172060954970 0.111826141610 0.00856301699649 -0.0739791060467 0.0196420348537 -0.00137271417351 -0.0793870875676 0.0218070724893 -0.00445043223928 -0.0237893470396 -0.0749341057899 -0.0322709192424 -0.128106953472 0.0949410557491 -0.0263634167680 -0.0164103571632 -0.0596653744677 0.0530344285849 -0.0707429449700 0.0354047549736 0.00700546323150 0.128327724602 0.0655883167352 -0.340934183355 -0.114033134402 -0.0596397949198 0.160288732624 0.177666405663 0.0482846171890 0.113238945639 -0.00151844257748 0.0322139944662 -0.0703751021720 0.0224598126608
# mean_log_rec:
11.3084253613
# rec_dev:
 0.572667596963 0.542167063693 0.522533252264 0.498813093174 0.465535565466 0.421991060370 0.386409516395 0.351560862631 0.307926530787 0.274774564086 0.232594201329 0.188562072254 0.129794751204 0.0848176927507 0.0415211789297 0.00848167460552 0.00947990649368 -0.00733335484278 -0.0390595898743 -0.0613299145973 -0.0915731178574 -0.111146439632 -0.135246860100 -0.154936003340 -0.170078043501 -0.192444739331 -0.219575462737 -0.235088421502 -0.279827968408 -0.303780224858 -0.237197986234 -0.168576742792 -0.158362298773 -0.164457689436 -0.169222049194 -0.160974025710 -0.148853978471 -0.150312602108 -0.144718012992 -0.136125154018 -0.135675880575 -0.130257002508 -0.116894313322 -0.109219347211 -0.112175720795 -0.114093399996 -0.114563441950 -0.104735301390 -0.100224649970 -0.106005058701 -0.0968274321574 -0.0841088612442 -0.0717048366671 -0.0363953392836 0.0143008628033 0.00958488686241 0.00958493301817
# log_avg_NatM:
-1.47890400000
# m_dev:
 0.00000000000 0.00000000000 0.00000000000 0.00000000000 0.00000000000 0.00000000000 0.00000000000 0.00000000000 0.00000000000 0.00000000000 0.00000000000 0.00000000000 0.00000000000 0.00000000000 0.00000000000 0.00000000000 0.00000000000 0.00000000000 0.00000000000 0.00000000000 0.00000000000 0.00000000000 0.00000000000 0.00000000000 0.00000000000 0.00000000000 0.00000000000 0.00000000000 0.00000000000 0.00000000000 0.00000000000 0.00000000000 0.00000000000 0.00000000000 0.00000000000 0.00000000000 0.00000000000 0.00000000000 0.00000000000 0.00000000000 0.00000000000 0.00000000000 0.00000000000 0.00000000000 0.00000000000 0.00000000000 0.00000000000 0.00000000000 0.00000000000 0.00000000000 0.00000000000 0.00000000000 0.00000000000 0.00000000000 0.00000000000 0.00000000000 0.00000000000
# log_avg_GrowthK:
-1.60943800000
# log_avg_Linf:
4.88280200000
# GrowthK_dev:
 0.00000000000 0.00000000000 0.00000000000 0.00000000000 0.00000000000 0.00000000000 0.00000000000 0.00000000000 0.00000000000 0.00000000000 0.00000000000 0.00000000000 0.00000000000 0.00000000000 0.00000000000 0.00000000000 0.00000000000 0.00000000000 0.00000000000 0.00000000000 0.00000000000 0.00000000000 0.00000000000 0.00000000000 0.00000000000 0.00000000000 0.00000000000 0.00000000000 0.00000000000 0.00000000000 0.00000000000 0.00000000000 0.00000000000 0.00000000000 0.00000000000 0.00000000000 0.00000000000 0.00000000000 0.00000000000 0.00000000000 0.00000000000 0.00000000000 0.00000000000 0.00000000000 0.00000000000 0.00000000000 0.00000000000 0.00000000000 0.00000000000 0.00000000000 0.00000000000 0.00000000000 0.00000000000 0.00000000000 0.00000000000 0.00000000000 0.00000000000
# Linf_dev:
 0.00000000000 0.00000000000 0.00000000000 0.00000000000 0.00000000000 0.00000000000 0.00000000000 0.00000000000 0.00000000000 0.00000000000 0.00000000000 0.00000000000 0.00000000000 0.00000000000 0.00000000000 0.00000000000 0.00000000000 0.00000000000 0.00000000000 0.00000000000 0.00000000000 0.00000000000 0.00000000000 0.00000000000 0.00000000000 0.00000000000 0.00000000000 0.00000000000 0.00000000000 0.00000000000 0.00000000000 0.00000000000 0.00000000000 0.00000000000 0.00000000000 0.00000000000 0.00000000000 0.00000000000 0.00000000000 0.00000000000 0.00000000000 0.00000000000 0.00000000000 0.00000000000 0.00000000000 0.00000000000 0.00000000000 0.00000000000 0.00000000000 0.00000000000 0.00000000000 0.00000000000 0.00000000000 0.00000000000 0.00000000000 0.00000000000 0.00000000000
# SelPars50:
2.23059012205
# SelPars95:
4.05030766552
# SelPars_dev50:
 0.00000000000 0.00000000000 0.00000000000 0.00000000000 0.00000000000 0.00000000000 0.00000000000 0.00000000000 0.00000000000 0.00000000000 0.00000000000 0.00000000000 0.00000000000 0.00000000000 0.00000000000 0.00000000000 0.00000000000 0.00000000000 0.00000000000 0.00000000000 0.00000000000 0.00000000000 0.00000000000 0.00000000000 0.00000000000 0.00000000000 0.00000000000 0.00000000000 0.00000000000 0.00000000000 0.00000000000 0.00000000000 0.00000000000 0.00000000000 0.00000000000 0.00000000000 0.00000000000 0.00000000000 0.00000000000 0.00000000000 0.00000000000 0.00000000000 0.00000000000 0.00000000000 0.00000000000 0.00000000000 0.00000000000 0.00000000000 0.00000000000 0.00000000000 0.00000000000 0.00000000000 0.00000000000 0.00000000000 0.00000000000 0.00000000000 0.00000000000
# SelPars_dev95:
 0.00000000000 0.00000000000 0.00000000000 0.00000000000 0.00000000000 0.00000000000 0.00000000000 0.00000000000 0.00000000000 0.00000000000 0.00000000000 0.00000000000 0.00000000000 0.00000000000 0.00000000000 0.00000000000 0.00000000000 0.00000000000 0.00000000000 0.00000000000 0.00000000000 0.00000000000 0.00000000000 0.00000000000 0.00000000000 0.00000000000 0.00000000000 0.00000000000 0.00000000000 0.00000000000 0.00000000000 0.00000000000 0.00000000000 0.00000000000 0.00000000000 0.00000000000 0.00000000000 0.00000000000 0.00000000000 0.00000000000 0.00000000000 0.00000000000 0.00000000000 0.00000000000 0.00000000000 0.00000000000 0.00000000000 0.00000000000 0.00000000000 0.00000000000 0.00000000000 0.00000000000 0.00000000000 0.00000000000 0.00000000000 0.00000000000 0.00000000000
