# Number of parameters = 163 Objective function value = 79123.1  Maximum gradient component = 0.000790820
# srv_sel50:
1.61584436889
# srv_sel95:
2.82383449601
# stNatLen:
 11.8686920148 11.6982784034 11.4452098906 11.2271790285 11.0497636021 10.8779661095 10.6797238895 10.4436056975 10.1774700143 9.89752115683 9.61912329645 9.35311428615 9.10578578197 8.88011459012 8.67701539557 8.49626667161 8.33708464673 8.19845099465 8.07936018338 7.97885987366 7.89617521715 7.83067797632 7.78189429548 7.74950481476 7.73331640705
# log_avg_fmort_dir:
-1.62653348672
# fmort_dir_dev:
 -2.09094957527 -1.99857745696 -1.35020118075 -1.13087643195 -0.753761943850 -0.573852438546 -0.400199038450 -0.267425466479 -0.151970417398 -0.0423191694965 0.0688203725681 0.199859941962 0.299650765178 0.275989496831 0.450059655428 0.460252287778 0.327642574613 0.375031381439 0.270064819460 0.355241639018 0.298779197959 0.232707477517 0.254861458578 0.166542493772 0.154843158327 0.207651406892 0.131114460066 0.239519931374 0.110409586134 0.0707311781094 0.0671419318421 0.0758908707726 0.156720935351 0.0919846118979 0.0899989048586 0.0362252979798 0.0175838912375 0.0834658386930 0.151452119321 0.114963848435 0.0652446389851 0.0279871300580 0.0276074149217 0.130390960606 0.0942168256417 0.0354994609203 0.00570887396346 0.0894449733783 0.00694125642369 -0.0461990612935 0.490698804061 0.271790317667 0.395983184331 0.0800666651403 0.0396725065846 -0.142178327567 0.226476714606 0.198983447708 0.401619416811 0.279737466191 0.0792431562154 0.0346789811851 0.0754571948136 0.0939853404198 -0.101784075254 0.0636583192423
# mean_log_rec:
11.3085735633
# rec_dev:
 0.607794726873 0.573235138721 0.556814044013 0.537318203819 0.515806417238 0.499464080524 0.477595246668 0.463881569467 0.441360779950 0.412830313197 0.385683483679 0.351729454825 0.321018360562 0.270190238199 0.207277025702 0.162454975279 0.108588255170 0.0568474009303 -0.00195088063039 -0.0379008343454 -0.0310636059749 -0.0406817784770 -0.0563798600443 -0.0760849549880 -0.0945375191891 -0.109440925026 -0.129893567283 -0.157929458095 -0.152736467560 -0.145249440250 -0.154608574507 -0.186758725900 -0.265926184372 -0.297398042352 -0.216463516119 -0.155509131926 -0.155014224610 -0.162891086451 -0.167538768265 -0.180389252039 -0.177247912677 -0.171414027657 -0.159381979062 -0.156791805450 -0.169033668131 -0.171752143483 -0.165287127095 -0.164777082953 -0.158698735336 -0.150647797698 -0.141179988835 -0.154801632952 -0.179103270764 -0.202805527699 -0.206280076771 -0.202226134956 -0.179998573316 -0.165473857381 -0.168896819968 -0.165506182668 -0.146332631846 -0.120933474810 -0.0948796922758 -0.0626711443396 -0.0687108267864 -0.0687108015023
# log_avg_NatM:
-1.50355800000
# m_dev:
 0.00000000000 0.00000000000 0.00000000000 0.00000000000 0.00000000000 0.00000000000 0.00000000000 0.00000000000 0.00000000000 0.00000000000 0.00000000000 0.00000000000 0.00000000000 0.00000000000 0.00000000000 0.00000000000 0.00000000000 0.00000000000 0.00000000000 0.00000000000 0.00000000000 0.00000000000 0.00000000000 0.00000000000 0.00000000000 0.00000000000 0.00000000000 0.00000000000 0.00000000000 0.00000000000 0.00000000000 0.00000000000 0.00000000000 0.00000000000 0.00000000000 0.00000000000 0.00000000000 0.00000000000 0.00000000000 0.00000000000 0.00000000000 0.00000000000 0.00000000000 0.00000000000 0.00000000000 0.00000000000 0.00000000000 0.00000000000 0.00000000000 0.00000000000 0.00000000000 0.00000000000 0.00000000000 0.00000000000 0.00000000000 0.00000000000 0.00000000000 0.00000000000 0.00000000000 0.00000000000 0.00000000000 0.00000000000 0.00000000000 0.00000000000 0.00000000000 0.00000000000
# log_avg_GrowthK:
-1.59449300000
# log_avg_Linf:
4.84109900000
# GrowthK_dev:
 0.00000000000 0.00000000000 0.00000000000 0.00000000000 0.00000000000 0.00000000000 0.00000000000 0.00000000000 0.00000000000 0.00000000000 0.00000000000 0.00000000000 0.00000000000 0.00000000000 0.00000000000 0.00000000000 0.00000000000 0.00000000000 0.00000000000 0.00000000000 0.00000000000 0.00000000000 0.00000000000 0.00000000000 0.00000000000 0.00000000000 0.00000000000 0.00000000000 0.00000000000 0.00000000000 0.00000000000 0.00000000000 0.00000000000 0.00000000000 0.00000000000 0.00000000000 0.00000000000 0.00000000000 0.00000000000 0.00000000000 0.00000000000 0.00000000000 0.00000000000 0.00000000000 0.00000000000 0.00000000000 0.00000000000 0.00000000000 0.00000000000 0.00000000000 0.00000000000 0.00000000000 0.00000000000 0.00000000000 0.00000000000 0.00000000000 0.00000000000 0.00000000000 0.00000000000 0.00000000000 0.00000000000 0.00000000000 0.00000000000 0.00000000000 0.00000000000 0.00000000000
# Linf_dev:
 0.00000000000 0.00000000000 0.00000000000 0.00000000000 0.00000000000 0.00000000000 0.00000000000 0.00000000000 0.00000000000 0.00000000000 0.00000000000 0.00000000000 0.00000000000 0.00000000000 0.00000000000 0.00000000000 0.00000000000 0.00000000000 0.00000000000 0.00000000000 0.00000000000 0.00000000000 0.00000000000 0.00000000000 0.00000000000 0.00000000000 0.00000000000 0.00000000000 0.00000000000 0.00000000000 0.00000000000 0.00000000000 0.00000000000 0.00000000000 0.00000000000 0.00000000000 0.00000000000 0.00000000000 0.00000000000 0.00000000000 0.00000000000 0.00000000000 0.00000000000 0.00000000000 0.00000000000 0.00000000000 0.00000000000 0.00000000000 0.00000000000 0.00000000000 0.00000000000 0.00000000000 0.00000000000 0.00000000000 0.00000000000 0.00000000000 0.00000000000 0.00000000000 0.00000000000 0.00000000000 0.00000000000 0.00000000000 0.00000000000 0.00000000000 0.00000000000 0.00000000000
# SelPars50:
2.20719413502
# SelPars95:
4.01733087021
# SelPars_dev50:
 0.00000000000 0.00000000000 0.00000000000 0.00000000000 0.00000000000 0.00000000000 0.00000000000 0.00000000000 0.00000000000 0.00000000000 0.00000000000 0.00000000000 0.00000000000 0.00000000000 0.00000000000 0.00000000000 0.00000000000 0.00000000000 0.00000000000 0.00000000000 0.00000000000 0.00000000000 0.00000000000 0.00000000000 0.00000000000 0.00000000000 0.00000000000 0.00000000000 0.00000000000 0.00000000000 0.00000000000 0.00000000000 0.00000000000 0.00000000000 0.00000000000 0.00000000000 0.00000000000 0.00000000000 0.00000000000 0.00000000000 0.00000000000 0.00000000000 0.00000000000 0.00000000000 0.00000000000 0.00000000000 0.00000000000 0.00000000000 0.00000000000 0.00000000000 0.00000000000 0.00000000000 0.00000000000 0.00000000000 0.00000000000 0.00000000000 0.00000000000 0.00000000000 0.00000000000 0.00000000000 0.00000000000 0.00000000000 0.00000000000 0.00000000000 0.00000000000 0.00000000000
# SelPars_dev95:
 0.00000000000 0.00000000000 0.00000000000 0.00000000000 0.00000000000 0.00000000000 0.00000000000 0.00000000000 0.00000000000 0.00000000000 0.00000000000 0.00000000000 0.00000000000 0.00000000000 0.00000000000 0.00000000000 0.00000000000 0.00000000000 0.00000000000 0.00000000000 0.00000000000 0.00000000000 0.00000000000 0.00000000000 0.00000000000 0.00000000000 0.00000000000 0.00000000000 0.00000000000 0.00000000000 0.00000000000 0.00000000000 0.00000000000 0.00000000000 0.00000000000 0.00000000000 0.00000000000 0.00000000000 0.00000000000 0.00000000000 0.00000000000 0.00000000000 0.00000000000 0.00000000000 0.00000000000 0.00000000000 0.00000000000 0.00000000000 0.00000000000 0.00000000000 0.00000000000 0.00000000000 0.00000000000 0.00000000000 0.00000000000 0.00000000000 0.00000000000 0.00000000000 0.00000000000 0.00000000000 0.00000000000 0.00000000000 0.00000000000 0.00000000000 0.00000000000 0.00000000000
