# Number of parameters = 194 Objective function value = 64613.0  Maximum gradient component = 0.00177515
# srv_sel50:
1.47316992039
# srv_sel95:
2.43072525637
# stNatLen:
 11.6043622257 11.4544163222 11.2566075378 11.0700184941 10.8853463286 10.6823798627 10.4559986101 10.2147624227 9.97118304228 9.73548198822 9.51405442887 9.31009587576 9.12474844936 8.95798404647 8.80916952188 8.67738714556 8.56166889880 8.46106391571 8.37476702329 8.30203667005 8.24231449235 8.19509174085 8.15997218059 8.13679049825 8.12531738733
# log_avg_fmort_dir:
-1.64332654669
# fmort_dir_dev:
 -1.59112481648 -1.63883417969 -1.12163801411 -0.850750586303 -0.554347769276 -0.518038018768 -0.308390722255 -0.225669875077 -0.0584195743739 0.130872998946 0.266437995994 0.390090424839 0.427045958872 0.334656741864 0.422009396257 0.561869032533 0.491916673919 0.464442808087 0.439355697989 0.424044048532 0.341771781208 0.441099890068 0.402437504639 0.362358237929 0.408932494032 0.268326688592 0.227826149897 0.124289221451 0.142376236979 0.132725442897 0.0141898970618 0.000356597061065 0.00970936501672 -0.0333040961353 -0.00745452860139 -0.0156097118321 -0.0872406246394 0.0226310551423 0.117401629112 -0.00497529668794 0.0585582648477 0.00373008626683 -0.00634245720999 0.0592517600395 0.159645298500 0.0418880651820 0.0653874579669 0.0954161743486 0.0536260959961 0.0851647131679 -0.902206284916 0.109264799388 0.170078139463 -0.346838267727
# mean_log_rec:
11.1386141752
# rec_dev:
 0.255152829738 0.185941539349 0.182207927634 0.207883544585 0.229496178711 0.252307972343 0.251983964832 0.226232079826 0.163848803836 0.110631785206 0.0783037712180 0.0776871372852 0.0963609525123 0.0752125905879 -0.0145725324698 -0.0756505991684 -0.123331282923 -0.156643139325 -0.176569198445 -0.187291016190 -0.222752337895 -0.268067070063 -0.290165879109 -0.291251080874 -0.247040445651 -0.182260647191 -0.116328640193 -0.110742404350 -0.133222988445 -0.144674937967 -0.122483968856 -0.0912184165723 -0.0714133652397 -0.0589856452396 0.0161161792877 0.0665516820896 0.0532795285989 0.00383434232003 -0.0130427106704 -0.00507263857817 0.0278578145991 0.0359058167775 4.55766591793e-005 -0.0113572427313 0.0244746391902 0.0610501927502 0.0707475029422 0.0400438274870 -0.0175722334821 -0.0148272969277 0.0263865223625 0.0854837420680 0.120754617254 0.120754656507
# log_avg_NatM:
-1.57824623539
# m_dev:
 0.759074681195 0.286904964416 -0.188990918429 -0.184709203845 -0.225464175171 -0.274484909050 -0.0998078017156 -0.0798468852682 0.106608438076 -0.0741687337729 -0.245233532572 -0.468920931449 -0.427618665475 -0.143293410404 0.0859560251561 -0.155867590783 -0.0751500063443 -0.144335953514 -0.189091304092 -0.198045764791 -0.0698148624274 -0.0296197834750 -0.0650213247968 -0.178823726454 -0.496246148893 -0.551255761254 -0.358300807532 -0.0143037601518 0.177313890669 0.0881001914002 -0.0386368329916 -0.0747440416292 -0.0932057693609 0.0319364327802 0.317869765120 0.373379121850 0.258938281591 0.342099400750 0.273089737872 0.168693220481 0.0368613590542 0.248754133658 0.349902729558 0.198307787765 -0.0412595813192 0.0575932084537 0.107419457096 0.329258220597 0.426553436059 0.0362891709025 0.138401640911 0.0942696267199 -0.0799252961778 -0.0273874389915
# log_avg_GrowthK:
-1.56318800000
# log_avg_Linf:
4.92164200000
# GrowthK_dev:
 0.00000000000 0.00000000000 0.00000000000 0.00000000000 0.00000000000 0.00000000000 0.00000000000 0.00000000000 0.00000000000 0.00000000000 0.00000000000 0.00000000000 0.00000000000 0.00000000000 0.00000000000 0.00000000000 0.00000000000 0.00000000000 0.00000000000 0.00000000000 0.00000000000 0.00000000000 0.00000000000 0.00000000000 0.00000000000 0.00000000000 0.00000000000 0.00000000000 0.00000000000 0.00000000000 0.00000000000 0.00000000000 0.00000000000 0.00000000000 0.00000000000 0.00000000000 0.00000000000 0.00000000000 0.00000000000 0.00000000000 0.00000000000 0.00000000000 0.00000000000 0.00000000000 0.00000000000 0.00000000000 0.00000000000 0.00000000000 0.00000000000 0.00000000000 0.00000000000 0.00000000000 0.00000000000 0.00000000000
# Linf_dev:
 0.00000000000 0.00000000000 0.00000000000 0.00000000000 0.00000000000 0.00000000000 0.00000000000 0.00000000000 0.00000000000 0.00000000000 0.00000000000 0.00000000000 0.00000000000 0.00000000000 0.00000000000 0.00000000000 0.00000000000 0.00000000000 0.00000000000 0.00000000000 0.00000000000 0.00000000000 0.00000000000 0.00000000000 0.00000000000 0.00000000000 0.00000000000 0.00000000000 0.00000000000 0.00000000000 0.00000000000 0.00000000000 0.00000000000 0.00000000000 0.00000000000 0.00000000000 0.00000000000 0.00000000000 0.00000000000 0.00000000000 0.00000000000 0.00000000000 0.00000000000 0.00000000000 0.00000000000 0.00000000000 0.00000000000 0.00000000000 0.00000000000 0.00000000000 0.00000000000 0.00000000000 0.00000000000 0.00000000000
# SelPars50:
2.01635637131
# SelPars95:
3.57465793984
# SelPars_dev50:
 0.00000000000 0.00000000000 0.00000000000 0.00000000000 0.00000000000 0.00000000000 0.00000000000 0.00000000000 0.00000000000 0.00000000000 0.00000000000 0.00000000000 0.00000000000 0.00000000000 0.00000000000 0.00000000000 0.00000000000 0.00000000000 0.00000000000 0.00000000000 0.00000000000 0.00000000000 0.00000000000 0.00000000000 0.00000000000 0.00000000000 0.00000000000 0.00000000000 0.00000000000 0.00000000000 0.00000000000 0.00000000000 0.00000000000 0.00000000000 0.00000000000 0.00000000000 0.00000000000 0.00000000000 0.00000000000 0.00000000000 0.00000000000 0.00000000000 0.00000000000 0.00000000000 0.00000000000 0.00000000000 0.00000000000 0.00000000000 0.00000000000 0.00000000000 0.00000000000 0.00000000000 0.00000000000 0.00000000000
# SelPars_dev95:
 0.00000000000 0.00000000000 0.00000000000 0.00000000000 0.00000000000 0.00000000000 0.00000000000 0.00000000000 0.00000000000 0.00000000000 0.00000000000 0.00000000000 0.00000000000 0.00000000000 0.00000000000 0.00000000000 0.00000000000 0.00000000000 0.00000000000 0.00000000000 0.00000000000 0.00000000000 0.00000000000 0.00000000000 0.00000000000 0.00000000000 0.00000000000 0.00000000000 0.00000000000 0.00000000000 0.00000000000 0.00000000000 0.00000000000 0.00000000000 0.00000000000 0.00000000000 0.00000000000 0.00000000000 0.00000000000 0.00000000000 0.00000000000 0.00000000000 0.00000000000 0.00000000000 0.00000000000 0.00000000000 0.00000000000 0.00000000000 0.00000000000 0.00000000000 0.00000000000 0.00000000000 0.00000000000 0.00000000000
