# Number of parameters = 137 Objective function value = 63523.7958349699  Maximum gradient component = 0.000572507851684808
# srv_sel50:
1.51037623502
# srv_sel95:
2.52951202813
# stNatLen:
 11.4351359953 11.2907216677 11.0773514468 10.8804128079 10.6973092897 10.5036894898 10.2871930149 10.0511106264 9.80631406996 9.56387168147 9.33188643469 9.11520723335 8.91623696146 8.73580607125 8.57383032850 8.42973353921 8.30274563020 8.19205684684 8.09691532922 8.01661803131 7.95056683176 7.89823477621 7.85927076883 7.83336157227 7.82038964133
# log_avg_fmort_dir:
-1.64253369696
# fmort_dir_dev:
 -1.76267782146 -1.69132311220 -1.36283775709 -0.900544768784 -0.656709528055 -0.437640085044 -0.321547224726 -0.187500809013 0.0143357795507 -0.00467791065431 0.140909244017 0.248027774975 0.311649450475 0.432843196207 0.416010542084 0.437377236806 0.447347852137 0.557615537321 0.378407296281 0.369343559421 0.409322702376 0.448934134572 0.397698601297 0.390397744646 0.276015832234 0.201929172936 0.225486718765 0.302038435437 0.255645233280 0.150201225037 0.195789433400 0.110465166832 0.163630805660 0.124868886336 0.101817232564 0.0504519525606 0.0431323318748 0.0481520914060 -0.0221377876871 0.145190443861 0.0471556322056 0.0746771370947 0.0889625123575 0.109708401756 0.133237093382 0.0385009969428 0.0871929713488 0.134404890699 0.139758733502 0.108153939311 -0.536855236872 -0.392567906139 -0.479767975226
# mean_log_rec:
11.1168008493
# rec_dev:
 0.388068306338 0.371686140357 0.373187417027 0.373349859303 0.368120321745 0.356168863304 0.335215090714 0.306472351079 0.287474210504 0.267216009757 0.233339981932 0.200953551162 0.173818316673 0.156365546333 0.133326472266 0.0922664720391 0.0527471875603 0.0416312989822 0.0180444995507 -0.0334852425819 -0.0839876707012 -0.113954363468 -0.130578965636 -0.153004855697 -0.169444187226 -0.176945061482 -0.193336743496 -0.198504048625 -0.189035748207 -0.174882546732 -0.167543829878 -0.173578077951 -0.173762829542 -0.173342634845 -0.168312918290 -0.153614063732 -0.133271438628 -0.111204775493 -0.112583164385 -0.101204753564 -0.0917012060937 -0.0937023597502 -0.101302545269 -0.109732854323 -0.117101364744 -0.129394834060 -0.133848707147 -0.126319105569 -0.113869586063 -0.104367359399 -0.104121935724 -0.109206068052 -0.109206050274
# log_avg_NatM:
-1.60943800000
# m_dev:
 0.00000000000 0.00000000000 0.00000000000 0.00000000000 0.00000000000 0.00000000000 0.00000000000 0.00000000000 0.00000000000 0.00000000000 0.00000000000 0.00000000000 0.00000000000 0.00000000000 0.00000000000 0.00000000000 0.00000000000 0.00000000000 0.00000000000 0.00000000000 0.00000000000 0.00000000000 0.00000000000 0.00000000000 0.00000000000 0.00000000000 0.00000000000 0.00000000000 0.00000000000 0.00000000000 0.00000000000 0.00000000000 0.00000000000 0.00000000000 0.00000000000 0.00000000000 0.00000000000 0.00000000000 0.00000000000 0.00000000000 0.00000000000 0.00000000000 0.00000000000 0.00000000000 0.00000000000 0.00000000000 0.00000000000 0.00000000000 0.00000000000 0.00000000000 0.00000000000 0.00000000000 0.00000000000
# log_avg_GrowthK:
-1.60943800000
# log_avg_Linf:
4.88280200000
# GrowthK_dev:
 0.00000000000 0.00000000000 0.00000000000 0.00000000000 0.00000000000 0.00000000000 0.00000000000 0.00000000000 0.00000000000 0.00000000000 0.00000000000 0.00000000000 0.00000000000 0.00000000000 0.00000000000 0.00000000000 0.00000000000 0.00000000000 0.00000000000 0.00000000000 0.00000000000 0.00000000000 0.00000000000 0.00000000000 0.00000000000 0.00000000000 0.00000000000 0.00000000000 0.00000000000 0.00000000000 0.00000000000 0.00000000000 0.00000000000 0.00000000000 0.00000000000 0.00000000000 0.00000000000 0.00000000000 0.00000000000 0.00000000000 0.00000000000 0.00000000000 0.00000000000 0.00000000000 0.00000000000 0.00000000000 0.00000000000 0.00000000000 0.00000000000 0.00000000000 0.00000000000 0.00000000000 0.00000000000
# Linf_dev:
 0.00000000000 0.00000000000 0.00000000000 0.00000000000 0.00000000000 0.00000000000 0.00000000000 0.00000000000 0.00000000000 0.00000000000 0.00000000000 0.00000000000 0.00000000000 0.00000000000 0.00000000000 0.00000000000 0.00000000000 0.00000000000 0.00000000000 0.00000000000 0.00000000000 0.00000000000 0.00000000000 0.00000000000 0.00000000000 0.00000000000 0.00000000000 0.00000000000 0.00000000000 0.00000000000 0.00000000000 0.00000000000 0.00000000000 0.00000000000 0.00000000000 0.00000000000 0.00000000000 0.00000000000 0.00000000000 0.00000000000 0.00000000000 0.00000000000 0.00000000000 0.00000000000 0.00000000000 0.00000000000 0.00000000000 0.00000000000 0.00000000000 0.00000000000 0.00000000000 0.00000000000 0.00000000000
# SelPars50:
2.09699484563
# SelPars95:
3.78796908087
# SelPars_dev50:
 0.00000000000 0.00000000000 0.00000000000 0.00000000000 0.00000000000 0.00000000000 0.00000000000 0.00000000000 0.00000000000 0.00000000000 0.00000000000 0.00000000000 0.00000000000 0.00000000000 0.00000000000 0.00000000000 0.00000000000 0.00000000000 0.00000000000 0.00000000000 0.00000000000 0.00000000000 0.00000000000 0.00000000000 0.00000000000 0.00000000000 0.00000000000 0.00000000000 0.00000000000 0.00000000000 0.00000000000 0.00000000000 0.00000000000 0.00000000000 0.00000000000 0.00000000000 0.00000000000 0.00000000000 0.00000000000 0.00000000000 0.00000000000 0.00000000000 0.00000000000 0.00000000000 0.00000000000 0.00000000000 0.00000000000 0.00000000000 0.00000000000 0.00000000000 0.00000000000 0.00000000000 0.00000000000
# SelPars_dev95:
 0.00000000000 0.00000000000 0.00000000000 0.00000000000 0.00000000000 0.00000000000 0.00000000000 0.00000000000 0.00000000000 0.00000000000 0.00000000000 0.00000000000 0.00000000000 0.00000000000 0.00000000000 0.00000000000 0.00000000000 0.00000000000 0.00000000000 0.00000000000 0.00000000000 0.00000000000 0.00000000000 0.00000000000 0.00000000000 0.00000000000 0.00000000000 0.00000000000 0.00000000000 0.00000000000 0.00000000000 0.00000000000 0.00000000000 0.00000000000 0.00000000000 0.00000000000 0.00000000000 0.00000000000 0.00000000000 0.00000000000 0.00000000000 0.00000000000 0.00000000000 0.00000000000 0.00000000000 0.00000000000 0.00000000000 0.00000000000 0.00000000000 0.00000000000 0.00000000000 0.00000000000 0.00000000000
