# Number of parameters = 137 Objective function value = 63450.1  Maximum gradient component = 0.00101309
# srv_sel50:
1.70360006151
# srv_sel95:
3.07816701821
# stNatLen:
 11.8780751061 11.6939918218 11.4170798925 11.1858132151 11.0055132412 10.8353815851 10.6402591487 10.4077542493 10.1454087581 9.86918930917 9.59425944752 9.33133093224 9.08664057068 8.86315963953 8.66185134551 8.48254065241 8.32449429834 8.18676347397 8.06840176106 7.96855935218 7.88645865109 7.82149625919 7.77320334255 7.74117051793 7.72513205081
# log_avg_fmort_dir:
-1.61362778612
# fmort_dir_dev:
 -2.13205068129 -2.02601987725 -1.45564747361 -1.05927065859 -0.740120516849 -0.635136440896 -0.379936124893 -0.237291552514 -0.0231509690287 -0.0617171994883 0.158992282996 0.142992076411 0.309050753085 0.427282961733 0.426659739420 0.446918645457 0.530113107206 0.338195240433 0.403911010516 0.304145706544 0.253146848406 0.358704190821 0.278942977120 0.348546845611 0.258286277818 0.220584308975 0.179765714298 0.205963414370 0.252668959762 0.161575426400 0.294097765664 0.200258532825 0.0959552909466 0.139391704727 0.0863749176737 0.153645061868 0.176253943421 0.229546120202 0.0754749329827 0.138491265092 0.0736679958906 0.00198216713484 0.0129968961862 0.108212197503 0.0752760252976 0.0491421286565 0.0833989838850 0.126231206391 -0.0273479339070 -0.0110506325119 0.150280612515 0.408159503111 0.103456321479
# mean_log_rec:
11.4012603497
# rec_dev:
 0.527158157628 0.508509657785 0.503282095682 0.490445879595 0.476575973737 0.449798019621 0.416152615337 0.388904195349 0.360776857613 0.328216670141 0.296458942099 0.275708989474 0.251773414652 0.211024593551 0.152692325754 0.0875586822899 0.0334436906606 -0.0126833379906 -0.0574063126000 -0.0755471260236 -0.0957910516333 -0.121977350426 -0.123439073790 -0.135750520635 -0.149830769667 -0.155405605490 -0.176366083546 -0.202514942687 -0.232484542290 -0.263012394149 -0.300807529742 -0.323002888729 -0.368748685362 -0.397882076824 -0.317119628265 -0.263851546051 -0.274017521093 -0.260531879403 -0.251305031344 -0.240540093950 -0.219380009465 -0.209376081957 -0.190515116233 -0.172609794874 -0.157686935528 -0.138683560042 -0.114783300734 -0.0659201528654 -0.0174417879486 0.0473173735784 0.106030282559 0.0872921644952 0.0872921497323
# log_avg_NatM:
-1.48990900000
# m_dev:
 0.00000000000 0.00000000000 0.00000000000 0.00000000000 0.00000000000 0.00000000000 0.00000000000 0.00000000000 0.00000000000 0.00000000000 0.00000000000 0.00000000000 0.00000000000 0.00000000000 0.00000000000 0.00000000000 0.00000000000 0.00000000000 0.00000000000 0.00000000000 0.00000000000 0.00000000000 0.00000000000 0.00000000000 0.00000000000 0.00000000000 0.00000000000 0.00000000000 0.00000000000 0.00000000000 0.00000000000 0.00000000000 0.00000000000 0.00000000000 0.00000000000 0.00000000000 0.00000000000 0.00000000000 0.00000000000 0.00000000000 0.00000000000 0.00000000000 0.00000000000 0.00000000000 0.00000000000 0.00000000000 0.00000000000 0.00000000000 0.00000000000 0.00000000000 0.00000000000 0.00000000000 0.00000000000
# log_avg_GrowthK:
-1.60527600000
# log_avg_Linf:
4.75857200000
# GrowthK_dev:
 0.00000000000 0.00000000000 0.00000000000 0.00000000000 0.00000000000 0.00000000000 0.00000000000 0.00000000000 0.00000000000 0.00000000000 0.00000000000 0.00000000000 0.00000000000 0.00000000000 0.00000000000 0.00000000000 0.00000000000 0.00000000000 0.00000000000 0.00000000000 0.00000000000 0.00000000000 0.00000000000 0.00000000000 0.00000000000 0.00000000000 0.00000000000 0.00000000000 0.00000000000 0.00000000000 0.00000000000 0.00000000000 0.00000000000 0.00000000000 0.00000000000 0.00000000000 0.00000000000 0.00000000000 0.00000000000 0.00000000000 0.00000000000 0.00000000000 0.00000000000 0.00000000000 0.00000000000 0.00000000000 0.00000000000 0.00000000000 0.00000000000 0.00000000000 0.00000000000 0.00000000000 0.00000000000
# Linf_dev:
 0.00000000000 0.00000000000 0.00000000000 0.00000000000 0.00000000000 0.00000000000 0.00000000000 0.00000000000 0.00000000000 0.00000000000 0.00000000000 0.00000000000 0.00000000000 0.00000000000 0.00000000000 0.00000000000 0.00000000000 0.00000000000 0.00000000000 0.00000000000 0.00000000000 0.00000000000 0.00000000000 0.00000000000 0.00000000000 0.00000000000 0.00000000000 0.00000000000 0.00000000000 0.00000000000 0.00000000000 0.00000000000 0.00000000000 0.00000000000 0.00000000000 0.00000000000 0.00000000000 0.00000000000 0.00000000000 0.00000000000 0.00000000000 0.00000000000 0.00000000000 0.00000000000 0.00000000000 0.00000000000 0.00000000000 0.00000000000 0.00000000000 0.00000000000 0.00000000000 0.00000000000 0.00000000000
# SelPars50:
2.34636456571
# SelPars95:
4.33515323466
# SelPars_dev50:
 0.00000000000 0.00000000000 0.00000000000 0.00000000000 0.00000000000 0.00000000000 0.00000000000 0.00000000000 0.00000000000 0.00000000000 0.00000000000 0.00000000000 0.00000000000 0.00000000000 0.00000000000 0.00000000000 0.00000000000 0.00000000000 0.00000000000 0.00000000000 0.00000000000 0.00000000000 0.00000000000 0.00000000000 0.00000000000 0.00000000000 0.00000000000 0.00000000000 0.00000000000 0.00000000000 0.00000000000 0.00000000000 0.00000000000 0.00000000000 0.00000000000 0.00000000000 0.00000000000 0.00000000000 0.00000000000 0.00000000000 0.00000000000 0.00000000000 0.00000000000 0.00000000000 0.00000000000 0.00000000000 0.00000000000 0.00000000000 0.00000000000 0.00000000000 0.00000000000 0.00000000000 0.00000000000
# SelPars_dev95:
 0.00000000000 0.00000000000 0.00000000000 0.00000000000 0.00000000000 0.00000000000 0.00000000000 0.00000000000 0.00000000000 0.00000000000 0.00000000000 0.00000000000 0.00000000000 0.00000000000 0.00000000000 0.00000000000 0.00000000000 0.00000000000 0.00000000000 0.00000000000 0.00000000000 0.00000000000 0.00000000000 0.00000000000 0.00000000000 0.00000000000 0.00000000000 0.00000000000 0.00000000000 0.00000000000 0.00000000000 0.00000000000 0.00000000000 0.00000000000 0.00000000000 0.00000000000 0.00000000000 0.00000000000 0.00000000000 0.00000000000 0.00000000000 0.00000000000 0.00000000000 0.00000000000 0.00000000000 0.00000000000 0.00000000000 0.00000000000 0.00000000000 0.00000000000 0.00000000000 0.00000000000 0.00000000000
