# Number of parameters = 133 Objective function value = 61044.2  Maximum gradient component = 9.05552e-005
# srv_sel50:
1.68414457653
# srv_sel95:
3.02051047078
# stNatLen:
 11.8792226692 11.6912594875 11.4200434459 11.1914784984 11.0064691949 10.8270271316 10.6243562255 10.3911824485 10.1360837496 9.87302558039 9.61438408411 9.36863561578 9.14063070546 8.93261804057 8.74524537294 8.57824634033 8.43091817470 8.30243169582 8.19195151372 8.09871666539 8.02209515269 7.96155309074 7.91659971208 7.88689312772 7.87218663009
# log_avg_fmort_dir:
-1.62338970677
# fmort_dir_dev:
 -1.95883061160 -1.99337428197 -1.48853076294 -1.13498578067 -0.854816276224 -0.554137763682 -0.419319565098 -0.286831961539 -0.140294064579 0.133884277152 0.0793611525291 0.169738496297 0.361690373289 0.317548373536 0.545759788727 0.453856477334 0.385696189384 0.437627497186 0.406410959362 0.396485007464 0.414837179956 0.292159942220 0.326351602873 0.355474415784 0.260027730430 0.185187353327 0.249842739158 0.180589149243 0.135355538160 0.0792151246677 0.198289186516 0.118663526984 0.183590096385 0.183610158028 0.124002803236 0.112034892977 0.175290568740 0.0866529213341 0.137340407137 0.199456022110 0.165894360321 0.121944815247 0.108279450538 0.214178378222 0.0546123823917 -0.0130747676877 0.142408243944 0.0975833581516 0.133510017872 0.113188506289 0.00656637148969
# mean_log_rec:
11.3797142226
# rec_dev:
 0.547509235617 0.523696101370 0.523210129574 0.517530840316 0.498834929389 0.477205346607 0.458299067207 0.430414714209 0.404237632185 0.384529513549 0.359044918359 0.327860282921 0.286520942211 0.240872448871 0.193171767575 0.134999013660 0.0747604006558 0.0271674677292 -0.000611206317056 -0.0466190884040 -0.0781961942256 -0.107923896257 -0.132798768373 -0.154591075677 -0.155404009984 -0.135357487881 -0.145080134586 -0.170219347646 -0.202698856396 -0.226625111233 -0.247553023071 -0.297975374655 -0.361491663489 -0.390732539034 -0.308506767287 -0.219943190742 -0.219730002614 -0.256627457740 -0.276794264976 -0.291202456240 -0.287774201802 -0.277861490949 -0.255913560848 -0.239748937209 -0.213479666915 -0.186217887790 -0.162990594970 -0.110881922901 -0.0688420124883 -0.0897362842537 -0.0897362750499
# log_avg_NatM:
-1.47890400000
# m_dev:
 0.00000000000 0.00000000000 0.00000000000 0.00000000000 0.00000000000 0.00000000000 0.00000000000 0.00000000000 0.00000000000 0.00000000000 0.00000000000 0.00000000000 0.00000000000 0.00000000000 0.00000000000 0.00000000000 0.00000000000 0.00000000000 0.00000000000 0.00000000000 0.00000000000 0.00000000000 0.00000000000 0.00000000000 0.00000000000 0.00000000000 0.00000000000 0.00000000000 0.00000000000 0.00000000000 0.00000000000 0.00000000000 0.00000000000 0.00000000000 0.00000000000 0.00000000000 0.00000000000 0.00000000000 0.00000000000 0.00000000000 0.00000000000 0.00000000000 0.00000000000 0.00000000000 0.00000000000 0.00000000000 0.00000000000 0.00000000000 0.00000000000 0.00000000000 0.00000000000
# log_avg_GrowthK:
-1.60943800000
# log_avg_Linf:
4.88280200000
# GrowthK_dev:
 0.00000000000 0.00000000000 0.00000000000 0.00000000000 0.00000000000 0.00000000000 0.00000000000 0.00000000000 0.00000000000 0.00000000000 0.00000000000 0.00000000000 0.00000000000 0.00000000000 0.00000000000 0.00000000000 0.00000000000 0.00000000000 0.00000000000 0.00000000000 0.00000000000 0.00000000000 0.00000000000 0.00000000000 0.00000000000 0.00000000000 0.00000000000 0.00000000000 0.00000000000 0.00000000000 0.00000000000 0.00000000000 0.00000000000 0.00000000000 0.00000000000 0.00000000000 0.00000000000 0.00000000000 0.00000000000 0.00000000000 0.00000000000 0.00000000000 0.00000000000 0.00000000000 0.00000000000 0.00000000000 0.00000000000 0.00000000000 0.00000000000 0.00000000000 0.00000000000
# Linf_dev:
 0.00000000000 0.00000000000 0.00000000000 0.00000000000 0.00000000000 0.00000000000 0.00000000000 0.00000000000 0.00000000000 0.00000000000 0.00000000000 0.00000000000 0.00000000000 0.00000000000 0.00000000000 0.00000000000 0.00000000000 0.00000000000 0.00000000000 0.00000000000 0.00000000000 0.00000000000 0.00000000000 0.00000000000 0.00000000000 0.00000000000 0.00000000000 0.00000000000 0.00000000000 0.00000000000 0.00000000000 0.00000000000 0.00000000000 0.00000000000 0.00000000000 0.00000000000 0.00000000000 0.00000000000 0.00000000000 0.00000000000 0.00000000000 0.00000000000 0.00000000000 0.00000000000 0.00000000000 0.00000000000 0.00000000000 0.00000000000 0.00000000000 0.00000000000 0.00000000000
# SelPars50:
2.34528941436
# SelPars95:
4.34571376456
# SelPars_dev50:
 0.00000000000 0.00000000000 0.00000000000 0.00000000000 0.00000000000 0.00000000000 0.00000000000 0.00000000000 0.00000000000 0.00000000000 0.00000000000 0.00000000000 0.00000000000 0.00000000000 0.00000000000 0.00000000000 0.00000000000 0.00000000000 0.00000000000 0.00000000000 0.00000000000 0.00000000000 0.00000000000 0.00000000000 0.00000000000 0.00000000000 0.00000000000 0.00000000000 0.00000000000 0.00000000000 0.00000000000 0.00000000000 0.00000000000 0.00000000000 0.00000000000 0.00000000000 0.00000000000 0.00000000000 0.00000000000 0.00000000000 0.00000000000 0.00000000000 0.00000000000 0.00000000000 0.00000000000 0.00000000000 0.00000000000 0.00000000000 0.00000000000 0.00000000000 0.00000000000
# SelPars_dev95:
 0.00000000000 0.00000000000 0.00000000000 0.00000000000 0.00000000000 0.00000000000 0.00000000000 0.00000000000 0.00000000000 0.00000000000 0.00000000000 0.00000000000 0.00000000000 0.00000000000 0.00000000000 0.00000000000 0.00000000000 0.00000000000 0.00000000000 0.00000000000 0.00000000000 0.00000000000 0.00000000000 0.00000000000 0.00000000000 0.00000000000 0.00000000000 0.00000000000 0.00000000000 0.00000000000 0.00000000000 0.00000000000 0.00000000000 0.00000000000 0.00000000000 0.00000000000 0.00000000000 0.00000000000 0.00000000000 0.00000000000 0.00000000000 0.00000000000 0.00000000000 0.00000000000 0.00000000000 0.00000000000 0.00000000000 0.00000000000 0.00000000000 0.00000000000 0.00000000000
