# Number of parameters = 224 Objective function value = 76716.1  Maximum gradient component = 0.00413173
# srv_sel50:
1.47895122407
# srv_sel95:
2.43855737106
# stNatLen:
 11.2563385541 11.1251947568 10.9257257487 10.7339194595 10.5474630052 10.3457083771 10.1214483436 9.88173036405 9.63852090710 9.40210813610 9.17917425491 8.97322906163 8.78564001507 8.61654916655 8.46543367386 8.33145386708 8.21370077410 8.11130747099 8.02347356784 7.94941264240 7.88848652298 7.84023617405 7.80435879980 7.78055973926 7.76877689105
# log_avg_fmort_dir:
-1.65349641709
# fmort_dir_dev:
 -1.69847173130 -1.73801593551 -1.32200416270 -1.00711795685 -0.804937111601 -0.633967767699 -0.285746672934 -0.106507730257 0.100948093855 0.256410812758 0.185422403328 0.273125157258 0.406511275184 0.507381665715 0.592752796806 0.594571287574 0.604293790904 0.580169864888 0.497864129178 0.429604651100 0.244805408949 0.185334173213 0.227930056339 0.195144956108 0.285423311895 0.167077411094 0.236898901445 0.284230828462 0.175090121366 0.0806733778598 0.00422598984063 -0.0868971676639 -0.122174073494 0.0686298360607 0.128945214679 0.121517500077 -0.0188965595802 0.0499667995123 0.115050713740 0.169994976425 0.170965194982 0.250866568650 0.0102701907728 0.0282121641338 0.0108203122507 0.0995916355438 0.110565753528 -0.0508733951340 0.0535238334164 0.107475984322 -0.664988684480 0.151674889597 0.258818450692 -0.370310384753 -0.0155101281796 0.0823008353455 0.192562953111 0.404978395553 -1.09838204461 0.0372686373273 0.0629981629406 -0.344884610521 0.0956453993193 0.471151250189
# mean_log_rec:
11.1747803381
# rec_dev:
 0.252487426072 0.297238608949 0.386651246988 0.447321041876 0.429530474088 0.300830245344 0.149804932488 0.0941828626259 0.0944372235680 0.103704611396 0.0908137818176 0.0607188619062 0.00852176791366 -0.0857720919996 -0.164434340143 -0.203485763602 -0.217260826431 -0.204371797273 -0.175688524030 -0.114918428218 -0.0667812000931 -0.0438757167343 -0.0273764914109 -0.0746366379231 -0.191022190663 -0.281492978152 -0.287219744440 -0.229554210736 -0.152728934673 -0.0752896382943 -0.0313022835976 -0.0502411536046 -0.127914867895 -0.201246072462 -0.126356411898 -0.0119994661017 -0.00706213719556 -0.0604306089098 -0.108050307613 -0.149736350024 -0.137365995396 -0.0688212464206 0.0100818789582 0.0331076670560 -0.00260210973526 -0.0207605501967 0.00835926602288 -0.0199267876181 -0.0356024132380 -0.00569902761929 0.0266158153201 0.0470664282726 0.0551205456617 0.0745070571097 0.126269057671 0.134960489570 0.0427815576010 -0.0274051328204 -0.0602930195413 -0.00594926044387 0.0741392240989 0.145434752523 0.179993934592 0.179993957659
# log_avg_NatM:
-1.57474965726
# m_dev:
 -0.517975899746 -0.640579022491 -0.511128130742 -0.387870818436 -0.00467127273784 0.465322709998 0.461974338159 -0.135088841468 -0.373822027102 -0.321277399648 -0.194714885301 -0.235267607689 -0.157049545024 0.0808888725366 -0.132712449993 -0.389960275428 -0.461343248529 -0.513433126610 -0.443938984461 -0.400838991163 -0.236877742745 -0.234894172154 -0.115739779745 0.135006241587 0.484905586414 0.362937740936 -0.129359523204 -0.373428028761 -0.412288598082 -0.285408129905 -0.0990643563228 0.201186329516 0.317603690858 0.372687976867 0.158889801871 0.0532614934960 0.240429198412 0.330460811035 0.290002210435 0.340424805285 0.0529479347981 -0.161701710367 -0.145706134570 0.138492856605 0.404285291635 0.230843244670 0.0181285413174 0.417404568906 0.239620115288 -0.0169437027429 0.0794062192484 0.335314332251 0.161230605287 0.0693580229121 0.0110957365857 0.224955903037 0.666558909703 0.267227522382 0.336909798537 0.144880579324 -0.154140991290 -0.127789516689 0.132200360283 0.0881725629719
# log_avg_GrowthK:
-1.64510300000
# log_avg_Linf:
4.86650400000
# GrowthK_dev:
 0.00000000000 0.00000000000 0.00000000000 0.00000000000 0.00000000000 0.00000000000 0.00000000000 0.00000000000 0.00000000000 0.00000000000 0.00000000000 0.00000000000 0.00000000000 0.00000000000 0.00000000000 0.00000000000 0.00000000000 0.00000000000 0.00000000000 0.00000000000 0.00000000000 0.00000000000 0.00000000000 0.00000000000 0.00000000000 0.00000000000 0.00000000000 0.00000000000 0.00000000000 0.00000000000 0.00000000000 0.00000000000 0.00000000000 0.00000000000 0.00000000000 0.00000000000 0.00000000000 0.00000000000 0.00000000000 0.00000000000 0.00000000000 0.00000000000 0.00000000000 0.00000000000 0.00000000000 0.00000000000 0.00000000000 0.00000000000 0.00000000000 0.00000000000 0.00000000000 0.00000000000 0.00000000000 0.00000000000 0.00000000000 0.00000000000 0.00000000000 0.00000000000 0.00000000000 0.00000000000 0.00000000000 0.00000000000 0.00000000000 0.00000000000
# Linf_dev:
 0.00000000000 0.00000000000 0.00000000000 0.00000000000 0.00000000000 0.00000000000 0.00000000000 0.00000000000 0.00000000000 0.00000000000 0.00000000000 0.00000000000 0.00000000000 0.00000000000 0.00000000000 0.00000000000 0.00000000000 0.00000000000 0.00000000000 0.00000000000 0.00000000000 0.00000000000 0.00000000000 0.00000000000 0.00000000000 0.00000000000 0.00000000000 0.00000000000 0.00000000000 0.00000000000 0.00000000000 0.00000000000 0.00000000000 0.00000000000 0.00000000000 0.00000000000 0.00000000000 0.00000000000 0.00000000000 0.00000000000 0.00000000000 0.00000000000 0.00000000000 0.00000000000 0.00000000000 0.00000000000 0.00000000000 0.00000000000 0.00000000000 0.00000000000 0.00000000000 0.00000000000 0.00000000000 0.00000000000 0.00000000000 0.00000000000 0.00000000000 0.00000000000 0.00000000000 0.00000000000 0.00000000000 0.00000000000 0.00000000000 0.00000000000
# SelPars50:
2.03461592645
# SelPars95:
3.62484367770
# SelPars_dev50:
 0.00000000000 0.00000000000 0.00000000000 0.00000000000 0.00000000000 0.00000000000 0.00000000000 0.00000000000 0.00000000000 0.00000000000 0.00000000000 0.00000000000 0.00000000000 0.00000000000 0.00000000000 0.00000000000 0.00000000000 0.00000000000 0.00000000000 0.00000000000 0.00000000000 0.00000000000 0.00000000000 0.00000000000 0.00000000000 0.00000000000 0.00000000000 0.00000000000 0.00000000000 0.00000000000 0.00000000000 0.00000000000 0.00000000000 0.00000000000 0.00000000000 0.00000000000 0.00000000000 0.00000000000 0.00000000000 0.00000000000 0.00000000000 0.00000000000 0.00000000000 0.00000000000 0.00000000000 0.00000000000 0.00000000000 0.00000000000 0.00000000000 0.00000000000 0.00000000000 0.00000000000 0.00000000000 0.00000000000 0.00000000000 0.00000000000 0.00000000000 0.00000000000 0.00000000000 0.00000000000 0.00000000000 0.00000000000 0.00000000000 0.00000000000
# SelPars_dev95:
 0.00000000000 0.00000000000 0.00000000000 0.00000000000 0.00000000000 0.00000000000 0.00000000000 0.00000000000 0.00000000000 0.00000000000 0.00000000000 0.00000000000 0.00000000000 0.00000000000 0.00000000000 0.00000000000 0.00000000000 0.00000000000 0.00000000000 0.00000000000 0.00000000000 0.00000000000 0.00000000000 0.00000000000 0.00000000000 0.00000000000 0.00000000000 0.00000000000 0.00000000000 0.00000000000 0.00000000000 0.00000000000 0.00000000000 0.00000000000 0.00000000000 0.00000000000 0.00000000000 0.00000000000 0.00000000000 0.00000000000 0.00000000000 0.00000000000 0.00000000000 0.00000000000 0.00000000000 0.00000000000 0.00000000000 0.00000000000 0.00000000000 0.00000000000 0.00000000000 0.00000000000 0.00000000000 0.00000000000 0.00000000000 0.00000000000 0.00000000000 0.00000000000 0.00000000000 0.00000000000 0.00000000000 0.00000000000 0.00000000000 0.00000000000
