# Number of parameters = 133 Objective function value = 61018.9  Maximum gradient component = 0.00112437
# srv_sel50:
1.69756369123
# srv_sel95:
3.05822447156
# stNatLen:
 11.8720946234 11.6832468270 11.4132278855 11.1882138992 11.0061184292 10.8283140421 10.6268006962 10.3950461293 10.1418301263 9.88095566858 9.62457581303 9.38099701254 9.15498322536 8.94876259265 8.76299249912 8.59746162196 8.45150562395 8.32426392746 8.21485337436 8.12250297505 8.04651318167 7.98638014445 7.94165658135 7.91202863507 7.89726488059
# log_avg_fmort_dir:
-1.64197034504
# fmort_dir_dev:
 -2.03307020371 -1.99735704359 -1.44246722011 -1.07663717781 -0.754524405264 -0.590933685958 -0.340441045085 -0.160577719890 -0.0807626571944 0.0833285328632 -0.00180815204609 0.225366945695 0.292795448206 0.429364385670 0.450017541523 0.476434420737 0.428133447208 0.412316715872 0.404755838070 0.385622378588 0.390954050043 0.429616637800 0.271867304588 0.225030358680 0.211105658449 0.292005022415 0.263375274732 0.235909752170 0.165198591872 0.223980538677 0.239289276594 0.152009636076 0.165194453627 0.159464237525 0.129565984093 0.127759492936 0.146093997602 0.0888028593270 0.0802856046235 0.180617328867 0.0164216964077 0.130021403238 0.175268300284 0.0366915099215 0.0969168047197 0.0670064745309 0.0580136854123 -0.0296871783021 0.0707641140795 -0.0472211136087 0.138121898849
# mean_log_rec:
11.3932886268
# rec_dev:
 0.517536875291 0.485683251061 0.473431393729 0.461413784540 0.447029730307 0.424533055935 0.409926924575 0.395915238644 0.369711869498 0.339234723354 0.301763601380 0.255174456599 0.200867014106 0.151152140230 0.0997541108666 0.0667117464036 0.0237045088411 -0.0218714157479 -0.0653785949585 -0.104395774712 -0.139139512843 -0.150031018100 -0.146149604077 -0.135569041111 -0.149595671073 -0.182385043803 -0.181139642204 -0.174877325364 -0.189082129022 -0.228639508273 -0.261451719189 -0.303754892457 -0.365541580488 -0.386225687435 -0.299704669630 -0.226661111439 -0.234722690323 -0.251838643518 -0.246701879658 -0.233648407164 -0.223602720834 -0.205523324825 -0.176478127108 -0.160435650970 -0.131785205327 -0.0840123350227 -0.0326390187562 0.0303224706131 0.0835298763603 0.0777925799725 0.0777925931266
# log_avg_NatM:
-1.47890400000
# m_dev:
 0.00000000000 0.00000000000 0.00000000000 0.00000000000 0.00000000000 0.00000000000 0.00000000000 0.00000000000 0.00000000000 0.00000000000 0.00000000000 0.00000000000 0.00000000000 0.00000000000 0.00000000000 0.00000000000 0.00000000000 0.00000000000 0.00000000000 0.00000000000 0.00000000000 0.00000000000 0.00000000000 0.00000000000 0.00000000000 0.00000000000 0.00000000000 0.00000000000 0.00000000000 0.00000000000 0.00000000000 0.00000000000 0.00000000000 0.00000000000 0.00000000000 0.00000000000 0.00000000000 0.00000000000 0.00000000000 0.00000000000 0.00000000000 0.00000000000 0.00000000000 0.00000000000 0.00000000000 0.00000000000 0.00000000000 0.00000000000 0.00000000000 0.00000000000 0.00000000000
# log_avg_GrowthK:
-1.60943800000
# log_avg_Linf:
4.88280200000
# GrowthK_dev:
 0.00000000000 0.00000000000 0.00000000000 0.00000000000 0.00000000000 0.00000000000 0.00000000000 0.00000000000 0.00000000000 0.00000000000 0.00000000000 0.00000000000 0.00000000000 0.00000000000 0.00000000000 0.00000000000 0.00000000000 0.00000000000 0.00000000000 0.00000000000 0.00000000000 0.00000000000 0.00000000000 0.00000000000 0.00000000000 0.00000000000 0.00000000000 0.00000000000 0.00000000000 0.00000000000 0.00000000000 0.00000000000 0.00000000000 0.00000000000 0.00000000000 0.00000000000 0.00000000000 0.00000000000 0.00000000000 0.00000000000 0.00000000000 0.00000000000 0.00000000000 0.00000000000 0.00000000000 0.00000000000 0.00000000000 0.00000000000 0.00000000000 0.00000000000 0.00000000000
# Linf_dev:
 0.00000000000 0.00000000000 0.00000000000 0.00000000000 0.00000000000 0.00000000000 0.00000000000 0.00000000000 0.00000000000 0.00000000000 0.00000000000 0.00000000000 0.00000000000 0.00000000000 0.00000000000 0.00000000000 0.00000000000 0.00000000000 0.00000000000 0.00000000000 0.00000000000 0.00000000000 0.00000000000 0.00000000000 0.00000000000 0.00000000000 0.00000000000 0.00000000000 0.00000000000 0.00000000000 0.00000000000 0.00000000000 0.00000000000 0.00000000000 0.00000000000 0.00000000000 0.00000000000 0.00000000000 0.00000000000 0.00000000000 0.00000000000 0.00000000000 0.00000000000 0.00000000000 0.00000000000 0.00000000000 0.00000000000 0.00000000000 0.00000000000 0.00000000000 0.00000000000
# SelPars50:
2.32567386438
# SelPars95:
4.28002598136
# SelPars_dev50:
 0.00000000000 0.00000000000 0.00000000000 0.00000000000 0.00000000000 0.00000000000 0.00000000000 0.00000000000 0.00000000000 0.00000000000 0.00000000000 0.00000000000 0.00000000000 0.00000000000 0.00000000000 0.00000000000 0.00000000000 0.00000000000 0.00000000000 0.00000000000 0.00000000000 0.00000000000 0.00000000000 0.00000000000 0.00000000000 0.00000000000 0.00000000000 0.00000000000 0.00000000000 0.00000000000 0.00000000000 0.00000000000 0.00000000000 0.00000000000 0.00000000000 0.00000000000 0.00000000000 0.00000000000 0.00000000000 0.00000000000 0.00000000000 0.00000000000 0.00000000000 0.00000000000 0.00000000000 0.00000000000 0.00000000000 0.00000000000 0.00000000000 0.00000000000 0.00000000000
# SelPars_dev95:
 0.00000000000 0.00000000000 0.00000000000 0.00000000000 0.00000000000 0.00000000000 0.00000000000 0.00000000000 0.00000000000 0.00000000000 0.00000000000 0.00000000000 0.00000000000 0.00000000000 0.00000000000 0.00000000000 0.00000000000 0.00000000000 0.00000000000 0.00000000000 0.00000000000 0.00000000000 0.00000000000 0.00000000000 0.00000000000 0.00000000000 0.00000000000 0.00000000000 0.00000000000 0.00000000000 0.00000000000 0.00000000000 0.00000000000 0.00000000000 0.00000000000 0.00000000000 0.00000000000 0.00000000000 0.00000000000 0.00000000000 0.00000000000 0.00000000000 0.00000000000 0.00000000000 0.00000000000 0.00000000000 0.00000000000 0.00000000000 0.00000000000 0.00000000000 0.00000000000
