# Number of parameters = 169 Objective function value = 82742.8015038883  Maximum gradient component = 0.00306972588774479
# srv_sel50:
1.63213978877
# srv_sel95:
2.87599859629
# stNatLen:
 11.8771489926 11.7009358722 11.4495282792 11.2335199562 11.0528434431 10.8737072585 10.6698416917 10.4347419033 10.1771895206 9.91133878555 9.64979479404 9.40122185880 9.17060066874 8.96026392482 8.77087960731 8.60219496105 8.45350758860 8.32393692051 8.21260346376 8.11868105389 8.04144330070 7.98035783511 7.93498211961 7.90495482565 7.88998936746
# log_avg_fmort_dir:
-1.61168933994
# fmort_dir_dev:
 -2.08705734237 -2.04650398016 -1.58157316493 -1.18900747321 -0.889696440002 -0.578574941043 -0.496609095202 -0.414926505361 -0.250270368435 -0.0705993967992 0.183399761648 0.189627880989 0.288976518523 0.319467587461 0.402701514151 0.456025471078 0.447198320947 0.455007437353 0.414879651964 0.391733328595 0.322617335831 0.315488154560 0.177740488340 0.355486212524 0.214915938647 0.177089534711 0.0717050549004 0.0947070872355 0.168228589479 0.146144168238 0.0858944828792 0.0313170988207 0.192957103578 0.0519357254260 0.103746512222 0.0942096567372 -0.0146309932858 -0.0154724972036 0.0541545689378 0.00372743543931 0.0397565206347 0.113663391642 0.0485138497225 0.000768582853510 0.121583899816 0.0508278510039 0.0815320429545 0.0694185615783 0.0684271600219 0.0702820570335 0.0547750466989 0.302346067737 0.0756240084743 0.287566264730 0.323187858202 0.278162725224 0.176329558287 0.188793931268 0.122956034724 0.0352099513279 0.198908795277 0.279170775108 0.195970630150 0.0163808945475 -0.153916874918 0.221959744154 0.304798166656 0.0593659264975 -0.208523844611
# mean_log_rec:
11.3325112027
# rec_dev:
 0.597054995997 0.567662300416 0.559155684575 0.544939501669 0.531824072804 0.520798818826 0.512546690916 0.500895252136 0.475410549372 0.437442627727 0.397894534694 0.354771548106 0.306551607498 0.271852620662 0.235237092441 0.200074752623 0.150694244214 0.0865847644505 0.0514732640410 0.0267576102602 0.00317015968559 -0.0235449573634 -0.0452910420738 -0.0553170559033 -0.0669866319144 -0.0616883495826 -0.0737902271282 -0.100910007582 -0.117764004246 -0.142266532328 -0.175425296989 -0.228418973382 -0.296709159282 -0.324593412833 -0.248816777271 -0.149901606569 -0.146140332508 -0.173645380964 -0.173689605474 -0.180486880602 -0.195409433956 -0.197057096513 -0.198712260996 -0.194715315467 -0.173477497824 -0.133337226139 -0.119994151668 -0.140333998400 -0.158142472115 -0.168774612434 -0.176752996742 -0.172502900529 -0.180469007163 -0.191935015926 -0.201502460592 -0.213446501794 -0.211439218564 -0.204227998860 -0.193280668949 -0.190389163207 -0.181551325343 -0.176962449715 -0.170552028298 -0.149406949015 -0.0946707643689 -0.0430239009847 -0.0274864406050 -0.0439262995646 -0.0439263033885
# log_avg_NatM:
-1.47890400000
# m_dev:
 0.00000000000 0.00000000000 0.00000000000 0.00000000000 0.00000000000 0.00000000000 0.00000000000 0.00000000000 0.00000000000 0.00000000000 0.00000000000 0.00000000000 0.00000000000 0.00000000000 0.00000000000 0.00000000000 0.00000000000 0.00000000000 0.00000000000 0.00000000000 0.00000000000 0.00000000000 0.00000000000 0.00000000000 0.00000000000 0.00000000000 0.00000000000 0.00000000000 0.00000000000 0.00000000000 0.00000000000 0.00000000000 0.00000000000 0.00000000000 0.00000000000 0.00000000000 0.00000000000 0.00000000000 0.00000000000 0.00000000000 0.00000000000 0.00000000000 0.00000000000 0.00000000000 0.00000000000 0.00000000000 0.00000000000 0.00000000000 0.00000000000 0.00000000000 0.00000000000 0.00000000000 0.00000000000 0.00000000000 0.00000000000 0.00000000000 0.00000000000 0.00000000000 0.00000000000 0.00000000000 0.00000000000 0.00000000000 0.00000000000 0.00000000000 0.00000000000 0.00000000000 0.00000000000 0.00000000000 0.00000000000
# log_avg_GrowthK:
-1.60943800000
# log_avg_Linf:
4.88280200000
# GrowthK_dev:
 0.00000000000 0.00000000000 0.00000000000 0.00000000000 0.00000000000 0.00000000000 0.00000000000 0.00000000000 0.00000000000 0.00000000000 0.00000000000 0.00000000000 0.00000000000 0.00000000000 0.00000000000 0.00000000000 0.00000000000 0.00000000000 0.00000000000 0.00000000000 0.00000000000 0.00000000000 0.00000000000 0.00000000000 0.00000000000 0.00000000000 0.00000000000 0.00000000000 0.00000000000 0.00000000000 0.00000000000 0.00000000000 0.00000000000 0.00000000000 0.00000000000 0.00000000000 0.00000000000 0.00000000000 0.00000000000 0.00000000000 0.00000000000 0.00000000000 0.00000000000 0.00000000000 0.00000000000 0.00000000000 0.00000000000 0.00000000000 0.00000000000 0.00000000000 0.00000000000 0.00000000000 0.00000000000 0.00000000000 0.00000000000 0.00000000000 0.00000000000 0.00000000000 0.00000000000 0.00000000000 0.00000000000 0.00000000000 0.00000000000 0.00000000000 0.00000000000 0.00000000000 0.00000000000 0.00000000000 0.00000000000
# Linf_dev:
 0.00000000000 0.00000000000 0.00000000000 0.00000000000 0.00000000000 0.00000000000 0.00000000000 0.00000000000 0.00000000000 0.00000000000 0.00000000000 0.00000000000 0.00000000000 0.00000000000 0.00000000000 0.00000000000 0.00000000000 0.00000000000 0.00000000000 0.00000000000 0.00000000000 0.00000000000 0.00000000000 0.00000000000 0.00000000000 0.00000000000 0.00000000000 0.00000000000 0.00000000000 0.00000000000 0.00000000000 0.00000000000 0.00000000000 0.00000000000 0.00000000000 0.00000000000 0.00000000000 0.00000000000 0.00000000000 0.00000000000 0.00000000000 0.00000000000 0.00000000000 0.00000000000 0.00000000000 0.00000000000 0.00000000000 0.00000000000 0.00000000000 0.00000000000 0.00000000000 0.00000000000 0.00000000000 0.00000000000 0.00000000000 0.00000000000 0.00000000000 0.00000000000 0.00000000000 0.00000000000 0.00000000000 0.00000000000 0.00000000000 0.00000000000 0.00000000000 0.00000000000 0.00000000000 0.00000000000 0.00000000000
# SelPars50:
2.20896446096
# SelPars95:
4.01152308212
# SelPars_dev50:
 0.00000000000 0.00000000000 0.00000000000 0.00000000000 0.00000000000 0.00000000000 0.00000000000 0.00000000000 0.00000000000 0.00000000000 0.00000000000 0.00000000000 0.00000000000 0.00000000000 0.00000000000 0.00000000000 0.00000000000 0.00000000000 0.00000000000 0.00000000000 0.00000000000 0.00000000000 0.00000000000 0.00000000000 0.00000000000 0.00000000000 0.00000000000 0.00000000000 0.00000000000 0.00000000000 0.00000000000 0.00000000000 0.00000000000 0.00000000000 0.00000000000 0.00000000000 0.00000000000 0.00000000000 0.00000000000 0.00000000000 0.00000000000 0.00000000000 0.00000000000 0.00000000000 0.00000000000 0.00000000000 0.00000000000 0.00000000000 0.00000000000 0.00000000000 0.00000000000 0.00000000000 0.00000000000 0.00000000000 0.00000000000 0.00000000000 0.00000000000 0.00000000000 0.00000000000 0.00000000000 0.00000000000 0.00000000000 0.00000000000 0.00000000000 0.00000000000 0.00000000000 0.00000000000 0.00000000000 0.00000000000
# SelPars_dev95:
 0.00000000000 0.00000000000 0.00000000000 0.00000000000 0.00000000000 0.00000000000 0.00000000000 0.00000000000 0.00000000000 0.00000000000 0.00000000000 0.00000000000 0.00000000000 0.00000000000 0.00000000000 0.00000000000 0.00000000000 0.00000000000 0.00000000000 0.00000000000 0.00000000000 0.00000000000 0.00000000000 0.00000000000 0.00000000000 0.00000000000 0.00000000000 0.00000000000 0.00000000000 0.00000000000 0.00000000000 0.00000000000 0.00000000000 0.00000000000 0.00000000000 0.00000000000 0.00000000000 0.00000000000 0.00000000000 0.00000000000 0.00000000000 0.00000000000 0.00000000000 0.00000000000 0.00000000000 0.00000000000 0.00000000000 0.00000000000 0.00000000000 0.00000000000 0.00000000000 0.00000000000 0.00000000000 0.00000000000 0.00000000000 0.00000000000 0.00000000000 0.00000000000 0.00000000000 0.00000000000 0.00000000000 0.00000000000 0.00000000000 0.00000000000 0.00000000000 0.00000000000 0.00000000000 0.00000000000 0.00000000000
