# Number of parameters = 123 Objective function value = 54842.4  Maximum gradient component = 5.16094e-005
# srv_sel50:
1.62413835897
# srv_sel95:
2.83316169714
# stNatLen:
 11.8180940563 11.6106533096 11.3164898994 11.0594804694 10.8403021467 10.6276218571 10.3998312953 10.1531455674 9.89533732460 9.63732091184 9.38825543376 9.15417829291 8.93836757238 8.74218170802 8.56580997116 8.40879443587 8.27038033171 8.14974574324 8.04603336922 7.95849736303 7.88648746257 7.82947116763 7.78700838923 7.75883422182 7.74483987166
# log_avg_fmort_dir:
-1.54479422189
# fmort_dir_dev:
 -0.768742327662 -0.775717191970 -0.631988607165 -0.394600665335 -0.316506871225 -0.229068404256 -0.0135077709981 0.0730713465966 0.197194837906 0.319613188951 0.293732729736 0.323963846849 0.210681982822 0.285419187922 0.283896689716 0.240428746950 0.301978571229 0.244279231163 0.198747561491 0.126276322106 0.0957129575186 0.0936565866061 0.0478311813227 0.0274917627689 -0.0581384785135 -0.0319833253214 0.0451605732495 -0.0180984742131 -0.0405321644214 0.00430983589893 -0.0181059108724 0.0679990941087 -0.0462586604074 0.0586309268631 -0.0281645049774 -0.0379108667058 0.0547049584993 -0.0177244443918 -0.0313142540102 -0.0638833177632 -0.0119291741427 0.0607643161414 -0.00807925705001 -0.0502828005107 0.0207169735481 -0.0837259380525
# mean_log_rec:
11.3383479880
# rec_dev:
 0.501828705217 0.468794042564 0.462079052460 0.450602544694 0.430629100161 0.405467104156 0.376674513816 0.315898484502 0.261747733602 0.217873804695 0.165627023107 0.134827373015 0.105785424913 0.0599673980405 0.0293366542028 -0.0274799844234 -0.0646943783708 -0.0703718420636 -0.0669922081731 -0.0638643975232 -0.0777931291619 -0.0968621570661 -0.108791233798 -0.118282692886 -0.145662730514 -0.183732215175 -0.225343298828 -0.257618048309 -0.314418662810 -0.350627657427 -0.274712810276 -0.193084221503 -0.194149752780 -0.219670632066 -0.217276905927 -0.198474390206 -0.181867452599 -0.155068737918 -0.129005168463 -0.140874607170 -0.127240773597 -0.0880430346233 -0.0438972089001 -0.00937425481001 -0.0209321850466 -0.0209321867308
# log_avg_NatM:
-1.47890400000
# m_dev:
 0.00000000000 0.00000000000 0.00000000000 0.00000000000 0.00000000000 0.00000000000 0.00000000000 0.00000000000 0.00000000000 0.00000000000 0.00000000000 0.00000000000 0.00000000000 0.00000000000 0.00000000000 0.00000000000 0.00000000000 0.00000000000 0.00000000000 0.00000000000 0.00000000000 0.00000000000 0.00000000000 0.00000000000 0.00000000000 0.00000000000 0.00000000000 0.00000000000 0.00000000000 0.00000000000 0.00000000000 0.00000000000 0.00000000000 0.00000000000 0.00000000000 0.00000000000 0.00000000000 0.00000000000 0.00000000000 0.00000000000 0.00000000000 0.00000000000 0.00000000000 0.00000000000 0.00000000000 0.00000000000
# log_avg_GrowthK:
-1.60943800000
# log_avg_Linf:
4.88280200000
# GrowthK_dev:
 0.00000000000 0.00000000000 0.00000000000 0.00000000000 0.00000000000 0.00000000000 0.00000000000 0.00000000000 0.00000000000 0.00000000000 0.00000000000 0.00000000000 0.00000000000 0.00000000000 0.00000000000 0.00000000000 0.00000000000 0.00000000000 0.00000000000 0.00000000000 0.00000000000 0.00000000000 0.00000000000 0.00000000000 0.00000000000 0.00000000000 0.00000000000 0.00000000000 0.00000000000 0.00000000000 0.00000000000 0.00000000000 0.00000000000 0.00000000000 0.00000000000 0.00000000000 0.00000000000 0.00000000000 0.00000000000 0.00000000000 0.00000000000 0.00000000000 0.00000000000 0.00000000000 0.00000000000 0.00000000000
# Linf_dev:
 0.00000000000 0.00000000000 0.00000000000 0.00000000000 0.00000000000 0.00000000000 0.00000000000 0.00000000000 0.00000000000 0.00000000000 0.00000000000 0.00000000000 0.00000000000 0.00000000000 0.00000000000 0.00000000000 0.00000000000 0.00000000000 0.00000000000 0.00000000000 0.00000000000 0.00000000000 0.00000000000 0.00000000000 0.00000000000 0.00000000000 0.00000000000 0.00000000000 0.00000000000 0.00000000000 0.00000000000 0.00000000000 0.00000000000 0.00000000000 0.00000000000 0.00000000000 0.00000000000 0.00000000000 0.00000000000 0.00000000000 0.00000000000 0.00000000000 0.00000000000 0.00000000000 0.00000000000 0.00000000000
# SelPars50:
2.25176601492
# SelPars95:
4.12241221816
# SelPars_dev50:
 0.00000000000 0.00000000000 0.00000000000 0.00000000000 0.00000000000 0.00000000000 0.00000000000 0.00000000000 0.00000000000 0.00000000000 0.00000000000 0.00000000000 0.00000000000 0.00000000000 0.00000000000 0.00000000000 0.00000000000 0.00000000000 0.00000000000 0.00000000000 0.00000000000 0.00000000000 0.00000000000 0.00000000000 0.00000000000 0.00000000000 0.00000000000 0.00000000000 0.00000000000 0.00000000000 0.00000000000 0.00000000000 0.00000000000 0.00000000000 0.00000000000 0.00000000000 0.00000000000 0.00000000000 0.00000000000 0.00000000000 0.00000000000 0.00000000000 0.00000000000 0.00000000000 0.00000000000 0.00000000000
# SelPars_dev95:
 0.00000000000 0.00000000000 0.00000000000 0.00000000000 0.00000000000 0.00000000000 0.00000000000 0.00000000000 0.00000000000 0.00000000000 0.00000000000 0.00000000000 0.00000000000 0.00000000000 0.00000000000 0.00000000000 0.00000000000 0.00000000000 0.00000000000 0.00000000000 0.00000000000 0.00000000000 0.00000000000 0.00000000000 0.00000000000 0.00000000000 0.00000000000 0.00000000000 0.00000000000 0.00000000000 0.00000000000 0.00000000000 0.00000000000 0.00000000000 0.00000000000 0.00000000000 0.00000000000 0.00000000000 0.00000000000 0.00000000000 0.00000000000 0.00000000000 0.00000000000 0.00000000000 0.00000000000 0.00000000000
