# Number of parameters = 139 Objective function value = 64770.1797263046  Maximum gradient component = 0.000529698132729868
# srv_sel50:
1.55567251409
# srv_sel95:
2.66978524053
# stNatLen:
 11.4275747974 11.2722973748 11.0436361070 10.8392141670 10.6593042717 10.4754644588 10.2675233092 10.0328316936 9.78081720320 9.52428126116 9.27404527203 9.03733834110 8.81822634686 8.61853825351 8.43875245965 8.27855043680 8.13721891330 8.01395583158 7.90791823378 7.81837182660 7.74463230100 7.68613794949 7.64256725357 7.61358421364 7.59913533769
# log_avg_fmort_dir:
-1.62364450436
# fmort_dir_dev:
 -1.84068281783 -1.79503295482 -1.21351969949 -0.966205732270 -0.559711773972 -0.405185815030 -0.227194626211 -0.162363709065 -0.0473629296062 0.0822544093260 0.145958779324 0.277807553700 0.222002489999 0.480464600961 0.536381655148 0.505866006355 0.467586197239 0.401461745470 0.488234233218 0.457421211767 0.393905972637 0.388393757486 0.303410968174 0.252276801133 0.360315349436 0.239705358357 0.306786020174 0.310842684745 0.199011883873 0.167191415307 0.260043394167 0.219068142426 0.131760984386 0.108851619051 0.0895270418092 0.0696661956151 0.104531830310 -0.0603942204196 0.0749727829716 0.0745340341409 0.0413662763207 0.0887306757905 0.0485076616309 -0.0218542288450 -0.0168239998399 0.0261095024611 0.0349940464532 0.0337577483102 -0.0670048419611 0.0198592166584 -0.340963322960 -0.307351491753 -0.132380757683 -0.249527324582
# mean_log_rec:
11.1554860292
# rec_dev:
 0.348452175488 0.338265921392 0.345823417277 0.347255179516 0.343549453167 0.333118838990 0.326838967259 0.315317555937 0.310459476447 0.295843594013 0.261820844550 0.237383478994 0.197795194477 0.157344503791 0.104401088240 0.0654758393772 0.0313006589688 -0.0222490128729 -0.0674417532216 -0.100297464694 -0.144435829662 -0.167909096281 -0.171560287173 -0.203053342513 -0.233054772755 -0.241391488256 -0.246173702525 -0.244116194771 -0.223919476281 -0.198464479817 -0.183038409690 -0.169795398342 -0.143588537093 -0.138622394849 -0.139547512401 -0.141140423727 -0.137639112078 -0.141770350603 -0.139296561751 -0.139344961315 -0.129286554846 -0.120481328414 -0.116678703477 -0.102393130489 -0.0886356029987 -0.0834197235206 -0.0680961886275 -0.0385172532950 -0.0234711571660 -0.0213403763230 0.00605479409161 0.0509441121347 0.0563627479703 0.0563627397459
# log_avg_NatM:
-1.60943800000
# m_dev:
 0.00000000000 0.00000000000 0.00000000000 0.00000000000 0.00000000000 0.00000000000 0.00000000000 0.00000000000 0.00000000000 0.00000000000 0.00000000000 0.00000000000 0.00000000000 0.00000000000 0.00000000000 0.00000000000 0.00000000000 0.00000000000 0.00000000000 0.00000000000 0.00000000000 0.00000000000 0.00000000000 0.00000000000 0.00000000000 0.00000000000 0.00000000000 0.00000000000 0.00000000000 0.00000000000 0.00000000000 0.00000000000 0.00000000000 0.00000000000 0.00000000000 0.00000000000 0.00000000000 0.00000000000 0.00000000000 0.00000000000 0.00000000000 0.00000000000 0.00000000000 0.00000000000 0.00000000000 0.00000000000 0.00000000000 0.00000000000 0.00000000000 0.00000000000 0.00000000000 0.00000000000 0.00000000000 0.00000000000
# log_avg_GrowthK:
-1.60943800000
# log_avg_Linf:
4.88280200000
# GrowthK_dev:
 0.00000000000 0.00000000000 0.00000000000 0.00000000000 0.00000000000 0.00000000000 0.00000000000 0.00000000000 0.00000000000 0.00000000000 0.00000000000 0.00000000000 0.00000000000 0.00000000000 0.00000000000 0.00000000000 0.00000000000 0.00000000000 0.00000000000 0.00000000000 0.00000000000 0.00000000000 0.00000000000 0.00000000000 0.00000000000 0.00000000000 0.00000000000 0.00000000000 0.00000000000 0.00000000000 0.00000000000 0.00000000000 0.00000000000 0.00000000000 0.00000000000 0.00000000000 0.00000000000 0.00000000000 0.00000000000 0.00000000000 0.00000000000 0.00000000000 0.00000000000 0.00000000000 0.00000000000 0.00000000000 0.00000000000 0.00000000000 0.00000000000 0.00000000000 0.00000000000 0.00000000000 0.00000000000 0.00000000000
# Linf_dev:
 0.00000000000 0.00000000000 0.00000000000 0.00000000000 0.00000000000 0.00000000000 0.00000000000 0.00000000000 0.00000000000 0.00000000000 0.00000000000 0.00000000000 0.00000000000 0.00000000000 0.00000000000 0.00000000000 0.00000000000 0.00000000000 0.00000000000 0.00000000000 0.00000000000 0.00000000000 0.00000000000 0.00000000000 0.00000000000 0.00000000000 0.00000000000 0.00000000000 0.00000000000 0.00000000000 0.00000000000 0.00000000000 0.00000000000 0.00000000000 0.00000000000 0.00000000000 0.00000000000 0.00000000000 0.00000000000 0.00000000000 0.00000000000 0.00000000000 0.00000000000 0.00000000000 0.00000000000 0.00000000000 0.00000000000 0.00000000000 0.00000000000 0.00000000000 0.00000000000 0.00000000000 0.00000000000 0.00000000000
# SelPars50:
2.12329824866
# SelPars95:
3.83339512430
# SelPars_dev50:
 0.00000000000 0.00000000000 0.00000000000 0.00000000000 0.00000000000 0.00000000000 0.00000000000 0.00000000000 0.00000000000 0.00000000000 0.00000000000 0.00000000000 0.00000000000 0.00000000000 0.00000000000 0.00000000000 0.00000000000 0.00000000000 0.00000000000 0.00000000000 0.00000000000 0.00000000000 0.00000000000 0.00000000000 0.00000000000 0.00000000000 0.00000000000 0.00000000000 0.00000000000 0.00000000000 0.00000000000 0.00000000000 0.00000000000 0.00000000000 0.00000000000 0.00000000000 0.00000000000 0.00000000000 0.00000000000 0.00000000000 0.00000000000 0.00000000000 0.00000000000 0.00000000000 0.00000000000 0.00000000000 0.00000000000 0.00000000000 0.00000000000 0.00000000000 0.00000000000 0.00000000000 0.00000000000 0.00000000000
# SelPars_dev95:
 0.00000000000 0.00000000000 0.00000000000 0.00000000000 0.00000000000 0.00000000000 0.00000000000 0.00000000000 0.00000000000 0.00000000000 0.00000000000 0.00000000000 0.00000000000 0.00000000000 0.00000000000 0.00000000000 0.00000000000 0.00000000000 0.00000000000 0.00000000000 0.00000000000 0.00000000000 0.00000000000 0.00000000000 0.00000000000 0.00000000000 0.00000000000 0.00000000000 0.00000000000 0.00000000000 0.00000000000 0.00000000000 0.00000000000 0.00000000000 0.00000000000 0.00000000000 0.00000000000 0.00000000000 0.00000000000 0.00000000000 0.00000000000 0.00000000000 0.00000000000 0.00000000000 0.00000000000 0.00000000000 0.00000000000 0.00000000000 0.00000000000 0.00000000000 0.00000000000 0.00000000000 0.00000000000 0.00000000000
