# Number of parameters = 176 Objective function value = 57225.6  Maximum gradient component = 0.00132369
# srv_sel50:
1.47063978041
# srv_sel95:
2.42664170575
# stNatLen:
 11.2494348951 11.0964991444 10.8661239581 10.6360376271 10.4117050959 10.1799455902 9.93607425354 9.68575399096 9.43818060199 9.20114881030 8.97959655196 8.77597206463 8.59106188225 8.42466989963 8.27610995877 8.14447973559 8.02882742018 7.92823500130 7.84191179954 7.76913498651 7.70934473807 7.66209561317 7.62692268929 7.60358584011 7.59191403312
# log_avg_fmort_dir:
-1.48246111801
# fmort_dir_dev:
 -0.694863352207 -0.543347316259 -0.358832219569 -0.304297793580 -0.157777529255 -0.148680707188 -0.0135995992232 0.0735956857442 0.199141555837 0.263467314634 0.262101136529 0.387875367069 0.416833965641 0.216370713014 0.354070316721 0.268625095603 0.321931677914 0.237647310251 0.251320713349 0.0689018324528 0.146379560243 -0.00203400739859 0.0906497380994 0.0764742023775 0.0806014785520 0.163574102259 -0.0538105186568 -0.114018578541 -0.166990741421 -0.224196062025 -0.125881337897 -0.0966998649273 -0.0428896567168 -0.110160812515 -0.0771436489586 -0.115678320558 -0.136074490035 -0.101677187095 -0.149323780027 0.0725594714807 0.0598952824884 -0.0244873505739 0.0185228087622 -0.161329048536 -0.0855103118796 -0.230540878479 0.119199776219 0.0901060082819
# mean_log_rec:
11.0970219930
# rec_dev:
 0.268112690278 0.264525297341 0.271610802397 0.250649923829 0.253100908330 0.269195946893 0.254408092768 0.219702920022 0.158432110654 0.107615820929 0.0601491081801 0.0159689824052 -0.0227762889043 -0.0816537633910 -0.157876863411 -0.206288006191 -0.198854335282 -0.194181180749 -0.176538315522 -0.171254883075 -0.185588515800 -0.187095838658 -0.202847798814 -0.217561146350 -0.220572196941 -0.189299177321 -0.136102310005 -0.0666475514356 -0.0304078288847 -0.0364589510208 -0.0187982133015 -0.0247904454178 -0.0299468659398 -0.00676245739432 0.0364386374394 0.0473644928772 0.0326043722088 0.00474248720532 -0.0512509882588 -0.112704801459 -0.124933476759 -0.0616356477502 0.0462702450110 0.133026854936 0.179815329987 0.131964698653 0.0535640976313 0.0535640280581
# log_avg_NatM:
-1.60403686194
# m_dev:
 -0.523891811355 -0.341592658915 -0.184433195811 0.0257648611141 -0.257642146902 -0.276446781538 -0.116265034241 -0.123040978924 0.0769469985873 -0.0330371306758 -0.174115602953 -0.239492677139 -0.0941587389439 -0.0333900593882 0.165072325077 -0.100190944934 -0.296171899089 -0.247023049382 -0.277656544846 -0.0389166479951 0.0521302078442 -0.0895676787399 0.0130743626400 -0.00718392476821 -0.0899776386197 -0.188377781687 -0.209988387671 -0.288794212853 -0.120676344993 0.0744005123173 0.497169549764 0.520505313006 0.227556158543 0.0267723353595 -0.0250782967177 0.200226948993 0.288734561501 0.288577263468 0.333031957621 0.434390151369 0.193542537497 -0.187995672097 -0.344181355113 -0.278114417630 0.0763451456561 0.428631733071 0.629471702511 0.635056987981
# log_avg_GrowthK:
-1.60943800000
# log_avg_Linf:
4.88280200000
# GrowthK_dev:
 0.00000000000 0.00000000000 0.00000000000 0.00000000000 0.00000000000 0.00000000000 0.00000000000 0.00000000000 0.00000000000 0.00000000000 0.00000000000 0.00000000000 0.00000000000 0.00000000000 0.00000000000 0.00000000000 0.00000000000 0.00000000000 0.00000000000 0.00000000000 0.00000000000 0.00000000000 0.00000000000 0.00000000000 0.00000000000 0.00000000000 0.00000000000 0.00000000000 0.00000000000 0.00000000000 0.00000000000 0.00000000000 0.00000000000 0.00000000000 0.00000000000 0.00000000000 0.00000000000 0.00000000000 0.00000000000 0.00000000000 0.00000000000 0.00000000000 0.00000000000 0.00000000000 0.00000000000 0.00000000000 0.00000000000 0.00000000000
# Linf_dev:
 0.00000000000 0.00000000000 0.00000000000 0.00000000000 0.00000000000 0.00000000000 0.00000000000 0.00000000000 0.00000000000 0.00000000000 0.00000000000 0.00000000000 0.00000000000 0.00000000000 0.00000000000 0.00000000000 0.00000000000 0.00000000000 0.00000000000 0.00000000000 0.00000000000 0.00000000000 0.00000000000 0.00000000000 0.00000000000 0.00000000000 0.00000000000 0.00000000000 0.00000000000 0.00000000000 0.00000000000 0.00000000000 0.00000000000 0.00000000000 0.00000000000 0.00000000000 0.00000000000 0.00000000000 0.00000000000 0.00000000000 0.00000000000 0.00000000000 0.00000000000 0.00000000000 0.00000000000 0.00000000000 0.00000000000 0.00000000000
# SelPars50:
2.01374647353
# SelPars95:
3.57039692112
# SelPars_dev50:
 0.00000000000 0.00000000000 0.00000000000 0.00000000000 0.00000000000 0.00000000000 0.00000000000 0.00000000000 0.00000000000 0.00000000000 0.00000000000 0.00000000000 0.00000000000 0.00000000000 0.00000000000 0.00000000000 0.00000000000 0.00000000000 0.00000000000 0.00000000000 0.00000000000 0.00000000000 0.00000000000 0.00000000000 0.00000000000 0.00000000000 0.00000000000 0.00000000000 0.00000000000 0.00000000000 0.00000000000 0.00000000000 0.00000000000 0.00000000000 0.00000000000 0.00000000000 0.00000000000 0.00000000000 0.00000000000 0.00000000000 0.00000000000 0.00000000000 0.00000000000 0.00000000000 0.00000000000 0.00000000000 0.00000000000 0.00000000000
# SelPars_dev95:
 0.00000000000 0.00000000000 0.00000000000 0.00000000000 0.00000000000 0.00000000000 0.00000000000 0.00000000000 0.00000000000 0.00000000000 0.00000000000 0.00000000000 0.00000000000 0.00000000000 0.00000000000 0.00000000000 0.00000000000 0.00000000000 0.00000000000 0.00000000000 0.00000000000 0.00000000000 0.00000000000 0.00000000000 0.00000000000 0.00000000000 0.00000000000 0.00000000000 0.00000000000 0.00000000000 0.00000000000 0.00000000000 0.00000000000 0.00000000000 0.00000000000 0.00000000000 0.00000000000 0.00000000000 0.00000000000 0.00000000000 0.00000000000 0.00000000000 0.00000000000 0.00000000000 0.00000000000 0.00000000000 0.00000000000 0.00000000000
