# Number of parameters = 147 Objective function value = 69660.1  Maximum gradient component = 0.000987499
# srv_sel50:
1.53439869801
# srv_sel95:
2.60306224459
# stNatLen:
 11.4154599757 11.2625876166 11.0525341685 10.8610229749 10.6761678200 10.4735493453 10.2473973486 10.0071673225 9.76595704935 9.53395949679 9.31722081619 9.11856243690 8.93880156660 8.77764974926 8.63430068142 8.50775299483 8.39692660514 8.30084226118 8.21865270596 8.14954253261 8.09289022498 8.04819272887 8.01492836883 7.99283704880 7.98183297911
# log_avg_fmort_dir:
-1.64647456423
# fmort_dir_dev:
 -1.74075988125 -1.73340715455 -1.19529801844 -0.911488634013 -0.742853105642 -0.498267218035 -0.379417400332 -0.183991269669 -0.0670028345172 0.130492298647 0.191392922449 0.321778683570 0.417929869486 0.313313929760 0.533588578711 0.495173755128 0.524714468022 0.429184441863 0.407259738667 0.431827953354 0.520586376609 0.377210112713 0.458689264756 0.446980301843 0.393902875115 0.298818620314 0.252225859076 0.237462855735 0.277355682031 0.198362229238 0.176238335493 0.191205839800 0.120069410923 0.0780633834250 -0.0184906562401 0.0347417913440 0.132846622819 0.0663187555765 0.0135529965937 0.0866600919041 0.0623330068398 0.0374269988925 0.0334282856757 0.0609948351125 0.00259237492855 0.0586227661453 0.0158786488487 0.00208287499709 0.0950487345595 0.0216347866579 -0.164424035222 -0.216768248588 -0.298544970987 -0.199927631214 -0.115118947082 -0.200862994745 -0.132881656444 -0.148486700655
# mean_log_rec:
11.1454305356
# rec_dev:
 0.328638270643 0.302976142670 0.309476073427 0.315724685803 0.317974395831 0.325925758744 0.322816255246 0.315065130265 0.307668976843 0.290944601455 0.264304631769 0.234998105267 0.205221044549 0.156791097046 0.0925061024362 0.0418027559473 0.00210823755643 -0.0272298159050 -0.0393779701807 -0.0680923741655 -0.0887832424539 -0.107044721253 -0.143573152578 -0.168114029118 -0.169862258532 -0.182999531050 -0.201280670869 -0.217045330824 -0.228294515870 -0.219864458565 -0.208621723565 -0.195082581568 -0.172388338825 -0.157891164165 -0.155641223272 -0.142187382788 -0.134119918047 -0.121927865203 -0.122563132720 -0.118344556341 -0.114368842670 -0.128211087969 -0.142546979119 -0.118522547931 -0.0959268931754 -0.0913405701980 -0.0954761560532 -0.0918226364261 -0.0710685679123 -0.0465843957438 -0.0407652830290 -0.0252674887929 0.00509132960468 0.0292871936596 0.0574022973120 0.0788516493805 0.0733283298196 0.0733283416049
# log_avg_NatM:
-1.62753400000
# m_dev:
 0.00000000000 0.00000000000 0.00000000000 0.00000000000 0.00000000000 0.00000000000 0.00000000000 0.00000000000 0.00000000000 0.00000000000 0.00000000000 0.00000000000 0.00000000000 0.00000000000 0.00000000000 0.00000000000 0.00000000000 0.00000000000 0.00000000000 0.00000000000 0.00000000000 0.00000000000 0.00000000000 0.00000000000 0.00000000000 0.00000000000 0.00000000000 0.00000000000 0.00000000000 0.00000000000 0.00000000000 0.00000000000 0.00000000000 0.00000000000 0.00000000000 0.00000000000 0.00000000000 0.00000000000 0.00000000000 0.00000000000 0.00000000000 0.00000000000 0.00000000000 0.00000000000 0.00000000000 0.00000000000 0.00000000000 0.00000000000 0.00000000000 0.00000000000 0.00000000000 0.00000000000 0.00000000000 0.00000000000 0.00000000000 0.00000000000 0.00000000000 0.00000000000
# log_avg_GrowthK:
-1.62620400000
# log_avg_Linf:
4.74246200000
# GrowthK_dev:
 0.00000000000 0.00000000000 0.00000000000 0.00000000000 0.00000000000 0.00000000000 0.00000000000 0.00000000000 0.00000000000 0.00000000000 0.00000000000 0.00000000000 0.00000000000 0.00000000000 0.00000000000 0.00000000000 0.00000000000 0.00000000000 0.00000000000 0.00000000000 0.00000000000 0.00000000000 0.00000000000 0.00000000000 0.00000000000 0.00000000000 0.00000000000 0.00000000000 0.00000000000 0.00000000000 0.00000000000 0.00000000000 0.00000000000 0.00000000000 0.00000000000 0.00000000000 0.00000000000 0.00000000000 0.00000000000 0.00000000000 0.00000000000 0.00000000000 0.00000000000 0.00000000000 0.00000000000 0.00000000000 0.00000000000 0.00000000000 0.00000000000 0.00000000000 0.00000000000 0.00000000000 0.00000000000 0.00000000000 0.00000000000 0.00000000000 0.00000000000 0.00000000000
# Linf_dev:
 0.00000000000 0.00000000000 0.00000000000 0.00000000000 0.00000000000 0.00000000000 0.00000000000 0.00000000000 0.00000000000 0.00000000000 0.00000000000 0.00000000000 0.00000000000 0.00000000000 0.00000000000 0.00000000000 0.00000000000 0.00000000000 0.00000000000 0.00000000000 0.00000000000 0.00000000000 0.00000000000 0.00000000000 0.00000000000 0.00000000000 0.00000000000 0.00000000000 0.00000000000 0.00000000000 0.00000000000 0.00000000000 0.00000000000 0.00000000000 0.00000000000 0.00000000000 0.00000000000 0.00000000000 0.00000000000 0.00000000000 0.00000000000 0.00000000000 0.00000000000 0.00000000000 0.00000000000 0.00000000000 0.00000000000 0.00000000000 0.00000000000 0.00000000000 0.00000000000 0.00000000000 0.00000000000 0.00000000000 0.00000000000 0.00000000000 0.00000000000 0.00000000000
# SelPars50:
2.09628169524
# SelPars95:
3.76747585224
# SelPars_dev50:
 0.00000000000 0.00000000000 0.00000000000 0.00000000000 0.00000000000 0.00000000000 0.00000000000 0.00000000000 0.00000000000 0.00000000000 0.00000000000 0.00000000000 0.00000000000 0.00000000000 0.00000000000 0.00000000000 0.00000000000 0.00000000000 0.00000000000 0.00000000000 0.00000000000 0.00000000000 0.00000000000 0.00000000000 0.00000000000 0.00000000000 0.00000000000 0.00000000000 0.00000000000 0.00000000000 0.00000000000 0.00000000000 0.00000000000 0.00000000000 0.00000000000 0.00000000000 0.00000000000 0.00000000000 0.00000000000 0.00000000000 0.00000000000 0.00000000000 0.00000000000 0.00000000000 0.00000000000 0.00000000000 0.00000000000 0.00000000000 0.00000000000 0.00000000000 0.00000000000 0.00000000000 0.00000000000 0.00000000000 0.00000000000 0.00000000000 0.00000000000 0.00000000000
# SelPars_dev95:
 0.00000000000 0.00000000000 0.00000000000 0.00000000000 0.00000000000 0.00000000000 0.00000000000 0.00000000000 0.00000000000 0.00000000000 0.00000000000 0.00000000000 0.00000000000 0.00000000000 0.00000000000 0.00000000000 0.00000000000 0.00000000000 0.00000000000 0.00000000000 0.00000000000 0.00000000000 0.00000000000 0.00000000000 0.00000000000 0.00000000000 0.00000000000 0.00000000000 0.00000000000 0.00000000000 0.00000000000 0.00000000000 0.00000000000 0.00000000000 0.00000000000 0.00000000000 0.00000000000 0.00000000000 0.00000000000 0.00000000000 0.00000000000 0.00000000000 0.00000000000 0.00000000000 0.00000000000 0.00000000000 0.00000000000 0.00000000000 0.00000000000 0.00000000000 0.00000000000 0.00000000000 0.00000000000 0.00000000000 0.00000000000 0.00000000000 0.00000000000 0.00000000000
