# Number of parameters = 215 Objective function value = 73032.8  Maximum gradient component = 0.00364128
# srv_sel50:
1.45586317708
# srv_sel95:
2.38190193659
# stNatLen:
 11.6872697894 11.5364633201 11.3316054877 11.1399969616 10.9534885602 10.7504234151 10.5246245386 10.2842206406 10.0415761298 9.80684876850 9.58637453006 9.38333989825 9.19886995063 9.03291188427 8.88482002856 8.75369047140 8.63855259627 8.53848774159 8.45266719339 8.38037909613 8.32103007969 8.27411245316 8.23930752192 8.21629795395 8.20485385097
# log_avg_fmort_dir:
-1.59242333919
# fmort_dir_dev:
 -1.95835020412 -1.95979243934 -1.29446019806 -1.04572832812 -0.775916814126 -0.540104764314 -0.388977334016 -0.126165226967 0.00501680877878 0.110604269345 0.202526922794 0.300520001209 0.355437241716 0.351679005742 0.465658681333 0.562518300097 0.567159220347 0.517176220829 0.503608777305 0.533783816062 0.497699111024 0.464620306779 0.482293270402 0.323944617181 0.397764557629 0.288588361123 0.341158961729 0.208924229713 0.305597757127 0.146253695918 0.117739909900 0.0623440069635 0.0883850108988 0.0961318131639 -0.0110824564863 0.0285446437155 -0.0295795071680 -0.00215140357635 -0.0674361132718 -0.0833329637903 -0.0345627178475 0.00267023996853 0.0333469299716 0.0201503769675 0.0687310948468 -0.0897313110288 0.00199779120970 0.0621349708744 0.0525154624189 0.119330481944 -0.0538288890427 -0.227561951886 0.301544818383 -0.152426670787 -0.0964992144159 0.00354476628974 0.198620373318 0.233833067841 -0.451604779451 -0.174000083338 0.139193478305
# mean_log_rec:
11.0998338988
# rec_dev:
 0.528617918333 0.438813491233 0.383476041698 0.374485268697 0.360845210873 0.334303873062 0.292544289146 0.231417110114 0.166123222146 0.104869411758 0.0567372312458 0.0425739350306 0.0353825269622 0.00669954872839 -0.0626511598147 -0.146246412427 -0.203353424195 -0.236563502514 -0.255325915719 -0.272543729335 -0.285749418165 -0.279265236051 -0.261437480327 -0.265035471185 -0.268826425806 -0.268896960790 -0.269476664843 -0.277483239564 -0.249521868898 -0.210068320801 -0.212407750656 -0.218092827076 -0.221102760668 -0.168208340465 -0.0123530137252 0.112674990644 0.131308551824 0.117705897839 0.105124297320 0.0893342840456 0.0413582991862 -0.00251314195418 -0.0143274024469 0.0161257616660 0.0717287386943 0.121686398124 0.100669251914 0.0195725431829 -0.0169914037306 -0.00971842933303 0.0181154167485 0.0176156618801 0.0262162866342 0.0430230801176 0.0569672132286 0.0450119650713 0.0168824296392 0.0174429254358 0.0451653356157 0.0587709520205 0.0587709406333
# log_avg_NatM:
-1.58634960063
# m_dev:
 0.359536059587 0.391274800874 0.194787132751 -0.0387408942899 0.0294379613736 -0.0125654498312 0.0154642940702 0.0520392830658 0.0616062328024 0.0333603270836 -0.133810395812 -0.285123849537 -0.328100889268 -0.292843862274 -0.177324747273 -0.0484692809348 -0.232260987959 -0.400428542439 -0.423519646811 -0.337616514559 -0.455622150704 -0.517500718525 -0.378601500905 -0.228061133207 -0.271866544683 -0.210538353583 -0.0860517188031 -0.137462990171 -0.343911163790 -0.243504212836 0.0458372258571 -0.00925888082524 -0.0399886759397 -0.231911536952 -0.133292202417 0.0159428588135 0.189545423677 0.264874885044 0.264274673442 0.304799231231 0.416321348488 0.371013237104 0.263525127013 0.0758672833447 -0.0509758790385 0.00526477218519 0.242016080885 0.516233473832 0.260414880226 0.138758506423 0.0325903470400 0.256630704991 0.118234530938 0.120478167477 0.106833970737 0.191843187899 0.327262512451 0.0812039171152 -0.000899204938813 0.170114372481 0.132865118003
# log_avg_GrowthK:
-1.60943800000
# log_avg_Linf:
4.88280200000
# GrowthK_dev:
 0.00000000000 0.00000000000 0.00000000000 0.00000000000 0.00000000000 0.00000000000 0.00000000000 0.00000000000 0.00000000000 0.00000000000 0.00000000000 0.00000000000 0.00000000000 0.00000000000 0.00000000000 0.00000000000 0.00000000000 0.00000000000 0.00000000000 0.00000000000 0.00000000000 0.00000000000 0.00000000000 0.00000000000 0.00000000000 0.00000000000 0.00000000000 0.00000000000 0.00000000000 0.00000000000 0.00000000000 0.00000000000 0.00000000000 0.00000000000 0.00000000000 0.00000000000 0.00000000000 0.00000000000 0.00000000000 0.00000000000 0.00000000000 0.00000000000 0.00000000000 0.00000000000 0.00000000000 0.00000000000 0.00000000000 0.00000000000 0.00000000000 0.00000000000 0.00000000000 0.00000000000 0.00000000000 0.00000000000 0.00000000000 0.00000000000 0.00000000000 0.00000000000 0.00000000000 0.00000000000 0.00000000000
# Linf_dev:
 0.00000000000 0.00000000000 0.00000000000 0.00000000000 0.00000000000 0.00000000000 0.00000000000 0.00000000000 0.00000000000 0.00000000000 0.00000000000 0.00000000000 0.00000000000 0.00000000000 0.00000000000 0.00000000000 0.00000000000 0.00000000000 0.00000000000 0.00000000000 0.00000000000 0.00000000000 0.00000000000 0.00000000000 0.00000000000 0.00000000000 0.00000000000 0.00000000000 0.00000000000 0.00000000000 0.00000000000 0.00000000000 0.00000000000 0.00000000000 0.00000000000 0.00000000000 0.00000000000 0.00000000000 0.00000000000 0.00000000000 0.00000000000 0.00000000000 0.00000000000 0.00000000000 0.00000000000 0.00000000000 0.00000000000 0.00000000000 0.00000000000 0.00000000000 0.00000000000 0.00000000000 0.00000000000 0.00000000000 0.00000000000 0.00000000000 0.00000000000 0.00000000000 0.00000000000 0.00000000000 0.00000000000
# SelPars50:
2.04821682480
# SelPars95:
3.68849597494
# SelPars_dev50:
 0.00000000000 0.00000000000 0.00000000000 0.00000000000 0.00000000000 0.00000000000 0.00000000000 0.00000000000 0.00000000000 0.00000000000 0.00000000000 0.00000000000 0.00000000000 0.00000000000 0.00000000000 0.00000000000 0.00000000000 0.00000000000 0.00000000000 0.00000000000 0.00000000000 0.00000000000 0.00000000000 0.00000000000 0.00000000000 0.00000000000 0.00000000000 0.00000000000 0.00000000000 0.00000000000 0.00000000000 0.00000000000 0.00000000000 0.00000000000 0.00000000000 0.00000000000 0.00000000000 0.00000000000 0.00000000000 0.00000000000 0.00000000000 0.00000000000 0.00000000000 0.00000000000 0.00000000000 0.00000000000 0.00000000000 0.00000000000 0.00000000000 0.00000000000 0.00000000000 0.00000000000 0.00000000000 0.00000000000 0.00000000000 0.00000000000 0.00000000000 0.00000000000 0.00000000000 0.00000000000 0.00000000000
# SelPars_dev95:
 0.00000000000 0.00000000000 0.00000000000 0.00000000000 0.00000000000 0.00000000000 0.00000000000 0.00000000000 0.00000000000 0.00000000000 0.00000000000 0.00000000000 0.00000000000 0.00000000000 0.00000000000 0.00000000000 0.00000000000 0.00000000000 0.00000000000 0.00000000000 0.00000000000 0.00000000000 0.00000000000 0.00000000000 0.00000000000 0.00000000000 0.00000000000 0.00000000000 0.00000000000 0.00000000000 0.00000000000 0.00000000000 0.00000000000 0.00000000000 0.00000000000 0.00000000000 0.00000000000 0.00000000000 0.00000000000 0.00000000000 0.00000000000 0.00000000000 0.00000000000 0.00000000000 0.00000000000 0.00000000000 0.00000000000 0.00000000000 0.00000000000 0.00000000000 0.00000000000 0.00000000000 0.00000000000 0.00000000000 0.00000000000 0.00000000000 0.00000000000 0.00000000000 0.00000000000 0.00000000000 0.00000000000
