# Number of parameters = 145 Objective function value = 68322.4  Maximum gradient component = 0.000894264
# srv_sel50:
1.52913712992
# srv_sel95:
2.59112094523
# stNatLen:
 11.4709485284 11.2970122155 11.0514600686 10.8173657381 10.5962998234 10.3704780921 10.1310980359 9.88149999162 9.63059193562 9.38704708170 9.15698902949 8.94390116416 8.74931431777 8.57352388443 8.41614176837 8.27643315911 8.15355621515 8.04664170414 7.95488486517 7.87751150466 7.81389217404 7.76352783648 7.72602962605 7.70112458115 7.68873680615
# log_avg_fmort_dir:
-1.54095220257
# fmort_dir_dev:
 -0.607437651585 -0.596354107198 -0.411529652142 -0.332263589796 -0.216693635445 -0.0275288299690 0.155886332893 0.202858589741 0.271343826257 0.275592781161 0.309150994064 0.452076155405 0.413383659959 0.378826630820 0.346787550451 0.290530017597 0.324439465606 0.304755317142 0.245609096858 0.233888160078 0.240478390385 0.228354041207 0.168580991252 0.158757851550 0.0973119422464 0.0674090720993 0.0812241419901 0.0302410872711 0.0675932911190 -0.000774943477526 -0.0105038710984 -0.0760606025101 -0.0293682592077 -0.0400881690747 0.0216456754065 -0.0472183784623 -0.0490019452671 -0.130852976362 -0.203105051228 -0.0873441293743 -0.0249362671094 -0.108989633810 -0.112772137380 -0.0860473093643 -0.0646647108534 -0.0225428785999 -0.202436023489 -0.141692239640 -0.181323653151 -0.216648709546 -0.204690049821 -0.232938982190 -0.237492396124 -0.152535527293 -0.135470047650 -0.264978569182 -0.110440135158
# mean_log_rec:
11.1186257390
# rec_dev:
 0.390477342621 0.365775945783 0.369586394037 0.366367957626 0.351756135268 0.336054032595 0.304404631257 0.273620998610 0.240466953906 0.209999440587 0.149412826656 0.0729792389019 0.0134382034434 -0.0364383684282 -0.0711754565431 -0.0800868772918 -0.102343695117 -0.121244506371 -0.136967749403 -0.158269307874 -0.172060686190 -0.185595990839 -0.197352801411 -0.189051296206 -0.164474779306 -0.158754556443 -0.148948769755 -0.136334626184 -0.138346580835 -0.122434447050 -0.105186949320 -0.0926062621260 -0.0941502065838 -0.0962009718704 -0.103752770540 -0.110353991200 -0.108973373179 -0.101006988090 -0.0946369836220 -0.0807085089687 -0.0537024807520 -0.0368439871967 -0.0457555785110 -0.0686159665849 -0.0727489731942 -0.0619560429120 -0.0408696279003 -0.0324299187721 -0.0313184094176 -0.0313474048954 -0.0181559506296 0.0109911471382 0.0324195102156 0.0556920380243 0.0847778979563 0.0864905680255 0.0864905788604
# log_avg_NatM:
-1.60943800000
# m_dev:
 0.00000000000 0.00000000000 0.00000000000 0.00000000000 0.00000000000 0.00000000000 0.00000000000 0.00000000000 0.00000000000 0.00000000000 0.00000000000 0.00000000000 0.00000000000 0.00000000000 0.00000000000 0.00000000000 0.00000000000 0.00000000000 0.00000000000 0.00000000000 0.00000000000 0.00000000000 0.00000000000 0.00000000000 0.00000000000 0.00000000000 0.00000000000 0.00000000000 0.00000000000 0.00000000000 0.00000000000 0.00000000000 0.00000000000 0.00000000000 0.00000000000 0.00000000000 0.00000000000 0.00000000000 0.00000000000 0.00000000000 0.00000000000 0.00000000000 0.00000000000 0.00000000000 0.00000000000 0.00000000000 0.00000000000 0.00000000000 0.00000000000 0.00000000000 0.00000000000 0.00000000000 0.00000000000 0.00000000000 0.00000000000 0.00000000000 0.00000000000
# log_avg_GrowthK:
-1.60943800000
# log_avg_Linf:
4.88280200000
# GrowthK_dev:
 0.00000000000 0.00000000000 0.00000000000 0.00000000000 0.00000000000 0.00000000000 0.00000000000 0.00000000000 0.00000000000 0.00000000000 0.00000000000 0.00000000000 0.00000000000 0.00000000000 0.00000000000 0.00000000000 0.00000000000 0.00000000000 0.00000000000 0.00000000000 0.00000000000 0.00000000000 0.00000000000 0.00000000000 0.00000000000 0.00000000000 0.00000000000 0.00000000000 0.00000000000 0.00000000000 0.00000000000 0.00000000000 0.00000000000 0.00000000000 0.00000000000 0.00000000000 0.00000000000 0.00000000000 0.00000000000 0.00000000000 0.00000000000 0.00000000000 0.00000000000 0.00000000000 0.00000000000 0.00000000000 0.00000000000 0.00000000000 0.00000000000 0.00000000000 0.00000000000 0.00000000000 0.00000000000 0.00000000000 0.00000000000 0.00000000000 0.00000000000
# Linf_dev:
 0.00000000000 0.00000000000 0.00000000000 0.00000000000 0.00000000000 0.00000000000 0.00000000000 0.00000000000 0.00000000000 0.00000000000 0.00000000000 0.00000000000 0.00000000000 0.00000000000 0.00000000000 0.00000000000 0.00000000000 0.00000000000 0.00000000000 0.00000000000 0.00000000000 0.00000000000 0.00000000000 0.00000000000 0.00000000000 0.00000000000 0.00000000000 0.00000000000 0.00000000000 0.00000000000 0.00000000000 0.00000000000 0.00000000000 0.00000000000 0.00000000000 0.00000000000 0.00000000000 0.00000000000 0.00000000000 0.00000000000 0.00000000000 0.00000000000 0.00000000000 0.00000000000 0.00000000000 0.00000000000 0.00000000000 0.00000000000 0.00000000000 0.00000000000 0.00000000000 0.00000000000 0.00000000000 0.00000000000 0.00000000000 0.00000000000 0.00000000000
# SelPars50:
2.05950212020
# SelPars95:
3.66813451754
# SelPars_dev50:
 0.00000000000 0.00000000000 0.00000000000 0.00000000000 0.00000000000 0.00000000000 0.00000000000 0.00000000000 0.00000000000 0.00000000000 0.00000000000 0.00000000000 0.00000000000 0.00000000000 0.00000000000 0.00000000000 0.00000000000 0.00000000000 0.00000000000 0.00000000000 0.00000000000 0.00000000000 0.00000000000 0.00000000000 0.00000000000 0.00000000000 0.00000000000 0.00000000000 0.00000000000 0.00000000000 0.00000000000 0.00000000000 0.00000000000 0.00000000000 0.00000000000 0.00000000000 0.00000000000 0.00000000000 0.00000000000 0.00000000000 0.00000000000 0.00000000000 0.00000000000 0.00000000000 0.00000000000 0.00000000000 0.00000000000 0.00000000000 0.00000000000 0.00000000000 0.00000000000 0.00000000000 0.00000000000 0.00000000000 0.00000000000 0.00000000000 0.00000000000
# SelPars_dev95:
 0.00000000000 0.00000000000 0.00000000000 0.00000000000 0.00000000000 0.00000000000 0.00000000000 0.00000000000 0.00000000000 0.00000000000 0.00000000000 0.00000000000 0.00000000000 0.00000000000 0.00000000000 0.00000000000 0.00000000000 0.00000000000 0.00000000000 0.00000000000 0.00000000000 0.00000000000 0.00000000000 0.00000000000 0.00000000000 0.00000000000 0.00000000000 0.00000000000 0.00000000000 0.00000000000 0.00000000000 0.00000000000 0.00000000000 0.00000000000 0.00000000000 0.00000000000 0.00000000000 0.00000000000 0.00000000000 0.00000000000 0.00000000000 0.00000000000 0.00000000000 0.00000000000 0.00000000000 0.00000000000 0.00000000000 0.00000000000 0.00000000000 0.00000000000 0.00000000000 0.00000000000 0.00000000000 0.00000000000 0.00000000000 0.00000000000 0.00000000000
