# Number of parameters = 141 Objective function value = 65907.9  Maximum gradient component = 0.00763936
# srv_sel50:
1.54233198793
# srv_sel95:
2.62742644998
# stNatLen:
 11.4549211924 11.2736241600 11.0188764793 10.7823494734 10.5636054435 10.3417531802 10.1057894414 9.85794017077 9.60694385453 9.36183544399 9.12923583545 8.91305987159 8.71515727183 8.53603752146 8.37544519405 8.23273560470 8.10708483668 7.99764749853 7.90362338958 7.82431464101 7.75907753510 7.70732565663 7.66860893370 7.64281428947 7.62994824061
# log_avg_fmort_dir:
-1.54593269500
# fmort_dir_dev:
 -0.672566572336 -0.563917498222 -0.453172011401 -0.274971311860 -0.133015411973 -0.0815323380048 0.100347640999 0.247617928620 0.308899291878 0.311411773290 0.314640460588 0.353844214157 0.354809215489 0.387581335662 0.341423165935 0.358840539865 0.296426632022 0.245340102196 0.291298424607 0.218158011761 0.271529849240 0.170656552471 0.0938420598921 0.168834852908 0.148013621573 0.156259524706 0.105182520175 0.0546433036848 0.0559706078505 0.0294076053639 0.0599274806624 -0.0338923221512 0.0535445220461 -0.0534440462289 -0.00151469885644 -0.0306358817931 0.0423946373806 -0.0267729392434 0.0347918444639 -0.0545374994638 -0.129125271329 -0.0571220714383 0.00903861281248 0.00883271828096 -0.00911154237373 -0.0294114766566 -0.446791635619 -0.301216009412 -0.453059089674 -0.384456876637 -0.268492735870 -0.391265772174 -0.274746813127 -0.285179290896 -0.183557933840
# mean_log_rec:
11.1159611817
# rec_dev:
 0.364368388042 0.332088578800 0.332765955940 0.333108883652 0.323239834552 0.297283584484 0.257852737729 0.215856700146 0.189298304374 0.146789285614 0.0976219416423 0.0548642833088 0.00480879698116 -0.0219508609342 -0.0551103235449 -0.0911941678703 -0.108346264130 -0.116803898068 -0.133347922616 -0.170226578925 -0.172224789826 -0.163289976611 -0.164681171558 -0.158203752558 -0.164076298270 -0.155953424132 -0.137295917736 -0.129506972486 -0.131051808621 -0.148862731075 -0.155025247754 -0.145608194766 -0.120759654542 -0.105894393554 -0.112374397885 -0.111353703465 -0.112215879496 -0.104431803672 -0.0767735821073 -0.0566917550139 -0.0633960083685 -0.0766202230079 -0.0758773940457 -0.0750317459692 -0.0649705394688 -0.0464306372128 -0.0303763367307 0.00785166930983 0.0443682356395 0.0687826475572 0.0949793196783 0.130676715762 0.154248444035 0.152552022479 0.152552026295
# log_avg_NatM:
-1.60943800000
# m_dev:
 0.00000000000 0.00000000000 0.00000000000 0.00000000000 0.00000000000 0.00000000000 0.00000000000 0.00000000000 0.00000000000 0.00000000000 0.00000000000 0.00000000000 0.00000000000 0.00000000000 0.00000000000 0.00000000000 0.00000000000 0.00000000000 0.00000000000 0.00000000000 0.00000000000 0.00000000000 0.00000000000 0.00000000000 0.00000000000 0.00000000000 0.00000000000 0.00000000000 0.00000000000 0.00000000000 0.00000000000 0.00000000000 0.00000000000 0.00000000000 0.00000000000 0.00000000000 0.00000000000 0.00000000000 0.00000000000 0.00000000000 0.00000000000 0.00000000000 0.00000000000 0.00000000000 0.00000000000 0.00000000000 0.00000000000 0.00000000000 0.00000000000 0.00000000000 0.00000000000 0.00000000000 0.00000000000 0.00000000000 0.00000000000
# log_avg_GrowthK:
-1.60943800000
# log_avg_Linf:
4.88280200000
# GrowthK_dev:
 0.00000000000 0.00000000000 0.00000000000 0.00000000000 0.00000000000 0.00000000000 0.00000000000 0.00000000000 0.00000000000 0.00000000000 0.00000000000 0.00000000000 0.00000000000 0.00000000000 0.00000000000 0.00000000000 0.00000000000 0.00000000000 0.00000000000 0.00000000000 0.00000000000 0.00000000000 0.00000000000 0.00000000000 0.00000000000 0.00000000000 0.00000000000 0.00000000000 0.00000000000 0.00000000000 0.00000000000 0.00000000000 0.00000000000 0.00000000000 0.00000000000 0.00000000000 0.00000000000 0.00000000000 0.00000000000 0.00000000000 0.00000000000 0.00000000000 0.00000000000 0.00000000000 0.00000000000 0.00000000000 0.00000000000 0.00000000000 0.00000000000 0.00000000000 0.00000000000 0.00000000000 0.00000000000 0.00000000000 0.00000000000
# Linf_dev:
 0.00000000000 0.00000000000 0.00000000000 0.00000000000 0.00000000000 0.00000000000 0.00000000000 0.00000000000 0.00000000000 0.00000000000 0.00000000000 0.00000000000 0.00000000000 0.00000000000 0.00000000000 0.00000000000 0.00000000000 0.00000000000 0.00000000000 0.00000000000 0.00000000000 0.00000000000 0.00000000000 0.00000000000 0.00000000000 0.00000000000 0.00000000000 0.00000000000 0.00000000000 0.00000000000 0.00000000000 0.00000000000 0.00000000000 0.00000000000 0.00000000000 0.00000000000 0.00000000000 0.00000000000 0.00000000000 0.00000000000 0.00000000000 0.00000000000 0.00000000000 0.00000000000 0.00000000000 0.00000000000 0.00000000000 0.00000000000 0.00000000000 0.00000000000 0.00000000000 0.00000000000 0.00000000000 0.00000000000 0.00000000000
# SelPars50:
2.08918125667
# SelPars95:
3.74357480512
# SelPars_dev50:
 0.00000000000 0.00000000000 0.00000000000 0.00000000000 0.00000000000 0.00000000000 0.00000000000 0.00000000000 0.00000000000 0.00000000000 0.00000000000 0.00000000000 0.00000000000 0.00000000000 0.00000000000 0.00000000000 0.00000000000 0.00000000000 0.00000000000 0.00000000000 0.00000000000 0.00000000000 0.00000000000 0.00000000000 0.00000000000 0.00000000000 0.00000000000 0.00000000000 0.00000000000 0.00000000000 0.00000000000 0.00000000000 0.00000000000 0.00000000000 0.00000000000 0.00000000000 0.00000000000 0.00000000000 0.00000000000 0.00000000000 0.00000000000 0.00000000000 0.00000000000 0.00000000000 0.00000000000 0.00000000000 0.00000000000 0.00000000000 0.00000000000 0.00000000000 0.00000000000 0.00000000000 0.00000000000 0.00000000000 0.00000000000
# SelPars_dev95:
 0.00000000000 0.00000000000 0.00000000000 0.00000000000 0.00000000000 0.00000000000 0.00000000000 0.00000000000 0.00000000000 0.00000000000 0.00000000000 0.00000000000 0.00000000000 0.00000000000 0.00000000000 0.00000000000 0.00000000000 0.00000000000 0.00000000000 0.00000000000 0.00000000000 0.00000000000 0.00000000000 0.00000000000 0.00000000000 0.00000000000 0.00000000000 0.00000000000 0.00000000000 0.00000000000 0.00000000000 0.00000000000 0.00000000000 0.00000000000 0.00000000000 0.00000000000 0.00000000000 0.00000000000 0.00000000000 0.00000000000 0.00000000000 0.00000000000 0.00000000000 0.00000000000 0.00000000000 0.00000000000 0.00000000000 0.00000000000 0.00000000000 0.00000000000 0.00000000000 0.00000000000 0.00000000000 0.00000000000 0.00000000000
