# Number of parameters = 163 Objective function value = 79118.6472639387  Maximum gradient component = 0.000736545758446159
# srv_sel50:
1.63581314620
# srv_sel95:
2.88315891383
# stNatLen:
 11.8410584773 11.6637494926 11.4049345769 11.1836487324 11.0053593820 10.8338605799 10.6356043798 10.3982764058 10.1297246659 9.84663574811 9.56488887564 9.29565379651 9.04538328970 8.81710851621 8.61174903864 8.42906319974 8.26823493220 8.12825150770 8.00805532069 7.90670834539 7.82337432746 7.75737210035 7.70825029577 7.67568212460 7.65945294324
# log_avg_fmort_dir:
-1.59838494839
# fmort_dir_dev:
 -2.06585700597 -2.00597797651 -1.49693881538 -1.11156321782 -0.873233304700 -0.617459147018 -0.486789327231 -0.288106663175 -0.113185882559 -0.0238645605906 0.0845126107010 0.168779814879 0.350637742990 0.347598102116 0.454798527080 0.378826923156 0.343164390406 0.448569566665 0.391523111037 0.310773418227 0.268571192703 0.196830925101 0.232307613824 0.160824830896 0.163863111362 0.0827684303550 0.216434300367 0.130558333304 0.0943765935754 0.120974745438 -0.0300847022861 0.0356135984031 0.0882986634968 0.0978341312588 0.115333825857 0.0261477822975 0.105635020141 0.0250767654600 -0.0182909156012 -0.0680707783699 0.0618208893534 0.0765883677115 -0.0222914067376 0.0974911829993 0.0123808096043 0.118072628661 0.0418565807110 0.0229377921221 0.0692913842637 0.00417174335033 0.561600063677 0.531897954864 0.629387096341 0.476430664617 0.183940172107 -0.133501023185 0.0162527549863 0.166842817996 0.00710266342473 0.358546591582 0.283004093689 0.0432883463636 0.190779168343 -0.166059800906 0.273575112771 -0.146618422595
# mean_log_rec:
11.3357613604
# rec_dev:
 0.562109778482 0.533640415256 0.523392459628 0.519485752753 0.513305470176 0.498426115540 0.485944833044 0.460161459649 0.432934757612 0.408578878907 0.377455116590 0.339076903112 0.309222016564 0.260369318956 0.187960198520 0.141836868950 0.103614085239 0.0657755417374 0.0335664488101 0.0187335646420 -0.0228754843762 -0.0466698210240 -0.0681574092021 -0.0873128874481 -0.0762332839219 -0.0765263480731 -0.0938670121296 -0.107457819119 -0.121393496266 -0.146510207299 -0.167312793912 -0.210189721397 -0.279984282635 -0.318289209654 -0.253000353918 -0.205690295502 -0.203012152877 -0.202376774277 -0.189879528903 -0.163020515210 -0.131298543814 -0.103411876014 -0.0955919958882 -0.100056364306 -0.0906827587575 -0.0868003955425 -0.0899571220471 -0.122782057711 -0.150477375447 -0.161871130072 -0.165632208312 -0.179275699909 -0.203906851066 -0.249616852146 -0.271690586529 -0.251565772729 -0.230616865647 -0.205330315237 -0.174860486751 -0.157329545118 -0.152834456580 -0.144856422861 -0.0918479144128 -0.0400322020425 -0.0417523862762 -0.0417524018080
# log_avg_NatM:
-1.47890400000
# m_dev:
 0.00000000000 0.00000000000 0.00000000000 0.00000000000 0.00000000000 0.00000000000 0.00000000000 0.00000000000 0.00000000000 0.00000000000 0.00000000000 0.00000000000 0.00000000000 0.00000000000 0.00000000000 0.00000000000 0.00000000000 0.00000000000 0.00000000000 0.00000000000 0.00000000000 0.00000000000 0.00000000000 0.00000000000 0.00000000000 0.00000000000 0.00000000000 0.00000000000 0.00000000000 0.00000000000 0.00000000000 0.00000000000 0.00000000000 0.00000000000 0.00000000000 0.00000000000 0.00000000000 0.00000000000 0.00000000000 0.00000000000 0.00000000000 0.00000000000 0.00000000000 0.00000000000 0.00000000000 0.00000000000 0.00000000000 0.00000000000 0.00000000000 0.00000000000 0.00000000000 0.00000000000 0.00000000000 0.00000000000 0.00000000000 0.00000000000 0.00000000000 0.00000000000 0.00000000000 0.00000000000 0.00000000000 0.00000000000 0.00000000000 0.00000000000 0.00000000000 0.00000000000
# log_avg_GrowthK:
-1.60943800000
# log_avg_Linf:
4.88280200000
# GrowthK_dev:
 0.00000000000 0.00000000000 0.00000000000 0.00000000000 0.00000000000 0.00000000000 0.00000000000 0.00000000000 0.00000000000 0.00000000000 0.00000000000 0.00000000000 0.00000000000 0.00000000000 0.00000000000 0.00000000000 0.00000000000 0.00000000000 0.00000000000 0.00000000000 0.00000000000 0.00000000000 0.00000000000 0.00000000000 0.00000000000 0.00000000000 0.00000000000 0.00000000000 0.00000000000 0.00000000000 0.00000000000 0.00000000000 0.00000000000 0.00000000000 0.00000000000 0.00000000000 0.00000000000 0.00000000000 0.00000000000 0.00000000000 0.00000000000 0.00000000000 0.00000000000 0.00000000000 0.00000000000 0.00000000000 0.00000000000 0.00000000000 0.00000000000 0.00000000000 0.00000000000 0.00000000000 0.00000000000 0.00000000000 0.00000000000 0.00000000000 0.00000000000 0.00000000000 0.00000000000 0.00000000000 0.00000000000 0.00000000000 0.00000000000 0.00000000000 0.00000000000 0.00000000000
# Linf_dev:
 0.00000000000 0.00000000000 0.00000000000 0.00000000000 0.00000000000 0.00000000000 0.00000000000 0.00000000000 0.00000000000 0.00000000000 0.00000000000 0.00000000000 0.00000000000 0.00000000000 0.00000000000 0.00000000000 0.00000000000 0.00000000000 0.00000000000 0.00000000000 0.00000000000 0.00000000000 0.00000000000 0.00000000000 0.00000000000 0.00000000000 0.00000000000 0.00000000000 0.00000000000 0.00000000000 0.00000000000 0.00000000000 0.00000000000 0.00000000000 0.00000000000 0.00000000000 0.00000000000 0.00000000000 0.00000000000 0.00000000000 0.00000000000 0.00000000000 0.00000000000 0.00000000000 0.00000000000 0.00000000000 0.00000000000 0.00000000000 0.00000000000 0.00000000000 0.00000000000 0.00000000000 0.00000000000 0.00000000000 0.00000000000 0.00000000000 0.00000000000 0.00000000000 0.00000000000 0.00000000000 0.00000000000 0.00000000000 0.00000000000 0.00000000000 0.00000000000 0.00000000000
# SelPars50:
2.23343620604
# SelPars95:
4.07748437771
# SelPars_dev50:
 0.00000000000 0.00000000000 0.00000000000 0.00000000000 0.00000000000 0.00000000000 0.00000000000 0.00000000000 0.00000000000 0.00000000000 0.00000000000 0.00000000000 0.00000000000 0.00000000000 0.00000000000 0.00000000000 0.00000000000 0.00000000000 0.00000000000 0.00000000000 0.00000000000 0.00000000000 0.00000000000 0.00000000000 0.00000000000 0.00000000000 0.00000000000 0.00000000000 0.00000000000 0.00000000000 0.00000000000 0.00000000000 0.00000000000 0.00000000000 0.00000000000 0.00000000000 0.00000000000 0.00000000000 0.00000000000 0.00000000000 0.00000000000 0.00000000000 0.00000000000 0.00000000000 0.00000000000 0.00000000000 0.00000000000 0.00000000000 0.00000000000 0.00000000000 0.00000000000 0.00000000000 0.00000000000 0.00000000000 0.00000000000 0.00000000000 0.00000000000 0.00000000000 0.00000000000 0.00000000000 0.00000000000 0.00000000000 0.00000000000 0.00000000000 0.00000000000 0.00000000000
# SelPars_dev95:
 0.00000000000 0.00000000000 0.00000000000 0.00000000000 0.00000000000 0.00000000000 0.00000000000 0.00000000000 0.00000000000 0.00000000000 0.00000000000 0.00000000000 0.00000000000 0.00000000000 0.00000000000 0.00000000000 0.00000000000 0.00000000000 0.00000000000 0.00000000000 0.00000000000 0.00000000000 0.00000000000 0.00000000000 0.00000000000 0.00000000000 0.00000000000 0.00000000000 0.00000000000 0.00000000000 0.00000000000 0.00000000000 0.00000000000 0.00000000000 0.00000000000 0.00000000000 0.00000000000 0.00000000000 0.00000000000 0.00000000000 0.00000000000 0.00000000000 0.00000000000 0.00000000000 0.00000000000 0.00000000000 0.00000000000 0.00000000000 0.00000000000 0.00000000000 0.00000000000 0.00000000000 0.00000000000 0.00000000000 0.00000000000 0.00000000000 0.00000000000 0.00000000000 0.00000000000 0.00000000000 0.00000000000 0.00000000000 0.00000000000 0.00000000000 0.00000000000 0.00000000000
