# Number of parameters = 163 Objective function value = 79441.2  Maximum gradient component = 0.000311368
# srv_sel50:
1.56133199177
# srv_sel95:
2.68542622112
# stNatLen:
 11.3979509189 11.2413366988 11.0221662695 10.8250466891 10.6396106102 10.4394656446 10.2159818264 9.97667261257 9.73409097826 9.49876811941 9.27735735908 9.07325048890 8.88768625248 8.72068767649 8.57166681753 8.43976479348 8.32408164722 8.22373030294 8.13787268556 8.06573092411 8.00667260887 7.96014873249 7.92573310079 7.90302449426 7.89172056536
# log_avg_fmort_dir:
-1.65787409622
# fmort_dir_dev:
 -1.80941415908 -1.80576928602 -1.26299902804 -0.907307114280 -0.613772264253 -0.497206824481 -0.316892935959 -0.114462581523 -0.0199124520160 0.185181166420 0.118139731850 0.256413838083 0.354077517130 0.446726566667 0.537290593615 0.530619626019 0.634592697947 0.500173556472 0.425880842486 0.447701402558 0.463607937335 0.409610050140 0.465171710879 0.403782225233 0.413109483956 0.324157232051 0.318993360757 0.309473425437 0.241188469251 0.287485150372 0.310579777592 0.201218827909 0.161732790141 0.180577811199 0.190407061349 0.0365013522025 0.101727964955 0.0663787825437 0.0501116572135 -0.0724892739063 0.0727258805663 0.131348229126 0.104724114243 0.0983655086512 0.0522651879493 0.117983947487 0.0932470117117 0.0914203575323 0.0655026365612 0.120328028493 -0.172539247164 -0.227171242396 -0.205284229184 -0.206765059039 -0.219613920895 -0.266674198588 -0.173119508079 -0.118251933000 -0.0890440267691 -0.211487404921 -0.122219011829 -0.258933971590 -0.165952587001 -0.187910478195 -0.172524432429 -0.102806341451
# mean_log_rec:
11.1549292517
# rec_dev:
 0.321321701539 0.304863396838 0.317541519348 0.326301271719 0.332083470892 0.340191860042 0.338635147533 0.324773450583 0.298009780618 0.285387021302 0.265747635506 0.238507046939 0.210890335350 0.166295195095 0.112497213001 0.0386633814132 -0.0223037192733 -0.0690168880911 -0.0975263247192 -0.106072817899 -0.108313470454 -0.131993712556 -0.158133435499 -0.167821752418 -0.171244664009 -0.198385166329 -0.216479540838 -0.223311771038 -0.221491592243 -0.229057520888 -0.228934840300 -0.216035549875 -0.212262536552 -0.213367287055 -0.204992575451 -0.197075232290 -0.177627052208 -0.158248895208 -0.142141515411 -0.133542282099 -0.127182672780 -0.130097624747 -0.125271618774 -0.105413669503 -0.103111937055 -0.112388088324 -0.119620549803 -0.112612815793 -0.103120845215 -0.105840941091 -0.100557205149 -0.0710465803804 -0.0356486866710 -0.0119004427008 -0.000341668961617 0.0174769753820 0.0419065914993 0.0551759904679 0.0688764622495 0.0854198664177 0.100744190938 0.127364833084 0.155638112663 0.172101624344 0.161560717737 0.161560697151
# log_avg_NatM:
-1.60943800000
# m_dev:
 0.00000000000 0.00000000000 0.00000000000 0.00000000000 0.00000000000 0.00000000000 0.00000000000 0.00000000000 0.00000000000 0.00000000000 0.00000000000 0.00000000000 0.00000000000 0.00000000000 0.00000000000 0.00000000000 0.00000000000 0.00000000000 0.00000000000 0.00000000000 0.00000000000 0.00000000000 0.00000000000 0.00000000000 0.00000000000 0.00000000000 0.00000000000 0.00000000000 0.00000000000 0.00000000000 0.00000000000 0.00000000000 0.00000000000 0.00000000000 0.00000000000 0.00000000000 0.00000000000 0.00000000000 0.00000000000 0.00000000000 0.00000000000 0.00000000000 0.00000000000 0.00000000000 0.00000000000 0.00000000000 0.00000000000 0.00000000000 0.00000000000 0.00000000000 0.00000000000 0.00000000000 0.00000000000 0.00000000000 0.00000000000 0.00000000000 0.00000000000 0.00000000000 0.00000000000 0.00000000000 0.00000000000 0.00000000000 0.00000000000 0.00000000000 0.00000000000 0.00000000000
# log_avg_GrowthK:
-1.60943800000
# log_avg_Linf:
4.88280200000
# GrowthK_dev:
 0.00000000000 0.00000000000 0.00000000000 0.00000000000 0.00000000000 0.00000000000 0.00000000000 0.00000000000 0.00000000000 0.00000000000 0.00000000000 0.00000000000 0.00000000000 0.00000000000 0.00000000000 0.00000000000 0.00000000000 0.00000000000 0.00000000000 0.00000000000 0.00000000000 0.00000000000 0.00000000000 0.00000000000 0.00000000000 0.00000000000 0.00000000000 0.00000000000 0.00000000000 0.00000000000 0.00000000000 0.00000000000 0.00000000000 0.00000000000 0.00000000000 0.00000000000 0.00000000000 0.00000000000 0.00000000000 0.00000000000 0.00000000000 0.00000000000 0.00000000000 0.00000000000 0.00000000000 0.00000000000 0.00000000000 0.00000000000 0.00000000000 0.00000000000 0.00000000000 0.00000000000 0.00000000000 0.00000000000 0.00000000000 0.00000000000 0.00000000000 0.00000000000 0.00000000000 0.00000000000 0.00000000000 0.00000000000 0.00000000000 0.00000000000 0.00000000000 0.00000000000
# Linf_dev:
 0.00000000000 0.00000000000 0.00000000000 0.00000000000 0.00000000000 0.00000000000 0.00000000000 0.00000000000 0.00000000000 0.00000000000 0.00000000000 0.00000000000 0.00000000000 0.00000000000 0.00000000000 0.00000000000 0.00000000000 0.00000000000 0.00000000000 0.00000000000 0.00000000000 0.00000000000 0.00000000000 0.00000000000 0.00000000000 0.00000000000 0.00000000000 0.00000000000 0.00000000000 0.00000000000 0.00000000000 0.00000000000 0.00000000000 0.00000000000 0.00000000000 0.00000000000 0.00000000000 0.00000000000 0.00000000000 0.00000000000 0.00000000000 0.00000000000 0.00000000000 0.00000000000 0.00000000000 0.00000000000 0.00000000000 0.00000000000 0.00000000000 0.00000000000 0.00000000000 0.00000000000 0.00000000000 0.00000000000 0.00000000000 0.00000000000 0.00000000000 0.00000000000 0.00000000000 0.00000000000 0.00000000000 0.00000000000 0.00000000000 0.00000000000 0.00000000000 0.00000000000
# SelPars50:
2.11939352898
# SelPars95:
3.81849739727
# SelPars_dev50:
 0.00000000000 0.00000000000 0.00000000000 0.00000000000 0.00000000000 0.00000000000 0.00000000000 0.00000000000 0.00000000000 0.00000000000 0.00000000000 0.00000000000 0.00000000000 0.00000000000 0.00000000000 0.00000000000 0.00000000000 0.00000000000 0.00000000000 0.00000000000 0.00000000000 0.00000000000 0.00000000000 0.00000000000 0.00000000000 0.00000000000 0.00000000000 0.00000000000 0.00000000000 0.00000000000 0.00000000000 0.00000000000 0.00000000000 0.00000000000 0.00000000000 0.00000000000 0.00000000000 0.00000000000 0.00000000000 0.00000000000 0.00000000000 0.00000000000 0.00000000000 0.00000000000 0.00000000000 0.00000000000 0.00000000000 0.00000000000 0.00000000000 0.00000000000 0.00000000000 0.00000000000 0.00000000000 0.00000000000 0.00000000000 0.00000000000 0.00000000000 0.00000000000 0.00000000000 0.00000000000 0.00000000000 0.00000000000 0.00000000000 0.00000000000 0.00000000000 0.00000000000
# SelPars_dev95:
 0.00000000000 0.00000000000 0.00000000000 0.00000000000 0.00000000000 0.00000000000 0.00000000000 0.00000000000 0.00000000000 0.00000000000 0.00000000000 0.00000000000 0.00000000000 0.00000000000 0.00000000000 0.00000000000 0.00000000000 0.00000000000 0.00000000000 0.00000000000 0.00000000000 0.00000000000 0.00000000000 0.00000000000 0.00000000000 0.00000000000 0.00000000000 0.00000000000 0.00000000000 0.00000000000 0.00000000000 0.00000000000 0.00000000000 0.00000000000 0.00000000000 0.00000000000 0.00000000000 0.00000000000 0.00000000000 0.00000000000 0.00000000000 0.00000000000 0.00000000000 0.00000000000 0.00000000000 0.00000000000 0.00000000000 0.00000000000 0.00000000000 0.00000000000 0.00000000000 0.00000000000 0.00000000000 0.00000000000 0.00000000000 0.00000000000 0.00000000000 0.00000000000 0.00000000000 0.00000000000 0.00000000000 0.00000000000 0.00000000000 0.00000000000 0.00000000000 0.00000000000
