#Simulated generalized assessment 
# 
#start/end year 
5 57 
#number of ages 
25 
#ages 
1 2 3 4 5 6 7 8 9 10 11 12 13 14 15 16 17 18 19 20 21 22 23 24 25 
#Number of length bins 
25 
#CPUE years 
53 
#years for CPUE 
5 6 7 8 9 10 11 12 13 14 15 16 17 18 19 20 21 22 23 24 25 26 27 28 29 30 31 32 33 34 35 36 37 38 39 40 41 42 43 44 45 46 47 48 49 50 51 52 53 54 55 56 57 
#survey years 
53 
#years for survey 
5 6 7 8 9 10 11 12 13 14 15 16 17 18 19 20 21 22 23 24 25 26 27 28 29 30 31 32 33 34 35 36 37 38 39 40 41 42 43 44 45 46 47 48 49 50 51 52 53 54 55 56 57 
#length freq from catch years 
53 
#years for length freq catch 
5 6 7 8 9 10 11 12 13 14 15 16 17 18 19 20 21 22 23 24 25 26 27 28 29 30 31 32 33 34 35 36 37 38 39 40 41 42 43 44 45 46 47 48 49 50 51 52 53 54 55 56 57 
#catch length sample sizes 
200 200 200 200 200 200 200 200 200 200 200 200 200 200 200 200 200 200 200 200 200 200 200 200 200 200 200 200 200 200 200 200 200 200 200 200 200 200 200 200 200 200 200 200 200 200 200 200 200 200 200 200 200 
#length freq from survey years 
53 
#years for length freq survey 
5 6 7 8 9 10 11 12 13 14 15 16 17 18 19 20 21 22 23 24 25 26 27 28 29 30 31 32 33 34 35 36 37 38 39 40 41 42 43 44 45 46 47 48 49 50 51 52 53 54 55 56 57 
#survey sample sizes 
200 200 200 200 200 200 200 200 200 200 200 200 200 200 200 200 200 200 200 200 200 200 200 200 200 200 200 200 200 200 200 200 200 200 200 200 200 200 200 200 200 200 200 200 200 200 200 200 200 200 200 200 200 
#total survey biomass 
2825703 1933308 2508436 2115905 1540293 1976700 1628578 1257536 1283253 615332.2 766233.9 514350.5 716692.6 790710.1 426273.2 472080.3 459932.3 754826.3 761235.2 455973.5 394501.1 500084.6 443756 592293.7 487252.4 592060.6 635764 451259.4 543557.5 589337.5 511377 448588.1 691572.7 742639.9 446551.9 631617.6 1205298 600463.8 544151.4 673397.4 508422 679362.3 760425.3 680634.2 699415.5 844082.8 873329.9 809533 652396.9 913858 856978.2 662962.1 779371.1 
#survey CV 
0.2 0.2 0.2 0.2 0.2 0.2 0.2 0.2 0.2 0.2 0.2 0.2 0.2 0.2 0.2 0.2 0.2 0.2 0.2 0.2 0.2 0.2 0.2 0.2 0.2 0.2 0.2 0.2 0.2 0.2 0.2 0.2 0.2 0.2 0.2 0.2 0.2 0.2 0.2 0.2 0.2 0.2 0.2 0.2 0.2 0.2 0.2 0.2 0.2 0.2 0.2 0.2 0.2 
#total CPUE 
3899413 2390331 2532039 2337758 1816489 1524643 1551117 1891413 1009654 966930.1 849402.6 831300.9 507182.6 797597.1 637885.3 643477.9 432718.8 537555.9 410974.9 527590.6 424708.3 554102.9 633764.9 493838.4 541365.3 696823 562352.6 472951.7 663284.6 518448.9 680310.7 507118.8 403688.5 461225.3 737550.4 659025.6 799778.4 584338.8 662089.8 778589.6 683904.6 491589.3 630348.2 912859.8 606633.1 761088.9 638943.4 512426.8 631944.4 682699.1 778569.2 791746.5 645740.1 
#CPUE CV 
0.2 0.2 0.2 0.2 0.2 0.2 0.2 0.2 0.2 0.2 0.2 0.2 0.2 0.2 0.2 0.2 0.2 0.2 0.2 0.2 0.2 0.2 0.2 0.2 0.2 0.2 0.2 0.2 0.2 0.2 0.2 0.2 0.2 0.2 0.2 0.2 0.2 0.2 0.2 0.2 0.2 0.2 0.2 0.2 0.2 0.2 0.2 0.2 0.2 0.2 0.2 0.2 0.2 
#total catch biomass 
230010.8 244812.1 315155.2 318252.6 297039 304696.1 298720.1 294968.7 260153.5 266097.4 251312.3 215604.6 196509.1 165462.1 146337.5 144537.5 121649.9 123105.8 114633.1 111023.2 115794.3 101730.3 108077.3 95896.62 99549.18 104128 96939.55 96139.43 91424.57 100788.6 87578.51 94493.29 103221 101899.8 94079.6 99974.99 97168.41 102010.8 106768.9 110918.1 111458.7 112812.6 111333.8 102213.6 107976.1 121309.8 91425.75 97604.84 106140.3 92196.36 100626.2 120771.7 115505.1 
#catch CV 
0.05 0.05 0.05 0.05 0.05 0.05 0.05 0.05 0.05 0.05 0.05 0.05 0.05 0.05 0.05 0.05 0.05 0.05 0.05 0.05 0.05 0.05 0.05 0.05 0.05 0.05 0.05 0.05 0.05 0.05 0.05 0.05 0.05 0.05 0.05 0.05 0.05 0.05 0.05 0.05 0.05 0.05 0.05 0.05 0.05 0.05 0.05 0.05 0.05 0.05 0.05 0.05 0.05 
#Length Bins 
2.752644 8.257932 13.76322 19.26851 24.7738 30.27908 35.78437 41.28966 46.79495 52.30024 57.80552 63.31081 68.8161 74.32139 79.82667 85.33196 90.83725 96.34254 101.8478 107.3531 112.8584 118.3637 123.869 129.3743 134.8796 
#catch length counts 
103.0087 167.8631 254.2804 363.5157 495.8327 648.7218 815.2901 984.9344 1146.151 1289.294 1407.874 1498.928 1563.164 1604.635 1629.592 1644.787 1655.678 1664.448 1667.65 1654.206 1605.953 1503.042 1333.9 1104.89 842.5331 
124.097 202.1859 306.1685 437.4622 596.2232 779.1826 977.7095 1178.656 1367.799 1533.217 1666.906 1765.239 1829.187 1863.975 1877.72 1879.373 1876.494 1872.8 1865.346 1842.222 1783.192 1665.837 1476.771 1222.488 931.8957 
148.0141 240.9722 364.5362 520.2086 707.9611 923.673 1156.826 1391.508 1610.532 1799.483 1948.653 2053.609 2115.437 2140.382 2138.296 2120.298 2096.241 2071.897 2045.687 2005.931 1931.364 1797.736 1590.041 1314.433 1001.177 
165.9456 270.0422 408.2356 582.0086 791.0301 1030.288 1287.558 1544.63 1782.047 1983.693 2138.897 2242.911 2297.046 2308.22 2287.302 2246.676 2197.679 2147.8 2097.327 2036.371 1945.041 1799.757 1585.35 1307.091 993.9422 
184.6739 300.4856 454.1589 647.2181 879.0548 1143.707 1427.059 1708.293 1965.303 2179.928 2340.361 2441.626 2485.593 2480.28 2437.854 2371.949 2295.088 2216.093 2136.969 2049.964 1937.455 1777.662 1556.136 1277.434 968.5747 
201.8616 328.2355 495.664 705.5939 957.1145 1243.458 1548.932 1850.503 2123.713 2348.465 2511.729 2608.121 2639.92 2616.214 2550.567 2457.957 2352.034 2242.706 2133.441 2018.702 1883.77 1709.76 1483.948 1210.473 913.6835 
216.9375 352.6865 532.4159 757.4976 1026.633 1332.08 1656.427 1974.448 2259.633 2490.47 2653.268 2742.59 2761.136 2718.783 2630.122 2511.198 2376.653 2237.408 2098.322 1956.069 1799.057 1611.804 1383.904 1119.369 839.5975 
234.2572 380.6984 574.391 816.6189 1105.704 1432.93 1779.064 2116.416 2415.986 2654.389 2816.988 2898.363 2902.031 2839.196 2725.88 2579.353 2415.201 2245.22 2075.506 1904.772 1724.395 1522.226 1290.283 1032.712 768.2458 
245.6155 398.961 601.5272 854.4024 1155.484 1495.222 1853.023 2199.49 2504.032 2742.192 2898.928 2969.024 2956.704 2874.228 2738.781 2568.618 2380 2185.249 1991.307 1798.62 1601.425 1390.994 1161.907 918.4314 676.3325 
253.0689 410.8721 619.0688 878.5233 1186.727 1533.427 1896.97 2246.691 2550.883 2784.443 2932.257 2989.538 2961.287 2860.706 2705.899 2515.851 2307.312 2092.989 1880.484 1671.672 1463.226 1249.4 1027.025 800.3892 582.4079 
260.9729 423.7234 638.4175 905.8212 1223.059 1579.069 1950.882 2306.257 2612.109 2842.54 2982.335 3027.195 2983.021 2864.14 2689.784 2479.87 2251.798 2018.758 1788.985 1565.54 1347.037 1130.08 913.2417 700.7348 503.0415 
257.5875 418.0495 629.5142 892.5681 1204.189 1553.27 1916.928 2263.074 2558.738 2778.092 2906.039 2938.563 2882.033 2751.328 2566.155 2346.723 2110.516 1870.743 1635.881 1409.801 1192.645 982.8896 780.3876 588.9541 416.5685 
240.0701 389.7575 587.1506 832.8261 1123.886 1449.736 1788.667 2110.352 2383.724 2584.497 2698.495 2721.941 2660.828 2529.239 2345.961 2130.399 1899.46 1666.047 1438.689 1221.829 1016.749 823.2842 642.076 476.3009 331.5994 
227.1302 368.9106 556.0699 789.3084 1066.033 1376.305 1699.546 2006.831 2268.308 2460.352 2568.856 2589.68 2528.198 2397.738 2216.335 2002.808 1773.783 1542.235 1317.131 1103.715 904.3427 719.915 551.6161 402.1192 275.389 
213.9037 347.1583 522.7965 741.3689 1000.485 1291.078 1594.255 1883.273 2130.294 2312.968 2417.528 2439.345 2382.683 2259.422 2086.147 1880.532 1658.532 1432.976 1213.181 1005.167 812.3325 636.575 479.5824 343.6556 231.4714 
201.8186 327.474 493.0015 698.8287 942.5909 1215.644 1500.164 1771.094 2002.564 2174.016 2272.912 2294.977 2243.839 2129.896 1967.854 1773.62 1561.889 1344.904 1132.07 930.0598 743.266 574.5843 426.2941 300.5634 199.1924 
196.1004 317.9295 478.1314 676.9542 912.0225 1175.014 1448.826 1709.39 1931.816 2096.355 2191.062 2212.06 2163.072 2054.149 1899.142 1712.757 1508.443 1297.515 1089.037 889.9849 705.5615 539.6418 395.2403 274.6923 179.333 
186.584 302.4344 454.6811 643.4614 866.3821 1115.38 1374.076 1619.582 1828.41 1982.13 2069.809 2088.129 2040.849 1937.58 1791.377 1615.913 1423.474 1224.234 1026.367 836.4436 659.8147 500.8915 363.2586 249.5089 160.7857 
179.6977 291.3159 438.0477 620.0527 835.0337 1075.192 1324.669 1561.283 1762.257 1909.72 1993.13 2009.429 1962.509 1861.936 1720.517 1551.474 1366.488 1175.031 984.5992 801.2788 630.2731 476.1899 342.9789 233.5042 148.9124 
174.3451 282.5052 424.5575 600.5986 808.4154 1040.565 1281.866 1510.995 1705.931 1849.248 1930.506 1946.504 1900.875 1802.916 1665.209 1500.801 1321.176 1135.519 950.9494 773.1636 607.1028 457.3245 327.9033 221.8612 140.3958 
166.2931 269.423 404.8241 572.5489 770.4439 991.382 1220.896 1438.731 1624.045 1760.412 1838.014 1853.785 1811.004 1718.264 1587.342 1430.608 1259.099 1081.722 905.37 735.4982 576.7978 433.6343 309.9876 208.8595 131.448 
164.6572 266.7804 400.8699 566.9868 763.0092 981.888 1209.3 1425.181 1608.882 1744.141 1821.262 1837.255 1795.397 1704.15 1575.045 1420.161 1250.299 1074.264 898.9638 729.9262 571.9178 429.3649 306.3038 205.7852 129.0242 
160.5524 260.0087 390.4696 551.9279 742.3001 954.7831 1175.557 1385.227 1563.783 1695.417 1770.659 1786.551 1746.244 1657.957 1532.881 1382.708 1217.85 1046.768 876.1311 711.3386 557.1162 417.8917 297.7085 199.6177 124.8306 
155.4627 251.7579 378.0568 534.3301 718.5247 924.0116 1137.383 1339.88 1512.224 1639.254 1711.949 1727.516 1688.974 1604.168 1483.802 1339.089 1180.03 1014.763 849.6982 690.054 540.444 405.2421 288.4729 193.1843 120.5971 
151.9414 246.1308 369.7531 522.8382 703.4216 905.0289 1114.511 1313.446 1482.878 1607.88 1679.565 1695.198 1657.776 1575.029 1457.45 1315.979 1160.342 998.4436 836.521 679.681 532.4822 399.2905 284.1565 190.169 118.5897 
146.4357 237.156 356.1782 503.531 677.3794 871.6148 1073.741 1266.149 1430.596 1552.571 1623.268 1639.792 1604.843 1525.796 1412.79 1276.441 1126.195 969.7038 812.9891 660.9798 518.1037 388.643 276.607 185.081 115.3579 
146.3103 236.9354 355.8124 502.957 676.5304 870.4468 1072.28 1264.547 1429.176 1551.821 1623.746 1641.967 1608.933 1531.686 1420.075 1284.561 1134.58 977.8671 820.5523 667.6618 523.7098 393.0721 279.8676 187.2933 116.7262 
143.4864 232.3587 348.933 493.2239 663.4299 853.5892 1051.526 1240.117 1401.671 1522.178 1593.157 1611.769 1580.454 1506.05 1398.027 1266.391 1120.163 966.8015 812.3116 661.7065 519.5437 390.2602 278.041 186.1524 116.0421 
138.7348 224.6627 337.3786 476.9095 641.5425 825.5584 1017.238 1200.061 1356.925 1474.242 1543.744 1562.631 1533.241 1462.194 1358.643 1232.202 1091.473 943.5117 794.0084 647.7798 509.302 383.0112 273.1339 183.0001 114.1361 
138.0603 223.5852 335.7929 474.7328 638.7329 822.1459 1013.36 1195.984 1353.025 1470.945 1541.449 1561.637 1533.703 1464.122 1361.939 1236.702 1096.959 949.7016 800.5364 654.214 515.2067 388.0331 277.0735 185.8368 116.0014 
134.5213 217.892 327.3194 462.8884 623.0085 802.2098 989.2019 1168.024 1322.114 1438.254 1508.311 1529.382 1503.512 1436.906 1338.278 1216.856 1080.928 937.29 791.396 647.8757 511.1161 385.6076 275.7715 185.2157 115.7453 
134.0704 217.1743 326.2728 461.4801 621.2593 800.2266 987.205 1166.345 1321.153 1438.405 1509.89 1532.588 1508.408 1443.422 1346.223 1225.932 1090.757 947.4376 801.4032 657.2854 519.511 392.6611 281.3041 189.231 118.4191 
139.7 226.1453 339.4718 479.7094 645.2254 830.4817 1024.009 1209.529 1370.087 1492.078 1567.03 1591.778 1568.194 1502.415 1403.175 1279.774 1140.592 992.5275 841.1511 691.2491 547.4456 414.5874 297.5707 200.5235 125.6843 
136.5482 221.1687 332.2224 469.7738 632.1751 813.8424 1003.32 1184.5 1340.784 1459.067 1531.405 1555.036 1531.995 1468.313 1372.406 1253.155 1118.51 974.9914 827.8729 681.724 541.0316 410.5824 295.2883 199.3615 125.1728 
134.448 217.8721 327.4864 463.4652 624.3016 804.5802 993.0193 1173.617 1329.734 1448.071 1520.463 1544.064 1521.034 1457.658 1362.578 1244.74 1111.979 970.5718 825.504 681.0957 541.6686 411.9505 296.8992 200.8531 126.3454 
136.0173 220.3561 331.1214 468.4882 630.9921 813.2999 1004.21 1187.739 1347.147 1468.888 1544.406 1570.406 1548.681 1485.378 1389.287 1269.71 1134.874 991.3223 844.1196 697.5213 555.7544 423.5238 305.8827 207.3589 130.694 
139.0646 225.2932 338.5328 478.9425 644.9887 831.1751 1026.031 1213.276 1375.964 1500.495 1578.349 1606.219 1585.765 1522.905 1426.229 1304.994 1167.58 1020.822 870.0827 719.8181 574.3504 438.4441 317.2579 215.4935 136.0857 
141.555 229.3036 344.512 487.3218 656.153 845.3951 1043.358 1233.457 1398.447 1524.54 1603.201 1631.277 1610.671 1547.508 1450.431 1328.585 1190.172 1041.909 889.174 736.5402 588.4786 449.8916 326.0712 221.8662 140.3619 
145.3293 235.4189 353.6975 500.298 673.5714 867.714 1070.673 1265.379 1434.122 1562.78 1642.669 1670.673 1648.903 1583.823 1484.443 1360.179 1219.321 1068.517 913.0201 757.331 605.9567 463.9372 336.7644 229.5045 145.4299 
142.7313 231.2996 347.6764 492.0468 662.8104 854.2254 1054.348 1246.269 1412.452 1538.921 1617.105 1643.974 1621.718 1556.864 1458.472 1335.973 1197.605 1049.863 897.7474 745.4608 597.2371 457.9191 332.8951 227.2133 144.1977 
143.9593 233.3616 350.9226 496.9028 669.7668 863.7854 1066.932 1262.104 1431.468 1560.697 1640.874 1668.718 1646.33 1580.338 1480.065 1355.277 1214.54 1064.585 910.5057 756.469 606.5972 465.6369 338.9586 231.6815 147.2464 
143.5241 232.5729 349.5871 494.7953 666.6886 859.6574 1061.882 1256.494 1425.832 1555.614 1636.819 1665.946 1644.819 1579.819 1480.122 1355.503 1214.664 1064.538 910.3946 756.4737 606.8566 466.1759 339.6877 232.4528 147.9254 
143.8588 233.1076 350.3686 495.8463 667.988 861.1244 1063.383 1257.895 1427.094 1556.872 1638.393 1668.244 1648.17 1584.325 1485.596 1361.524 1220.723 1070.193 915.3752 760.6984 610.3691 469.0577 342.0001 234.2309 149.2059 
145.8185 236.3729 355.4443 503.2916 678.3545 874.8343 1080.58 1278.347 1450.209 1581.829 1664.319 1694.381 1673.979 1609.481 1509.888 1384.711 1242.453 1090.025 932.8844 775.5856 622.5255 478.5617 349.0782 239.2136 152.4884 
144.4162 234.0223 351.773 497.9018 670.893 865.1031 1068.639 1264.528 1435.017 1565.783 1647.84 1677.791 1657.58 1593.638 1495.052 1371.355 1230.95 1080.551 925.3898 769.8588 618.2886 475.5439 347.038 237.9298 151.7521 
146.3477 237.2785 356.8977 505.4991 681.5402 879.206 1086.291 1285.471 1458.739 1591.668 1675.257 1706.081 1686.017 1621.448 1521.515 1395.924 1253.303 1100.541 942.9488 784.9195 630.7808 485.4529 354.4741 243.1585 155.1676 
122.2455 198.2845 298.424 423.0161 570.9037 737.3568 912.2522 1081.068 1228.54 1342.259 1414.327 1441.626 1425.662 1371.849 1287.952 1182.192 1061.871 932.8383 799.6169 665.9412 535.4674 412.3477 301.277 206.7888 132.0322 
132.8488 215.4879 324.3449 459.862 620.9056 802.5394 994.0246 1179.827 1343.481 1471.386 1554.57 1589.04 1575.763 1520.092 1430.205 1315.073 1182.87 1040.268 892.4885 743.8429 598.5124 461.1957 337.1801 231.5731 147.9428 
124.0903 201.1258 302.4338 428.3287 577.7108 746.038 923.4752 1095.81 1248.011 1367.702 1446.733 1481.403 1472.375 1424.158 1343.773 1239.051 1117.295 984.6764 846.2215 706.2121 568.8251 438.6935 320.9644 220.5817 141.0062 
111.5189 180.9182 272.3604 386.2223 521.5409 674.1517 835.0481 991.2919 1129.307 1238.049 1310.37 1343.131 1337.026 1296.037 1226.221 1134.214 1026.15 907.2521 781.9201 654.1113 527.8593 407.6953 298.6221 205.4108 131.4052 
124.7387 202.3114 304.4894 431.723 583.0466 754.0068 934.7702 1111.02 1267.526 1391.68 1475.152 1514.197 1509.553 1465.79 1389.79 1288.923 1169.793 1037.845 897.6325 753.3975 609.7355 472.0442 346.3943 238.6088 152.8081 
136.6528 221.4395 332.8913 471.3312 635.5545 820.6248 1015.858 1205.84 1374.321 1508.008 1598.214 1641.039 1637.22 1591.517 1511.212 1404.173 1277.422 1136.613 986.304 830.7108 674.5945 523.8636 385.4225 266.0508 170.6619 
125.921 204.1593 307.1021 435.0623 586.8467 757.688 937.4233 1111.552 1264.986 1385.639 1465.941 1502.877 1497.665 1455.034 1381.759 1284.924 1170.69 1043.894 908.3287 767.4669 625.3517 487.255 359.6002 248.8955 160.0146 
#survey length counts 
1951.949 3197.865 4865.238 6959.699 9431.716 12137.29 14829.94 17224.53 19104.09 20389.22 21126.63 21428.93 21422.51 21224.79 20938.43 20647.29 20408.03 20233.99 20070.54 19772.55 19111.15 17838.45 15806.24 13080.92 9969.844 
1929.519 3160.186 4806.025 6871.593 9306.706 11967.6 14608.87 16946.44 18763.1 19977.33 20632.36 20837.08 20714.93 20381.83 19941.11 19480.23 19063.33 18716.03 18401.45 17997.79 17302.8 16091.75 14225.62 11756.47 8953.149 
1902.647 3115.953 4738.008 6772.261 9167.239 11778.12 14359.2 16626.95 18365.19 19493.47 20055.61 20160.19 19929.08 19475.54 18899.85 18287.75 17705.18 17185.78 16709.55 16181.19 15431.46 14266.01 12560.04 10352.45 7870.87 
1866.485 3057.698 4650.994 6649.688 9002.073 11563.2 14087.61 16292.14 17960.43 19011.16 19487.21 19496.98 19162.75 18597.91 17901.6 17157.25 16429.27 15754.44 15124.99 14469.87 13653.67 12515.86 10950.3 8986.344 6812.379 
1828.16 2994.116 4552.674 6506.247 8803.192 11300.37 13755.84 15890.23 17489.05 18469.93 18872.73 18802.77 18380.64 17719.33 16917.94 16059.23 15206.69 14398.51 13635.39 12866.07 11986.01 10868.19 9427.493 7687.611 5801.622 
1782.665 2920.291 4441.412 6348.018 8588.27 11019.67 13402.39 15460.26 16981.96 17887.06 18215.83 18072.68 17576.3 16837.35 15952.55 15002.58 14049.64 13132.98 12260.14 11396.22 10463.28 9364.634 8035.757 6497.483 4872.538 
1731.119 2836.119 4313.753 6165.706 8340.774 10698.81 13004.19 14985.45 16434.26 17270.43 17532.68 17323.85 16761.99 15957.43 15005.96 13986.23 12958.07 11960.21 11004.74 10069.88 9099.962 8024.52 6797.573 5438.636 4044.996 
1675.952 2745.474 4175.188 5966.004 8067.084 10340.85 12556.85 14449.97 15816.87 16579.42 16775.72 16506.89 15889.33 15032.19 14030.23 12960.71 11881.67 10830.83 9822.958 8845.833 7861.447 6820.846 5693.759 4498.904 3312.233 
1619.553 2652.724 4033.273 5761.322 7786.487 9974.013 12098.99 13903.1 15188.41 15879.19 16013.39 15690.81 15026.5 14128.43 13090.1 11987.24 10876.29 9794.162 8757.482 7761.14 6780.422 5782.873 4750.318 3700.539 2692.061 
1555.638 2549.228 3877.933 5542.037 7492.238 9596.652 11635.54 13356.84 14567.68 15194.57 15275.17 14907.96 14206.68 13278.23 12215.14 11091.98 9963.903 8867.127 7819.634 6821.534 5857.943 4908.545 3963.826 3040.144 2181.88 
1491.495 2443.477 3715.811 5308.197 7172.77 9182.486 11125.9 12760.21 13898.94 14470.05 14508.78 14110.05 13384.98 12439.19 11364.61 10235.23 9105.422 8010.871 6970.411 5987.826 5055.251 4160.953 3301.168 2490.225 1760.849 
1426.155 2336.967 3554.702 5079.042 6863.6 8785.497 10640.59 12194.83 13268.76 13793.32 13802.7 13388.27 12656.87 11710.35 10638.03 9512.688 8388.562 7302.009 6273.553 5310.322 4409.727 3565.982 2778.857 2060.382 1434 
1360.587 2230.403 3394.333 4852.827 6562.259 8405.602 10187.61 11683.64 12720.23 13228.63 13238.55 12835.03 12119.08 11188.25 10129.1 9013.137 7894.765 6811.862 5787.77 4833.678 3952.008 3141.79 2405.288 1752.505 1199.807 
1307.142 2140.787 3254.352 4647.396 6278.254 8036.424 9737.609 11169.33 12166.79 12663.39 12684.92 12309.11 11628.96 10734.96 9708.478 8618.064 7517.374 6445.526 5428.802 4482.722 3614.814 2828.769 2129.275 1524.948 1026.787 
1262.112 2066.337 3139.758 4481.256 6049.925 7738.695 9369.908 10739.7 11691.35 12163.55 12183.66 11827.3 11182.27 10331.83 9349.818 8298.58 7228.105 6176.72 5172.581 4235.171 3377.132 2607.026 1932.468 1361.738 902.1419 
1228.818 2010.055 3050.962 4349.439 5865.36 7495.335 9068.238 10387.68 11302.65 11754.32 11769.89 11423.6 10801.34 9983.682 9040.455 8028.935 6994.078 5970.648 4985.788 4060.792 3212.271 2453.415 1795.294 1247.013 813.813 
1201.532 1964.712 2980.692 4246.66 5722.563 7306.64 8831.347 10105.21 10982.08 11406.77 11408.37 11061.4 10450.75 9655.041 8741.5 7764.255 6764.623 5773.687 4815.822 3911.493 3078.782 2333.94 1691.102 1160.882 747.8016 
1176.153 1923.344 2918.17 4157.927 5603.359 7154.625 8647.273 9893.247 10748.87 11159.74 11154.56 10807.18 10202.15 9417.938 8521.371 7565.554 6590.032 5623.537 4688.037 3802.343 2984.339 2251.593 1620.264 1102.454 702.8017 
1157.086 1891.088 2867.282 4082.518 5498.254 7017.193 8479.128 9700.599 10540.98 10946.29 10943.43 10603.57 10008.95 9236.728 8353.403 7412.276 6452.989 5503.786 4585.506 3715.63 2911.207 2189.905 1568.756 1060.812 671.0382 
1142.718 1867.039 2829.705 4027.13 5420.864 6914.718 8350.833 9548.913 10371.42 10766.54 10761.9 10427.89 9844.75 9087.048 8218.997 7292.578 6347.133 5411.142 4505.608 3647.819 2854.437 2142.928 1530.507 1030.605 648.3761 
1130.263 1846.752 2799.086 3983.779 5362.861 6841.225 8262.715 9448.924 10263.72 10655.81 10652.64 10324.08 9749.643 9002.916 8146.791 7231.848 6296.385 5368.485 4469.333 3616.659 2827.544 2119.779 1510.859 1014.455 635.8064 
1122.933 1833.716 2777.374 3949.871 5313.374 6774.036 8178.01 9349.51 10154.33 10541.83 10539.04 10214.88 9647.906 8910.861 8065.876 7162.7 6238.728 5321.222 4430.859 3585.278 2801.816 2098.677 1493.759 1001.003 625.7378 
1118.898 1826.827 2766.329 3933.068 5289.019 6740.442 8134.054 9295.11 10090.75 10471.74 10466.09 10143.08 9580.781 8850.914 8014.431 7120.091 6204.57 5294.606 4410.496 3569.697 2789.62 2088.798 1485.574 994.2776 620.4507 
1114.333 1819.784 2756.442 3920.262 5273.52 6722.744 8114.89 9275.357 10071.26 10453.16 10448.91 10127.73 9567.875 8841.189 8008.515 7118.22 6206.431 5299.382 4417.031 3576.712 2795.956 2093.642 1488.602 995.6521 620.654 
1113.87 1818.259 2752.774 3913.112 5261.805 6706.374 8095.3 9255.413 10054.44 10442.4 10445.76 10132.2 9578.81 8856.966 8027.581 7139.336 6228.629 5321.763 4438.616 3596.442 2812.848 2107.014 1498.259 1001.919 624.2412 
1116.379 1822.193 2758.42 3920.635 5271.242 6717.681 8108.491 9270.831 10073.07 10466.02 10476.54 10171.91 9627.937 8914.275 8090.377 7204.228 6292.328 5381.576 4492.546 3643.099 2851.369 2137.098 1520.244 1016.788 633.4496 
1120.196 1828.211 2767.124 3932.357 5286.112 6735.566 8128.941 9293.122 10096.46 10490.13 10501.76 10199.45 9659.51 8951.385 8133.567 7252.646 6343.841 5433.329 4541.646 3687.132 2888.663 2166.808 1542.356 1032.031 643.095 
1126.69 1838.481 2782.078 3952.731 5312.467 6768.241 8167.937 9338.004 10146.39 10544.04 10558.58 10258.34 9719.99 9013.375 8197.184 7317.777 6409.692 5498.218 4603.199 3742.788 2936.271 2205.083 1571.085 1052.02 655.8912 
1134.893 1851.891 2802.442 3981.85 5352.025 6819.504 8231.394 9413.213 10232.16 10638.81 10660.62 10365.81 9830.862 9125.496 8308.457 7426.314 6513.779 5596.115 4692.952 3822.283 3003.595 2259.042 1611.623 1080.315 674.0918 
1143.204 1865.533 2823.251 4011.721 5392.695 6872.167 8296.291 9489.489 10318.16 10732.61 10760.5 10470.32 9938.687 9235.217 8418.41 7534.596 6618.347 5694.871 4783.777 3903.091 3072.524 2314.828 1654.004 1110.239 693.5533 
1152.651 1880.961 2846.672 4045.251 5438.42 6931.837 8370.907 9579.014 10421.55 10848.08 10885.86 10603.15 10076.44 9375.33 8558.284 7671.601 6749.812 5818.114 4896.192 4002.282 3156.544 2382.515 1705.338 1146.515 717.2129 
1167.842 1904.67 2880.572 4090.404 5495.355 7000.65 8451.228 9669.973 10521.94 10956.66 11001.55 10724.96 10203.24 9505.58 8690.011 7802.424 6877.053 5938.912 5007.631 4101.59 3241.388 2451.393 1757.954 1183.964 741.814 
1178.783 1923.43 2910.513 4135.01 5557.189 7079.887 8544.551 9770.86 10622.61 11050.77 11086.02 10800.21 10272.03 9571.411 8755.832 7869.921 6946.444 6009.092 5076.502 4166.49 3299.582 2500.607 1796.857 1212.455 760.9851 
1186.34 1936.528 2931.872 4168.052 5605.77 7147.616 8633.758 9881.561 10751.88 11192.84 11233.35 10945.25 10409.12 9697.903 8871.899 7977.345 7047.137 6104.022 5165.29 4247.597 3370.888 2560.156 1843.548 1246.471 783.8011 
1196.696 1952.89 2955.73 4200.807 5648.947 7203.056 8703.591 9967.887 10856.2 11315.34 11372.14 11096.05 10565.7 9853.382 9020.379 8115.122 7172.852 6217.831 5267.659 4338.426 3449.329 2625.075 1894.282 1283.43 808.6293 
1207.015 1969.85 2981.573 4237.678 5698.441 7265.593 8777.987 10051.63 10946.59 11410.78 11472.71 11202.81 10679.22 9972.481 9141.887 8234.705 7286.361 6322.312 5361.539 4420.996 3520.103 2683.536 1940.14 1317.092 831.4562 
1217.475 1986.779 3006.926 4273.271 5745.664 7324.942 8848.522 10130.76 11030.51 11495.46 11555.11 11281.7 10755.29 10047.65 9217.976 8312.276 7364.293 6398.278 5432.916 4485.584 3576.346 2730.453 1977.283 1344.653 850.3823 
1227.005 2002.498 3031.003 4307.865 5792.507 7384.683 8920.097 10211.24 11115.65 11580.74 11636.64 11356.84 10822.95 10108.33 9273.486 8364.988 7416.125 6449.918 5483.654 4533.738 3619.955 2767.848 2007.434 1367.321 866.1239 
1232.717 2012.443 3047.195 4332.607 5827.915 7431.911 8978.586 10278.46 11187.56 11652.69 11704.34 11416.99 10873.67 10149.25 9305.75 8390.91 7438.575 6471.494 5505.945 4556.986 3643.241 2789.657 2026.29 1382.269 876.9294 
1235.473 2017.614 3056.35 4347.898 5851.926 7467.274 9027.42 10341.81 11264.96 11741.95 11801.63 11517.38 10971.94 10240.93 9387.826 8462.18 7499.525 6523.734 5551.392 4597.093 3678.576 2819.988 2051.064 1401.165 890.2061 
1241.389 2026.45 3068.255 4362.673 5869.348 7487.545 9051.463 10371.22 11301.56 11787.21 11856.01 11579.9 11040.13 10311.19 9456.199 8525.234 7555.091 6571.173 5591.325 4630.737 3707.043 2843.877 2070.487 1416.095 900.8418 
1248.833 2038.518 3086.318 4387.879 5902.309 7527.937 9097.81 10421.2 11352.95 11838.91 11908.54 11634.84 11099.01 10374.31 9522.165 8591.305 7618.022 6628.209 5640.836 4672.309 3741.089 2871.119 2091.619 1431.744 911.7072 
1252.192 2044.893 3097.615 4406.482 5930.579 7567.391 9148.335 10480.79 11418.17 11905.94 11974.25 11697.61 11158.85 10432.4 9579.88 8649.166 7675.239 6682.909 5690.819 4715.822 3777.246 2899.865 2113.466 1447.517 922.4079 
1258.354 2054.116 3110.096 4422.085 5949.167 7589.228 9174.222 10511.73 11454.67 11947.38 12018.71 11742.41 11201.56 10471.7 9615.882 8682.974 7708.047 6715.194 5722.059 4744.807 3802.678 2920.863 2129.76 1459.379 930.4702 
1259.898 2057.883 3118.054 4436.761 5972.96 7623.416 9218.253 10563.39 11511.16 12006.51 12079.43 11804.34 11264.09 10533.6 9675.525 8739.023 7759.862 6762.708 5765.287 4783.44 3836.069 2948.349 2151.051 1474.763 940.7681 
1262.167 2061.095 3122.092 4441.456 5978.444 7630.513 9228.556 10578.77 11532.84 12034.32 12111.75 11838.91 11298.97 10567.72 9708.468 8770.621 7789.896 6790.919 5791.442 4807.285 3857.225 2966.334 2165.465 1485.508 948.1447 
1262.167 2061.095 3122.092 4441.456 5978.444 7630.513 9228.556 10578.77 11532.84 12034.32 12111.75 11838.91 11298.97 10567.72 9708.468 8770.621 7789.896 6790.919 5791.442 4807.285 3857.225 2966.334 2165.465 1485.508 948.1447 
1268.674 2072.275 3140.249 4469.712 6020.914 7692.307 9315.511 10696.87 11687.3 12228.23 12344.71 12106.08 11591.27 10873.19 10014.4 9065.491 8064.579 7038.947 6008.709 4991.585 4007.925 3084.272 2253.003 1546.512 987.6596 
1282.9 2093.286 3167.919 4502.517 6056.362 7727.76 9349.029 10727.93 11717.37 12261.13 12386.27 12162.85 11668.48 10972.8 10134.17 9199.422 8204.486 7176.406 6136.534 5104.564 4102.928 3160.08 2310.075 1586.732 1013.958 
1295.878 2115.738 3204.173 4557.337 6133.821 7829.567 9473.202 10868.95 11868.16 12415.94 12542.7 12322.19 11834.38 11149.13 10322.87 9399.067 8409.925 7379.65 6328.486 5276.899 4249.532 3277.802 2398.845 1649.182 1054.643 
1311.294 2140.924 3242.589 4613.056 6211.722 7935.203 9612.001 11044.83 12082.05 12664.85 12820.06 12619.48 12143.52 11464.08 10639.84 9715.171 8721.331 7680.308 6610.133 5530.351 4466.685 3453.535 2532.175 1743.331 1116.068 
1330.522 2170.942 3285.393 4669.53 6281.408 8016.161 9700.904 11137.69 12175.68 12758.27 12914.81 12718.54 12249.61 11578.78 10763.62 9847.961 8862.47 7827.784 6759.71 5675.492 4599.667 3567.385 2622.517 1809.344 1160.239 
1345.724 2196.339 3324.714 4726.209 6357.284 8109.679 9805.722 11242.99 12268.74 12828.28 12956.21 12732.26 12242.16 11559.82 10743.34 9834.963 8862.729 7844.258 6792.222 5720.808 4652.11 3620.182 2669.591 1846.796 1186.907 
