# Number of parameters = 221 Objective function value = 75476.0  Maximum gradient component = 0.00326836
# srv_sel50:
1.47768915069
# srv_sel95:
2.44195101510
# stNatLen:
 11.4280613623 11.2887198154 11.0900305894 10.9004556008 10.7143169818 10.5112492618 10.2853932483 10.0448368171 9.80188157081 9.56669791862 9.34566642876 9.14202307400 8.95692511610 8.79034511714 8.64165040581 8.50994971144 8.39427957953 8.29377021974 8.20762425438 8.13509786489 8.07554121681 8.02846230677 7.99348017540 7.97027567042 7.95876752802
# log_avg_fmort_dir:
-1.63911773697
# fmort_dir_dev:
 -1.78926969846 -1.81234867358 -1.33962345921 -0.915431804666 -0.747304763074 -0.433213246534 -0.320286010677 -0.214735266821 -0.0532959595778 -0.0838717882889 0.0363131456301 0.197775493414 0.292000476500 0.356416184188 0.440118611712 0.544323106699 0.438353991742 0.418347844566 0.332052523222 0.310407126378 0.318026704531 0.278258021493 0.373345025283 0.323238159509 0.348849639655 0.295793548611 0.323390841490 0.294376846370 0.260962673129 0.269397282724 0.308293695425 0.199388907455 0.0850674040836 0.0649081905546 0.0682656670463 0.0633042203846 -0.00147013926765 -0.0165088326655 0.00607202120754 0.0784782298780 0.00888816229491 -0.0530705688270 0.0908437705982 -0.0561923242626 -0.0222526530516 0.0699968193714 0.0545243224841 0.0781700898171 -0.0283420003513 0.0160013780756 0.0816329057384 0.310622724793 -0.342986635209 0.0268758952921 0.219903940635 -0.0695830278747 0.344111165661 0.238504372029 -0.326345249062 -0.266825602056 -0.0241157189537 0.196976636129 -0.145504343329
# mean_log_rec:
11.1477201307
# rec_dev:
 0.343778419943 0.324547057453 0.312261809826 0.289528949517 0.260325262565 0.242015298939 0.250686555040 0.287830865038 0.325507901859 0.312136422981 0.255718882145 0.191778822560 0.132974949732 0.0764416415148 0.0240733699699 -0.0185329992803 -0.0336260226819 -0.0333497049176 -0.0168630981735 -0.0392894342411 -0.133023300824 -0.219218168568 -0.242244754425 -0.239746011470 -0.232827582210 -0.245742659122 -0.271956045861 -0.318598672342 -0.327726081322 -0.325332598991 -0.287749761947 -0.243850742077 -0.230898762078 -0.192033841884 -0.0763304764869 0.0430639905479 0.0904866237925 0.0133321844708 -0.0453831605655 -0.0376119726927 9.37056483981e-005 0.0323448270153 0.0744510032346 0.0804891899084 -0.0159340188584 -0.0513007616972 -0.0213511033668 -0.0175477121847 0.0104693805353 0.0364609137505 0.0219150002664 0.0178584157705 0.0278263257366 0.0509805387501 0.0559034114783 0.0238603000942 -0.0264566797876 -0.0736264364429 -0.0821116461623 -0.0542156366905 -0.0277941275789 -0.0134340284042 -0.0134340167489
# log_avg_NatM:
-1.53920532188
# m_dev:
 -0.0182319336558 -0.137904984644 0.0318194792543 0.00742067998535 0.00977838821610 -0.00952133515155 -0.237662912133 -0.460362402529 -0.404099135087 -0.0309873670826 0.0715726519490 0.0646728539227 0.0102229888108 -0.0441429596824 -0.133277844210 -0.112780162084 -0.269554904109 -0.279521592621 -0.345497312961 -0.0594876390484 0.310529487600 0.164582204510 -0.163753327889 -0.212658351214 -0.310958038929 -0.157517594055 -0.0109161188857 0.0648143976115 -0.176490609098 -0.245971992345 -0.391061589002 -0.264029175178 -0.171424904567 -0.176003755512 0.0907666226123 -0.0710723402325 -0.0387910248162 0.480346573601 0.344600315518 0.171701343009 0.0535182225530 0.0650862959264 -0.0325120393099 0.139277919956 0.587868089811 0.196418132080 -0.00417467213907 0.224321156117 0.0263932419857 0.0865373626280 0.249261103525 0.0864584548833 0.115088448996 0.150016720554 0.0549928594413 0.229765364066 0.307480625851 0.247292883154 0.167279912750 0.106149948928 0.126968470060 -0.0546762203846 -0.0179589613080
# log_avg_GrowthK:
-1.60943800000
# log_avg_Linf:
4.88280200000
# GrowthK_dev:
 0.00000000000 0.00000000000 0.00000000000 0.00000000000 0.00000000000 0.00000000000 0.00000000000 0.00000000000 0.00000000000 0.00000000000 0.00000000000 0.00000000000 0.00000000000 0.00000000000 0.00000000000 0.00000000000 0.00000000000 0.00000000000 0.00000000000 0.00000000000 0.00000000000 0.00000000000 0.00000000000 0.00000000000 0.00000000000 0.00000000000 0.00000000000 0.00000000000 0.00000000000 0.00000000000 0.00000000000 0.00000000000 0.00000000000 0.00000000000 0.00000000000 0.00000000000 0.00000000000 0.00000000000 0.00000000000 0.00000000000 0.00000000000 0.00000000000 0.00000000000 0.00000000000 0.00000000000 0.00000000000 0.00000000000 0.00000000000 0.00000000000 0.00000000000 0.00000000000 0.00000000000 0.00000000000 0.00000000000 0.00000000000 0.00000000000 0.00000000000 0.00000000000 0.00000000000 0.00000000000 0.00000000000 0.00000000000 0.00000000000
# Linf_dev:
 0.00000000000 0.00000000000 0.00000000000 0.00000000000 0.00000000000 0.00000000000 0.00000000000 0.00000000000 0.00000000000 0.00000000000 0.00000000000 0.00000000000 0.00000000000 0.00000000000 0.00000000000 0.00000000000 0.00000000000 0.00000000000 0.00000000000 0.00000000000 0.00000000000 0.00000000000 0.00000000000 0.00000000000 0.00000000000 0.00000000000 0.00000000000 0.00000000000 0.00000000000 0.00000000000 0.00000000000 0.00000000000 0.00000000000 0.00000000000 0.00000000000 0.00000000000 0.00000000000 0.00000000000 0.00000000000 0.00000000000 0.00000000000 0.00000000000 0.00000000000 0.00000000000 0.00000000000 0.00000000000 0.00000000000 0.00000000000 0.00000000000 0.00000000000 0.00000000000 0.00000000000 0.00000000000 0.00000000000 0.00000000000 0.00000000000 0.00000000000 0.00000000000 0.00000000000 0.00000000000 0.00000000000 0.00000000000 0.00000000000
# SelPars50:
2.01752845952
# SelPars95:
3.57695889153
# SelPars_dev50:
 0.00000000000 0.00000000000 0.00000000000 0.00000000000 0.00000000000 0.00000000000 0.00000000000 0.00000000000 0.00000000000 0.00000000000 0.00000000000 0.00000000000 0.00000000000 0.00000000000 0.00000000000 0.00000000000 0.00000000000 0.00000000000 0.00000000000 0.00000000000 0.00000000000 0.00000000000 0.00000000000 0.00000000000 0.00000000000 0.00000000000 0.00000000000 0.00000000000 0.00000000000 0.00000000000 0.00000000000 0.00000000000 0.00000000000 0.00000000000 0.00000000000 0.00000000000 0.00000000000 0.00000000000 0.00000000000 0.00000000000 0.00000000000 0.00000000000 0.00000000000 0.00000000000 0.00000000000 0.00000000000 0.00000000000 0.00000000000 0.00000000000 0.00000000000 0.00000000000 0.00000000000 0.00000000000 0.00000000000 0.00000000000 0.00000000000 0.00000000000 0.00000000000 0.00000000000 0.00000000000 0.00000000000 0.00000000000 0.00000000000
# SelPars_dev95:
 0.00000000000 0.00000000000 0.00000000000 0.00000000000 0.00000000000 0.00000000000 0.00000000000 0.00000000000 0.00000000000 0.00000000000 0.00000000000 0.00000000000 0.00000000000 0.00000000000 0.00000000000 0.00000000000 0.00000000000 0.00000000000 0.00000000000 0.00000000000 0.00000000000 0.00000000000 0.00000000000 0.00000000000 0.00000000000 0.00000000000 0.00000000000 0.00000000000 0.00000000000 0.00000000000 0.00000000000 0.00000000000 0.00000000000 0.00000000000 0.00000000000 0.00000000000 0.00000000000 0.00000000000 0.00000000000 0.00000000000 0.00000000000 0.00000000000 0.00000000000 0.00000000000 0.00000000000 0.00000000000 0.00000000000 0.00000000000 0.00000000000 0.00000000000 0.00000000000 0.00000000000 0.00000000000 0.00000000000 0.00000000000 0.00000000000 0.00000000000 0.00000000000 0.00000000000 0.00000000000 0.00000000000 0.00000000000 0.00000000000
