# Number of parameters = 182 Objective function value = 59775.0  Maximum gradient component = 0.00208868
# srv_sel50:
1.46812574840
# srv_sel95:
2.41414596862
# stNatLen:
 11.5461029685 11.4009673849 11.1998048097 11.0099907026 10.8250239674 10.6241114349 10.4003939663 10.1610419346 9.91801849348 9.68161990996 9.45854805926 9.25236801798 9.06451234962 8.89513422367 8.74371785076 8.60945165666 8.49144266395 8.38879289002 8.30069890794 8.22646468237 8.16548276409 8.11725332317 8.08143816572 8.05770783562 8.04580117429
# log_avg_fmort_dir:
-1.63315685084
# fmort_dir_dev:
 -1.89493608099 -1.83005734141 -1.35005427104 -0.935799124823 -0.573751818997 -0.483021184460 -0.324787554106 -0.165617517955 -0.0318979746298 0.116738234612 0.0988188296011 0.358401651092 0.363623538520 0.485779080509 0.508213734231 0.545265374544 0.460391260888 0.355891706452 0.434306154970 0.386734235802 0.393632237187 0.423083157398 0.362829286991 0.386522429324 0.318289771009 0.301368696597 0.359431986859 0.229677066147 0.205749199504 0.210002989605 0.111569028828 0.237454374724 0.153408137929 0.100419620354 0.0797887020321 -0.0530154679893 -0.0104905275313 -0.0115214985982 -0.00350030624515 0.0456427179410 -0.0687696221758 -0.126108227652 -0.0478660710312 -0.0296384380559 -0.0420149572202 0.0904005423158 -0.0579500599852 -0.0574636386072 -0.0183084726042 -0.00686358985844
# mean_log_rec:
11.1385870637
# rec_dev:
 0.472864450345 0.393054038838 0.322842626420 0.296907834709 0.290798708614 0.286652652237 0.283483538722 0.267875153317 0.223281395635 0.172264662085 0.0975032276672 0.0295485196153 -0.0157262429842 -0.0281143593305 -0.0282602364570 -0.0410769429457 -0.0525338713514 -0.0823328968327 -0.134468060730 -0.203073446077 -0.249623096769 -0.263592371555 -0.276048798429 -0.280811511580 -0.282546470536 -0.267126053238 -0.231623548383 -0.229054372259 -0.247779239641 -0.257967726420 -0.304961839104 -0.300853377871 -0.249159677340 -0.191552356119 -0.0363305992810 0.100872609902 0.107179199623 0.0479970143291 0.0370291721548 0.0763491103430 0.118393538516 0.0989217504510 0.0785257213002 0.0684396235332 0.0315303520596 0.0161067532832 0.0597408709712 0.0951676326160 0.0906434960000 0.0906434419429
# log_avg_NatM:
-1.58411047297
# m_dev:
 -0.116991215236 0.319891405351 0.257228115064 -0.0131415201683 -0.0445428049029 -0.0934538965182 -0.151633030852 -0.0910246882909 0.0164079115103 -0.0124130510421 0.0833384416049 0.0307013047581 -0.177213581378 -0.421626013398 -0.431144976033 -0.315042354238 -0.273084099741 -0.0871536078732 0.0193912580306 0.155347622742 -0.0754287793978 -0.167126844027 -0.169047143258 -0.123161292289 -0.128489932918 -0.341724015315 -0.329800432961 -0.0265170918077 -0.0433626866902 0.0671532697979 0.208383058427 -0.221252221819 -0.407581872579 -0.183114238801 -0.0732765318257 -0.0426216416160 0.265796887189 0.411115604769 0.279341408232 0.0554880660996 0.112802390581 0.425396998493 0.235183963095 0.334772533985 0.384545629105 0.297103388298 -0.0201062481556 0.150127286285 0.236343967789 0.235215301923
# log_avg_GrowthK:
-1.55816000000
# log_avg_Linf:
4.96767600000
# GrowthK_dev:
 0.00000000000 0.00000000000 0.00000000000 0.00000000000 0.00000000000 0.00000000000 0.00000000000 0.00000000000 0.00000000000 0.00000000000 0.00000000000 0.00000000000 0.00000000000 0.00000000000 0.00000000000 0.00000000000 0.00000000000 0.00000000000 0.00000000000 0.00000000000 0.00000000000 0.00000000000 0.00000000000 0.00000000000 0.00000000000 0.00000000000 0.00000000000 0.00000000000 0.00000000000 0.00000000000 0.00000000000 0.00000000000 0.00000000000 0.00000000000 0.00000000000 0.00000000000 0.00000000000 0.00000000000 0.00000000000 0.00000000000 0.00000000000 0.00000000000 0.00000000000 0.00000000000 0.00000000000 0.00000000000 0.00000000000 0.00000000000 0.00000000000 0.00000000000
# Linf_dev:
 0.00000000000 0.00000000000 0.00000000000 0.00000000000 0.00000000000 0.00000000000 0.00000000000 0.00000000000 0.00000000000 0.00000000000 0.00000000000 0.00000000000 0.00000000000 0.00000000000 0.00000000000 0.00000000000 0.00000000000 0.00000000000 0.00000000000 0.00000000000 0.00000000000 0.00000000000 0.00000000000 0.00000000000 0.00000000000 0.00000000000 0.00000000000 0.00000000000 0.00000000000 0.00000000000 0.00000000000 0.00000000000 0.00000000000 0.00000000000 0.00000000000 0.00000000000 0.00000000000 0.00000000000 0.00000000000 0.00000000000 0.00000000000 0.00000000000 0.00000000000 0.00000000000 0.00000000000 0.00000000000 0.00000000000 0.00000000000 0.00000000000 0.00000000000
# SelPars50:
2.02644119024
# SelPars95:
3.60551871144
# SelPars_dev50:
 0.00000000000 0.00000000000 0.00000000000 0.00000000000 0.00000000000 0.00000000000 0.00000000000 0.00000000000 0.00000000000 0.00000000000 0.00000000000 0.00000000000 0.00000000000 0.00000000000 0.00000000000 0.00000000000 0.00000000000 0.00000000000 0.00000000000 0.00000000000 0.00000000000 0.00000000000 0.00000000000 0.00000000000 0.00000000000 0.00000000000 0.00000000000 0.00000000000 0.00000000000 0.00000000000 0.00000000000 0.00000000000 0.00000000000 0.00000000000 0.00000000000 0.00000000000 0.00000000000 0.00000000000 0.00000000000 0.00000000000 0.00000000000 0.00000000000 0.00000000000 0.00000000000 0.00000000000 0.00000000000 0.00000000000 0.00000000000 0.00000000000 0.00000000000
# SelPars_dev95:
 0.00000000000 0.00000000000 0.00000000000 0.00000000000 0.00000000000 0.00000000000 0.00000000000 0.00000000000 0.00000000000 0.00000000000 0.00000000000 0.00000000000 0.00000000000 0.00000000000 0.00000000000 0.00000000000 0.00000000000 0.00000000000 0.00000000000 0.00000000000 0.00000000000 0.00000000000 0.00000000000 0.00000000000 0.00000000000 0.00000000000 0.00000000000 0.00000000000 0.00000000000 0.00000000000 0.00000000000 0.00000000000 0.00000000000 0.00000000000 0.00000000000 0.00000000000 0.00000000000 0.00000000000 0.00000000000 0.00000000000 0.00000000000 0.00000000000 0.00000000000 0.00000000000 0.00000000000 0.00000000000 0.00000000000 0.00000000000 0.00000000000 0.00000000000
