# Number of parameters = 230 Objective function value = 79087.8556294517  Maximum gradient component = 0.000606887452901770
# srv_sel50:
1.47012546717
# srv_sel95:
2.42537372536
# stNatLen:
 11.2215624568 11.0944905941 10.8959024267 10.7040845082 10.5186411788 10.3191666313 10.0972331001 9.85865179929 9.61491801748 9.37649359538 9.15049029409 8.94088117976 8.74940344881 8.57643205781 8.42158719755 8.28414559806 8.16325615671 8.05800465187 7.96758755589 7.89130197118 7.82854893861 7.77884140410 7.74170062857 7.71697815782 7.70468693427
# log_avg_fmort_dir:
-1.60925599190
# fmort_dir_dev:
 -1.82279555621 -1.82335392861 -1.36231409137 -1.00715064403 -0.903285546861 -0.515110936691 -0.370963672744 -0.220771834993 0.0195186731384 0.190201996862 0.267446163467 0.379188741038 0.347170673083 0.486596283779 0.518363530045 0.560595820295 0.621098994981 0.441685026736 0.358564639000 0.293899960491 0.374593518425 0.354045267168 0.357716171771 0.334191500772 0.258110320354 0.235728361660 0.250490186210 0.224345926812 0.170716898787 0.192766736343 0.0646931407942 0.0740004538190 0.104741515913 0.141735100096 0.204571669595 0.177213272977 0.187997263332 0.0628328901740 0.0838057848833 -0.0679535070262 -0.0359002411996 0.0194033922732 0.0669860891831 0.0984953783349 0.146261893453 0.137783304027 0.171013774434 0.162371893911 0.0701239611373 0.0675193526764 -0.108867609054 0.0488614797323 0.0567321427040 -0.0185105636370 -0.0573565055028 -0.348431597363 -0.0455013342158 -0.0779566530325 0.248056702789 -0.0292745114993 -0.235294373771 -0.403246591505 0.118330516173 -0.0673127286209 -0.0780131440642 -0.151200791626
# mean_log_rec:
11.1168031184
# rec_dev:
 0.303766247806 0.353893516016 0.419389934770 0.398677836790 0.352473901843 0.317241617932 0.268133242638 0.184402167536 0.0738280844584 0.0204332199280 0.00693288288023 0.000204671808176 -0.00805201415541 -0.0239950731434 -0.0527490914569 -0.104380791379 -0.139856098228 -0.135721095941 -0.123503962183 -0.138192413398 -0.196266424235 -0.226892484670 -0.238358626585 -0.240110064593 -0.255522398363 -0.258812250707 -0.235918739345 -0.220131254851 -0.218905605134 -0.174946906961 -0.122723259369 -0.115867075772 -0.214102355018 -0.331513347179 -0.303466903702 -0.210198454266 -0.133655059426 -0.0501161515272 0.0208733339060 0.0488225253337 0.0242141811633 0.00639393516252 -0.000204741054412 -0.0403607467395 -0.0702759170189 -0.0777079661349 -0.0958846210698 -0.106579462373 -0.0697727736118 -0.0272055717347 0.00945213898574 0.0473710380868 0.0739992923414 0.108596832914 0.168018386888 0.225229607145 0.268600045652 0.246461964249 0.189347294855 0.127049213739 0.0865467388383 0.0583809914014 0.0765051923720 0.129605676573 0.173551970974 0.173552016343
# log_avg_NatM:
-1.61470676596
# m_dev:
 -0.723253826985 -0.710678806373 -0.377541356086 0.211078205278 0.138214575694 0.0833712244732 0.104456025342 0.195655168835 0.268839771328 -0.158515482655 -0.318472717319 -0.361130343788 -0.446324554400 -0.480326112402 -0.423536687778 -0.212075401028 -0.212453958128 -0.297333847674 -0.288928304328 -0.0901839349870 0.122368404658 -0.0943115070691 -0.148667200933 -0.0575357939706 0.0152421718339 -0.124168131350 -0.227620163748 -0.0831158338656 -0.0200201267469 -0.279584849038 -0.301140031721 -0.100576822107 0.304395942274 0.494982179587 0.333948756420 0.0431895199097 -0.219889800344 -0.263043344438 -0.137589663113 0.172490669178 0.354944039175 0.244191778429 0.173471296782 0.356770062859 0.211373688660 0.119542869726 0.277848960369 0.203244770116 0.00901979911849 -0.0109036217839 0.0449935306776 0.127523259512 0.116772208518 0.163602786821 0.0714250622923 0.116231347852 0.122396501183 0.418485934113 0.438612126145 0.460704765020 0.375065750849 0.497724518368 0.260850254986 0.0138996133496 -0.252028082379 -0.245977233194
# log_avg_GrowthK:
-1.60943800000
# log_avg_Linf:
4.88280200000
# GrowthK_dev:
 0.00000000000 0.00000000000 0.00000000000 0.00000000000 0.00000000000 0.00000000000 0.00000000000 0.00000000000 0.00000000000 0.00000000000 0.00000000000 0.00000000000 0.00000000000 0.00000000000 0.00000000000 0.00000000000 0.00000000000 0.00000000000 0.00000000000 0.00000000000 0.00000000000 0.00000000000 0.00000000000 0.00000000000 0.00000000000 0.00000000000 0.00000000000 0.00000000000 0.00000000000 0.00000000000 0.00000000000 0.00000000000 0.00000000000 0.00000000000 0.00000000000 0.00000000000 0.00000000000 0.00000000000 0.00000000000 0.00000000000 0.00000000000 0.00000000000 0.00000000000 0.00000000000 0.00000000000 0.00000000000 0.00000000000 0.00000000000 0.00000000000 0.00000000000 0.00000000000 0.00000000000 0.00000000000 0.00000000000 0.00000000000 0.00000000000 0.00000000000 0.00000000000 0.00000000000 0.00000000000 0.00000000000 0.00000000000 0.00000000000 0.00000000000 0.00000000000 0.00000000000
# Linf_dev:
 0.00000000000 0.00000000000 0.00000000000 0.00000000000 0.00000000000 0.00000000000 0.00000000000 0.00000000000 0.00000000000 0.00000000000 0.00000000000 0.00000000000 0.00000000000 0.00000000000 0.00000000000 0.00000000000 0.00000000000 0.00000000000 0.00000000000 0.00000000000 0.00000000000 0.00000000000 0.00000000000 0.00000000000 0.00000000000 0.00000000000 0.00000000000 0.00000000000 0.00000000000 0.00000000000 0.00000000000 0.00000000000 0.00000000000 0.00000000000 0.00000000000 0.00000000000 0.00000000000 0.00000000000 0.00000000000 0.00000000000 0.00000000000 0.00000000000 0.00000000000 0.00000000000 0.00000000000 0.00000000000 0.00000000000 0.00000000000 0.00000000000 0.00000000000 0.00000000000 0.00000000000 0.00000000000 0.00000000000 0.00000000000 0.00000000000 0.00000000000 0.00000000000 0.00000000000 0.00000000000 0.00000000000 0.00000000000 0.00000000000 0.00000000000 0.00000000000 0.00000000000
# SelPars50:
2.01357208995
# SelPars95:
3.57523698798
# SelPars_dev50:
 0.00000000000 0.00000000000 0.00000000000 0.00000000000 0.00000000000 0.00000000000 0.00000000000 0.00000000000 0.00000000000 0.00000000000 0.00000000000 0.00000000000 0.00000000000 0.00000000000 0.00000000000 0.00000000000 0.00000000000 0.00000000000 0.00000000000 0.00000000000 0.00000000000 0.00000000000 0.00000000000 0.00000000000 0.00000000000 0.00000000000 0.00000000000 0.00000000000 0.00000000000 0.00000000000 0.00000000000 0.00000000000 0.00000000000 0.00000000000 0.00000000000 0.00000000000 0.00000000000 0.00000000000 0.00000000000 0.00000000000 0.00000000000 0.00000000000 0.00000000000 0.00000000000 0.00000000000 0.00000000000 0.00000000000 0.00000000000 0.00000000000 0.00000000000 0.00000000000 0.00000000000 0.00000000000 0.00000000000 0.00000000000 0.00000000000 0.00000000000 0.00000000000 0.00000000000 0.00000000000 0.00000000000 0.00000000000 0.00000000000 0.00000000000 0.00000000000 0.00000000000
# SelPars_dev95:
 0.00000000000 0.00000000000 0.00000000000 0.00000000000 0.00000000000 0.00000000000 0.00000000000 0.00000000000 0.00000000000 0.00000000000 0.00000000000 0.00000000000 0.00000000000 0.00000000000 0.00000000000 0.00000000000 0.00000000000 0.00000000000 0.00000000000 0.00000000000 0.00000000000 0.00000000000 0.00000000000 0.00000000000 0.00000000000 0.00000000000 0.00000000000 0.00000000000 0.00000000000 0.00000000000 0.00000000000 0.00000000000 0.00000000000 0.00000000000 0.00000000000 0.00000000000 0.00000000000 0.00000000000 0.00000000000 0.00000000000 0.00000000000 0.00000000000 0.00000000000 0.00000000000 0.00000000000 0.00000000000 0.00000000000 0.00000000000 0.00000000000 0.00000000000 0.00000000000 0.00000000000 0.00000000000 0.00000000000 0.00000000000 0.00000000000 0.00000000000 0.00000000000 0.00000000000 0.00000000000 0.00000000000 0.00000000000 0.00000000000 0.00000000000 0.00000000000 0.00000000000
