# Number of parameters = 221 Objective function value = 75462.4296906877  Maximum gradient component = 0.000537549554025737
# srv_sel50:
1.46795012684
# srv_sel95:
2.42040628218
# stNatLen:
 11.2206970679 11.0941181522 10.8959753405 10.7042710737 10.5187665317 10.3191980233 10.0971912232 9.85856387366 9.61480403266 9.37636632264 9.15035723587 8.94074690236 8.74927103104 8.57630335494 8.42146393516 8.28402874025 8.16314617641 8.05790166576 7.96749146319 7.89121224403 7.82846495664 7.77876228093 7.74162539559 7.71690546602 7.70461544197
# log_avg_fmort_dir:
-1.60449880060
# fmort_dir_dev:
 -1.82759575988 -1.82814701736 -1.36710188975 -1.01194716581 -0.908096835049 -0.519915995890 -0.375753766711 -0.225553892524 0.0147037228384 0.185349625701 0.262597922568 0.374337825347 0.342314217172 0.481754108698 0.513549161086 0.555769115701 0.616207723114 0.436767906242 0.353685485327 0.289060782965 0.369710655690 0.349104937264 0.352803447437 0.329306175112 0.253201815981 0.230791487283 0.245580549330 0.219454809482 0.165766951620 0.187777479379 0.0597580357005 0.0691424806419 0.0999138719877 0.136857950945 0.199620206968 0.172217536885 0.183004195213 0.0578805740354 0.0789083010634 -0.0728291659148 -0.0408233449036 0.0144430820304 0.0620531710457 0.0935694139885 0.141314376526 0.132865575197 0.166103599233 0.157415763780 0.0651555898598 0.0625781745418 -0.113788979879 0.0439367465891 0.0517996622595 -0.0234354120762 -0.0622327512250 -0.353199314482 -0.0501700992408 -0.0828822790088 0.241708243030 -0.0391931805980 -0.249463974837 -0.412858923980 0.145147292255
# mean_log_rec:
11.1076587327
# rec_dev:
 0.312113176098 0.362216809140 0.427610554904 0.406876194216 0.360623921507 0.325338562638 0.276156683916 0.192410325694 0.0818441543646 0.0283956749347 0.0148232523787 0.00806225394169 -0.000266989239634 -0.0162675463930 -0.0451091566050 -0.0967325336967 -0.132204370550 -0.128080346901 -0.115941775781 -0.130588780006 -0.188572907423 -0.219176021086 -0.230755665030 -0.232501695388 -0.247834719344 -0.251130085094 -0.228300893517 -0.212446856091 -0.211158132390 -0.167224613065 -0.115103458077 -0.108260196768 -0.206488409421 -0.323850798655 -0.295740710316 -0.202444595556 -0.126049828690 -0.0425761708573 0.0283578256965 0.0563711174676 0.0318654226456 0.0140465692399 0.00739671199114 -0.0327254539325 -0.0626178674111 -0.0701431127603 -0.0882665182169 -0.0989256378053 -0.0621556408200 -0.0195906265294 0.0170571292891 0.0550072053673 0.0816085705896 0.116175700924 0.175518006177 0.232657223336 0.276135559978 0.254891128411 0.200474551788 0.142548631886 0.0982394983677 0.0622048938376 0.0622048026921
# log_avg_NatM:
-1.60504980603
# m_dev:
 -0.733030869330 -0.720478358846 -0.387418887314 0.201059584302 0.128207167662 0.0733286802443 0.0943437764628 0.185413559553 0.258327904259 -0.169109139821 -0.329385162064 -0.372407210608 -0.457766154338 -0.491867711192 -0.435199094621 -0.224078376650 -0.224357636462 -0.308953563938 -0.300341846607 -0.101617919732 0.110790167988 -0.105545570303 -0.159870977819 -0.0688742931086 0.00377636256450 -0.135495969950 -0.238863872022 -0.0946060677796 -0.0316765769890 -0.290851265045 -0.312222074651 -0.111519034202 0.293497958460 0.484174481442 0.323087292493 0.0321557593623 -0.231027287993 -0.274269906876 -0.148795899260 0.161300449234 0.343907398260 0.233386801518 0.162743247661 0.345853713083 0.200538034402 0.108721999786 0.266809118565 0.192165043341 -0.00199703937178 -0.0219748595071 0.0339025464946 0.116440497602 0.105813767419 0.152712555721 0.0607888016187 0.105698080497 0.111561613000 0.405746573787 0.421565524463 0.437414593119 0.357344284879 0.529610695808 0.441414591348
# log_avg_GrowthK:
-1.60943800000
# log_avg_Linf:
4.88280200000
# GrowthK_dev:
 0.00000000000 0.00000000000 0.00000000000 0.00000000000 0.00000000000 0.00000000000 0.00000000000 0.00000000000 0.00000000000 0.00000000000 0.00000000000 0.00000000000 0.00000000000 0.00000000000 0.00000000000 0.00000000000 0.00000000000 0.00000000000 0.00000000000 0.00000000000 0.00000000000 0.00000000000 0.00000000000 0.00000000000 0.00000000000 0.00000000000 0.00000000000 0.00000000000 0.00000000000 0.00000000000 0.00000000000 0.00000000000 0.00000000000 0.00000000000 0.00000000000 0.00000000000 0.00000000000 0.00000000000 0.00000000000 0.00000000000 0.00000000000 0.00000000000 0.00000000000 0.00000000000 0.00000000000 0.00000000000 0.00000000000 0.00000000000 0.00000000000 0.00000000000 0.00000000000 0.00000000000 0.00000000000 0.00000000000 0.00000000000 0.00000000000 0.00000000000 0.00000000000 0.00000000000 0.00000000000 0.00000000000 0.00000000000 0.00000000000
# Linf_dev:
 0.00000000000 0.00000000000 0.00000000000 0.00000000000 0.00000000000 0.00000000000 0.00000000000 0.00000000000 0.00000000000 0.00000000000 0.00000000000 0.00000000000 0.00000000000 0.00000000000 0.00000000000 0.00000000000 0.00000000000 0.00000000000 0.00000000000 0.00000000000 0.00000000000 0.00000000000 0.00000000000 0.00000000000 0.00000000000 0.00000000000 0.00000000000 0.00000000000 0.00000000000 0.00000000000 0.00000000000 0.00000000000 0.00000000000 0.00000000000 0.00000000000 0.00000000000 0.00000000000 0.00000000000 0.00000000000 0.00000000000 0.00000000000 0.00000000000 0.00000000000 0.00000000000 0.00000000000 0.00000000000 0.00000000000 0.00000000000 0.00000000000 0.00000000000 0.00000000000 0.00000000000 0.00000000000 0.00000000000 0.00000000000 0.00000000000 0.00000000000 0.00000000000 0.00000000000 0.00000000000 0.00000000000 0.00000000000 0.00000000000
# SelPars50:
2.01116036089
# SelPars95:
3.56908285574
# SelPars_dev50:
 0.00000000000 0.00000000000 0.00000000000 0.00000000000 0.00000000000 0.00000000000 0.00000000000 0.00000000000 0.00000000000 0.00000000000 0.00000000000 0.00000000000 0.00000000000 0.00000000000 0.00000000000 0.00000000000 0.00000000000 0.00000000000 0.00000000000 0.00000000000 0.00000000000 0.00000000000 0.00000000000 0.00000000000 0.00000000000 0.00000000000 0.00000000000 0.00000000000 0.00000000000 0.00000000000 0.00000000000 0.00000000000 0.00000000000 0.00000000000 0.00000000000 0.00000000000 0.00000000000 0.00000000000 0.00000000000 0.00000000000 0.00000000000 0.00000000000 0.00000000000 0.00000000000 0.00000000000 0.00000000000 0.00000000000 0.00000000000 0.00000000000 0.00000000000 0.00000000000 0.00000000000 0.00000000000 0.00000000000 0.00000000000 0.00000000000 0.00000000000 0.00000000000 0.00000000000 0.00000000000 0.00000000000 0.00000000000 0.00000000000
# SelPars_dev95:
 0.00000000000 0.00000000000 0.00000000000 0.00000000000 0.00000000000 0.00000000000 0.00000000000 0.00000000000 0.00000000000 0.00000000000 0.00000000000 0.00000000000 0.00000000000 0.00000000000 0.00000000000 0.00000000000 0.00000000000 0.00000000000 0.00000000000 0.00000000000 0.00000000000 0.00000000000 0.00000000000 0.00000000000 0.00000000000 0.00000000000 0.00000000000 0.00000000000 0.00000000000 0.00000000000 0.00000000000 0.00000000000 0.00000000000 0.00000000000 0.00000000000 0.00000000000 0.00000000000 0.00000000000 0.00000000000 0.00000000000 0.00000000000 0.00000000000 0.00000000000 0.00000000000 0.00000000000 0.00000000000 0.00000000000 0.00000000000 0.00000000000 0.00000000000 0.00000000000 0.00000000000 0.00000000000 0.00000000000 0.00000000000 0.00000000000 0.00000000000 0.00000000000 0.00000000000 0.00000000000 0.00000000000 0.00000000000 0.00000000000
