# Number of parameters = 153 Objective function value = 73137.4  Maximum gradient component = 0.000578252
# srv_sel50:
1.65041954505
# srv_sel95:
2.92387504902
# stNatLen:
 11.8471281416 11.6699523556 11.4053858648 11.1809500031 11.0014583909 10.8292039463 10.6315183386 10.3973320224 10.1345148341 9.85880119329 9.58497838771 9.32346594252 9.08031330781 8.85840261044 8.65861687211 8.48074030873 8.32402805510 8.18753134687 8.07029826424 7.97145240559 7.89021813437 7.82595152598 7.77810506682 7.74633625866 7.73046120867
# log_avg_fmort_dir:
-1.60870212474
# fmort_dir_dev:
 -2.10664109966 -2.02367503241 -1.36765240519 -1.18483545251 -0.821183411168 -0.570813484979 -0.344941777109 -0.255155808736 -0.0518147032536 -0.0100029356679 0.146347698376 0.224794115184 0.281693931508 0.343812696030 0.413988326206 0.455078992654 0.346869283212 0.328983958751 0.383645054675 0.323204505507 0.231145015535 0.215187962342 0.304989174095 0.202261430005 0.161667436838 0.226258615337 0.122829776418 0.141806360269 0.146208652563 0.160935452314 0.0953460728953 0.0922031679656 0.0466369554845 0.0747707798329 0.0754191169726 0.0608174301792 0.125209680358 0.0810342669913 0.0289053787629 0.109995693237 0.0828604639858 0.155813597161 0.110456745297 0.00155810354934 0.0830539588134 0.0653785415146 0.0442367084760 0.0403571161378 0.0906507987505 0.163140098592 0.146680477151 0.141781906579 -0.0757817778760 0.227468712137 0.205509021823 0.116010626761 0.305570411269 0.398079427789 0.248492664393 0.141017503743 0.0923340241388
# mean_log_rec:
11.3463219668
# rec_dev:
 0.543997025505 0.519337334810 0.519183875904 0.513558484303 0.496877304278 0.475442601821 0.450033797957 0.422662583343 0.400455104682 0.390410421821 0.370952086136 0.337136406124 0.307585267361 0.240999090410 0.183298335082 0.138584071527 0.0855232364150 0.0400059936975 0.00368842107930 -0.0250190718239 -0.0684051348207 -0.0928258519959 -0.0823030136802 -0.0867390756577 -0.0887726570321 -0.0943427688711 -0.121612428166 -0.141540671952 -0.154698628307 -0.184167462920 -0.217637403887 -0.245467681930 -0.292040724575 -0.332474922401 -0.250999393825 -0.170415676925 -0.175000371665 -0.193498787806 -0.194017753562 -0.194177677025 -0.203731282596 -0.217926143774 -0.202742329283 -0.190034534119 -0.187163645178 -0.175215284781 -0.156147817047 -0.143442837033 -0.138375288498 -0.129723938200 -0.138774447978 -0.138293743003 -0.125864860265 -0.125484614875 -0.151472640771 -0.159909275952 -0.130536483596 -0.0849928047916 -0.0595249396855 -0.0871086965084 -0.0871086754924
# log_avg_NatM:
-1.47890400000
# m_dev:
 0.00000000000 0.00000000000 0.00000000000 0.00000000000 0.00000000000 0.00000000000 0.00000000000 0.00000000000 0.00000000000 0.00000000000 0.00000000000 0.00000000000 0.00000000000 0.00000000000 0.00000000000 0.00000000000 0.00000000000 0.00000000000 0.00000000000 0.00000000000 0.00000000000 0.00000000000 0.00000000000 0.00000000000 0.00000000000 0.00000000000 0.00000000000 0.00000000000 0.00000000000 0.00000000000 0.00000000000 0.00000000000 0.00000000000 0.00000000000 0.00000000000 0.00000000000 0.00000000000 0.00000000000 0.00000000000 0.00000000000 0.00000000000 0.00000000000 0.00000000000 0.00000000000 0.00000000000 0.00000000000 0.00000000000 0.00000000000 0.00000000000 0.00000000000 0.00000000000 0.00000000000 0.00000000000 0.00000000000 0.00000000000 0.00000000000 0.00000000000 0.00000000000 0.00000000000 0.00000000000 0.00000000000
# log_avg_GrowthK:
-1.60943800000
# log_avg_Linf:
4.88280200000
# GrowthK_dev:
 0.00000000000 0.00000000000 0.00000000000 0.00000000000 0.00000000000 0.00000000000 0.00000000000 0.00000000000 0.00000000000 0.00000000000 0.00000000000 0.00000000000 0.00000000000 0.00000000000 0.00000000000 0.00000000000 0.00000000000 0.00000000000 0.00000000000 0.00000000000 0.00000000000 0.00000000000 0.00000000000 0.00000000000 0.00000000000 0.00000000000 0.00000000000 0.00000000000 0.00000000000 0.00000000000 0.00000000000 0.00000000000 0.00000000000 0.00000000000 0.00000000000 0.00000000000 0.00000000000 0.00000000000 0.00000000000 0.00000000000 0.00000000000 0.00000000000 0.00000000000 0.00000000000 0.00000000000 0.00000000000 0.00000000000 0.00000000000 0.00000000000 0.00000000000 0.00000000000 0.00000000000 0.00000000000 0.00000000000 0.00000000000 0.00000000000 0.00000000000 0.00000000000 0.00000000000 0.00000000000 0.00000000000
# Linf_dev:
 0.00000000000 0.00000000000 0.00000000000 0.00000000000 0.00000000000 0.00000000000 0.00000000000 0.00000000000 0.00000000000 0.00000000000 0.00000000000 0.00000000000 0.00000000000 0.00000000000 0.00000000000 0.00000000000 0.00000000000 0.00000000000 0.00000000000 0.00000000000 0.00000000000 0.00000000000 0.00000000000 0.00000000000 0.00000000000 0.00000000000 0.00000000000 0.00000000000 0.00000000000 0.00000000000 0.00000000000 0.00000000000 0.00000000000 0.00000000000 0.00000000000 0.00000000000 0.00000000000 0.00000000000 0.00000000000 0.00000000000 0.00000000000 0.00000000000 0.00000000000 0.00000000000 0.00000000000 0.00000000000 0.00000000000 0.00000000000 0.00000000000 0.00000000000 0.00000000000 0.00000000000 0.00000000000 0.00000000000 0.00000000000 0.00000000000 0.00000000000 0.00000000000 0.00000000000 0.00000000000 0.00000000000
# SelPars50:
2.27802165798
# SelPars95:
4.18910565870
# SelPars_dev50:
 0.00000000000 0.00000000000 0.00000000000 0.00000000000 0.00000000000 0.00000000000 0.00000000000 0.00000000000 0.00000000000 0.00000000000 0.00000000000 0.00000000000 0.00000000000 0.00000000000 0.00000000000 0.00000000000 0.00000000000 0.00000000000 0.00000000000 0.00000000000 0.00000000000 0.00000000000 0.00000000000 0.00000000000 0.00000000000 0.00000000000 0.00000000000 0.00000000000 0.00000000000 0.00000000000 0.00000000000 0.00000000000 0.00000000000 0.00000000000 0.00000000000 0.00000000000 0.00000000000 0.00000000000 0.00000000000 0.00000000000 0.00000000000 0.00000000000 0.00000000000 0.00000000000 0.00000000000 0.00000000000 0.00000000000 0.00000000000 0.00000000000 0.00000000000 0.00000000000 0.00000000000 0.00000000000 0.00000000000 0.00000000000 0.00000000000 0.00000000000 0.00000000000 0.00000000000 0.00000000000 0.00000000000
# SelPars_dev95:
 0.00000000000 0.00000000000 0.00000000000 0.00000000000 0.00000000000 0.00000000000 0.00000000000 0.00000000000 0.00000000000 0.00000000000 0.00000000000 0.00000000000 0.00000000000 0.00000000000 0.00000000000 0.00000000000 0.00000000000 0.00000000000 0.00000000000 0.00000000000 0.00000000000 0.00000000000 0.00000000000 0.00000000000 0.00000000000 0.00000000000 0.00000000000 0.00000000000 0.00000000000 0.00000000000 0.00000000000 0.00000000000 0.00000000000 0.00000000000 0.00000000000 0.00000000000 0.00000000000 0.00000000000 0.00000000000 0.00000000000 0.00000000000 0.00000000000 0.00000000000 0.00000000000 0.00000000000 0.00000000000 0.00000000000 0.00000000000 0.00000000000 0.00000000000 0.00000000000 0.00000000000 0.00000000000 0.00000000000 0.00000000000 0.00000000000 0.00000000000 0.00000000000 0.00000000000 0.00000000000 0.00000000000
