# Number of parameters = 165 Objective function value = 80355.6  Maximum gradient component = 0.00159823
# srv_sel50:
1.64145298564
# srv_sel95:
2.89843737839
# stNatLen:
 11.8753610324 11.6951044170 11.4357430193 11.2137092728 11.0305368821 10.8509192793 10.6470124681 10.4115387877 10.1531682611 9.88623005002 9.62351706544 9.37381929309 9.14217054296 8.93090190019 8.74068200988 8.57123223857 8.42182176031 8.29158935693 8.17966610035 8.08525917158 8.00770619827 7.94644786490 7.90097266262 7.87092273921 7.85604271309
# log_avg_fmort_dir:
-1.60076442061
# fmort_dir_dev:
 -2.00088655169 -2.03198346706 -1.52786239762 -1.17470983800 -0.894701137645 -0.594196547347 -0.459506781380 -0.327125558118 -0.180810135985 0.0925520234542 0.0376833865465 0.127677703863 0.318703540277 0.274064342903 0.501030448312 0.408510744909 0.340299104693 0.392038216997 0.360773676996 0.350761718763 0.369047219435 0.246615644112 0.280969142243 0.309964126873 0.214711525199 0.140214761217 0.204849925683 0.135926893640 0.0910295566179 0.0353269298228 0.154341289252 0.0749039647085 0.139864819104 0.139909893879 0.0806329901495 0.0690043789355 0.132197318239 0.0434054492606 0.0937425400118 0.155636240176 0.122432796726 0.0790134101922 0.0659540929221 0.172257017423 0.0140857991113 -0.0516587791788 0.106149181781 0.0653038168129 0.107441434755 0.0975483073283 0.00764215034542 0.00454445396400 0.0724704939975 0.182787509998 0.277544236447 0.167998106255 0.393540357836 0.0797992972929 -0.210233044721 0.155685011884 0.373726019398 0.318006273443 0.185170271051 0.171553005459 0.122164594351 -0.132843874006 -0.0726890422947
# mean_log_rec:
11.3351984779
# rec_dev:
 0.594851051379 0.570093118435 0.569705117533 0.564398814963 0.546422686686 0.525304656572 0.506528926220 0.479422393120 0.452447788681 0.433979379951 0.408621210721 0.377343713636 0.336964690283 0.290306332059 0.243543394058 0.186350839011 0.125968780428 0.0773496790762 0.0495569869805 0.00439489303735 -0.0271296146842 -0.0568695351484 -0.0822260677120 -0.102919823374 -0.105757175566 -0.0851967193342 -0.0936652144649 -0.118176946985 -0.150613738540 -0.176601174162 -0.196861618650 -0.246818050990 -0.310664668767 -0.340497719245 -0.258549080374 -0.170447305321 -0.167970316302 -0.206081619625 -0.226483655748 -0.242056107429 -0.239895192032 -0.232163998613 -0.212842596112 -0.199342976060 -0.180228735059 -0.162434278091 -0.156722349288 -0.139960980397 -0.126813997522 -0.120347024893 -0.132238138061 -0.143789723397 -0.138493626688 -0.135364148191 -0.128408309180 -0.126579551147 -0.151733674481 -0.184088768383 -0.179583140745 -0.155638280765 -0.159506986258 -0.163374602018 -0.134388407035 -0.0908894073062 -0.0548775948131 -0.0641309259809 -0.0641308878921
# log_avg_NatM:
-1.47890400000
# m_dev:
 0.00000000000 0.00000000000 0.00000000000 0.00000000000 0.00000000000 0.00000000000 0.00000000000 0.00000000000 0.00000000000 0.00000000000 0.00000000000 0.00000000000 0.00000000000 0.00000000000 0.00000000000 0.00000000000 0.00000000000 0.00000000000 0.00000000000 0.00000000000 0.00000000000 0.00000000000 0.00000000000 0.00000000000 0.00000000000 0.00000000000 0.00000000000 0.00000000000 0.00000000000 0.00000000000 0.00000000000 0.00000000000 0.00000000000 0.00000000000 0.00000000000 0.00000000000 0.00000000000 0.00000000000 0.00000000000 0.00000000000 0.00000000000 0.00000000000 0.00000000000 0.00000000000 0.00000000000 0.00000000000 0.00000000000 0.00000000000 0.00000000000 0.00000000000 0.00000000000 0.00000000000 0.00000000000 0.00000000000 0.00000000000 0.00000000000 0.00000000000 0.00000000000 0.00000000000 0.00000000000 0.00000000000 0.00000000000 0.00000000000 0.00000000000 0.00000000000 0.00000000000 0.00000000000
# log_avg_GrowthK:
-1.60943800000
# log_avg_Linf:
4.88280200000
# GrowthK_dev:
 0.00000000000 0.00000000000 0.00000000000 0.00000000000 0.00000000000 0.00000000000 0.00000000000 0.00000000000 0.00000000000 0.00000000000 0.00000000000 0.00000000000 0.00000000000 0.00000000000 0.00000000000 0.00000000000 0.00000000000 0.00000000000 0.00000000000 0.00000000000 0.00000000000 0.00000000000 0.00000000000 0.00000000000 0.00000000000 0.00000000000 0.00000000000 0.00000000000 0.00000000000 0.00000000000 0.00000000000 0.00000000000 0.00000000000 0.00000000000 0.00000000000 0.00000000000 0.00000000000 0.00000000000 0.00000000000 0.00000000000 0.00000000000 0.00000000000 0.00000000000 0.00000000000 0.00000000000 0.00000000000 0.00000000000 0.00000000000 0.00000000000 0.00000000000 0.00000000000 0.00000000000 0.00000000000 0.00000000000 0.00000000000 0.00000000000 0.00000000000 0.00000000000 0.00000000000 0.00000000000 0.00000000000 0.00000000000 0.00000000000 0.00000000000 0.00000000000 0.00000000000 0.00000000000
# Linf_dev:
 0.00000000000 0.00000000000 0.00000000000 0.00000000000 0.00000000000 0.00000000000 0.00000000000 0.00000000000 0.00000000000 0.00000000000 0.00000000000 0.00000000000 0.00000000000 0.00000000000 0.00000000000 0.00000000000 0.00000000000 0.00000000000 0.00000000000 0.00000000000 0.00000000000 0.00000000000 0.00000000000 0.00000000000 0.00000000000 0.00000000000 0.00000000000 0.00000000000 0.00000000000 0.00000000000 0.00000000000 0.00000000000 0.00000000000 0.00000000000 0.00000000000 0.00000000000 0.00000000000 0.00000000000 0.00000000000 0.00000000000 0.00000000000 0.00000000000 0.00000000000 0.00000000000 0.00000000000 0.00000000000 0.00000000000 0.00000000000 0.00000000000 0.00000000000 0.00000000000 0.00000000000 0.00000000000 0.00000000000 0.00000000000 0.00000000000 0.00000000000 0.00000000000 0.00000000000 0.00000000000 0.00000000000 0.00000000000 0.00000000000 0.00000000000 0.00000000000 0.00000000000 0.00000000000
# SelPars50:
2.26072391326
# SelPars95:
4.14781923556
# SelPars_dev50:
 0.00000000000 0.00000000000 0.00000000000 0.00000000000 0.00000000000 0.00000000000 0.00000000000 0.00000000000 0.00000000000 0.00000000000 0.00000000000 0.00000000000 0.00000000000 0.00000000000 0.00000000000 0.00000000000 0.00000000000 0.00000000000 0.00000000000 0.00000000000 0.00000000000 0.00000000000 0.00000000000 0.00000000000 0.00000000000 0.00000000000 0.00000000000 0.00000000000 0.00000000000 0.00000000000 0.00000000000 0.00000000000 0.00000000000 0.00000000000 0.00000000000 0.00000000000 0.00000000000 0.00000000000 0.00000000000 0.00000000000 0.00000000000 0.00000000000 0.00000000000 0.00000000000 0.00000000000 0.00000000000 0.00000000000 0.00000000000 0.00000000000 0.00000000000 0.00000000000 0.00000000000 0.00000000000 0.00000000000 0.00000000000 0.00000000000 0.00000000000 0.00000000000 0.00000000000 0.00000000000 0.00000000000 0.00000000000 0.00000000000 0.00000000000 0.00000000000 0.00000000000 0.00000000000
# SelPars_dev95:
 0.00000000000 0.00000000000 0.00000000000 0.00000000000 0.00000000000 0.00000000000 0.00000000000 0.00000000000 0.00000000000 0.00000000000 0.00000000000 0.00000000000 0.00000000000 0.00000000000 0.00000000000 0.00000000000 0.00000000000 0.00000000000 0.00000000000 0.00000000000 0.00000000000 0.00000000000 0.00000000000 0.00000000000 0.00000000000 0.00000000000 0.00000000000 0.00000000000 0.00000000000 0.00000000000 0.00000000000 0.00000000000 0.00000000000 0.00000000000 0.00000000000 0.00000000000 0.00000000000 0.00000000000 0.00000000000 0.00000000000 0.00000000000 0.00000000000 0.00000000000 0.00000000000 0.00000000000 0.00000000000 0.00000000000 0.00000000000 0.00000000000 0.00000000000 0.00000000000 0.00000000000 0.00000000000 0.00000000000 0.00000000000 0.00000000000 0.00000000000 0.00000000000 0.00000000000 0.00000000000 0.00000000000 0.00000000000 0.00000000000 0.00000000000 0.00000000000 0.00000000000 0.00000000000
