# Number of parameters = 197 Objective function value = 65824.3936095309  Maximum gradient component = 0.00142184016173421
# srv_sel50:
1.47401299785
# srv_sel95:
2.42716319215
# stNatLen:
 11.4119139041 11.2700957517 11.0667967577 10.8757677137 10.6902587457 10.4884437510 10.2636659972 10.0237075738 9.78086391381 9.54541309832 9.32385595250 9.11952332268 8.93366968810 8.76630989323 8.61686109527 8.48446490112 8.36818942666 8.26713931955 8.18046431387 8.10744411885 8.04747848366 8.00008196714 7.96480820812 7.94145942531 7.92984076372
# log_avg_fmort_dir:
-1.63244253352
# fmort_dir_dev:
 -1.87178560132 -1.86876685535 -1.32578011079 -0.832701058143 -0.633354832404 -0.462935886253 -0.179050123475 -0.170270704412 0.0303360931430 0.0916058327208 0.133433175160 0.232513225327 0.324796487998 0.361598678435 0.521143102366 0.535707855242 0.594050814233 0.451934602946 0.420056941602 0.391781751764 0.239347699214 0.298709615066 0.290653845859 0.334722429412 0.350683262790 0.196209483826 0.289041522778 0.251421043803 0.272202434288 0.201867439988 0.176434958972 0.111924880152 0.00929554004685 0.174548213853 0.0207603124213 0.00504506199609 0.0443751413598 0.186002434411 0.0521985545692 -0.0288304642356 0.0226224702025 -0.177685604391 -0.187374372616 -0.175048282377 0.0124703663887 -0.0149241934437 -0.00213600502972 -0.0110464161866 -0.0816742068996 0.00983279088899 0.287429620985 -0.0187018841467 -0.129379698797 -0.0480375909239 0.292726206990
# mean_log_rec:
11.1549925300
# rec_dev:
 0.333520690084 0.309763529788 0.296680736581 0.243773864136 0.191563418884 0.158009688833 0.141085921444 0.131519808337 0.146297541490 0.175425728521 0.191450935548 0.182027779271 0.121281354020 0.0432445922746 -0.0564513827221 -0.145363580529 -0.149103971908 -0.124568544084 -0.0967378457513 -0.0885503066516 -0.120364069082 -0.170407752218 -0.221919024336 -0.237466816751 -0.282203377200 -0.286929346465 -0.276196915018 -0.268779765311 -0.253665339936 -0.244900026870 -0.238798545884 -0.233151570046 -0.243011585082 -0.216867892722 -0.0928419194420 -0.0220257670965 -0.0723016057892 -0.0937011873978 -0.0283709927481 0.0847646448054 0.199776348580 0.276247927333 0.230122191810 0.0850082881469 0.0440722299001 0.0395344898608 0.0463976153865 0.0534056567426 0.0462149756623 0.00663187166025 -0.00115888265904 0.0407222249984 0.119498170903 0.163897965887 0.163897822814
# log_avg_NatM:
-1.58440793987
# m_dev:
 -0.0770764110616 -0.0282445582859 -0.0329617642017 0.223883815913 0.0808055827452 -0.00860154872917 -0.0820995142321 -0.148668414172 -0.364508853415 -0.404758336123 -0.342795098972 -0.203621684865 0.0419037622822 -0.0232376485965 0.161548119804 -0.0340113052947 -0.478061134296 -0.549487063824 -0.386030532206 -0.141021786414 0.0464719524197 0.122557667193 0.0796990902978 -0.0697110035464 0.169258391652 -0.170633999890 -0.143335058144 -0.172915182871 -0.188156235293 -0.111322504961 -0.0270795842600 0.0171855266671 -0.0520878786293 -0.0484156486403 0.0625907650090 0.194211126644 0.424159269316 0.238024427405 -0.0808599738828 -0.345523457764 -0.206304186841 -0.0221031490545 0.489927430412 0.751294819618 0.296192753567 0.309518074404 0.167056191494 0.232985740748 0.250674276439 0.391434479440 0.225913095632 0.0516266764546 -0.0701569851649 0.00992660440551 -0.0250591363324
# log_avg_GrowthK:
-1.60943800000
# log_avg_Linf:
4.88280200000
# GrowthK_dev:
 0.00000000000 0.00000000000 0.00000000000 0.00000000000 0.00000000000 0.00000000000 0.00000000000 0.00000000000 0.00000000000 0.00000000000 0.00000000000 0.00000000000 0.00000000000 0.00000000000 0.00000000000 0.00000000000 0.00000000000 0.00000000000 0.00000000000 0.00000000000 0.00000000000 0.00000000000 0.00000000000 0.00000000000 0.00000000000 0.00000000000 0.00000000000 0.00000000000 0.00000000000 0.00000000000 0.00000000000 0.00000000000 0.00000000000 0.00000000000 0.00000000000 0.00000000000 0.00000000000 0.00000000000 0.00000000000 0.00000000000 0.00000000000 0.00000000000 0.00000000000 0.00000000000 0.00000000000 0.00000000000 0.00000000000 0.00000000000 0.00000000000 0.00000000000 0.00000000000 0.00000000000 0.00000000000 0.00000000000 0.00000000000
# Linf_dev:
 0.00000000000 0.00000000000 0.00000000000 0.00000000000 0.00000000000 0.00000000000 0.00000000000 0.00000000000 0.00000000000 0.00000000000 0.00000000000 0.00000000000 0.00000000000 0.00000000000 0.00000000000 0.00000000000 0.00000000000 0.00000000000 0.00000000000 0.00000000000 0.00000000000 0.00000000000 0.00000000000 0.00000000000 0.00000000000 0.00000000000 0.00000000000 0.00000000000 0.00000000000 0.00000000000 0.00000000000 0.00000000000 0.00000000000 0.00000000000 0.00000000000 0.00000000000 0.00000000000 0.00000000000 0.00000000000 0.00000000000 0.00000000000 0.00000000000 0.00000000000 0.00000000000 0.00000000000 0.00000000000 0.00000000000 0.00000000000 0.00000000000 0.00000000000 0.00000000000 0.00000000000 0.00000000000 0.00000000000 0.00000000000
# SelPars50:
2.03274633205
# SelPars95:
3.62114207313
# SelPars_dev50:
 0.00000000000 0.00000000000 0.00000000000 0.00000000000 0.00000000000 0.00000000000 0.00000000000 0.00000000000 0.00000000000 0.00000000000 0.00000000000 0.00000000000 0.00000000000 0.00000000000 0.00000000000 0.00000000000 0.00000000000 0.00000000000 0.00000000000 0.00000000000 0.00000000000 0.00000000000 0.00000000000 0.00000000000 0.00000000000 0.00000000000 0.00000000000 0.00000000000 0.00000000000 0.00000000000 0.00000000000 0.00000000000 0.00000000000 0.00000000000 0.00000000000 0.00000000000 0.00000000000 0.00000000000 0.00000000000 0.00000000000 0.00000000000 0.00000000000 0.00000000000 0.00000000000 0.00000000000 0.00000000000 0.00000000000 0.00000000000 0.00000000000 0.00000000000 0.00000000000 0.00000000000 0.00000000000 0.00000000000 0.00000000000
# SelPars_dev95:
 0.00000000000 0.00000000000 0.00000000000 0.00000000000 0.00000000000 0.00000000000 0.00000000000 0.00000000000 0.00000000000 0.00000000000 0.00000000000 0.00000000000 0.00000000000 0.00000000000 0.00000000000 0.00000000000 0.00000000000 0.00000000000 0.00000000000 0.00000000000 0.00000000000 0.00000000000 0.00000000000 0.00000000000 0.00000000000 0.00000000000 0.00000000000 0.00000000000 0.00000000000 0.00000000000 0.00000000000 0.00000000000 0.00000000000 0.00000000000 0.00000000000 0.00000000000 0.00000000000 0.00000000000 0.00000000000 0.00000000000 0.00000000000 0.00000000000 0.00000000000 0.00000000000 0.00000000000 0.00000000000 0.00000000000 0.00000000000 0.00000000000 0.00000000000 0.00000000000 0.00000000000 0.00000000000 0.00000000000 0.00000000000
