# Number of parameters = 135 Objective function value = 62277.1517633016  Maximum gradient component = 0.000188856798442302
# srv_sel50:
1.70450311750
# srv_sel95:
3.09048951354
# stNatLen:
 11.8251958544 11.6367800964 11.3737912795 11.1534764485 10.9683770099 10.7820528439 10.5727504019 10.3390554693 10.0911133061 9.84128886909 9.59940941756 9.37177050538 9.16174135656 8.97072347765 8.79895991927 8.64607373707 8.51138985621 8.39410743543 8.29348634169 8.20882470213 8.13954625773 8.08500052640 8.04463266498 8.01792956918 8.00465807270
# log_avg_fmort_dir:
-1.62539265144
# fmort_dir_dev:
 -2.03066160601 -2.03043487244 -1.39768365003 -1.09256344419 -0.808247713103 -0.664123325117 -0.330697921989 -0.358998477262 -0.120097459512 0.0397776093144 0.177860039896 0.239120656060 0.390760058627 0.366741882400 0.402755832391 0.461840130125 0.460089849554 0.437350983872 0.470949857051 0.319706453444 0.298057169673 0.332309856141 0.323103039840 0.262607340404 0.281981423709 0.228079532162 0.192567564807 0.177694908238 0.200410385995 0.104602205973 0.155588706093 0.170871031429 0.0952125475290 0.131423560723 0.0905774145126 0.213844286509 0.0847759854231 0.142014344265 0.0664840289889 0.123590392623 0.110278853106 0.0562992880422 0.0431342749433 0.167791613066 0.133441522375 0.154482446347 0.168587951242 0.0899366960475 0.0848510504472 0.0158577514410 0.193013229446 0.173084715385
# mean_log_rec:
11.3617388573
# rec_dev:
 0.503706463556 0.481525639894 0.486881068365 0.493412751694 0.482786052746 0.468431161591 0.453223302951 0.442423061444 0.410628432855 0.360121639863 0.309849313375 0.268532819780 0.235431188912 0.209327739105 0.185914729852 0.137138930230 0.0705480699473 0.00904775725290 -0.0196204970769 -0.0467013612388 -0.0794348164563 -0.0992956554787 -0.119167404154 -0.138708980402 -0.154360118942 -0.164192963258 -0.180327586568 -0.200427257856 -0.204768163194 -0.217840002033 -0.255517852772 -0.283862512854 -0.328423896963 -0.362086810157 -0.284715772954 -0.208720992401 -0.210234847094 -0.230687197377 -0.262427395731 -0.262073788514 -0.228536809101 -0.211202122748 -0.200756595074 -0.193262525895 -0.186769364904 -0.177385796070 -0.173837980701 -0.138030741802 -0.0733224814952 -0.0233191995890 -0.0444553177548 -0.0444553148035
# log_avg_NatM:
-1.47890400000
# m_dev:
 0.00000000000 0.00000000000 0.00000000000 0.00000000000 0.00000000000 0.00000000000 0.00000000000 0.00000000000 0.00000000000 0.00000000000 0.00000000000 0.00000000000 0.00000000000 0.00000000000 0.00000000000 0.00000000000 0.00000000000 0.00000000000 0.00000000000 0.00000000000 0.00000000000 0.00000000000 0.00000000000 0.00000000000 0.00000000000 0.00000000000 0.00000000000 0.00000000000 0.00000000000 0.00000000000 0.00000000000 0.00000000000 0.00000000000 0.00000000000 0.00000000000 0.00000000000 0.00000000000 0.00000000000 0.00000000000 0.00000000000 0.00000000000 0.00000000000 0.00000000000 0.00000000000 0.00000000000 0.00000000000 0.00000000000 0.00000000000 0.00000000000 0.00000000000 0.00000000000 0.00000000000
# log_avg_GrowthK:
-1.60943800000
# log_avg_Linf:
4.88280200000
# GrowthK_dev:
 0.00000000000 0.00000000000 0.00000000000 0.00000000000 0.00000000000 0.00000000000 0.00000000000 0.00000000000 0.00000000000 0.00000000000 0.00000000000 0.00000000000 0.00000000000 0.00000000000 0.00000000000 0.00000000000 0.00000000000 0.00000000000 0.00000000000 0.00000000000 0.00000000000 0.00000000000 0.00000000000 0.00000000000 0.00000000000 0.00000000000 0.00000000000 0.00000000000 0.00000000000 0.00000000000 0.00000000000 0.00000000000 0.00000000000 0.00000000000 0.00000000000 0.00000000000 0.00000000000 0.00000000000 0.00000000000 0.00000000000 0.00000000000 0.00000000000 0.00000000000 0.00000000000 0.00000000000 0.00000000000 0.00000000000 0.00000000000 0.00000000000 0.00000000000 0.00000000000 0.00000000000
# Linf_dev:
 0.00000000000 0.00000000000 0.00000000000 0.00000000000 0.00000000000 0.00000000000 0.00000000000 0.00000000000 0.00000000000 0.00000000000 0.00000000000 0.00000000000 0.00000000000 0.00000000000 0.00000000000 0.00000000000 0.00000000000 0.00000000000 0.00000000000 0.00000000000 0.00000000000 0.00000000000 0.00000000000 0.00000000000 0.00000000000 0.00000000000 0.00000000000 0.00000000000 0.00000000000 0.00000000000 0.00000000000 0.00000000000 0.00000000000 0.00000000000 0.00000000000 0.00000000000 0.00000000000 0.00000000000 0.00000000000 0.00000000000 0.00000000000 0.00000000000 0.00000000000 0.00000000000 0.00000000000 0.00000000000 0.00000000000 0.00000000000 0.00000000000 0.00000000000 0.00000000000 0.00000000000
# SelPars50:
2.30711194815
# SelPars95:
4.22869836488
# SelPars_dev50:
 0.00000000000 0.00000000000 0.00000000000 0.00000000000 0.00000000000 0.00000000000 0.00000000000 0.00000000000 0.00000000000 0.00000000000 0.00000000000 0.00000000000 0.00000000000 0.00000000000 0.00000000000 0.00000000000 0.00000000000 0.00000000000 0.00000000000 0.00000000000 0.00000000000 0.00000000000 0.00000000000 0.00000000000 0.00000000000 0.00000000000 0.00000000000 0.00000000000 0.00000000000 0.00000000000 0.00000000000 0.00000000000 0.00000000000 0.00000000000 0.00000000000 0.00000000000 0.00000000000 0.00000000000 0.00000000000 0.00000000000 0.00000000000 0.00000000000 0.00000000000 0.00000000000 0.00000000000 0.00000000000 0.00000000000 0.00000000000 0.00000000000 0.00000000000 0.00000000000 0.00000000000
# SelPars_dev95:
 0.00000000000 0.00000000000 0.00000000000 0.00000000000 0.00000000000 0.00000000000 0.00000000000 0.00000000000 0.00000000000 0.00000000000 0.00000000000 0.00000000000 0.00000000000 0.00000000000 0.00000000000 0.00000000000 0.00000000000 0.00000000000 0.00000000000 0.00000000000 0.00000000000 0.00000000000 0.00000000000 0.00000000000 0.00000000000 0.00000000000 0.00000000000 0.00000000000 0.00000000000 0.00000000000 0.00000000000 0.00000000000 0.00000000000 0.00000000000 0.00000000000 0.00000000000 0.00000000000 0.00000000000 0.00000000000 0.00000000000 0.00000000000 0.00000000000 0.00000000000 0.00000000000 0.00000000000 0.00000000000 0.00000000000 0.00000000000 0.00000000000 0.00000000000 0.00000000000 0.00000000000
