# Number of parameters = 131 Objective function value = 59853.7  Maximum gradient component = 0.000177791
# srv_sel50:
1.67376311077
# srv_sel95:
2.98760913397
# stNatLen:
 11.8807447723 11.6984117800 11.4303573699 11.2046587735 11.0238016542 10.8494730777 10.6504433353 10.4171672671 10.1578051709 9.88737792749 9.61970918517 9.36444583974 9.12718114869 8.91058576376 8.71546613342 8.54161547965 8.38829484503 8.25460834277 8.13963652246 8.04262091920 7.96285891852 7.89973965368 7.85282108653 7.82172449604 7.80623157417
# log_avg_fmort_dir:
-1.66647475181
# fmort_dir_dev:
 -1.98918435847 -1.94450956263 -1.33695955726 -1.08093187761 -0.716935752079 -0.596479923877 -0.279573131221 -0.159127527025 -0.0890139814238 0.0894396960712 0.122866988667 0.252182901237 0.301036793729 0.383529873349 0.459199060584 0.493097689445 0.494784217709 0.469197717111 0.538147581754 0.412361641447 0.271939312650 0.289332814807 0.446461968648 0.329339377352 0.288857217291 0.208340223437 0.186383626639 0.211881994380 0.193799998349 0.146937693438 0.0702346222341 0.126547562623 0.177322912086 0.116546675174 0.0104502309148 0.120133125475 0.0980554805364 0.209057988919 0.231328527529 0.112372723714 0.0487022937182 0.0499897023437 0.0252477198564 0.114789281589 0.0185543278297 0.0553839186704 0.0675781417121 -0.00340169126888 -0.0355760706538 -0.00972018950058
# mean_log_rec:
11.3912693164
# rec_dev:
 0.534483485506 0.507417546837 0.498470185328 0.488057245115 0.462851431696 0.419539931383 0.387595631606 0.360886473634 0.336178552938 0.308514323386 0.282995992486 0.241120980904 0.208686008041 0.184412721303 0.153934597020 0.108944504568 0.0541330557733 -0.00387044204505 -0.0433901784308 -0.0515559796396 -0.0807171115403 -0.100808968630 -0.108854279922 -0.135279668176 -0.168712161769 -0.176990282585 -0.182331626160 -0.204827545273 -0.218267837496 -0.243394939552 -0.284794034791 -0.331447446261 -0.372173584463 -0.380593707254 -0.283087853181 -0.204250818644 -0.217974053699 -0.260330589892 -0.277528219998 -0.258757936670 -0.230848003888 -0.212067784727 -0.197305718863 -0.168505039249 -0.126900627024 -0.0961763600380 -0.0231166768337 0.0425249964344 0.0320558985210 0.0320559142185
# log_avg_NatM:
-1.48501500000
# m_dev:
 0.00000000000 0.00000000000 0.00000000000 0.00000000000 0.00000000000 0.00000000000 0.00000000000 0.00000000000 0.00000000000 0.00000000000 0.00000000000 0.00000000000 0.00000000000 0.00000000000 0.00000000000 0.00000000000 0.00000000000 0.00000000000 0.00000000000 0.00000000000 0.00000000000 0.00000000000 0.00000000000 0.00000000000 0.00000000000 0.00000000000 0.00000000000 0.00000000000 0.00000000000 0.00000000000 0.00000000000 0.00000000000 0.00000000000 0.00000000000 0.00000000000 0.00000000000 0.00000000000 0.00000000000 0.00000000000 0.00000000000 0.00000000000 0.00000000000 0.00000000000 0.00000000000 0.00000000000 0.00000000000 0.00000000000 0.00000000000 0.00000000000 0.00000000000
# log_avg_GrowthK:
-1.58505200000
# log_avg_Linf:
4.94823800000
# GrowthK_dev:
 0.00000000000 0.00000000000 0.00000000000 0.00000000000 0.00000000000 0.00000000000 0.00000000000 0.00000000000 0.00000000000 0.00000000000 0.00000000000 0.00000000000 0.00000000000 0.00000000000 0.00000000000 0.00000000000 0.00000000000 0.00000000000 0.00000000000 0.00000000000 0.00000000000 0.00000000000 0.00000000000 0.00000000000 0.00000000000 0.00000000000 0.00000000000 0.00000000000 0.00000000000 0.00000000000 0.00000000000 0.00000000000 0.00000000000 0.00000000000 0.00000000000 0.00000000000 0.00000000000 0.00000000000 0.00000000000 0.00000000000 0.00000000000 0.00000000000 0.00000000000 0.00000000000 0.00000000000 0.00000000000 0.00000000000 0.00000000000 0.00000000000 0.00000000000
# Linf_dev:
 0.00000000000 0.00000000000 0.00000000000 0.00000000000 0.00000000000 0.00000000000 0.00000000000 0.00000000000 0.00000000000 0.00000000000 0.00000000000 0.00000000000 0.00000000000 0.00000000000 0.00000000000 0.00000000000 0.00000000000 0.00000000000 0.00000000000 0.00000000000 0.00000000000 0.00000000000 0.00000000000 0.00000000000 0.00000000000 0.00000000000 0.00000000000 0.00000000000 0.00000000000 0.00000000000 0.00000000000 0.00000000000 0.00000000000 0.00000000000 0.00000000000 0.00000000000 0.00000000000 0.00000000000 0.00000000000 0.00000000000 0.00000000000 0.00000000000 0.00000000000 0.00000000000 0.00000000000 0.00000000000 0.00000000000 0.00000000000 0.00000000000 0.00000000000
# SelPars50:
2.30055287815
# SelPars95:
4.22885647280
# SelPars_dev50:
 0.00000000000 0.00000000000 0.00000000000 0.00000000000 0.00000000000 0.00000000000 0.00000000000 0.00000000000 0.00000000000 0.00000000000 0.00000000000 0.00000000000 0.00000000000 0.00000000000 0.00000000000 0.00000000000 0.00000000000 0.00000000000 0.00000000000 0.00000000000 0.00000000000 0.00000000000 0.00000000000 0.00000000000 0.00000000000 0.00000000000 0.00000000000 0.00000000000 0.00000000000 0.00000000000 0.00000000000 0.00000000000 0.00000000000 0.00000000000 0.00000000000 0.00000000000 0.00000000000 0.00000000000 0.00000000000 0.00000000000 0.00000000000 0.00000000000 0.00000000000 0.00000000000 0.00000000000 0.00000000000 0.00000000000 0.00000000000 0.00000000000 0.00000000000
# SelPars_dev95:
 0.00000000000 0.00000000000 0.00000000000 0.00000000000 0.00000000000 0.00000000000 0.00000000000 0.00000000000 0.00000000000 0.00000000000 0.00000000000 0.00000000000 0.00000000000 0.00000000000 0.00000000000 0.00000000000 0.00000000000 0.00000000000 0.00000000000 0.00000000000 0.00000000000 0.00000000000 0.00000000000 0.00000000000 0.00000000000 0.00000000000 0.00000000000 0.00000000000 0.00000000000 0.00000000000 0.00000000000 0.00000000000 0.00000000000 0.00000000000 0.00000000000 0.00000000000 0.00000000000 0.00000000000 0.00000000000 0.00000000000 0.00000000000 0.00000000000 0.00000000000 0.00000000000 0.00000000000 0.00000000000 0.00000000000 0.00000000000 0.00000000000 0.00000000000
