# Number of parameters = 143 Objective function value = 66938.4  Maximum gradient component = 0.000728491
# srv_sel50:
1.65735680790
# srv_sel95:
2.94130222426
# stNatLen:
 11.8178785255 11.6103803164 11.3111615099 11.0522453960 10.8364677077 10.6300154798 10.4066427058 10.1592720677 9.89524419276 9.62692915329 9.36538046785 9.11816154080 8.88953980391 8.68141808731 8.49422678679 8.32759511987 8.18076689055 8.05284379976 7.94293326336 7.85021209777 7.77395539027 7.71354581116 7.66853109708 7.63859359251 7.62366104773
# log_avg_fmort_dir:
-1.49044295440
# fmort_dir_dev:
 -0.849800620379 -0.663561727513 -0.566695958447 -0.456382307251 -0.213753726924 -0.256101921246 -0.0957181328975 0.0737238312138 0.193293323191 0.246769390320 0.292085707504 0.264677307519 0.386129411747 0.259827658588 0.205322399203 0.162487521427 0.101960035820 0.161594843696 0.132447190121 0.0968551010596 0.0372672746761 0.143414604002 -1.32621951197e-005 -0.00965064927832 0.0152445413079 -0.00879439375799 -0.0493721965035 0.00335618095079 -0.0852495672117 0.0608948412375 0.0630965893317 -0.0240281942739 0.0608956374122 0.0223133061510 0.0143667637427 0.0908341350491 0.00725091111080 -0.0246005220816 -0.0347497553648 -0.00984757265647 -0.0610219855471 -0.0352464584718 -0.103918650538 -0.0569702317238 -0.0850811545413 -0.0649262552143 0.318967334528 0.0864776339738 0.155650521482 -0.0968492246490 0.123715398265 0.0914817345704 0.0255835578845 -0.119441202266 -0.0435416697405 0.117332653588
# mean_log_rec:
11.3286654852
# rec_dev:
 0.503463879376 0.472356566763 0.460655828400 0.455453895376 0.446351956597 0.431398134157 0.402553299330 0.357243381194 0.301549899709 0.251746239593 0.214007841160 0.156972874255 0.101693546584 0.0508251445162 0.0154494845614 0.00366111853175 -0.0312392117076 -0.0615667758093 -0.0721168673639 -0.106255826248 -0.115558925248 -0.108459258238 -0.124476058853 -0.148395543270 -0.175196882814 -0.192949249367 -0.215632379019 -0.247619107426 -0.297071886826 -0.321263772704 -0.221858878203 -0.128979368801 -0.123930534936 -0.134155328334 -0.133805684320 -0.136050658143 -0.139347973997 -0.158158844957 -0.164613577658 -0.150822571889 -0.140900506045 -0.144741139552 -0.153472420147 -0.138984843151 -0.118909436729 -0.112746455321 -0.100270010440 -0.110388985621 -0.110750521542 -0.0805980215430 -0.0420663238635 -0.0194600552304 0.0330074476245 0.102767625457 0.110827861094 0.110827861036
# log_avg_NatM:
-1.47890400000
# m_dev:
 0.00000000000 0.00000000000 0.00000000000 0.00000000000 0.00000000000 0.00000000000 0.00000000000 0.00000000000 0.00000000000 0.00000000000 0.00000000000 0.00000000000 0.00000000000 0.00000000000 0.00000000000 0.00000000000 0.00000000000 0.00000000000 0.00000000000 0.00000000000 0.00000000000 0.00000000000 0.00000000000 0.00000000000 0.00000000000 0.00000000000 0.00000000000 0.00000000000 0.00000000000 0.00000000000 0.00000000000 0.00000000000 0.00000000000 0.00000000000 0.00000000000 0.00000000000 0.00000000000 0.00000000000 0.00000000000 0.00000000000 0.00000000000 0.00000000000 0.00000000000 0.00000000000 0.00000000000 0.00000000000 0.00000000000 0.00000000000 0.00000000000 0.00000000000 0.00000000000 0.00000000000 0.00000000000 0.00000000000 0.00000000000 0.00000000000
# log_avg_GrowthK:
-1.60943800000
# log_avg_Linf:
4.88280200000
# GrowthK_dev:
 0.00000000000 0.00000000000 0.00000000000 0.00000000000 0.00000000000 0.00000000000 0.00000000000 0.00000000000 0.00000000000 0.00000000000 0.00000000000 0.00000000000 0.00000000000 0.00000000000 0.00000000000 0.00000000000 0.00000000000 0.00000000000 0.00000000000 0.00000000000 0.00000000000 0.00000000000 0.00000000000 0.00000000000 0.00000000000 0.00000000000 0.00000000000 0.00000000000 0.00000000000 0.00000000000 0.00000000000 0.00000000000 0.00000000000 0.00000000000 0.00000000000 0.00000000000 0.00000000000 0.00000000000 0.00000000000 0.00000000000 0.00000000000 0.00000000000 0.00000000000 0.00000000000 0.00000000000 0.00000000000 0.00000000000 0.00000000000 0.00000000000 0.00000000000 0.00000000000 0.00000000000 0.00000000000 0.00000000000 0.00000000000 0.00000000000
# Linf_dev:
 0.00000000000 0.00000000000 0.00000000000 0.00000000000 0.00000000000 0.00000000000 0.00000000000 0.00000000000 0.00000000000 0.00000000000 0.00000000000 0.00000000000 0.00000000000 0.00000000000 0.00000000000 0.00000000000 0.00000000000 0.00000000000 0.00000000000 0.00000000000 0.00000000000 0.00000000000 0.00000000000 0.00000000000 0.00000000000 0.00000000000 0.00000000000 0.00000000000 0.00000000000 0.00000000000 0.00000000000 0.00000000000 0.00000000000 0.00000000000 0.00000000000 0.00000000000 0.00000000000 0.00000000000 0.00000000000 0.00000000000 0.00000000000 0.00000000000 0.00000000000 0.00000000000 0.00000000000 0.00000000000 0.00000000000 0.00000000000 0.00000000000 0.00000000000 0.00000000000 0.00000000000 0.00000000000 0.00000000000 0.00000000000 0.00000000000
# SelPars50:
2.25819187233
# SelPars95:
4.12372614516
# SelPars_dev50:
 0.00000000000 0.00000000000 0.00000000000 0.00000000000 0.00000000000 0.00000000000 0.00000000000 0.00000000000 0.00000000000 0.00000000000 0.00000000000 0.00000000000 0.00000000000 0.00000000000 0.00000000000 0.00000000000 0.00000000000 0.00000000000 0.00000000000 0.00000000000 0.00000000000 0.00000000000 0.00000000000 0.00000000000 0.00000000000 0.00000000000 0.00000000000 0.00000000000 0.00000000000 0.00000000000 0.00000000000 0.00000000000 0.00000000000 0.00000000000 0.00000000000 0.00000000000 0.00000000000 0.00000000000 0.00000000000 0.00000000000 0.00000000000 0.00000000000 0.00000000000 0.00000000000 0.00000000000 0.00000000000 0.00000000000 0.00000000000 0.00000000000 0.00000000000 0.00000000000 0.00000000000 0.00000000000 0.00000000000 0.00000000000 0.00000000000
# SelPars_dev95:
 0.00000000000 0.00000000000 0.00000000000 0.00000000000 0.00000000000 0.00000000000 0.00000000000 0.00000000000 0.00000000000 0.00000000000 0.00000000000 0.00000000000 0.00000000000 0.00000000000 0.00000000000 0.00000000000 0.00000000000 0.00000000000 0.00000000000 0.00000000000 0.00000000000 0.00000000000 0.00000000000 0.00000000000 0.00000000000 0.00000000000 0.00000000000 0.00000000000 0.00000000000 0.00000000000 0.00000000000 0.00000000000 0.00000000000 0.00000000000 0.00000000000 0.00000000000 0.00000000000 0.00000000000 0.00000000000 0.00000000000 0.00000000000 0.00000000000 0.00000000000 0.00000000000 0.00000000000 0.00000000000 0.00000000000 0.00000000000 0.00000000000 0.00000000000 0.00000000000 0.00000000000 0.00000000000 0.00000000000 0.00000000000 0.00000000000
