# Number of parameters = 145 Objective function value = 68448.5  Maximum gradient component = 0.000881323
# srv_sel50:
1.49330498384
# srv_sel95:
2.48629562451
# stNatLen:
 11.4158037900 11.2738708654 11.0760883726 10.8898926936 10.7027059320 10.4932812181 10.2603086552 10.0163494445 9.77543528849 9.54725582340 9.33683978423 9.14601210545 8.97479355427 8.82234072241 8.68750800186 8.56901922363 8.46574099123 8.37665353260 8.30086637465 8.23753494712 8.18593505181 8.14548513759 8.11567918868 8.09598910208 8.08614620743
# log_avg_fmort_dir:
-1.68644157391
# fmort_dir_dev:
 -1.69580851457 -1.67169382873 -1.37998117230 -1.02296511674 -0.589453996319 -0.501565922589 -0.352014941842 -0.200212803455 -0.0772011434079 0.0580234815185 0.153704536551 0.278242814797 0.300381398973 0.472749339850 0.446251307119 0.539184080549 0.489313301736 0.381998083857 0.449143632959 0.437079178857 0.485290438216 0.445118283822 0.400997395456 0.388363926350 0.414046036749 0.275500732150 0.360374931999 0.268181154965 0.306256634674 0.239197759022 0.196106675869 0.199412343958 0.115102737822 0.113057539850 -0.0257637825477 -0.0461561381918 0.0374592743427 0.0910941862599 0.146161069653 0.0632232103465 0.0152163965348 0.00553850271706 0.0388563177131 0.101033981897 0.0715717772148 0.0340778563037 0.123724825078 0.164929950088 0.118829266911 -0.00900908586337 -0.450617578299 -0.0986243021150 -0.201963848348 -0.264382521614 -0.308651430795 -0.206078866709 -0.122649368287
# mean_log_rec:
11.1067758170
# rec_dev:
 0.372862467074 0.359152313846 0.369363677692 0.365229083232 0.364922307376 0.370823403097 0.361598194369 0.343219588010 0.325830719763 0.309248856207 0.272981442890 0.238476996691 0.205488335409 0.178473463991 0.144657055656 0.110790740217 0.0795694746995 0.0426842691591 -0.00113000228016 -0.0415350321626 -0.0569038942816 -0.0725559789537 -0.0721910210016 -0.0854743023202 -0.0930690676926 -0.130555322699 -0.152469173310 -0.141760552538 -0.143713485441 -0.148481928253 -0.148115288225 -0.136663051237 -0.135678221692 -0.139554889299 -0.138263722404 -0.129746539665 -0.132403772885 -0.144065665639 -0.128695263498 -0.116822509735 -0.120863411013 -0.121632418186 -0.127531822686 -0.127061827844 -0.125620665749 -0.133109519156 -0.151158829444 -0.155109530573 -0.150485161220 -0.158194968740 -0.161292522837 -0.148380271000 -0.138256380955 -0.134382255100 -0.125659214252 -0.123392496301 -0.123392409110
# log_avg_NatM:
-1.56622300000
# m_dev:
 0.00000000000 0.00000000000 0.00000000000 0.00000000000 0.00000000000 0.00000000000 0.00000000000 0.00000000000 0.00000000000 0.00000000000 0.00000000000 0.00000000000 0.00000000000 0.00000000000 0.00000000000 0.00000000000 0.00000000000 0.00000000000 0.00000000000 0.00000000000 0.00000000000 0.00000000000 0.00000000000 0.00000000000 0.00000000000 0.00000000000 0.00000000000 0.00000000000 0.00000000000 0.00000000000 0.00000000000 0.00000000000 0.00000000000 0.00000000000 0.00000000000 0.00000000000 0.00000000000 0.00000000000 0.00000000000 0.00000000000 0.00000000000 0.00000000000 0.00000000000 0.00000000000 0.00000000000 0.00000000000 0.00000000000 0.00000000000 0.00000000000 0.00000000000 0.00000000000 0.00000000000 0.00000000000 0.00000000000 0.00000000000 0.00000000000 0.00000000000
# log_avg_GrowthK:
-1.59908100000
# log_avg_Linf:
4.84591300000
# GrowthK_dev:
 0.00000000000 0.00000000000 0.00000000000 0.00000000000 0.00000000000 0.00000000000 0.00000000000 0.00000000000 0.00000000000 0.00000000000 0.00000000000 0.00000000000 0.00000000000 0.00000000000 0.00000000000 0.00000000000 0.00000000000 0.00000000000 0.00000000000 0.00000000000 0.00000000000 0.00000000000 0.00000000000 0.00000000000 0.00000000000 0.00000000000 0.00000000000 0.00000000000 0.00000000000 0.00000000000 0.00000000000 0.00000000000 0.00000000000 0.00000000000 0.00000000000 0.00000000000 0.00000000000 0.00000000000 0.00000000000 0.00000000000 0.00000000000 0.00000000000 0.00000000000 0.00000000000 0.00000000000 0.00000000000 0.00000000000 0.00000000000 0.00000000000 0.00000000000 0.00000000000 0.00000000000 0.00000000000 0.00000000000 0.00000000000 0.00000000000 0.00000000000
# Linf_dev:
 0.00000000000 0.00000000000 0.00000000000 0.00000000000 0.00000000000 0.00000000000 0.00000000000 0.00000000000 0.00000000000 0.00000000000 0.00000000000 0.00000000000 0.00000000000 0.00000000000 0.00000000000 0.00000000000 0.00000000000 0.00000000000 0.00000000000 0.00000000000 0.00000000000 0.00000000000 0.00000000000 0.00000000000 0.00000000000 0.00000000000 0.00000000000 0.00000000000 0.00000000000 0.00000000000 0.00000000000 0.00000000000 0.00000000000 0.00000000000 0.00000000000 0.00000000000 0.00000000000 0.00000000000 0.00000000000 0.00000000000 0.00000000000 0.00000000000 0.00000000000 0.00000000000 0.00000000000 0.00000000000 0.00000000000 0.00000000000 0.00000000000 0.00000000000 0.00000000000 0.00000000000 0.00000000000 0.00000000000 0.00000000000 0.00000000000 0.00000000000
# SelPars50:
2.02584539121
# SelPars95:
3.59062761961
# SelPars_dev50:
 0.00000000000 0.00000000000 0.00000000000 0.00000000000 0.00000000000 0.00000000000 0.00000000000 0.00000000000 0.00000000000 0.00000000000 0.00000000000 0.00000000000 0.00000000000 0.00000000000 0.00000000000 0.00000000000 0.00000000000 0.00000000000 0.00000000000 0.00000000000 0.00000000000 0.00000000000 0.00000000000 0.00000000000 0.00000000000 0.00000000000 0.00000000000 0.00000000000 0.00000000000 0.00000000000 0.00000000000 0.00000000000 0.00000000000 0.00000000000 0.00000000000 0.00000000000 0.00000000000 0.00000000000 0.00000000000 0.00000000000 0.00000000000 0.00000000000 0.00000000000 0.00000000000 0.00000000000 0.00000000000 0.00000000000 0.00000000000 0.00000000000 0.00000000000 0.00000000000 0.00000000000 0.00000000000 0.00000000000 0.00000000000 0.00000000000 0.00000000000
# SelPars_dev95:
 0.00000000000 0.00000000000 0.00000000000 0.00000000000 0.00000000000 0.00000000000 0.00000000000 0.00000000000 0.00000000000 0.00000000000 0.00000000000 0.00000000000 0.00000000000 0.00000000000 0.00000000000 0.00000000000 0.00000000000 0.00000000000 0.00000000000 0.00000000000 0.00000000000 0.00000000000 0.00000000000 0.00000000000 0.00000000000 0.00000000000 0.00000000000 0.00000000000 0.00000000000 0.00000000000 0.00000000000 0.00000000000 0.00000000000 0.00000000000 0.00000000000 0.00000000000 0.00000000000 0.00000000000 0.00000000000 0.00000000000 0.00000000000 0.00000000000 0.00000000000 0.00000000000 0.00000000000 0.00000000000 0.00000000000 0.00000000000 0.00000000000 0.00000000000 0.00000000000 0.00000000000 0.00000000000 0.00000000000 0.00000000000 0.00000000000 0.00000000000
