# Number of parameters = 163 Objective function value = 79443.2119956860  Maximum gradient component = 4.86311003664926e-05
# srv_sel50:
1.50342873521
# srv_sel95:
2.51248383563
# stNatLen:
 11.4358759796 11.2884373030 11.0848071930 10.8957052905 10.7082288396 10.4997304787 10.2677255602 10.0241849067 9.78302220177 9.55406053625 9.34252269197 9.15039918380 8.97784354229 8.82410421999 8.68804763428 8.56848406870 8.46427524769 8.37434652727 8.29775629795 8.23372492151 8.18153370518 8.14061324406 8.11034147175 8.09034926843 8.08041501799
# log_avg_fmort_dir:
-1.69807982095
# fmort_dir_dev:
 -1.81917103854 -1.83055523889 -1.30976857168 -0.864828394847 -0.696177754601 -0.481926787224 -0.285347174889 -0.172282340641 0.0272927946032 0.109172642275 0.107751855047 0.347030462546 0.463450789252 0.399264102106 0.546798410859 0.553475709835 0.574548220906 0.528875012183 0.477484848593 0.396513553436 0.443861361176 0.418391826002 0.454139482496 0.360041869104 0.289482292140 0.316390572657 0.321403127048 0.319287705459 0.217011042178 0.211577387329 0.142181431853 0.134550974176 0.141039590026 0.107032984159 -0.00689508084559 0.141181739581 -0.0204117678631 0.0397672170762 0.0398998266380 0.0703768439822 0.135713002841 0.180217362889 0.133386968613 0.0984454098077 0.0645495971478 0.199472048570 0.0879578210866 0.0618310545643 0.0706789136974 0.162211517432 -0.227662857090 -0.198856007949 -0.242579885643 -0.335971585500 -0.189341485829 -0.112513100140 0.0676142651802 0.0159524805104 -0.0479518944149 -0.0737192224232 0.0841669980207 -0.0887126017834 -0.307268852532 -0.399465721668 -0.173575904865 -0.176489845218
# mean_log_rec:
11.1342300612
# rec_dev:
 0.370963451182 0.349949293852 0.361470191852 0.369940163654 0.371398101830 0.367803554675 0.363876684454 0.357864429495 0.338929053458 0.324418649049 0.295354802880 0.255450662252 0.222887755618 0.178341701269 0.125373035319 0.0654577184178 0.00224504363308 -0.0375021071418 -0.0642064692551 -0.0817253499206 -0.104304364927 -0.131921355967 -0.146309757029 -0.161797723606 -0.169937117525 -0.184137828753 -0.197359296077 -0.210040837645 -0.206562090812 -0.179879307278 -0.173321300710 -0.164706531115 -0.154948739716 -0.132817829096 -0.122547514583 -0.122991194453 -0.119836989376 -0.119312265973 -0.113044426448 -0.111267375752 -0.0986379945595 -0.0835080011792 -0.0797359488203 -0.0808497515754 -0.0873302014723 -0.0845008529736 -0.0807717436705 -0.0851210701884 -0.0858566114760 -0.0855631681819 -0.0784547631356 -0.0652510674573 -0.0555852622515 -0.0530630096998 -0.0353147773758 -0.0171412376510 -0.00904315770159 -0.0227113612142 -0.0435220171932 -0.0489664533920 -0.0546060324522 -0.0617195029136 -0.0442739209447 -0.0233759875732 -0.0231713128673 -0.0231713118086
# log_avg_NatM:
-1.60943800000
# m_dev:
 0.00000000000 0.00000000000 0.00000000000 0.00000000000 0.00000000000 0.00000000000 0.00000000000 0.00000000000 0.00000000000 0.00000000000 0.00000000000 0.00000000000 0.00000000000 0.00000000000 0.00000000000 0.00000000000 0.00000000000 0.00000000000 0.00000000000 0.00000000000 0.00000000000 0.00000000000 0.00000000000 0.00000000000 0.00000000000 0.00000000000 0.00000000000 0.00000000000 0.00000000000 0.00000000000 0.00000000000 0.00000000000 0.00000000000 0.00000000000 0.00000000000 0.00000000000 0.00000000000 0.00000000000 0.00000000000 0.00000000000 0.00000000000 0.00000000000 0.00000000000 0.00000000000 0.00000000000 0.00000000000 0.00000000000 0.00000000000 0.00000000000 0.00000000000 0.00000000000 0.00000000000 0.00000000000 0.00000000000 0.00000000000 0.00000000000 0.00000000000 0.00000000000 0.00000000000 0.00000000000 0.00000000000 0.00000000000 0.00000000000 0.00000000000 0.00000000000 0.00000000000
# log_avg_GrowthK:
-1.60943800000
# log_avg_Linf:
4.88280200000
# GrowthK_dev:
 0.00000000000 0.00000000000 0.00000000000 0.00000000000 0.00000000000 0.00000000000 0.00000000000 0.00000000000 0.00000000000 0.00000000000 0.00000000000 0.00000000000 0.00000000000 0.00000000000 0.00000000000 0.00000000000 0.00000000000 0.00000000000 0.00000000000 0.00000000000 0.00000000000 0.00000000000 0.00000000000 0.00000000000 0.00000000000 0.00000000000 0.00000000000 0.00000000000 0.00000000000 0.00000000000 0.00000000000 0.00000000000 0.00000000000 0.00000000000 0.00000000000 0.00000000000 0.00000000000 0.00000000000 0.00000000000 0.00000000000 0.00000000000 0.00000000000 0.00000000000 0.00000000000 0.00000000000 0.00000000000 0.00000000000 0.00000000000 0.00000000000 0.00000000000 0.00000000000 0.00000000000 0.00000000000 0.00000000000 0.00000000000 0.00000000000 0.00000000000 0.00000000000 0.00000000000 0.00000000000 0.00000000000 0.00000000000 0.00000000000 0.00000000000 0.00000000000 0.00000000000
# Linf_dev:
 0.00000000000 0.00000000000 0.00000000000 0.00000000000 0.00000000000 0.00000000000 0.00000000000 0.00000000000 0.00000000000 0.00000000000 0.00000000000 0.00000000000 0.00000000000 0.00000000000 0.00000000000 0.00000000000 0.00000000000 0.00000000000 0.00000000000 0.00000000000 0.00000000000 0.00000000000 0.00000000000 0.00000000000 0.00000000000 0.00000000000 0.00000000000 0.00000000000 0.00000000000 0.00000000000 0.00000000000 0.00000000000 0.00000000000 0.00000000000 0.00000000000 0.00000000000 0.00000000000 0.00000000000 0.00000000000 0.00000000000 0.00000000000 0.00000000000 0.00000000000 0.00000000000 0.00000000000 0.00000000000 0.00000000000 0.00000000000 0.00000000000 0.00000000000 0.00000000000 0.00000000000 0.00000000000 0.00000000000 0.00000000000 0.00000000000 0.00000000000 0.00000000000 0.00000000000 0.00000000000 0.00000000000 0.00000000000 0.00000000000 0.00000000000 0.00000000000 0.00000000000
# SelPars50:
2.04684786364
# SelPars95:
3.64860403199
# SelPars_dev50:
 0.00000000000 0.00000000000 0.00000000000 0.00000000000 0.00000000000 0.00000000000 0.00000000000 0.00000000000 0.00000000000 0.00000000000 0.00000000000 0.00000000000 0.00000000000 0.00000000000 0.00000000000 0.00000000000 0.00000000000 0.00000000000 0.00000000000 0.00000000000 0.00000000000 0.00000000000 0.00000000000 0.00000000000 0.00000000000 0.00000000000 0.00000000000 0.00000000000 0.00000000000 0.00000000000 0.00000000000 0.00000000000 0.00000000000 0.00000000000 0.00000000000 0.00000000000 0.00000000000 0.00000000000 0.00000000000 0.00000000000 0.00000000000 0.00000000000 0.00000000000 0.00000000000 0.00000000000 0.00000000000 0.00000000000 0.00000000000 0.00000000000 0.00000000000 0.00000000000 0.00000000000 0.00000000000 0.00000000000 0.00000000000 0.00000000000 0.00000000000 0.00000000000 0.00000000000 0.00000000000 0.00000000000 0.00000000000 0.00000000000 0.00000000000 0.00000000000 0.00000000000
# SelPars_dev95:
 0.00000000000 0.00000000000 0.00000000000 0.00000000000 0.00000000000 0.00000000000 0.00000000000 0.00000000000 0.00000000000 0.00000000000 0.00000000000 0.00000000000 0.00000000000 0.00000000000 0.00000000000 0.00000000000 0.00000000000 0.00000000000 0.00000000000 0.00000000000 0.00000000000 0.00000000000 0.00000000000 0.00000000000 0.00000000000 0.00000000000 0.00000000000 0.00000000000 0.00000000000 0.00000000000 0.00000000000 0.00000000000 0.00000000000 0.00000000000 0.00000000000 0.00000000000 0.00000000000 0.00000000000 0.00000000000 0.00000000000 0.00000000000 0.00000000000 0.00000000000 0.00000000000 0.00000000000 0.00000000000 0.00000000000 0.00000000000 0.00000000000 0.00000000000 0.00000000000 0.00000000000 0.00000000000 0.00000000000 0.00000000000 0.00000000000 0.00000000000 0.00000000000 0.00000000000 0.00000000000 0.00000000000 0.00000000000 0.00000000000 0.00000000000 0.00000000000 0.00000000000
