# Number of parameters = 139 Objective function value = 64762.0135595856  Maximum gradient component = 0.000145495105293781
# srv_sel50:
1.50346879248
# srv_sel95:
2.51288011963
# stNatLen:
 11.4360069740 11.2882812371 11.0837544622 10.8941959390 10.7066395676 10.4981683741 10.2662082361 10.0227435725 9.78170728764 9.55292184339 9.34159693052 9.14970708554 8.97739174135 8.82388869924 8.68805695150 8.56870189415 8.46468231897 8.37492192600 8.29847833000 8.23457181102 8.18248388461 8.14164559480 8.11143511634 8.09148371945 8.08156999558
# log_avg_fmort_dir:
-1.66710261648
# fmort_dir_dev:
 -1.84890719917 -1.86048661671 -1.33964085873 -0.894641809456 -0.725951021304 -0.511660823541 -0.315039680881 -0.201933505705 -0.00229980883923 0.0796312804373 0.0782474280615 0.317607212779 0.434121387812 0.369996106913 0.517616531337 0.524368916269 0.545512053335 0.499873759324 0.448489541583 0.367502500299 0.414854526870 0.389377755055 0.425133961035 0.331021667050 0.260424204869 0.287319736915 0.292322024401 0.290204518900 0.187909347691 0.182466459572 0.113056118808 0.105413172170 0.111909437516 0.0779091304029 -0.0360252647108 0.112102733423 -0.0494610165887 0.0107991600236 0.0110519630420 0.0417091339701 0.107328818726 0.152246363771 0.105937261973 0.0716920618620 0.0387637621715 0.175138643874 0.0655182104267 0.0418285661134 0.0539769145441 0.150064710413 -0.235179370940 -0.201207505063 -0.239334582742 -0.328678019349
# mean_log_rec:
11.1361513577
# rec_dev:
 0.368664744807 0.347711076958 0.359208554802 0.367644852645 0.369040400123 0.365370463530 0.361485303544 0.355357877325 0.336382398088 0.321837591226 0.292693701263 0.252837114946 0.220220265140 0.175561801470 0.122711153897 0.0627149496965 -0.000547881457350 -0.0401927869085 -0.0668228515519 -0.0843940937171 -0.107057875583 -0.134589476688 -0.149078304743 -0.164489013080 -0.172672940707 -0.186932078239 -0.200107642334 -0.212889906487 -0.209219474551 -0.182639939013 -0.176155941265 -0.167568294990 -0.157878743478 -0.135793685242 -0.125741293973 -0.126313453659 -0.123387398858 -0.123222558064 -0.117424845770 -0.116242551876 -0.104518321779 -0.0907209073894 -0.0886357543363 -0.0919512899130 -0.101279545308 -0.101955680289 -0.102380185103 -0.111336106444 -0.116668055263 -0.118854774378 -0.109128204082 -0.0911602469804 -0.0847450714101 -0.0847450745516
# log_avg_NatM:
-1.60943800000
# m_dev:
 0.00000000000 0.00000000000 0.00000000000 0.00000000000 0.00000000000 0.00000000000 0.00000000000 0.00000000000 0.00000000000 0.00000000000 0.00000000000 0.00000000000 0.00000000000 0.00000000000 0.00000000000 0.00000000000 0.00000000000 0.00000000000 0.00000000000 0.00000000000 0.00000000000 0.00000000000 0.00000000000 0.00000000000 0.00000000000 0.00000000000 0.00000000000 0.00000000000 0.00000000000 0.00000000000 0.00000000000 0.00000000000 0.00000000000 0.00000000000 0.00000000000 0.00000000000 0.00000000000 0.00000000000 0.00000000000 0.00000000000 0.00000000000 0.00000000000 0.00000000000 0.00000000000 0.00000000000 0.00000000000 0.00000000000 0.00000000000 0.00000000000 0.00000000000 0.00000000000 0.00000000000 0.00000000000 0.00000000000
# log_avg_GrowthK:
-1.60943800000
# log_avg_Linf:
4.88280200000
# GrowthK_dev:
 0.00000000000 0.00000000000 0.00000000000 0.00000000000 0.00000000000 0.00000000000 0.00000000000 0.00000000000 0.00000000000 0.00000000000 0.00000000000 0.00000000000 0.00000000000 0.00000000000 0.00000000000 0.00000000000 0.00000000000 0.00000000000 0.00000000000 0.00000000000 0.00000000000 0.00000000000 0.00000000000 0.00000000000 0.00000000000 0.00000000000 0.00000000000 0.00000000000 0.00000000000 0.00000000000 0.00000000000 0.00000000000 0.00000000000 0.00000000000 0.00000000000 0.00000000000 0.00000000000 0.00000000000 0.00000000000 0.00000000000 0.00000000000 0.00000000000 0.00000000000 0.00000000000 0.00000000000 0.00000000000 0.00000000000 0.00000000000 0.00000000000 0.00000000000 0.00000000000 0.00000000000 0.00000000000 0.00000000000
# Linf_dev:
 0.00000000000 0.00000000000 0.00000000000 0.00000000000 0.00000000000 0.00000000000 0.00000000000 0.00000000000 0.00000000000 0.00000000000 0.00000000000 0.00000000000 0.00000000000 0.00000000000 0.00000000000 0.00000000000 0.00000000000 0.00000000000 0.00000000000 0.00000000000 0.00000000000 0.00000000000 0.00000000000 0.00000000000 0.00000000000 0.00000000000 0.00000000000 0.00000000000 0.00000000000 0.00000000000 0.00000000000 0.00000000000 0.00000000000 0.00000000000 0.00000000000 0.00000000000 0.00000000000 0.00000000000 0.00000000000 0.00000000000 0.00000000000 0.00000000000 0.00000000000 0.00000000000 0.00000000000 0.00000000000 0.00000000000 0.00000000000 0.00000000000 0.00000000000 0.00000000000 0.00000000000 0.00000000000 0.00000000000
# SelPars50:
2.05530727086
# SelPars95:
3.67041253753
# SelPars_dev50:
 0.00000000000 0.00000000000 0.00000000000 0.00000000000 0.00000000000 0.00000000000 0.00000000000 0.00000000000 0.00000000000 0.00000000000 0.00000000000 0.00000000000 0.00000000000 0.00000000000 0.00000000000 0.00000000000 0.00000000000 0.00000000000 0.00000000000 0.00000000000 0.00000000000 0.00000000000 0.00000000000 0.00000000000 0.00000000000 0.00000000000 0.00000000000 0.00000000000 0.00000000000 0.00000000000 0.00000000000 0.00000000000 0.00000000000 0.00000000000 0.00000000000 0.00000000000 0.00000000000 0.00000000000 0.00000000000 0.00000000000 0.00000000000 0.00000000000 0.00000000000 0.00000000000 0.00000000000 0.00000000000 0.00000000000 0.00000000000 0.00000000000 0.00000000000 0.00000000000 0.00000000000 0.00000000000 0.00000000000
# SelPars_dev95:
 0.00000000000 0.00000000000 0.00000000000 0.00000000000 0.00000000000 0.00000000000 0.00000000000 0.00000000000 0.00000000000 0.00000000000 0.00000000000 0.00000000000 0.00000000000 0.00000000000 0.00000000000 0.00000000000 0.00000000000 0.00000000000 0.00000000000 0.00000000000 0.00000000000 0.00000000000 0.00000000000 0.00000000000 0.00000000000 0.00000000000 0.00000000000 0.00000000000 0.00000000000 0.00000000000 0.00000000000 0.00000000000 0.00000000000 0.00000000000 0.00000000000 0.00000000000 0.00000000000 0.00000000000 0.00000000000 0.00000000000 0.00000000000 0.00000000000 0.00000000000 0.00000000000 0.00000000000 0.00000000000 0.00000000000 0.00000000000 0.00000000000 0.00000000000 0.00000000000 0.00000000000 0.00000000000 0.00000000000
