# Number of parameters = 161 Objective function value = 78212.0  Maximum gradient component = 0.00870786
# srv_sel50:
1.52585793939
# srv_sel95:
2.57633661598
# stNatLen:
 11.4146523706 11.2636695695 11.0554135829 10.8643036119 10.6792629003 10.4764743918 10.2502424901 10.0099062072 9.76848365154 9.53615917121 9.31900677957 9.11988491786 8.93964385844 8.77801959698 8.63422108220 8.50725855187 8.39605693302 8.29964184823 8.21716441059 8.14781143571 8.09096017997 8.04610431489 8.01272277003 7.99055412115 7.97951091547
# log_avg_fmort_dir:
-1.65462738241
# fmort_dir_dev:
 -1.73494645475 -1.72713311104 -1.18917753983 -0.905481639959 -0.736909963447 -0.492381455077 -0.373576172666 -0.178196448477 -0.0612636754385 0.136132923050 0.196964772226 0.327247185469 0.423278963301 0.318643250184 0.538810773466 0.500318155762 0.529772556154 0.434230002960 0.412318666937 0.436873539045 0.525575021041 0.382211191978 0.463675144519 0.451954937562 0.398878038057 0.303837355513 0.257319707423 0.242604044996 0.282504907136 0.203541671366 0.181428920485 0.196394466201 0.125279999598 0.0833112881318 -0.0131600726143 0.0401175241294 0.138203713490 0.0717097129307 0.0189895776697 0.0921199890504 0.0678265257014 0.0429838416155 0.0390649847400 0.0667239362984 0.00844849354340 0.0646451886902 0.0221602106522 0.00873092222696 0.102180857488 0.0294876023015 -0.155582927237 -0.206637056524 -0.286697745261 -0.185744430558 -0.0976426266050 -0.178800926535 -0.104251007676 -0.109564683840 -0.00403306483964 0.0317323161610 0.0239199059684 0.0390494643335 -0.0904650568219 -0.280804372614 -0.148751817741
# mean_log_rec:
11.1437661689
# rec_dev:
 0.330516037730 0.304928805853 0.311257210988 0.317599616741 0.319786902011 0.327746757499 0.324701830392 0.316986178738 0.309467308946 0.292941478481 0.266248185231 0.236969783142 0.207283128110 0.158999447511 0.0947799545973 0.0439404609623 0.00440307782727 -0.0250390072123 -0.0371950132081 -0.0657779987745 -0.0865347471332 -0.104697624270 -0.141118168733 -0.165736029548 -0.167550683328 -0.180457105264 -0.198784506929 -0.214553687299 -0.225708258820 -0.217405924785 -0.206177333095 -0.192603547830 -0.169962626826 -0.155359983557 -0.153138024603 -0.139814428061 -0.131701863751 -0.119569536970 -0.120157172030 -0.116293677443 -0.112200171520 -0.126160649605 -0.140829642352 -0.117341249039 -0.0951739484379 -0.0911396029038 -0.0962159849605 -0.0939464511575 -0.0753288173462 -0.0534328314237 -0.0511661451768 -0.0407685146409 -0.0176948156736 -0.00428211024054 0.00541926179122 0.00981349561787 0.00482569034289 -0.00150175992408 0.00795487542040 0.0207811251615 0.0340302053636 0.0474632261580 0.0565341049642 0.0485707865571 0.0485707077329
# log_avg_NatM:
-1.63045300000
# m_dev:
 0.00000000000 0.00000000000 0.00000000000 0.00000000000 0.00000000000 0.00000000000 0.00000000000 0.00000000000 0.00000000000 0.00000000000 0.00000000000 0.00000000000 0.00000000000 0.00000000000 0.00000000000 0.00000000000 0.00000000000 0.00000000000 0.00000000000 0.00000000000 0.00000000000 0.00000000000 0.00000000000 0.00000000000 0.00000000000 0.00000000000 0.00000000000 0.00000000000 0.00000000000 0.00000000000 0.00000000000 0.00000000000 0.00000000000 0.00000000000 0.00000000000 0.00000000000 0.00000000000 0.00000000000 0.00000000000 0.00000000000 0.00000000000 0.00000000000 0.00000000000 0.00000000000 0.00000000000 0.00000000000 0.00000000000 0.00000000000 0.00000000000 0.00000000000 0.00000000000 0.00000000000 0.00000000000 0.00000000000 0.00000000000 0.00000000000 0.00000000000 0.00000000000 0.00000000000 0.00000000000 0.00000000000 0.00000000000 0.00000000000 0.00000000000 0.00000000000
# log_avg_GrowthK:
-1.63927700000
# log_avg_Linf:
4.88445000000
# GrowthK_dev:
 0.00000000000 0.00000000000 0.00000000000 0.00000000000 0.00000000000 0.00000000000 0.00000000000 0.00000000000 0.00000000000 0.00000000000 0.00000000000 0.00000000000 0.00000000000 0.00000000000 0.00000000000 0.00000000000 0.00000000000 0.00000000000 0.00000000000 0.00000000000 0.00000000000 0.00000000000 0.00000000000 0.00000000000 0.00000000000 0.00000000000 0.00000000000 0.00000000000 0.00000000000 0.00000000000 0.00000000000 0.00000000000 0.00000000000 0.00000000000 0.00000000000 0.00000000000 0.00000000000 0.00000000000 0.00000000000 0.00000000000 0.00000000000 0.00000000000 0.00000000000 0.00000000000 0.00000000000 0.00000000000 0.00000000000 0.00000000000 0.00000000000 0.00000000000 0.00000000000 0.00000000000 0.00000000000 0.00000000000 0.00000000000 0.00000000000 0.00000000000 0.00000000000 0.00000000000 0.00000000000 0.00000000000 0.00000000000 0.00000000000 0.00000000000 0.00000000000
# Linf_dev:
 0.00000000000 0.00000000000 0.00000000000 0.00000000000 0.00000000000 0.00000000000 0.00000000000 0.00000000000 0.00000000000 0.00000000000 0.00000000000 0.00000000000 0.00000000000 0.00000000000 0.00000000000 0.00000000000 0.00000000000 0.00000000000 0.00000000000 0.00000000000 0.00000000000 0.00000000000 0.00000000000 0.00000000000 0.00000000000 0.00000000000 0.00000000000 0.00000000000 0.00000000000 0.00000000000 0.00000000000 0.00000000000 0.00000000000 0.00000000000 0.00000000000 0.00000000000 0.00000000000 0.00000000000 0.00000000000 0.00000000000 0.00000000000 0.00000000000 0.00000000000 0.00000000000 0.00000000000 0.00000000000 0.00000000000 0.00000000000 0.00000000000 0.00000000000 0.00000000000 0.00000000000 0.00000000000 0.00000000000 0.00000000000 0.00000000000 0.00000000000 0.00000000000 0.00000000000 0.00000000000 0.00000000000 0.00000000000 0.00000000000 0.00000000000 0.00000000000
# SelPars50:
2.08687554142
# SelPars95:
3.74841337049
# SelPars_dev50:
 0.00000000000 0.00000000000 0.00000000000 0.00000000000 0.00000000000 0.00000000000 0.00000000000 0.00000000000 0.00000000000 0.00000000000 0.00000000000 0.00000000000 0.00000000000 0.00000000000 0.00000000000 0.00000000000 0.00000000000 0.00000000000 0.00000000000 0.00000000000 0.00000000000 0.00000000000 0.00000000000 0.00000000000 0.00000000000 0.00000000000 0.00000000000 0.00000000000 0.00000000000 0.00000000000 0.00000000000 0.00000000000 0.00000000000 0.00000000000 0.00000000000 0.00000000000 0.00000000000 0.00000000000 0.00000000000 0.00000000000 0.00000000000 0.00000000000 0.00000000000 0.00000000000 0.00000000000 0.00000000000 0.00000000000 0.00000000000 0.00000000000 0.00000000000 0.00000000000 0.00000000000 0.00000000000 0.00000000000 0.00000000000 0.00000000000 0.00000000000 0.00000000000 0.00000000000 0.00000000000 0.00000000000 0.00000000000 0.00000000000 0.00000000000 0.00000000000
# SelPars_dev95:
 0.00000000000 0.00000000000 0.00000000000 0.00000000000 0.00000000000 0.00000000000 0.00000000000 0.00000000000 0.00000000000 0.00000000000 0.00000000000 0.00000000000 0.00000000000 0.00000000000 0.00000000000 0.00000000000 0.00000000000 0.00000000000 0.00000000000 0.00000000000 0.00000000000 0.00000000000 0.00000000000 0.00000000000 0.00000000000 0.00000000000 0.00000000000 0.00000000000 0.00000000000 0.00000000000 0.00000000000 0.00000000000 0.00000000000 0.00000000000 0.00000000000 0.00000000000 0.00000000000 0.00000000000 0.00000000000 0.00000000000 0.00000000000 0.00000000000 0.00000000000 0.00000000000 0.00000000000 0.00000000000 0.00000000000 0.00000000000 0.00000000000 0.00000000000 0.00000000000 0.00000000000 0.00000000000 0.00000000000 0.00000000000 0.00000000000 0.00000000000 0.00000000000 0.00000000000 0.00000000000 0.00000000000 0.00000000000 0.00000000000 0.00000000000 0.00000000000
