# Number of parameters = 200 Objective function value = 66873.0  Maximum gradient component = 0.000813993
# srv_sel50:
1.47497873730
# srv_sel95:
2.43194696763
# stNatLen:
 11.6755413682 11.4998946277 11.2651835032 11.0356501591 10.8101705569 10.5752852238 10.3282628430 10.0763822021 9.82935699772 9.59471773801 9.37686228571 9.17770705281 8.99760460337 8.83605603182 8.69217352653 8.56493327092 8.45332383159 8.35641201786 8.27336162150 8.20343799024 8.14607546104 8.10077299871 8.06714791547 8.04490187160 8.03385211290
# log_avg_fmort_dir:
-1.52940432725
# fmort_dir_dev:
 -0.683155816515 -0.729392352433 -0.459192197112 -0.168289886109 -0.0157799687137 0.206844325068 0.221200939286 0.298461735469 0.277807716893 0.358312197632 0.469421778833 0.419437502751 0.339373112277 0.421694204303 0.269727262465 0.299380482974 0.324088508030 0.314005731681 0.210738251934 0.223196498742 0.205556967763 0.313775766185 0.189099821789 0.0842558518463 0.0890326001655 -0.0205875352316 -0.0702468778813 -0.0962280462102 -0.160511014319 -0.183136887495 -0.112427068351 -0.0467710978076 0.00304699930469 -0.0551586870683 -0.152691503543 -0.0721117139223 -0.0502485372262 -0.00957871223526 -0.0926521776697 -0.0387670180841 -0.0635172080038 -0.0519919796539 -0.0951045733981 -0.106214310310 -0.174714324330 -0.134802676616 0.284029336527 -0.938623420137 -0.190919729844 -0.121654780990 0.313476597970 -0.139479085011 -0.362251812358 0.0817539689413 0.404425229595 -1.02594238984
# mean_log_rec:
11.1239379090
# rec_dev:
 0.441835679543 0.324674668211 0.201218630256 0.110116891418 0.0399081755589 0.0103823172201 0.00334640878558 0.00644505466029 0.0204246057752 0.0213992519180 0.00695434525842 -0.0154850460112 -0.0704572472369 -0.117168897637 -0.148984221944 -0.170951578902 -0.203550421969 -0.221275376818 -0.242460537786 -0.277869011360 -0.319023872422 -0.320050642482 -0.273958460094 -0.233164654275 -0.184965567689 -0.135865556738 -0.0809257476778 -0.0543719522785 -0.0700887556908 -0.0991557506856 -0.0421513279623 -0.0258249110134 -0.000490001805066 0.0521291116669 0.0753811804507 0.0640929844504 0.0448204033537 0.0338311964345 -0.00729441207326 -0.0218473602779 0.0124956374261 0.0497179349841 0.0733521146204 0.0889268255191 0.0887931142080 0.0456967098498 0.0519337239255 0.104966423022 0.188054394996 0.219193922704 0.215769067178 0.205249320218 0.194338708884 0.133983109024 0.103974671267 0.103974730042
# log_avg_NatM:
-1.54275704537
# m_dev:
 0.422708057944 0.343231207350 0.266896312567 0.0764906550369 -0.110640767565 -0.357161919185 -0.381059370335 -0.536557120378 -0.632815311801 -0.605691685912 -0.473065511029 -0.303271685289 -0.0908468178070 -0.0992846125607 -0.187674256185 -0.227871975527 -0.0822785260723 -0.167929372651 -0.106201368607 -0.000919578157510 -0.0173677158171 -0.292335281738 -0.361357716171 -0.250929694943 -0.254493236950 -0.252705969748 -0.284061273753 -0.0599313489563 0.136975785629 0.157679321723 0.246084457794 0.472215599943 -0.0896357710047 -0.0676551320937 0.105868933139 0.210640585500 0.208965413918 0.194381882832 0.378775102154 0.211149303947 -0.0335156294111 0.0524217227532 0.151209061472 0.111314595813 0.181385954600 0.462954925668 0.0313724653248 -0.0456289568455 -0.0507380914685 0.283488587304 0.201913999511 0.126826983554 0.225672402336 0.522736930558 0.206058617511 0.434206832079
# log_avg_GrowthK:
-1.60943800000
# log_avg_Linf:
4.88280200000
# GrowthK_dev:
 0.00000000000 0.00000000000 0.00000000000 0.00000000000 0.00000000000 0.00000000000 0.00000000000 0.00000000000 0.00000000000 0.00000000000 0.00000000000 0.00000000000 0.00000000000 0.00000000000 0.00000000000 0.00000000000 0.00000000000 0.00000000000 0.00000000000 0.00000000000 0.00000000000 0.00000000000 0.00000000000 0.00000000000 0.00000000000 0.00000000000 0.00000000000 0.00000000000 0.00000000000 0.00000000000 0.00000000000 0.00000000000 0.00000000000 0.00000000000 0.00000000000 0.00000000000 0.00000000000 0.00000000000 0.00000000000 0.00000000000 0.00000000000 0.00000000000 0.00000000000 0.00000000000 0.00000000000 0.00000000000 0.00000000000 0.00000000000 0.00000000000 0.00000000000 0.00000000000 0.00000000000 0.00000000000 0.00000000000 0.00000000000 0.00000000000
# Linf_dev:
 0.00000000000 0.00000000000 0.00000000000 0.00000000000 0.00000000000 0.00000000000 0.00000000000 0.00000000000 0.00000000000 0.00000000000 0.00000000000 0.00000000000 0.00000000000 0.00000000000 0.00000000000 0.00000000000 0.00000000000 0.00000000000 0.00000000000 0.00000000000 0.00000000000 0.00000000000 0.00000000000 0.00000000000 0.00000000000 0.00000000000 0.00000000000 0.00000000000 0.00000000000 0.00000000000 0.00000000000 0.00000000000 0.00000000000 0.00000000000 0.00000000000 0.00000000000 0.00000000000 0.00000000000 0.00000000000 0.00000000000 0.00000000000 0.00000000000 0.00000000000 0.00000000000 0.00000000000 0.00000000000 0.00000000000 0.00000000000 0.00000000000 0.00000000000 0.00000000000 0.00000000000 0.00000000000 0.00000000000 0.00000000000 0.00000000000
# SelPars50:
2.01581057269
# SelPars95:
3.57398261922
# SelPars_dev50:
 0.00000000000 0.00000000000 0.00000000000 0.00000000000 0.00000000000 0.00000000000 0.00000000000 0.00000000000 0.00000000000 0.00000000000 0.00000000000 0.00000000000 0.00000000000 0.00000000000 0.00000000000 0.00000000000 0.00000000000 0.00000000000 0.00000000000 0.00000000000 0.00000000000 0.00000000000 0.00000000000 0.00000000000 0.00000000000 0.00000000000 0.00000000000 0.00000000000 0.00000000000 0.00000000000 0.00000000000 0.00000000000 0.00000000000 0.00000000000 0.00000000000 0.00000000000 0.00000000000 0.00000000000 0.00000000000 0.00000000000 0.00000000000 0.00000000000 0.00000000000 0.00000000000 0.00000000000 0.00000000000 0.00000000000 0.00000000000 0.00000000000 0.00000000000 0.00000000000 0.00000000000 0.00000000000 0.00000000000 0.00000000000 0.00000000000
# SelPars_dev95:
 0.00000000000 0.00000000000 0.00000000000 0.00000000000 0.00000000000 0.00000000000 0.00000000000 0.00000000000 0.00000000000 0.00000000000 0.00000000000 0.00000000000 0.00000000000 0.00000000000 0.00000000000 0.00000000000 0.00000000000 0.00000000000 0.00000000000 0.00000000000 0.00000000000 0.00000000000 0.00000000000 0.00000000000 0.00000000000 0.00000000000 0.00000000000 0.00000000000 0.00000000000 0.00000000000 0.00000000000 0.00000000000 0.00000000000 0.00000000000 0.00000000000 0.00000000000 0.00000000000 0.00000000000 0.00000000000 0.00000000000 0.00000000000 0.00000000000 0.00000000000 0.00000000000 0.00000000000 0.00000000000 0.00000000000 0.00000000000 0.00000000000 0.00000000000 0.00000000000 0.00000000000 0.00000000000 0.00000000000 0.00000000000 0.00000000000
