# Number of parameters = 147 Objective function value = 69661.2606552068  Maximum gradient component = 0.000598275270939307
# srv_sel50:
1.53488551102
# srv_sel95:
2.59824975140
# stNatLen:
 11.4404993447 11.2882229798 11.0714503334 10.8747869390 10.6905728258 10.4931495969 10.2725850864 10.0348781501 9.79194154147 9.55444669018 9.32953300657 9.12112221611 8.93089485533 8.75917699951 8.60554161413 8.46923711553 8.34939011028 8.24513434533 8.15564902073 8.08023889266 8.01825871873 7.96917327560 7.93264423904 7.90837306208 7.89630794116
# log_avg_fmort_dir:
-1.67599672806
# fmort_dir_dev:
 -1.80397217580 -1.80721321085 -1.22240027276 -0.942584664864 -0.725857915071 -0.447914922287 -0.182601853790 -0.154794897713 -0.102843126639 0.135399436296 0.283174000121 0.256401350236 0.284832350982 0.505144563207 0.450736065758 0.464851212236 0.499084863272 0.466725380683 0.429989338241 0.518520709879 0.427618097809 0.338907631249 0.342498122664 0.324340465204 0.358950708682 0.313725102141 0.327610521140 0.238549079473 0.251080155395 0.255002994004 0.238418609898 0.270360673251 0.311374152751 0.202630181366 0.143680250547 0.111055937143 0.0927074774855 0.106123617813 0.186425218504 0.130483492232 0.0914441681485 0.126099683100 0.0881467315316 0.0461861102367 0.0952091142986 0.113790264436 0.118752243649 0.0869626441703 0.00290947963548 0.119075294670 -0.404477639671 -0.326653109069 -0.397909469468 -0.250973733759 -0.373351259083 -0.423043221476 -0.328771201120 -0.259614820118
# mean_log_rec:
11.1565260106
# rec_dev:
 0.351326256128 0.334978754699 0.340861155828 0.346232452528 0.343418612731 0.331600222660 0.323795008379 0.315418361921 0.288465445125 0.251150068108 0.230781420810 0.203471993422 0.151727369520 0.102146049209 0.0655845465323 0.0225385343599 -0.0178385873420 -0.0549677189064 -0.114273412697 -0.159875686984 -0.185286807040 -0.188732687334 -0.190353194487 -0.200326774067 -0.208870391623 -0.213101816064 -0.202543416744 -0.184011096513 -0.174819674069 -0.173776661647 -0.185492317134 -0.198975447929 -0.203141207890 -0.178576604982 -0.168850151552 -0.175963720695 -0.181520507707 -0.189345516333 -0.188634373895 -0.171319972453 -0.154671037800 -0.140437143659 -0.135438132635 -0.137105665299 -0.122952764935 -0.106982702217 -0.0937782928247 -0.0713843666529 -0.0398829997037 -0.0133776839143 0.0218360593186 0.0714635996569 0.106992845646 0.136503995327 0.176604104567 0.203242990300 0.203234318241 0.203234370711
# log_avg_NatM:
-1.60943800000
# m_dev:
 0.00000000000 0.00000000000 0.00000000000 0.00000000000 0.00000000000 0.00000000000 0.00000000000 0.00000000000 0.00000000000 0.00000000000 0.00000000000 0.00000000000 0.00000000000 0.00000000000 0.00000000000 0.00000000000 0.00000000000 0.00000000000 0.00000000000 0.00000000000 0.00000000000 0.00000000000 0.00000000000 0.00000000000 0.00000000000 0.00000000000 0.00000000000 0.00000000000 0.00000000000 0.00000000000 0.00000000000 0.00000000000 0.00000000000 0.00000000000 0.00000000000 0.00000000000 0.00000000000 0.00000000000 0.00000000000 0.00000000000 0.00000000000 0.00000000000 0.00000000000 0.00000000000 0.00000000000 0.00000000000 0.00000000000 0.00000000000 0.00000000000 0.00000000000 0.00000000000 0.00000000000 0.00000000000 0.00000000000 0.00000000000 0.00000000000 0.00000000000 0.00000000000
# log_avg_GrowthK:
-1.60943800000
# log_avg_Linf:
4.88280200000
# GrowthK_dev:
 0.00000000000 0.00000000000 0.00000000000 0.00000000000 0.00000000000 0.00000000000 0.00000000000 0.00000000000 0.00000000000 0.00000000000 0.00000000000 0.00000000000 0.00000000000 0.00000000000 0.00000000000 0.00000000000 0.00000000000 0.00000000000 0.00000000000 0.00000000000 0.00000000000 0.00000000000 0.00000000000 0.00000000000 0.00000000000 0.00000000000 0.00000000000 0.00000000000 0.00000000000 0.00000000000 0.00000000000 0.00000000000 0.00000000000 0.00000000000 0.00000000000 0.00000000000 0.00000000000 0.00000000000 0.00000000000 0.00000000000 0.00000000000 0.00000000000 0.00000000000 0.00000000000 0.00000000000 0.00000000000 0.00000000000 0.00000000000 0.00000000000 0.00000000000 0.00000000000 0.00000000000 0.00000000000 0.00000000000 0.00000000000 0.00000000000 0.00000000000 0.00000000000
# Linf_dev:
 0.00000000000 0.00000000000 0.00000000000 0.00000000000 0.00000000000 0.00000000000 0.00000000000 0.00000000000 0.00000000000 0.00000000000 0.00000000000 0.00000000000 0.00000000000 0.00000000000 0.00000000000 0.00000000000 0.00000000000 0.00000000000 0.00000000000 0.00000000000 0.00000000000 0.00000000000 0.00000000000 0.00000000000 0.00000000000 0.00000000000 0.00000000000 0.00000000000 0.00000000000 0.00000000000 0.00000000000 0.00000000000 0.00000000000 0.00000000000 0.00000000000 0.00000000000 0.00000000000 0.00000000000 0.00000000000 0.00000000000 0.00000000000 0.00000000000 0.00000000000 0.00000000000 0.00000000000 0.00000000000 0.00000000000 0.00000000000 0.00000000000 0.00000000000 0.00000000000 0.00000000000 0.00000000000 0.00000000000 0.00000000000 0.00000000000 0.00000000000 0.00000000000
# SelPars50:
2.10525674789
# SelPars95:
3.79172295023
# SelPars_dev50:
 0.00000000000 0.00000000000 0.00000000000 0.00000000000 0.00000000000 0.00000000000 0.00000000000 0.00000000000 0.00000000000 0.00000000000 0.00000000000 0.00000000000 0.00000000000 0.00000000000 0.00000000000 0.00000000000 0.00000000000 0.00000000000 0.00000000000 0.00000000000 0.00000000000 0.00000000000 0.00000000000 0.00000000000 0.00000000000 0.00000000000 0.00000000000 0.00000000000 0.00000000000 0.00000000000 0.00000000000 0.00000000000 0.00000000000 0.00000000000 0.00000000000 0.00000000000 0.00000000000 0.00000000000 0.00000000000 0.00000000000 0.00000000000 0.00000000000 0.00000000000 0.00000000000 0.00000000000 0.00000000000 0.00000000000 0.00000000000 0.00000000000 0.00000000000 0.00000000000 0.00000000000 0.00000000000 0.00000000000 0.00000000000 0.00000000000 0.00000000000 0.00000000000
# SelPars_dev95:
 0.00000000000 0.00000000000 0.00000000000 0.00000000000 0.00000000000 0.00000000000 0.00000000000 0.00000000000 0.00000000000 0.00000000000 0.00000000000 0.00000000000 0.00000000000 0.00000000000 0.00000000000 0.00000000000 0.00000000000 0.00000000000 0.00000000000 0.00000000000 0.00000000000 0.00000000000 0.00000000000 0.00000000000 0.00000000000 0.00000000000 0.00000000000 0.00000000000 0.00000000000 0.00000000000 0.00000000000 0.00000000000 0.00000000000 0.00000000000 0.00000000000 0.00000000000 0.00000000000 0.00000000000 0.00000000000 0.00000000000 0.00000000000 0.00000000000 0.00000000000 0.00000000000 0.00000000000 0.00000000000 0.00000000000 0.00000000000 0.00000000000 0.00000000000 0.00000000000 0.00000000000 0.00000000000 0.00000000000 0.00000000000 0.00000000000 0.00000000000 0.00000000000
