# Number of parameters = 176 Objective function value = 57211.3  Maximum gradient component = 0.000506528
# srv_sel50:
1.46335103927
# srv_sel95:
2.41141304242
# stNatLen:
 11.6239617695 11.4675443817 11.2509893129 11.0312952045 10.8097411590 10.5760429045 10.3289999601 10.0763832021 9.82809709566 9.59183292660 9.37213709060 9.17105102813 8.98902645900 8.82563324894 8.68001621631 8.55116590688 8.43808214937 8.33982687078 8.25555592230 8.18454635843 8.12620304160 8.08005743422 8.04577357153 8.02310139202 8.01189460638
# log_avg_fmort_dir:
-1.45795366970
# fmort_dir_dev:
 -0.332829042542 -0.587929282624 -0.508363821698 -0.265205972814 -0.149286564945 -0.0798063774006 0.000949315087752 0.157610291924 0.148818092768 0.300023723136 0.419180124556 0.325593109692 0.235852034789 0.391819460018 0.272506829344 0.198899363190 0.198929871635 0.204579144476 0.241607088489 0.0310837473606 0.225386328424 0.195581577539 0.234044216127 0.132318628052 0.0328424655257 0.157961036337 0.00859575634522 -0.0116216786594 -0.158815941365 -0.211966590201 -0.0974049745936 -0.0431575321045 0.0251840799935 -0.00103646581840 -0.0646551159643 -0.198705140018 -0.170672018645 -0.133166957062 -0.140570405257 -0.141231385909 -0.128976681454 -0.180721938657 -0.125773307138 -0.0873975994199 -0.103884345554 -0.127817003351 0.0520635502890 -0.140433691902
# mean_log_rec:
11.0655782364
# rec_dev:
 0.303362949844 0.241341239653 0.221589628003 0.223205066667 0.223242712741 0.208923192378 0.171534989798 0.141423299828 0.107929490855 0.0703313733735 0.0417140946766 0.0100156536265 -0.0323259282091 -0.0714009161776 -0.107387070062 -0.132349679465 -0.160335668265 -0.181787910366 -0.195373232409 -0.211146120023 -0.230132786171 -0.246250834090 -0.263532502227 -0.238945378125 -0.225683325147 -0.198165372056 -0.140811188365 -0.0762600439386 -0.0353301034406 -0.0652238616998 -0.0785142558791 -0.0601633792825 -0.0548143741731 -0.00420986872866 0.0710620729781 0.107762618132 0.0776636329267 0.0369398509954 0.0552487448177 0.0822757270201 0.0848318992083 0.0843997994138 0.112477821339 0.117489615050 0.100499177418 0.0581761440727 0.0283514928819 0.0283515106023
# log_avg_NatM:
-1.60597342219
# m_dev:
 0.801779696311 0.183708846762 -0.122973689824 -0.271798023441 -0.232935268133 -0.147020938983 -0.0972055659471 -0.138505061769 -0.247433179377 -0.302725022604 -0.205911350295 -0.199536231299 -0.209006636600 -0.151891484387 -0.0239031867922 -0.0817223862506 -0.127219808399 -0.0676884949270 -0.0340535705344 -0.144142821314 -0.159326044753 -0.152801157552 -0.0952767252724 -0.293112379956 -0.136011471511 -0.275721275978 -0.344224951792 -0.347413764664 -0.270143093460 0.207501988800 0.556106806409 0.351973178523 0.126906690280 -0.151758830896 -0.126945076231 0.0395318736708 0.386880518582 0.416185309706 0.0618404221539 0.139617257377 0.246009470396 0.239785734380 0.0438598195685 0.137999476215 0.261236607178 0.351702891026 0.289442831973 0.316338073630
# log_avg_GrowthK:
-1.60943800000
# log_avg_Linf:
4.88280200000
# GrowthK_dev:
 0.00000000000 0.00000000000 0.00000000000 0.00000000000 0.00000000000 0.00000000000 0.00000000000 0.00000000000 0.00000000000 0.00000000000 0.00000000000 0.00000000000 0.00000000000 0.00000000000 0.00000000000 0.00000000000 0.00000000000 0.00000000000 0.00000000000 0.00000000000 0.00000000000 0.00000000000 0.00000000000 0.00000000000 0.00000000000 0.00000000000 0.00000000000 0.00000000000 0.00000000000 0.00000000000 0.00000000000 0.00000000000 0.00000000000 0.00000000000 0.00000000000 0.00000000000 0.00000000000 0.00000000000 0.00000000000 0.00000000000 0.00000000000 0.00000000000 0.00000000000 0.00000000000 0.00000000000 0.00000000000 0.00000000000 0.00000000000
# Linf_dev:
 0.00000000000 0.00000000000 0.00000000000 0.00000000000 0.00000000000 0.00000000000 0.00000000000 0.00000000000 0.00000000000 0.00000000000 0.00000000000 0.00000000000 0.00000000000 0.00000000000 0.00000000000 0.00000000000 0.00000000000 0.00000000000 0.00000000000 0.00000000000 0.00000000000 0.00000000000 0.00000000000 0.00000000000 0.00000000000 0.00000000000 0.00000000000 0.00000000000 0.00000000000 0.00000000000 0.00000000000 0.00000000000 0.00000000000 0.00000000000 0.00000000000 0.00000000000 0.00000000000 0.00000000000 0.00000000000 0.00000000000 0.00000000000 0.00000000000 0.00000000000 0.00000000000 0.00000000000 0.00000000000 0.00000000000 0.00000000000
# SelPars50:
2.01528597206
# SelPars95:
3.58373972420
# SelPars_dev50:
 0.00000000000 0.00000000000 0.00000000000 0.00000000000 0.00000000000 0.00000000000 0.00000000000 0.00000000000 0.00000000000 0.00000000000 0.00000000000 0.00000000000 0.00000000000 0.00000000000 0.00000000000 0.00000000000 0.00000000000 0.00000000000 0.00000000000 0.00000000000 0.00000000000 0.00000000000 0.00000000000 0.00000000000 0.00000000000 0.00000000000 0.00000000000 0.00000000000 0.00000000000 0.00000000000 0.00000000000 0.00000000000 0.00000000000 0.00000000000 0.00000000000 0.00000000000 0.00000000000 0.00000000000 0.00000000000 0.00000000000 0.00000000000 0.00000000000 0.00000000000 0.00000000000 0.00000000000 0.00000000000 0.00000000000 0.00000000000
# SelPars_dev95:
 0.00000000000 0.00000000000 0.00000000000 0.00000000000 0.00000000000 0.00000000000 0.00000000000 0.00000000000 0.00000000000 0.00000000000 0.00000000000 0.00000000000 0.00000000000 0.00000000000 0.00000000000 0.00000000000 0.00000000000 0.00000000000 0.00000000000 0.00000000000 0.00000000000 0.00000000000 0.00000000000 0.00000000000 0.00000000000 0.00000000000 0.00000000000 0.00000000000 0.00000000000 0.00000000000 0.00000000000 0.00000000000 0.00000000000 0.00000000000 0.00000000000 0.00000000000 0.00000000000 0.00000000000 0.00000000000 0.00000000000 0.00000000000 0.00000000000 0.00000000000 0.00000000000 0.00000000000 0.00000000000 0.00000000000 0.00000000000
