# Number of parameters = 165 Objective function value = 80712.4  Maximum gradient component = 0.00438119
# srv_sel50:
1.53604094490
# srv_sel95:
2.60749389717
# stNatLen:
 11.4625733233 11.3107926141 11.0983237099 10.9037471776 10.7183242578 10.5176040117 10.2937816091 10.0544833840 9.81214563807 9.57716597596 9.35610635176 9.15232761687 8.96705424281 8.80029625893 8.65145079305 8.51964581926 8.40392776112 8.30335041175 8.21701956613 8.14416675768 8.08426728854 8.03690280158 8.00180485540 7.97863394195 7.96712465306
# log_avg_fmort_dir:
-1.66512012523
# fmort_dir_dev:
 -1.69569401597 -1.70838775423 -1.30138190329 -0.924651914162 -0.654312713871 -0.440085931282 -0.377609567203 -0.160941588244 0.0335713258223 0.154160037674 0.247022139269 0.350950578451 0.375502155689 0.412958784164 0.507043400020 0.561700464669 0.642940925400 0.512860845453 0.587347365272 0.555621914976 0.463114669954 0.395020590736 0.487193681771 0.418947793179 0.427857017501 0.462080553776 0.430007579190 0.301190754192 0.267229085328 0.169320582972 0.243268256773 0.154386528212 0.100294566107 -0.00588336520481 0.0821157922664 0.0376197122753 0.102372458628 0.0937481035706 0.103676400376 0.0403384798016 0.0132531276367 0.0721616661364 0.0620180977981 0.0446632893692 -0.0326496055205 0.0507401273270 0.0916980141554 0.0821652021108 0.0664147387888 0.0528949994616 -0.361401983402 -0.155787379766 -0.0829462568468 -0.231812397045 -0.292982076052 -0.219258397039 -0.217481879374 -0.163060356658 -0.283613728918 -0.263024664039 -0.186104256629 -0.00636239501835 -0.0594452417909 -0.0914042827592 -0.178168926126 -0.120442884512 -0.0425763412995
# mean_log_rec:
11.1513022082
# rec_dev:
 0.384586428659 0.365417608834 0.364878177743 0.357914037959 0.350239223563 0.349806030851 0.350985638068 0.336367850933 0.309903825509 0.282125663044 0.246555874125 0.225544554840 0.211341741508 0.172015039464 0.130520896012 0.0770024920584 0.0208479375211 -0.0384603837166 -0.0905549719083 -0.105294299171 -0.111169479841 -0.138451092649 -0.152569067477 -0.171912566840 -0.193138933049 -0.200821693684 -0.208626410310 -0.210299919539 -0.222973059319 -0.243783753875 -0.236079739382 -0.226780070418 -0.209545458191 -0.183290223080 -0.167699149930 -0.160371456916 -0.163794338733 -0.163295789064 -0.154949854224 -0.158909324962 -0.156296831243 -0.170982529063 -0.174259740920 -0.145000364506 -0.139961651313 -0.134893720444 -0.119557335030 -0.113802142132 -0.111530243984 -0.109814287957 -0.0986149339070 -0.0659538955721 -0.0270264223600 -0.00360694322042 0.00425616115364 0.0210091538270 0.0407936318185 0.0365161511529 0.0448640723099 0.0692492824440 0.0960070249859 0.113065106499 0.106924501798 0.101562526071 0.107966057925 0.102902599254 0.102902788000
# log_avg_NatM:
-1.60943800000
# m_dev:
 0.00000000000 0.00000000000 0.00000000000 0.00000000000 0.00000000000 0.00000000000 0.00000000000 0.00000000000 0.00000000000 0.00000000000 0.00000000000 0.00000000000 0.00000000000 0.00000000000 0.00000000000 0.00000000000 0.00000000000 0.00000000000 0.00000000000 0.00000000000 0.00000000000 0.00000000000 0.00000000000 0.00000000000 0.00000000000 0.00000000000 0.00000000000 0.00000000000 0.00000000000 0.00000000000 0.00000000000 0.00000000000 0.00000000000 0.00000000000 0.00000000000 0.00000000000 0.00000000000 0.00000000000 0.00000000000 0.00000000000 0.00000000000 0.00000000000 0.00000000000 0.00000000000 0.00000000000 0.00000000000 0.00000000000 0.00000000000 0.00000000000 0.00000000000 0.00000000000 0.00000000000 0.00000000000 0.00000000000 0.00000000000 0.00000000000 0.00000000000 0.00000000000 0.00000000000 0.00000000000 0.00000000000 0.00000000000 0.00000000000 0.00000000000 0.00000000000 0.00000000000 0.00000000000
# log_avg_GrowthK:
-1.60943800000
# log_avg_Linf:
4.88280200000
# GrowthK_dev:
 0.00000000000 0.00000000000 0.00000000000 0.00000000000 0.00000000000 0.00000000000 0.00000000000 0.00000000000 0.00000000000 0.00000000000 0.00000000000 0.00000000000 0.00000000000 0.00000000000 0.00000000000 0.00000000000 0.00000000000 0.00000000000 0.00000000000 0.00000000000 0.00000000000 0.00000000000 0.00000000000 0.00000000000 0.00000000000 0.00000000000 0.00000000000 0.00000000000 0.00000000000 0.00000000000 0.00000000000 0.00000000000 0.00000000000 0.00000000000 0.00000000000 0.00000000000 0.00000000000 0.00000000000 0.00000000000 0.00000000000 0.00000000000 0.00000000000 0.00000000000 0.00000000000 0.00000000000 0.00000000000 0.00000000000 0.00000000000 0.00000000000 0.00000000000 0.00000000000 0.00000000000 0.00000000000 0.00000000000 0.00000000000 0.00000000000 0.00000000000 0.00000000000 0.00000000000 0.00000000000 0.00000000000 0.00000000000 0.00000000000 0.00000000000 0.00000000000 0.00000000000 0.00000000000
# Linf_dev:
 0.00000000000 0.00000000000 0.00000000000 0.00000000000 0.00000000000 0.00000000000 0.00000000000 0.00000000000 0.00000000000 0.00000000000 0.00000000000 0.00000000000 0.00000000000 0.00000000000 0.00000000000 0.00000000000 0.00000000000 0.00000000000 0.00000000000 0.00000000000 0.00000000000 0.00000000000 0.00000000000 0.00000000000 0.00000000000 0.00000000000 0.00000000000 0.00000000000 0.00000000000 0.00000000000 0.00000000000 0.00000000000 0.00000000000 0.00000000000 0.00000000000 0.00000000000 0.00000000000 0.00000000000 0.00000000000 0.00000000000 0.00000000000 0.00000000000 0.00000000000 0.00000000000 0.00000000000 0.00000000000 0.00000000000 0.00000000000 0.00000000000 0.00000000000 0.00000000000 0.00000000000 0.00000000000 0.00000000000 0.00000000000 0.00000000000 0.00000000000 0.00000000000 0.00000000000 0.00000000000 0.00000000000 0.00000000000 0.00000000000 0.00000000000 0.00000000000 0.00000000000 0.00000000000
# SelPars50:
2.10777651989
# SelPars95:
3.80373853864
# SelPars_dev50:
 0.00000000000 0.00000000000 0.00000000000 0.00000000000 0.00000000000 0.00000000000 0.00000000000 0.00000000000 0.00000000000 0.00000000000 0.00000000000 0.00000000000 0.00000000000 0.00000000000 0.00000000000 0.00000000000 0.00000000000 0.00000000000 0.00000000000 0.00000000000 0.00000000000 0.00000000000 0.00000000000 0.00000000000 0.00000000000 0.00000000000 0.00000000000 0.00000000000 0.00000000000 0.00000000000 0.00000000000 0.00000000000 0.00000000000 0.00000000000 0.00000000000 0.00000000000 0.00000000000 0.00000000000 0.00000000000 0.00000000000 0.00000000000 0.00000000000 0.00000000000 0.00000000000 0.00000000000 0.00000000000 0.00000000000 0.00000000000 0.00000000000 0.00000000000 0.00000000000 0.00000000000 0.00000000000 0.00000000000 0.00000000000 0.00000000000 0.00000000000 0.00000000000 0.00000000000 0.00000000000 0.00000000000 0.00000000000 0.00000000000 0.00000000000 0.00000000000 0.00000000000 0.00000000000
# SelPars_dev95:
 0.00000000000 0.00000000000 0.00000000000 0.00000000000 0.00000000000 0.00000000000 0.00000000000 0.00000000000 0.00000000000 0.00000000000 0.00000000000 0.00000000000 0.00000000000 0.00000000000 0.00000000000 0.00000000000 0.00000000000 0.00000000000 0.00000000000 0.00000000000 0.00000000000 0.00000000000 0.00000000000 0.00000000000 0.00000000000 0.00000000000 0.00000000000 0.00000000000 0.00000000000 0.00000000000 0.00000000000 0.00000000000 0.00000000000 0.00000000000 0.00000000000 0.00000000000 0.00000000000 0.00000000000 0.00000000000 0.00000000000 0.00000000000 0.00000000000 0.00000000000 0.00000000000 0.00000000000 0.00000000000 0.00000000000 0.00000000000 0.00000000000 0.00000000000 0.00000000000 0.00000000000 0.00000000000 0.00000000000 0.00000000000 0.00000000000 0.00000000000 0.00000000000 0.00000000000 0.00000000000 0.00000000000 0.00000000000 0.00000000000 0.00000000000 0.00000000000 0.00000000000 0.00000000000
