# Number of parameters = 151 Objective function value = 71903.3  Maximum gradient component = 0.000118084
# srv_sel50:
1.65889431974
# srv_sel95:
2.95528553433
# stNatLen:
 11.8488496913 11.6676366275 11.4013389494 11.1762881755 10.9962847393 10.8233220530 10.6244543152 10.3885497179 10.1236788813 9.84584786548 9.57003504113 9.30672463731 9.06197484101 8.83863693376 8.63757321568 8.45856970719 8.30087526264 8.16351591943 8.04552328028 7.94598344984 7.86417306182 7.79946974767 7.75136638748 7.71951702664 7.70368525492
# log_avg_fmort_dir:
-1.61501149955
# fmort_dir_dev:
 -2.03891576090 -2.01713200797 -1.39777584452 -1.05244149129 -0.802228306312 -0.628062762094 -0.491347920071 -0.238422632054 -0.107081385611 -0.0486293623969 0.0444228223576 0.163108337282 0.328950952410 0.376580450038 0.450552319068 0.418792630577 0.378143950764 0.300184997594 0.325651294688 0.429854946115 0.333556112460 0.255136931283 0.285367915460 0.179353626506 0.213550911903 0.165936814434 0.188413751867 0.126190832926 0.142060759140 0.0614304366139 0.181011325824 0.164226655452 0.108904579688 0.0508366206890 0.130807784484 0.0755729256860 0.107803203782 0.0705757685672 0.103582640678 0.0549870649161 0.115839757461 0.0604244836041 0.135835666469 0.0888871571115 0.0928497731370 0.0801813606782 0.0854326226519 0.137380521303 0.109478614563 0.0696651969987 0.158822610396 0.355926021487 0.291090998528 0.262854139250 -0.0800615110938 0.302188542788 0.171492916418 0.158684894099 0.0424472688362 -0.0329329247130
# mean_log_rec:
11.3281924932
# rec_dev:
 0.572226663096 0.548246462319 0.544100770528 0.533284785617 0.516063319325 0.504343920844 0.480347105392 0.451469593641 0.417106695756 0.378983861674 0.343975895149 0.302647824471 0.266541586939 0.238826731999 0.201246004273 0.168697818448 0.132658342400 0.0928278011809 0.0494108726608 -0.00181219088292 -0.0480083519522 -0.0622236704159 -0.0725194167347 -0.0903771032184 -0.0932744347304 -0.104648039740 -0.128681290944 -0.154310055179 -0.167429980275 -0.191928977345 -0.241151170175 -0.276423079793 -0.316463467021 -0.353519526724 -0.272871352154 -0.191856476618 -0.196165619196 -0.206991003758 -0.186611385949 -0.165279266761 -0.167508057651 -0.177173138589 -0.183991421955 -0.163655235728 -0.153191404031 -0.158921685275 -0.157720891127 -0.171479412400 -0.175871791136 -0.166085173558 -0.162793675460 -0.158542516527 -0.175416724033 -0.185207547366 -0.177487199983 -0.164881775562 -0.147418351478 -0.114961602798 -0.129076299693 -0.129076291798
# log_avg_NatM:
-1.42936400000
# m_dev:
 0.00000000000 0.00000000000 0.00000000000 0.00000000000 0.00000000000 0.00000000000 0.00000000000 0.00000000000 0.00000000000 0.00000000000 0.00000000000 0.00000000000 0.00000000000 0.00000000000 0.00000000000 0.00000000000 0.00000000000 0.00000000000 0.00000000000 0.00000000000 0.00000000000 0.00000000000 0.00000000000 0.00000000000 0.00000000000 0.00000000000 0.00000000000 0.00000000000 0.00000000000 0.00000000000 0.00000000000 0.00000000000 0.00000000000 0.00000000000 0.00000000000 0.00000000000 0.00000000000 0.00000000000 0.00000000000 0.00000000000 0.00000000000 0.00000000000 0.00000000000 0.00000000000 0.00000000000 0.00000000000 0.00000000000 0.00000000000 0.00000000000 0.00000000000 0.00000000000 0.00000000000 0.00000000000 0.00000000000 0.00000000000 0.00000000000 0.00000000000 0.00000000000 0.00000000000 0.00000000000
# log_avg_GrowthK:
-1.64832400000
# log_avg_Linf:
4.81026900000
# GrowthK_dev:
 0.00000000000 0.00000000000 0.00000000000 0.00000000000 0.00000000000 0.00000000000 0.00000000000 0.00000000000 0.00000000000 0.00000000000 0.00000000000 0.00000000000 0.00000000000 0.00000000000 0.00000000000 0.00000000000 0.00000000000 0.00000000000 0.00000000000 0.00000000000 0.00000000000 0.00000000000 0.00000000000 0.00000000000 0.00000000000 0.00000000000 0.00000000000 0.00000000000 0.00000000000 0.00000000000 0.00000000000 0.00000000000 0.00000000000 0.00000000000 0.00000000000 0.00000000000 0.00000000000 0.00000000000 0.00000000000 0.00000000000 0.00000000000 0.00000000000 0.00000000000 0.00000000000 0.00000000000 0.00000000000 0.00000000000 0.00000000000 0.00000000000 0.00000000000 0.00000000000 0.00000000000 0.00000000000 0.00000000000 0.00000000000 0.00000000000 0.00000000000 0.00000000000 0.00000000000 0.00000000000
# Linf_dev:
 0.00000000000 0.00000000000 0.00000000000 0.00000000000 0.00000000000 0.00000000000 0.00000000000 0.00000000000 0.00000000000 0.00000000000 0.00000000000 0.00000000000 0.00000000000 0.00000000000 0.00000000000 0.00000000000 0.00000000000 0.00000000000 0.00000000000 0.00000000000 0.00000000000 0.00000000000 0.00000000000 0.00000000000 0.00000000000 0.00000000000 0.00000000000 0.00000000000 0.00000000000 0.00000000000 0.00000000000 0.00000000000 0.00000000000 0.00000000000 0.00000000000 0.00000000000 0.00000000000 0.00000000000 0.00000000000 0.00000000000 0.00000000000 0.00000000000 0.00000000000 0.00000000000 0.00000000000 0.00000000000 0.00000000000 0.00000000000 0.00000000000 0.00000000000 0.00000000000 0.00000000000 0.00000000000 0.00000000000 0.00000000000 0.00000000000 0.00000000000 0.00000000000 0.00000000000 0.00000000000
# SelPars50:
2.25990371421
# SelPars95:
4.13397731817
# SelPars_dev50:
 0.00000000000 0.00000000000 0.00000000000 0.00000000000 0.00000000000 0.00000000000 0.00000000000 0.00000000000 0.00000000000 0.00000000000 0.00000000000 0.00000000000 0.00000000000 0.00000000000 0.00000000000 0.00000000000 0.00000000000 0.00000000000 0.00000000000 0.00000000000 0.00000000000 0.00000000000 0.00000000000 0.00000000000 0.00000000000 0.00000000000 0.00000000000 0.00000000000 0.00000000000 0.00000000000 0.00000000000 0.00000000000 0.00000000000 0.00000000000 0.00000000000 0.00000000000 0.00000000000 0.00000000000 0.00000000000 0.00000000000 0.00000000000 0.00000000000 0.00000000000 0.00000000000 0.00000000000 0.00000000000 0.00000000000 0.00000000000 0.00000000000 0.00000000000 0.00000000000 0.00000000000 0.00000000000 0.00000000000 0.00000000000 0.00000000000 0.00000000000 0.00000000000 0.00000000000 0.00000000000
# SelPars_dev95:
 0.00000000000 0.00000000000 0.00000000000 0.00000000000 0.00000000000 0.00000000000 0.00000000000 0.00000000000 0.00000000000 0.00000000000 0.00000000000 0.00000000000 0.00000000000 0.00000000000 0.00000000000 0.00000000000 0.00000000000 0.00000000000 0.00000000000 0.00000000000 0.00000000000 0.00000000000 0.00000000000 0.00000000000 0.00000000000 0.00000000000 0.00000000000 0.00000000000 0.00000000000 0.00000000000 0.00000000000 0.00000000000 0.00000000000 0.00000000000 0.00000000000 0.00000000000 0.00000000000 0.00000000000 0.00000000000 0.00000000000 0.00000000000 0.00000000000 0.00000000000 0.00000000000 0.00000000000 0.00000000000 0.00000000000 0.00000000000 0.00000000000 0.00000000000 0.00000000000 0.00000000000 0.00000000000 0.00000000000 0.00000000000 0.00000000000 0.00000000000 0.00000000000 0.00000000000 0.00000000000
