# Number of parameters = 151 Objective function value = 72136.3  Maximum gradient component = 0.000626536
# srv_sel50:
1.53510468774
# srv_sel95:
2.60612231834
# stNatLen:
 11.4625704884 11.3108919591 11.0982155818 10.9034686608 10.7179862462 10.5172624340 10.2934577263 10.0541902113 9.81189291173 9.57695885811 9.35594982763 9.15222271573 8.96699974147 8.80028820962 8.65148629402 8.51971790234 8.40403436482 8.30348665069 8.21718036356 8.14434812321 8.08446528579 8.03711417957 8.00202710401 7.97886143578 7.96735515792
# log_avg_fmort_dir:
-1.65233155677
# fmort_dir_dev:
 -1.70820564550 -1.72093995409 -1.31392661472 -0.937187400746 -0.666839089956 -0.452602205450 -0.390116363513 -0.173435045286 0.0210956967082 0.141704188005 0.234587204853 0.338537354557 0.363108321438 0.400581961216 0.494684829344 0.549363793736 0.630625484427 0.500551493152 0.575043283620 0.543321296955 0.450812600251 0.382711686608 0.474887192909 0.406637941853 0.415539727178 0.449763296021 0.417691677961 0.288868374970 0.254899658954 0.156977508656 0.230918256484 0.142029707057 0.0879287103302 -0.0182583708408 0.0697413690362 0.0252467558268 0.0900070718264 0.0813911745542 0.0913312023348 0.0280014728935 0.000927162103984 0.0598607634042 0.0497507814361 0.0324476034519 -0.0448006212500 0.0386823656058 0.0797823581936 0.0704409787586 0.0549446104344 0.0417764635925 -0.372135917963 -0.166007583507 -0.0924615745821 -0.240491284946 -0.300686475031 -0.225761871421 -0.222647753058 -0.166885199324 -0.286729038847 -0.267085370668
# mean_log_rec:
11.1380176674
# rec_dev:
 0.397716010668 0.378599206447 0.378020228028 0.371036528814 0.363363350858 0.362908019020 0.364070631540 0.349426118973 0.322956057516 0.295162222350 0.259585872825 0.238594898711 0.224345910580 0.185019086379 0.143524987736 0.0900125520391 0.0338284505875 -0.0254903751759 -0.0775310461775 -0.0922679285969 -0.0981346180915 -0.125394508223 -0.139572340497 -0.158926262535 -0.180124444604 -0.187803675598 -0.195571472489 -0.197263377945 -0.209987548977 -0.230738191677 -0.223029748260 -0.213752150423 -0.196519162159 -0.170259086576 -0.154689145278 -0.147394651468 -0.150788777114 -0.150311935830 -0.142037475294 -0.146027504448 -0.143516178079 -0.158275012026 -0.161629118817 -0.132583056549 -0.127774535924 -0.123014625434 -0.108158945391 -0.102954250156 -0.101304796306 -0.100405811000 -0.0901833404747 -0.0585533048400 -0.0205584711455 0.00250392230533 0.0112674066143 0.0317327342841 0.0617963750202 0.0661892293213 0.0554335337075 0.0554335392556
# log_avg_NatM:
-1.60943800000
# m_dev:
 0.00000000000 0.00000000000 0.00000000000 0.00000000000 0.00000000000 0.00000000000 0.00000000000 0.00000000000 0.00000000000 0.00000000000 0.00000000000 0.00000000000 0.00000000000 0.00000000000 0.00000000000 0.00000000000 0.00000000000 0.00000000000 0.00000000000 0.00000000000 0.00000000000 0.00000000000 0.00000000000 0.00000000000 0.00000000000 0.00000000000 0.00000000000 0.00000000000 0.00000000000 0.00000000000 0.00000000000 0.00000000000 0.00000000000 0.00000000000 0.00000000000 0.00000000000 0.00000000000 0.00000000000 0.00000000000 0.00000000000 0.00000000000 0.00000000000 0.00000000000 0.00000000000 0.00000000000 0.00000000000 0.00000000000 0.00000000000 0.00000000000 0.00000000000 0.00000000000 0.00000000000 0.00000000000 0.00000000000 0.00000000000 0.00000000000 0.00000000000 0.00000000000 0.00000000000 0.00000000000
# log_avg_GrowthK:
-1.60943800000
# log_avg_Linf:
4.88280200000
# GrowthK_dev:
 0.00000000000 0.00000000000 0.00000000000 0.00000000000 0.00000000000 0.00000000000 0.00000000000 0.00000000000 0.00000000000 0.00000000000 0.00000000000 0.00000000000 0.00000000000 0.00000000000 0.00000000000 0.00000000000 0.00000000000 0.00000000000 0.00000000000 0.00000000000 0.00000000000 0.00000000000 0.00000000000 0.00000000000 0.00000000000 0.00000000000 0.00000000000 0.00000000000 0.00000000000 0.00000000000 0.00000000000 0.00000000000 0.00000000000 0.00000000000 0.00000000000 0.00000000000 0.00000000000 0.00000000000 0.00000000000 0.00000000000 0.00000000000 0.00000000000 0.00000000000 0.00000000000 0.00000000000 0.00000000000 0.00000000000 0.00000000000 0.00000000000 0.00000000000 0.00000000000 0.00000000000 0.00000000000 0.00000000000 0.00000000000 0.00000000000 0.00000000000 0.00000000000 0.00000000000 0.00000000000
# Linf_dev:
 0.00000000000 0.00000000000 0.00000000000 0.00000000000 0.00000000000 0.00000000000 0.00000000000 0.00000000000 0.00000000000 0.00000000000 0.00000000000 0.00000000000 0.00000000000 0.00000000000 0.00000000000 0.00000000000 0.00000000000 0.00000000000 0.00000000000 0.00000000000 0.00000000000 0.00000000000 0.00000000000 0.00000000000 0.00000000000 0.00000000000 0.00000000000 0.00000000000 0.00000000000 0.00000000000 0.00000000000 0.00000000000 0.00000000000 0.00000000000 0.00000000000 0.00000000000 0.00000000000 0.00000000000 0.00000000000 0.00000000000 0.00000000000 0.00000000000 0.00000000000 0.00000000000 0.00000000000 0.00000000000 0.00000000000 0.00000000000 0.00000000000 0.00000000000 0.00000000000 0.00000000000 0.00000000000 0.00000000000 0.00000000000 0.00000000000 0.00000000000 0.00000000000 0.00000000000 0.00000000000
# SelPars50:
2.11032933261
# SelPars95:
3.81016952372
# SelPars_dev50:
 0.00000000000 0.00000000000 0.00000000000 0.00000000000 0.00000000000 0.00000000000 0.00000000000 0.00000000000 0.00000000000 0.00000000000 0.00000000000 0.00000000000 0.00000000000 0.00000000000 0.00000000000 0.00000000000 0.00000000000 0.00000000000 0.00000000000 0.00000000000 0.00000000000 0.00000000000 0.00000000000 0.00000000000 0.00000000000 0.00000000000 0.00000000000 0.00000000000 0.00000000000 0.00000000000 0.00000000000 0.00000000000 0.00000000000 0.00000000000 0.00000000000 0.00000000000 0.00000000000 0.00000000000 0.00000000000 0.00000000000 0.00000000000 0.00000000000 0.00000000000 0.00000000000 0.00000000000 0.00000000000 0.00000000000 0.00000000000 0.00000000000 0.00000000000 0.00000000000 0.00000000000 0.00000000000 0.00000000000 0.00000000000 0.00000000000 0.00000000000 0.00000000000 0.00000000000 0.00000000000
# SelPars_dev95:
 0.00000000000 0.00000000000 0.00000000000 0.00000000000 0.00000000000 0.00000000000 0.00000000000 0.00000000000 0.00000000000 0.00000000000 0.00000000000 0.00000000000 0.00000000000 0.00000000000 0.00000000000 0.00000000000 0.00000000000 0.00000000000 0.00000000000 0.00000000000 0.00000000000 0.00000000000 0.00000000000 0.00000000000 0.00000000000 0.00000000000 0.00000000000 0.00000000000 0.00000000000 0.00000000000 0.00000000000 0.00000000000 0.00000000000 0.00000000000 0.00000000000 0.00000000000 0.00000000000 0.00000000000 0.00000000000 0.00000000000 0.00000000000 0.00000000000 0.00000000000 0.00000000000 0.00000000000 0.00000000000 0.00000000000 0.00000000000 0.00000000000 0.00000000000 0.00000000000 0.00000000000 0.00000000000 0.00000000000 0.00000000000 0.00000000000 0.00000000000 0.00000000000 0.00000000000 0.00000000000
