# Number of parameters = 170 Objective function value = 54799.4  Maximum gradient component = 0.000201566
# srv_sel50:
1.46308180035
# srv_sel95:
2.41124819534
# stNatLen:
 11.2917502114 11.1409018221 10.9134370926 10.6841108421 10.4589256339 10.2257122267 9.98058153155 9.72961455920 9.48208080143 9.24564942334 9.02508511979 8.82267683417 8.63907883592 8.47400952545 8.32672451336 8.19628519246 8.08172073029 7.98212191462 7.89668996869 7.82478068289 7.76573353842 7.71902672587 7.68428241571 7.66125877902 7.64976999098
# log_avg_fmort_dir:
-1.46825783055
# fmort_dir_dev:
 -0.642978420331 -0.554480152389 -0.504377335383 -0.325179369812 -0.109239532735 0.0181719500848 0.0956985078899 0.148194850793 0.137557510306 0.352594729369 0.355635134907 0.352195722804 0.405191151927 0.407353687160 0.315124223600 0.353111134870 0.279423686332 0.255530399573 0.162114254551 0.206332026942 0.244345025871 0.153525948705 0.0972086894445 0.164237296371 0.0231317658527 0.0785208710790 -0.0604119991491 0.00374814649775 0.000577497827157 -0.0336892886565 0.0700732598821 -0.0798793380662 -0.130545930090 -0.156681743164 -0.223406884959 -0.0934961722490 -0.174519759362 -0.246334386995 -0.256677435793 -0.162100718467 -0.280856620331 -0.129291921319 -0.114198836722 -0.201453191489 -0.165777408199 -0.0340210269758
# mean_log_rec:
11.0680888796
# rec_dev:
 0.315757957063 0.305610841868 0.297652112041 0.245000632682 0.169746389213 0.118784276548 0.127595296335 0.145944291464 0.117661319313 0.0647405418989 0.00498016100799 -0.0573801590758 -0.123289330238 -0.163361067413 -0.197408924466 -0.196948378277 -0.197972831164 -0.216546899911 -0.236386867061 -0.262605615429 -0.253003498416 -0.236785510107 -0.217416540112 -0.203188667839 -0.174766806332 -0.144526994015 -0.150069178043 -0.193147611803 -0.237766823255 -0.241739690361 -0.113487720310 0.0485061562724 0.118917194115 0.143582427168 0.146097275468 0.112151671770 0.0925372461308 0.122998811864 0.140108772959 0.145689144594 0.162545166216 0.125392099218 0.146128902294 0.158556982883 0.120556730375 0.120556712866
# log_avg_NatM:
-1.64364001558
# m_dev:
 -0.302863173735 -0.172414859984 -0.0691981017315 0.0940660663678 0.166776238936 -0.0188152874513 -0.481950008795 -0.430259125505 -0.234193738902 -0.0949565926994 -0.0845324668155 -0.132495148888 -0.0868118849644 -0.132947116816 -0.248816275568 -0.367915071681 -0.186137424077 -0.0824361044413 -0.0295054537026 -0.0613532501007 -0.189493611287 -0.239423781833 -0.208338848267 -0.100607752790 -0.268776877365 -0.184172319051 0.0428273033613 0.204301461649 0.131522760131 0.0595789553445 -0.0472175390722 -0.126320561108 0.00150499069108 0.0960917481435 0.209070895793 0.488425515806 0.364942254679 0.185793405024 0.326331893247 0.254294719367 0.184497866715 0.483919106156 0.0755721123731 0.215889805294 0.508667296044 0.487877981510
# log_avg_GrowthK:
-1.60943800000
# log_avg_Linf:
4.88280200000
# GrowthK_dev:
 0.00000000000 0.00000000000 0.00000000000 0.00000000000 0.00000000000 0.00000000000 0.00000000000 0.00000000000 0.00000000000 0.00000000000 0.00000000000 0.00000000000 0.00000000000 0.00000000000 0.00000000000 0.00000000000 0.00000000000 0.00000000000 0.00000000000 0.00000000000 0.00000000000 0.00000000000 0.00000000000 0.00000000000 0.00000000000 0.00000000000 0.00000000000 0.00000000000 0.00000000000 0.00000000000 0.00000000000 0.00000000000 0.00000000000 0.00000000000 0.00000000000 0.00000000000 0.00000000000 0.00000000000 0.00000000000 0.00000000000 0.00000000000 0.00000000000 0.00000000000 0.00000000000 0.00000000000 0.00000000000
# Linf_dev:
 0.00000000000 0.00000000000 0.00000000000 0.00000000000 0.00000000000 0.00000000000 0.00000000000 0.00000000000 0.00000000000 0.00000000000 0.00000000000 0.00000000000 0.00000000000 0.00000000000 0.00000000000 0.00000000000 0.00000000000 0.00000000000 0.00000000000 0.00000000000 0.00000000000 0.00000000000 0.00000000000 0.00000000000 0.00000000000 0.00000000000 0.00000000000 0.00000000000 0.00000000000 0.00000000000 0.00000000000 0.00000000000 0.00000000000 0.00000000000 0.00000000000 0.00000000000 0.00000000000 0.00000000000 0.00000000000 0.00000000000 0.00000000000 0.00000000000 0.00000000000 0.00000000000 0.00000000000 0.00000000000
# SelPars50:
2.00507308052
# SelPars95:
3.55245906449
# SelPars_dev50:
 0.00000000000 0.00000000000 0.00000000000 0.00000000000 0.00000000000 0.00000000000 0.00000000000 0.00000000000 0.00000000000 0.00000000000 0.00000000000 0.00000000000 0.00000000000 0.00000000000 0.00000000000 0.00000000000 0.00000000000 0.00000000000 0.00000000000 0.00000000000 0.00000000000 0.00000000000 0.00000000000 0.00000000000 0.00000000000 0.00000000000 0.00000000000 0.00000000000 0.00000000000 0.00000000000 0.00000000000 0.00000000000 0.00000000000 0.00000000000 0.00000000000 0.00000000000 0.00000000000 0.00000000000 0.00000000000 0.00000000000 0.00000000000 0.00000000000 0.00000000000 0.00000000000 0.00000000000 0.00000000000
# SelPars_dev95:
 0.00000000000 0.00000000000 0.00000000000 0.00000000000 0.00000000000 0.00000000000 0.00000000000 0.00000000000 0.00000000000 0.00000000000 0.00000000000 0.00000000000 0.00000000000 0.00000000000 0.00000000000 0.00000000000 0.00000000000 0.00000000000 0.00000000000 0.00000000000 0.00000000000 0.00000000000 0.00000000000 0.00000000000 0.00000000000 0.00000000000 0.00000000000 0.00000000000 0.00000000000 0.00000000000 0.00000000000 0.00000000000 0.00000000000 0.00000000000 0.00000000000 0.00000000000 0.00000000000 0.00000000000 0.00000000000 0.00000000000 0.00000000000 0.00000000000 0.00000000000 0.00000000000 0.00000000000 0.00000000000
