# Number of parameters = 135 Objective function value = 62304.7  Maximum gradient component = 0.000787194
# srv_sel50:
1.53410527780
# srv_sel95:
2.60464630062
# stNatLen:
 11.4192043242 11.2660315781 11.0515396891 10.8555585151 10.6690919113 10.4672436122 10.2420806353 10.0013575433 9.75768417372 9.52157052241 9.29962479872 9.09518119411 8.90943653391 8.74237042124 8.59333692757 8.46144080310 8.34572798305 8.24530514979 8.15935152997 8.08714243324 8.02803467694 7.98151054764 7.94710834150 7.92447077548 7.91332534335
# log_avg_fmort_dir:
-1.62871804711
# fmort_dir_dev:
 -1.70750233721 -1.79422700832 -1.34973103983 -0.898630266936 -0.697260956013 -0.515791340314 -0.341115191511 -0.153206146702 -0.0623931325431 0.0536031016985 0.218045930814 0.233928355693 0.346266277241 0.454878872553 0.506818411514 0.495396096946 0.470832606859 0.420361427012 0.471475650246 0.428458682747 0.400759636001 0.332291895997 0.434685334067 0.344454538878 0.309285026414 0.280180817202 0.237357861877 0.235131589222 0.250852345418 0.159151196806 0.174137487612 0.185549678241 0.0195651070607 0.0554416825681 0.102032563953 -0.0268888130439 -0.0369289293649 0.00130504369489 0.0540915163373 0.0588171092968 0.0115606347513 0.0450501270081 0.0560427458100 0.0374916133733 0.0862711937010 0.0997215140603 -0.00397829605669 0.0408705304317 -0.0122910948491 0.0107179393243 -0.260898739481 -0.262038850265
# mean_log_rec:
11.1448905468
# rec_dev:
 0.351003507516 0.337195135458 0.351188686615 0.358686068805 0.363678013550 0.365813339503 0.358080172326 0.346207991979 0.331869456147 0.309657259535 0.293359515684 0.266392923554 0.226514258386 0.183063887544 0.124103925546 0.0590501667115 0.00246293249159 -0.0359064163341 -0.0551457306253 -0.0807676470849 -0.0944605982218 -0.114868961705 -0.135684214901 -0.163555550725 -0.173054462777 -0.181097087171 -0.193794537948 -0.206502870359 -0.215160371125 -0.213898792308 -0.216789719425 -0.214433965400 -0.207504187969 -0.215735329606 -0.202603118803 -0.192761541862 -0.194039355442 -0.172426827651 -0.161438173703 -0.157344874465 -0.131660731354 -0.108420191793 -0.0855830657281 -0.0654698899386 -0.0682602126391 -0.0824173238580 -0.0948969071591 -0.0824921357405 -0.0446362413467 -0.0180526819920 -0.0237317486302 -0.0237317755615
# log_avg_NatM:
-1.63240500000
# m_dev:
 0.00000000000 0.00000000000 0.00000000000 0.00000000000 0.00000000000 0.00000000000 0.00000000000 0.00000000000 0.00000000000 0.00000000000 0.00000000000 0.00000000000 0.00000000000 0.00000000000 0.00000000000 0.00000000000 0.00000000000 0.00000000000 0.00000000000 0.00000000000 0.00000000000 0.00000000000 0.00000000000 0.00000000000 0.00000000000 0.00000000000 0.00000000000 0.00000000000 0.00000000000 0.00000000000 0.00000000000 0.00000000000 0.00000000000 0.00000000000 0.00000000000 0.00000000000 0.00000000000 0.00000000000 0.00000000000 0.00000000000 0.00000000000 0.00000000000 0.00000000000 0.00000000000 0.00000000000 0.00000000000 0.00000000000 0.00000000000 0.00000000000 0.00000000000 0.00000000000 0.00000000000
# log_avg_GrowthK:
-1.67034800000
# log_avg_Linf:
4.80937600000
# GrowthK_dev:
 0.00000000000 0.00000000000 0.00000000000 0.00000000000 0.00000000000 0.00000000000 0.00000000000 0.00000000000 0.00000000000 0.00000000000 0.00000000000 0.00000000000 0.00000000000 0.00000000000 0.00000000000 0.00000000000 0.00000000000 0.00000000000 0.00000000000 0.00000000000 0.00000000000 0.00000000000 0.00000000000 0.00000000000 0.00000000000 0.00000000000 0.00000000000 0.00000000000 0.00000000000 0.00000000000 0.00000000000 0.00000000000 0.00000000000 0.00000000000 0.00000000000 0.00000000000 0.00000000000 0.00000000000 0.00000000000 0.00000000000 0.00000000000 0.00000000000 0.00000000000 0.00000000000 0.00000000000 0.00000000000 0.00000000000 0.00000000000 0.00000000000 0.00000000000 0.00000000000 0.00000000000
# Linf_dev:
 0.00000000000 0.00000000000 0.00000000000 0.00000000000 0.00000000000 0.00000000000 0.00000000000 0.00000000000 0.00000000000 0.00000000000 0.00000000000 0.00000000000 0.00000000000 0.00000000000 0.00000000000 0.00000000000 0.00000000000 0.00000000000 0.00000000000 0.00000000000 0.00000000000 0.00000000000 0.00000000000 0.00000000000 0.00000000000 0.00000000000 0.00000000000 0.00000000000 0.00000000000 0.00000000000 0.00000000000 0.00000000000 0.00000000000 0.00000000000 0.00000000000 0.00000000000 0.00000000000 0.00000000000 0.00000000000 0.00000000000 0.00000000000 0.00000000000 0.00000000000 0.00000000000 0.00000000000 0.00000000000 0.00000000000 0.00000000000 0.00000000000 0.00000000000 0.00000000000 0.00000000000
# SelPars50:
2.09585434684
# SelPars95:
3.76745431912
# SelPars_dev50:
 0.00000000000 0.00000000000 0.00000000000 0.00000000000 0.00000000000 0.00000000000 0.00000000000 0.00000000000 0.00000000000 0.00000000000 0.00000000000 0.00000000000 0.00000000000 0.00000000000 0.00000000000 0.00000000000 0.00000000000 0.00000000000 0.00000000000 0.00000000000 0.00000000000 0.00000000000 0.00000000000 0.00000000000 0.00000000000 0.00000000000 0.00000000000 0.00000000000 0.00000000000 0.00000000000 0.00000000000 0.00000000000 0.00000000000 0.00000000000 0.00000000000 0.00000000000 0.00000000000 0.00000000000 0.00000000000 0.00000000000 0.00000000000 0.00000000000 0.00000000000 0.00000000000 0.00000000000 0.00000000000 0.00000000000 0.00000000000 0.00000000000 0.00000000000 0.00000000000 0.00000000000
# SelPars_dev95:
 0.00000000000 0.00000000000 0.00000000000 0.00000000000 0.00000000000 0.00000000000 0.00000000000 0.00000000000 0.00000000000 0.00000000000 0.00000000000 0.00000000000 0.00000000000 0.00000000000 0.00000000000 0.00000000000 0.00000000000 0.00000000000 0.00000000000 0.00000000000 0.00000000000 0.00000000000 0.00000000000 0.00000000000 0.00000000000 0.00000000000 0.00000000000 0.00000000000 0.00000000000 0.00000000000 0.00000000000 0.00000000000 0.00000000000 0.00000000000 0.00000000000 0.00000000000 0.00000000000 0.00000000000 0.00000000000 0.00000000000 0.00000000000 0.00000000000 0.00000000000 0.00000000000 0.00000000000 0.00000000000 0.00000000000 0.00000000000 0.00000000000 0.00000000000 0.00000000000 0.00000000000
