# Number of parameters = 224 Objective function value = 76690.9  Maximum gradient component = 0.000992428
# srv_sel50:
1.48123537931
# srv_sel95:
2.44864881524
# stNatLen:
 11.3532918396 11.2211088611 11.0236956284 10.8334579478 10.6476637685 10.4463025957 10.2223936639 9.98292426995 9.73978115799 9.50323855301 9.27999764851 9.07363118647 8.88558373712 8.71602504364 8.56444247348 8.43003077077 8.31190101698 8.20915084126 8.12095625112 8.04663735020 7.98556792233 7.93723329720 7.90124467091 7.87731505746 7.86540296995
# log_avg_fmort_dir:
-1.65864672029
# fmort_dir_dev:
 -1.78237626357 -1.77451854429 -1.41616233884 -1.05126298020 -0.789616476324 -0.521441034336 -0.371576890549 -0.274210636910 -0.0307819314998 0.114612877346 0.254335688662 0.279542656788 0.334555579518 0.407577718406 0.548042445254 0.535547296015 0.481597727162 0.442961367147 0.367546264521 0.384431249463 0.345976856236 0.408525935794 0.303870267691 0.270713427933 0.320811088689 0.218674444416 0.112047486175 0.184469498674 0.119624302810 0.143932796068 0.151764984618 0.0575522001084 0.168162538372 0.118145209151 0.123618958736 0.0627159988050 0.130379024692 -0.127077838360 0.0304037408604 -0.0246843447495 0.0811599697248 0.142387113590 0.0449221349456 0.0931709644341 0.0351802552742 0.122253023147 0.0762877009529 0.225983420193 0.180237193406 0.142360431566 -0.0967332560639 -0.0273238954754 0.0971850317261 0.324664401560 -0.0773674558448 -0.330937367131 0.0155709348947 0.221108781300 0.290127107530 -0.962300633386 -0.236445248448 -0.256633096971 0.311677883508 0.325034255090
# mean_log_rec:
11.1799787152
# rec_dev:
 0.339742810084 0.361190815487 0.387919466882 0.360485365387 0.310373982505 0.271765145465 0.262388820816 0.240634601866 0.199082123380 0.164079275974 0.133423886241 0.0938020560385 0.0555348187551 0.0123633890208 -0.0430189896290 -0.0959929229820 -0.109670873438 -0.0908975195868 -0.0810815231339 -0.151430921492 -0.228422082425 -0.246811095458 -0.233275040573 -0.210658017857 -0.176349026060 -0.142944307501 -0.154464631920 -0.174821005431 -0.202699098826 -0.214733235247 -0.192228399858 -0.192913681185 -0.228430088402 -0.228282263804 -0.121159959142 0.0109904288022 0.0813217411415 0.125943416626 0.120361135203 0.0186185268712 -0.0942418674863 -0.0868242942289 -0.0250338102181 0.00628746341787 -0.0308520593513 -0.118399022931 -0.167269615895 -0.155983219306 -0.121047217813 -0.0749192277560 -0.00230172237279 0.0565892793426 0.0596031321611 0.0416616153725 0.0471080817493 0.0726143668533 0.0742291670429 0.00270078794046 -0.0284959582033 0.00365582777411 0.102435907365 0.149505328373 0.129619864113 0.129620071460
# log_avg_NatM:
-1.53355318544
# m_dev:
 -0.514009460669 -0.462687259975 -0.134372642910 0.0645215879869 0.158321060275 0.0609860095097 -0.129908400011 -0.0490774595124 -0.0789344998632 -0.192353666980 -0.115281094514 -0.0488885978333 -0.166898296751 -0.213293490643 -0.0875413546030 -0.0502800730977 -0.375622446231 -0.510952274741 -0.254603832613 0.156792257221 0.135148655426 -0.0962963917756 -0.202366969731 -0.297018949401 -0.306949882051 -0.171190480888 0.0282539543515 0.0771987145603 0.134892110287 -0.0482900071296 -0.184145043651 -0.0551506810569 0.00775717942856 0.0623097536931 0.0749279727273 -0.0969035875453 -0.0397362687776 -0.0663288026040 0.138882231953 0.562122456644 0.524797144133 0.0433482617563 -0.0861911596750 -0.0182299592811 0.281966978770 0.477940404805 0.210603477269 -0.0304767997316 0.0452172361050 -0.115518475592 -0.151491604733 -0.0206758554779 0.216890558938 0.192152463189 0.0678077795243 0.102984894048 0.267418006923 0.491219531561 0.141427051735 0.00960442861255 -0.179874166485 0.152382443734 0.332630368144 0.331034963223
# log_avg_GrowthK:
-1.60943800000
# log_avg_Linf:
4.88280200000
# GrowthK_dev:
 0.00000000000 0.00000000000 0.00000000000 0.00000000000 0.00000000000 0.00000000000 0.00000000000 0.00000000000 0.00000000000 0.00000000000 0.00000000000 0.00000000000 0.00000000000 0.00000000000 0.00000000000 0.00000000000 0.00000000000 0.00000000000 0.00000000000 0.00000000000 0.00000000000 0.00000000000 0.00000000000 0.00000000000 0.00000000000 0.00000000000 0.00000000000 0.00000000000 0.00000000000 0.00000000000 0.00000000000 0.00000000000 0.00000000000 0.00000000000 0.00000000000 0.00000000000 0.00000000000 0.00000000000 0.00000000000 0.00000000000 0.00000000000 0.00000000000 0.00000000000 0.00000000000 0.00000000000 0.00000000000 0.00000000000 0.00000000000 0.00000000000 0.00000000000 0.00000000000 0.00000000000 0.00000000000 0.00000000000 0.00000000000 0.00000000000 0.00000000000 0.00000000000 0.00000000000 0.00000000000 0.00000000000 0.00000000000 0.00000000000 0.00000000000
# Linf_dev:
 0.00000000000 0.00000000000 0.00000000000 0.00000000000 0.00000000000 0.00000000000 0.00000000000 0.00000000000 0.00000000000 0.00000000000 0.00000000000 0.00000000000 0.00000000000 0.00000000000 0.00000000000 0.00000000000 0.00000000000 0.00000000000 0.00000000000 0.00000000000 0.00000000000 0.00000000000 0.00000000000 0.00000000000 0.00000000000 0.00000000000 0.00000000000 0.00000000000 0.00000000000 0.00000000000 0.00000000000 0.00000000000 0.00000000000 0.00000000000 0.00000000000 0.00000000000 0.00000000000 0.00000000000 0.00000000000 0.00000000000 0.00000000000 0.00000000000 0.00000000000 0.00000000000 0.00000000000 0.00000000000 0.00000000000 0.00000000000 0.00000000000 0.00000000000 0.00000000000 0.00000000000 0.00000000000 0.00000000000 0.00000000000 0.00000000000 0.00000000000 0.00000000000 0.00000000000 0.00000000000 0.00000000000 0.00000000000 0.00000000000 0.00000000000
# SelPars50:
2.01441440458
# SelPars95:
3.56358511050
# SelPars_dev50:
 0.00000000000 0.00000000000 0.00000000000 0.00000000000 0.00000000000 0.00000000000 0.00000000000 0.00000000000 0.00000000000 0.00000000000 0.00000000000 0.00000000000 0.00000000000 0.00000000000 0.00000000000 0.00000000000 0.00000000000 0.00000000000 0.00000000000 0.00000000000 0.00000000000 0.00000000000 0.00000000000 0.00000000000 0.00000000000 0.00000000000 0.00000000000 0.00000000000 0.00000000000 0.00000000000 0.00000000000 0.00000000000 0.00000000000 0.00000000000 0.00000000000 0.00000000000 0.00000000000 0.00000000000 0.00000000000 0.00000000000 0.00000000000 0.00000000000 0.00000000000 0.00000000000 0.00000000000 0.00000000000 0.00000000000 0.00000000000 0.00000000000 0.00000000000 0.00000000000 0.00000000000 0.00000000000 0.00000000000 0.00000000000 0.00000000000 0.00000000000 0.00000000000 0.00000000000 0.00000000000 0.00000000000 0.00000000000 0.00000000000 0.00000000000
# SelPars_dev95:
 0.00000000000 0.00000000000 0.00000000000 0.00000000000 0.00000000000 0.00000000000 0.00000000000 0.00000000000 0.00000000000 0.00000000000 0.00000000000 0.00000000000 0.00000000000 0.00000000000 0.00000000000 0.00000000000 0.00000000000 0.00000000000 0.00000000000 0.00000000000 0.00000000000 0.00000000000 0.00000000000 0.00000000000 0.00000000000 0.00000000000 0.00000000000 0.00000000000 0.00000000000 0.00000000000 0.00000000000 0.00000000000 0.00000000000 0.00000000000 0.00000000000 0.00000000000 0.00000000000 0.00000000000 0.00000000000 0.00000000000 0.00000000000 0.00000000000 0.00000000000 0.00000000000 0.00000000000 0.00000000000 0.00000000000 0.00000000000 0.00000000000 0.00000000000 0.00000000000 0.00000000000 0.00000000000 0.00000000000 0.00000000000 0.00000000000 0.00000000000 0.00000000000 0.00000000000 0.00000000000 0.00000000000 0.00000000000 0.00000000000 0.00000000000
