# Number of parameters = 203 Objective function value = 68206.6  Maximum gradient component = 0.00251854
# srv_sel50:
1.47557569885
# srv_sel95:
2.43100819185
# stNatLen:
 11.3875142076 11.2527218659 11.0552812757 10.8657330445 10.6798692465 10.4775793239 10.2525956714 10.0125765131 9.76965192535 9.53402573348 9.31221834854 9.10757887966 8.92138943898 8.75370528375 8.60394954578 8.47125354661 8.35466436482 8.25328076342 8.16630006373 8.09302898848 8.03284336363 7.98528514553 7.94993206207 7.92648040948 7.91480380468
# log_avg_fmort_dir:
-1.65266732743
# fmort_dir_dev:
 -1.71306166248 -1.70434504732 -1.28353187263 -0.943167692409 -0.713163298756 -0.644236316185 -0.344346937545 -0.253746538343 -0.0508663579527 0.126015400984 0.274370787861 0.343981929137 0.438367985338 0.512939706509 0.565169550605 0.553477331799 0.490724065264 0.500669220357 0.413891379966 0.412040567040 0.461417660327 0.468776889329 0.412327014148 0.261395262047 0.252087389042 0.310683398213 0.232844270192 0.137904747935 0.139655266002 0.0828432681723 0.0446609207327 0.0909446431280 0.0130244629037 0.147694017933 0.0404503178103 -0.00397963351769 -0.0456613805591 -0.0724225745209 0.0564512167745 -0.0582432391849 0.141121426030 0.169616178663 0.108366807779 0.0995484977217 0.159291642690 0.0561624233138 0.00335484620702 -0.142791354337 -0.0927204585907 -0.117487308364 0.0159366305278 0.0141175284009 0.145535398410 0.402712501852 -0.412806364780 -0.528791833547 0.0247973198756
# mean_log_rec:
11.1748340103
# rec_dev:
 0.336849641035 0.334572775122 0.346286019880 0.343834544800 0.354238185867 0.354445632535 0.349558004245 0.316741578885 0.217347063793 0.0867134223021 -0.00655122097877 -0.0456764674450 -0.0632780007373 -0.0738892668405 -0.101647780702 -0.115664979079 -0.120564814280 -0.139834699212 -0.172228520741 -0.247090311236 -0.311257902642 -0.320332476455 -0.293223843511 -0.261505642486 -0.233582882249 -0.225295833580 -0.221920747830 -0.207778964024 -0.176642478435 -0.149033536632 -0.148242250093 -0.151830635688 -0.207682150474 -0.231967288753 -0.0847556832044 0.0308839841957 0.0414757319758 0.0314488457662 0.0109379587963 -0.0562006727642 -0.102519942100 -0.111135281144 -0.0943992399237 -0.0576980725157 0.00730534629714 0.108475850707 0.192490698643 0.194643276292 0.188288351931 0.209797338698 0.213787489921 0.168110590230 0.0679253017087 0.0106309610954 0.0374479853165 0.0895975627517 0.0895974429641
# log_avg_NatM:
-1.57236239082
# m_dev:
 -0.288592978068 -0.225449222832 -0.0510020143119 -0.00903991833693 -0.131831952165 -0.0644254622014 -0.128588586189 -0.00585728041906 0.207838094160 0.346392597041 0.0946691849851 -0.227332202419 -0.405145549574 -0.447342018668 -0.288441446360 -0.422887079485 -0.327823419294 -0.228449223811 -0.126031687875 0.130552215764 0.00322800053757 -0.193901181356 -0.268073825001 -0.333955316360 -0.295650898426 -0.0899979749010 -0.0124114119706 -0.0667295257096 -0.152474359526 -0.0405457019896 -0.0227663411427 0.0385995475117 0.294593720398 0.121852816465 -0.173378821406 0.183653561303 0.217181257341 0.207851527551 0.313684838580 0.418913897719 0.283567677779 0.198599684719 0.113605892732 0.0650839152563 -0.141429753250 -0.324498291539 -0.0879282382565 0.370409457683 0.277216055044 0.302844581792 0.280241627300 0.368267453378 0.589207035222 0.327757778399 0.0225578973215 -0.0722601981410 -0.124128435001
# log_avg_GrowthK:
-1.60943800000
# log_avg_Linf:
4.88280200000
# GrowthK_dev:
 0.00000000000 0.00000000000 0.00000000000 0.00000000000 0.00000000000 0.00000000000 0.00000000000 0.00000000000 0.00000000000 0.00000000000 0.00000000000 0.00000000000 0.00000000000 0.00000000000 0.00000000000 0.00000000000 0.00000000000 0.00000000000 0.00000000000 0.00000000000 0.00000000000 0.00000000000 0.00000000000 0.00000000000 0.00000000000 0.00000000000 0.00000000000 0.00000000000 0.00000000000 0.00000000000 0.00000000000 0.00000000000 0.00000000000 0.00000000000 0.00000000000 0.00000000000 0.00000000000 0.00000000000 0.00000000000 0.00000000000 0.00000000000 0.00000000000 0.00000000000 0.00000000000 0.00000000000 0.00000000000 0.00000000000 0.00000000000 0.00000000000 0.00000000000 0.00000000000 0.00000000000 0.00000000000 0.00000000000 0.00000000000 0.00000000000 0.00000000000
# Linf_dev:
 0.00000000000 0.00000000000 0.00000000000 0.00000000000 0.00000000000 0.00000000000 0.00000000000 0.00000000000 0.00000000000 0.00000000000 0.00000000000 0.00000000000 0.00000000000 0.00000000000 0.00000000000 0.00000000000 0.00000000000 0.00000000000 0.00000000000 0.00000000000 0.00000000000 0.00000000000 0.00000000000 0.00000000000 0.00000000000 0.00000000000 0.00000000000 0.00000000000 0.00000000000 0.00000000000 0.00000000000 0.00000000000 0.00000000000 0.00000000000 0.00000000000 0.00000000000 0.00000000000 0.00000000000 0.00000000000 0.00000000000 0.00000000000 0.00000000000 0.00000000000 0.00000000000 0.00000000000 0.00000000000 0.00000000000 0.00000000000 0.00000000000 0.00000000000 0.00000000000 0.00000000000 0.00000000000 0.00000000000 0.00000000000 0.00000000000 0.00000000000
# SelPars50:
2.02325401728
# SelPars95:
3.59184759438
# SelPars_dev50:
 0.00000000000 0.00000000000 0.00000000000 0.00000000000 0.00000000000 0.00000000000 0.00000000000 0.00000000000 0.00000000000 0.00000000000 0.00000000000 0.00000000000 0.00000000000 0.00000000000 0.00000000000 0.00000000000 0.00000000000 0.00000000000 0.00000000000 0.00000000000 0.00000000000 0.00000000000 0.00000000000 0.00000000000 0.00000000000 0.00000000000 0.00000000000 0.00000000000 0.00000000000 0.00000000000 0.00000000000 0.00000000000 0.00000000000 0.00000000000 0.00000000000 0.00000000000 0.00000000000 0.00000000000 0.00000000000 0.00000000000 0.00000000000 0.00000000000 0.00000000000 0.00000000000 0.00000000000 0.00000000000 0.00000000000 0.00000000000 0.00000000000 0.00000000000 0.00000000000 0.00000000000 0.00000000000 0.00000000000 0.00000000000 0.00000000000 0.00000000000
# SelPars_dev95:
 0.00000000000 0.00000000000 0.00000000000 0.00000000000 0.00000000000 0.00000000000 0.00000000000 0.00000000000 0.00000000000 0.00000000000 0.00000000000 0.00000000000 0.00000000000 0.00000000000 0.00000000000 0.00000000000 0.00000000000 0.00000000000 0.00000000000 0.00000000000 0.00000000000 0.00000000000 0.00000000000 0.00000000000 0.00000000000 0.00000000000 0.00000000000 0.00000000000 0.00000000000 0.00000000000 0.00000000000 0.00000000000 0.00000000000 0.00000000000 0.00000000000 0.00000000000 0.00000000000 0.00000000000 0.00000000000 0.00000000000 0.00000000000 0.00000000000 0.00000000000 0.00000000000 0.00000000000 0.00000000000 0.00000000000 0.00000000000 0.00000000000 0.00000000000 0.00000000000 0.00000000000 0.00000000000 0.00000000000 0.00000000000 0.00000000000 0.00000000000
