# Number of parameters = 194 Objective function value = 64465.3  Maximum gradient component = 0.00328852
# srv_sel50:
1.46724882958
# srv_sel95:
2.42228884400
# stNatLen:
 11.2923287534 11.1409286965 10.9133769204 10.6841351586 10.4590143710 10.2258203841 9.98068269259 9.72969951207 9.48214892998 9.24570338779 9.02512825511 8.82271212989 8.63910872467 8.47403550718 8.32674758776 8.19630613742 8.08174009113 7.98213997408 7.89670719306 7.82479722281 7.76574951588 7.71904231367 7.68429793735 7.66127429869 7.64978550977
# log_avg_fmort_dir:
-1.49220531874
# fmort_dir_dev:
 -0.619118597208 -0.530656865632 -0.480558097065 -0.301372735973 -0.0854403409543 0.0419698496792 0.119481323238 0.171946172083 0.161285667369 0.376308094509 0.379339200130 0.375886644632 0.428866955685 0.431025842100 0.338797200554 0.376771682432 0.303070113508 0.279177010609 0.185771199424 0.229997671706 0.268010698022 0.177185519777 0.120867053205 0.187906038469 0.0468111602454 0.102187391376 -0.0367490488949 0.0274223049077 0.0242645680376 -0.00999589132922 0.0937689738426 -0.0561831659829 -0.106859707614 -0.133013342204 -0.199756398399 -0.0698516082057 -0.150882215416 -0.222738951400 -0.233104859508 -0.138393630343 -0.256631335940 -0.103493430833 -0.0865241376791 -0.174790922249 -0.152067458264 -0.0582494501102 -0.137750001063 -0.0734012536421 0.0342399376862 -0.304991272170 0.0214498748893 -0.150220276725 -0.412604578308 -0.0184085750045
# mean_log_rec:
11.0814346259
# rec_dev:
 0.303018098498 0.292845774962 0.284987024241 0.232346262045 0.157209385557 0.106210679265 0.115069295325 0.133465763133 0.105230328317 0.0523271900262 -0.00745789531906 -0.0698636491479 -0.135762028575 -0.175848204437 -0.209913110230 -0.209445483960 -0.210503805201 -0.229023839146 -0.248918336135 -0.275135358813 -0.265587030379 -0.249362275234 -0.229894621308 -0.215756064513 -0.187332830372 -0.157055495339 -0.162590101709 -0.205699438000 -0.250333875828 -0.254278003229 -0.126043794901 0.0359218719898 0.106355411342 0.131029739902 0.133603423924 0.0996295035425 0.0800434861816 0.110526604826 0.127522045564 0.132696138120 0.148640043789 0.109381121816 0.129996500616 0.155507108947 0.114441513446 0.0791487370193 0.0580007332611 0.0263037725894 0.0118603666163 0.00165561277257 0.0413601891091 0.119970806008 0.169750392293 0.169750316733
# log_avg_NatM:
-1.62835001155
# m_dev:
 -0.318065645016 -0.187634113196 -0.0844017006321 0.0789063364794 0.151704763933 -0.0338210142871 -0.496963744743 -0.445193422496 -0.249054425189 -0.109786265546 -0.0993708317521 -0.147341232389 -0.101603341493 -0.147718083432 -0.263603979906 -0.382750533314 -0.200930149480 -0.0972314487459 -0.0443125855828 -0.0761569101614 -0.204313104734 -0.254229321293 -0.223119363308 -0.115349493688 -0.283616325595 -0.199030979555 0.0279679645318 0.189432033717 0.116627960198 0.0447071822198 -0.0620766211080 -0.141183568266 -0.0133178371281 0.0812431818191 0.194153718793 0.473469833667 0.349895019577 0.170728585304 0.311551502713 0.240423678230 0.172546782008 0.475469094412 0.0621095989427 0.184564967463 0.422888651700 0.328066420716 0.319366383553 0.367893282640 0.216850910883 0.292776158197 0.0745838568399 -0.153822656438 -0.0884130151570 -0.123516154908
# log_avg_GrowthK:
-1.60943800000
# log_avg_Linf:
4.88280200000
# GrowthK_dev:
 0.00000000000 0.00000000000 0.00000000000 0.00000000000 0.00000000000 0.00000000000 0.00000000000 0.00000000000 0.00000000000 0.00000000000 0.00000000000 0.00000000000 0.00000000000 0.00000000000 0.00000000000 0.00000000000 0.00000000000 0.00000000000 0.00000000000 0.00000000000 0.00000000000 0.00000000000 0.00000000000 0.00000000000 0.00000000000 0.00000000000 0.00000000000 0.00000000000 0.00000000000 0.00000000000 0.00000000000 0.00000000000 0.00000000000 0.00000000000 0.00000000000 0.00000000000 0.00000000000 0.00000000000 0.00000000000 0.00000000000 0.00000000000 0.00000000000 0.00000000000 0.00000000000 0.00000000000 0.00000000000 0.00000000000 0.00000000000 0.00000000000 0.00000000000 0.00000000000 0.00000000000 0.00000000000 0.00000000000
# Linf_dev:
 0.00000000000 0.00000000000 0.00000000000 0.00000000000 0.00000000000 0.00000000000 0.00000000000 0.00000000000 0.00000000000 0.00000000000 0.00000000000 0.00000000000 0.00000000000 0.00000000000 0.00000000000 0.00000000000 0.00000000000 0.00000000000 0.00000000000 0.00000000000 0.00000000000 0.00000000000 0.00000000000 0.00000000000 0.00000000000 0.00000000000 0.00000000000 0.00000000000 0.00000000000 0.00000000000 0.00000000000 0.00000000000 0.00000000000 0.00000000000 0.00000000000 0.00000000000 0.00000000000 0.00000000000 0.00000000000 0.00000000000 0.00000000000 0.00000000000 0.00000000000 0.00000000000 0.00000000000 0.00000000000 0.00000000000 0.00000000000 0.00000000000 0.00000000000 0.00000000000 0.00000000000 0.00000000000 0.00000000000
# SelPars50:
2.00262203050
# SelPars95:
3.54631820118
# SelPars_dev50:
 0.00000000000 0.00000000000 0.00000000000 0.00000000000 0.00000000000 0.00000000000 0.00000000000 0.00000000000 0.00000000000 0.00000000000 0.00000000000 0.00000000000 0.00000000000 0.00000000000 0.00000000000 0.00000000000 0.00000000000 0.00000000000 0.00000000000 0.00000000000 0.00000000000 0.00000000000 0.00000000000 0.00000000000 0.00000000000 0.00000000000 0.00000000000 0.00000000000 0.00000000000 0.00000000000 0.00000000000 0.00000000000 0.00000000000 0.00000000000 0.00000000000 0.00000000000 0.00000000000 0.00000000000 0.00000000000 0.00000000000 0.00000000000 0.00000000000 0.00000000000 0.00000000000 0.00000000000 0.00000000000 0.00000000000 0.00000000000 0.00000000000 0.00000000000 0.00000000000 0.00000000000 0.00000000000 0.00000000000
# SelPars_dev95:
 0.00000000000 0.00000000000 0.00000000000 0.00000000000 0.00000000000 0.00000000000 0.00000000000 0.00000000000 0.00000000000 0.00000000000 0.00000000000 0.00000000000 0.00000000000 0.00000000000 0.00000000000 0.00000000000 0.00000000000 0.00000000000 0.00000000000 0.00000000000 0.00000000000 0.00000000000 0.00000000000 0.00000000000 0.00000000000 0.00000000000 0.00000000000 0.00000000000 0.00000000000 0.00000000000 0.00000000000 0.00000000000 0.00000000000 0.00000000000 0.00000000000 0.00000000000 0.00000000000 0.00000000000 0.00000000000 0.00000000000 0.00000000000 0.00000000000 0.00000000000 0.00000000000 0.00000000000 0.00000000000 0.00000000000 0.00000000000 0.00000000000 0.00000000000 0.00000000000 0.00000000000 0.00000000000 0.00000000000
