# Number of parameters = 145 Objective function value = 68366.4  Maximum gradient component = 0.000217211
# srv_sel50:
1.53360134635
# srv_sel95:
2.60037446974
# stNatLen:
 11.4472564662 11.2738710273 11.0253248474 10.7898411521 10.5690676767 10.3441540552 10.1056236677 9.85656447792 9.60586800965 9.36228093813 9.13200691691 8.91859334258 8.72360665197 8.54737570021 8.38951568736 8.24927020655 8.12576539306 8.01815075729 7.92559451053 7.84739755563 7.78307001991 7.73218894181 7.69439238341 7.66936357317 7.65689913436
# log_avg_fmort_dir:
-1.57418505658
# fmort_dir_dev:
 -0.579895072487 -0.528332098662 -0.371539952621 -0.304906835461 -0.0522621161075 -0.0789209524969 0.0481962105742 0.115824526726 0.294075281696 0.229002538216 0.325325749482 0.468556103283 0.384581876089 0.430268893190 0.362315298414 0.382381602828 0.321509850759 0.300147880836 0.267072125351 0.229450423847 0.248338331202 0.224792023075 0.156728376882 0.232015721150 0.0758821395385 0.139911024678 0.109728381961 0.0846365263823 0.0385955877096 0.0476665737791 0.0905980060011 -0.0454000193566 -0.0201549313382 0.131871704000 -0.0970931569627 -0.00391648723184 -0.0497878083675 0.0808670888582 -0.0315869316293 -0.0105020278904 0.0468959159396 0.0438194248297 -0.0402706582009 0.0524481628640 0.103303226603 -0.0634376019239 -0.518818731309 -0.433488450170 -0.606040615596 -0.518579837557 -0.207568381111 -0.359080140760 -0.196194778521 -0.292589961552 -0.338838503886 -0.159096070887 -0.158504454659
# mean_log_rec:
11.1213749901
# rec_dev:
 0.368166636466 0.343683375218 0.341279557099 0.319769947941 0.286527380223 0.271989737809 0.261427517371 0.227449175485 0.208843020950 0.203757024648 0.151571368018 0.0809821487515 0.0316334643828 -0.0118793640247 -0.0584562518192 -0.0897399219520 -0.121141571098 -0.146855335024 -0.160769758829 -0.175321405415 -0.185107340963 -0.183037511996 -0.194012738170 -0.207332595255 -0.206874829399 -0.205403505151 -0.190086477115 -0.156558428095 -0.131922886786 -0.134500294491 -0.125243386216 -0.122160878770 -0.123761849226 -0.124996870195 -0.118567578524 -0.119996434790 -0.118986508804 -0.116356936372 -0.102741389947 -0.0879123125976 -0.0841232946997 -0.0809955976087 -0.0815783569542 -0.0843207098662 -0.0574539145215 -0.0327334576851 -0.0179205436570 0.0134542889785 0.0455421954741 0.0713827246047 0.104571602806 0.123836582998 0.128699677836 0.142184620824 0.149104640230 0.141496787519 0.141496760384
# log_avg_NatM:
-1.60943800000
# m_dev:
 0.00000000000 0.00000000000 0.00000000000 0.00000000000 0.00000000000 0.00000000000 0.00000000000 0.00000000000 0.00000000000 0.00000000000 0.00000000000 0.00000000000 0.00000000000 0.00000000000 0.00000000000 0.00000000000 0.00000000000 0.00000000000 0.00000000000 0.00000000000 0.00000000000 0.00000000000 0.00000000000 0.00000000000 0.00000000000 0.00000000000 0.00000000000 0.00000000000 0.00000000000 0.00000000000 0.00000000000 0.00000000000 0.00000000000 0.00000000000 0.00000000000 0.00000000000 0.00000000000 0.00000000000 0.00000000000 0.00000000000 0.00000000000 0.00000000000 0.00000000000 0.00000000000 0.00000000000 0.00000000000 0.00000000000 0.00000000000 0.00000000000 0.00000000000 0.00000000000 0.00000000000 0.00000000000 0.00000000000 0.00000000000 0.00000000000 0.00000000000
# log_avg_GrowthK:
-1.60943800000
# log_avg_Linf:
4.88280200000
# GrowthK_dev:
 0.00000000000 0.00000000000 0.00000000000 0.00000000000 0.00000000000 0.00000000000 0.00000000000 0.00000000000 0.00000000000 0.00000000000 0.00000000000 0.00000000000 0.00000000000 0.00000000000 0.00000000000 0.00000000000 0.00000000000 0.00000000000 0.00000000000 0.00000000000 0.00000000000 0.00000000000 0.00000000000 0.00000000000 0.00000000000 0.00000000000 0.00000000000 0.00000000000 0.00000000000 0.00000000000 0.00000000000 0.00000000000 0.00000000000 0.00000000000 0.00000000000 0.00000000000 0.00000000000 0.00000000000 0.00000000000 0.00000000000 0.00000000000 0.00000000000 0.00000000000 0.00000000000 0.00000000000 0.00000000000 0.00000000000 0.00000000000 0.00000000000 0.00000000000 0.00000000000 0.00000000000 0.00000000000 0.00000000000 0.00000000000 0.00000000000 0.00000000000
# Linf_dev:
 0.00000000000 0.00000000000 0.00000000000 0.00000000000 0.00000000000 0.00000000000 0.00000000000 0.00000000000 0.00000000000 0.00000000000 0.00000000000 0.00000000000 0.00000000000 0.00000000000 0.00000000000 0.00000000000 0.00000000000 0.00000000000 0.00000000000 0.00000000000 0.00000000000 0.00000000000 0.00000000000 0.00000000000 0.00000000000 0.00000000000 0.00000000000 0.00000000000 0.00000000000 0.00000000000 0.00000000000 0.00000000000 0.00000000000 0.00000000000 0.00000000000 0.00000000000 0.00000000000 0.00000000000 0.00000000000 0.00000000000 0.00000000000 0.00000000000 0.00000000000 0.00000000000 0.00000000000 0.00000000000 0.00000000000 0.00000000000 0.00000000000 0.00000000000 0.00000000000 0.00000000000 0.00000000000 0.00000000000 0.00000000000 0.00000000000 0.00000000000
# SelPars50:
2.07904268156
# SelPars95:
3.72073538507
# SelPars_dev50:
 0.00000000000 0.00000000000 0.00000000000 0.00000000000 0.00000000000 0.00000000000 0.00000000000 0.00000000000 0.00000000000 0.00000000000 0.00000000000 0.00000000000 0.00000000000 0.00000000000 0.00000000000 0.00000000000 0.00000000000 0.00000000000 0.00000000000 0.00000000000 0.00000000000 0.00000000000 0.00000000000 0.00000000000 0.00000000000 0.00000000000 0.00000000000 0.00000000000 0.00000000000 0.00000000000 0.00000000000 0.00000000000 0.00000000000 0.00000000000 0.00000000000 0.00000000000 0.00000000000 0.00000000000 0.00000000000 0.00000000000 0.00000000000 0.00000000000 0.00000000000 0.00000000000 0.00000000000 0.00000000000 0.00000000000 0.00000000000 0.00000000000 0.00000000000 0.00000000000 0.00000000000 0.00000000000 0.00000000000 0.00000000000 0.00000000000 0.00000000000
# SelPars_dev95:
 0.00000000000 0.00000000000 0.00000000000 0.00000000000 0.00000000000 0.00000000000 0.00000000000 0.00000000000 0.00000000000 0.00000000000 0.00000000000 0.00000000000 0.00000000000 0.00000000000 0.00000000000 0.00000000000 0.00000000000 0.00000000000 0.00000000000 0.00000000000 0.00000000000 0.00000000000 0.00000000000 0.00000000000 0.00000000000 0.00000000000 0.00000000000 0.00000000000 0.00000000000 0.00000000000 0.00000000000 0.00000000000 0.00000000000 0.00000000000 0.00000000000 0.00000000000 0.00000000000 0.00000000000 0.00000000000 0.00000000000 0.00000000000 0.00000000000 0.00000000000 0.00000000000 0.00000000000 0.00000000000 0.00000000000 0.00000000000 0.00000000000 0.00000000000 0.00000000000 0.00000000000 0.00000000000 0.00000000000 0.00000000000 0.00000000000 0.00000000000
