# Number of parameters = 145 Objective function value = 68327.0900980797  Maximum gradient component = 0.000107971467359826
# srv_sel50:
1.66321427829
# srv_sel95:
2.95928300145
# stNatLen:
 11.8706369371 11.6868960000 11.4198835959 11.1947266853 11.0127756700 10.8363383954 10.6358143285 10.4029540877 10.1461168969 9.87974793770 9.61691914933 9.36668714405 9.13428074603 8.92217541959 8.73110717248 8.56086140465 8.41075146750 8.27991193117 8.16744548024 8.07257181720 7.99461437895 7.93295122576 7.88706477115 7.85657802961 7.84141165749
# log_avg_fmort_dir:
-1.63489130378
# fmort_dir_dev:
 -2.10086711403 -2.07930627032 -1.46131075945 -1.09656703868 -0.790151437781 -0.647137421574 -0.399324342426 -0.181886766148 -0.0886077605680 0.0693247422175 0.0773887553352 0.255488129253 0.364366048877 0.424393601637 0.484774713617 0.499909193017 0.472516801302 0.382504477640 0.343640641807 0.346026331129 0.400272628947 0.243498385588 0.328397368479 0.193344882257 0.245851130653 0.309722642591 0.167716999307 0.204920190301 0.210484076222 0.125518698501 0.0883234692665 0.105875342973 0.123700232873 0.138721057364 0.208512888558 0.0580962395651 0.144051813054 0.0667306769365 0.0956261786961 -0.0340113578572 0.0882328111827 0.0782193824955 0.117366451145 0.0553182923154 0.0754836261909 0.0987241092972 0.159550267978 0.0686737572652 0.101615908477 0.0732431449259 0.0618612960570 0.199077483224 0.0768019752058 0.239793332710 0.126900018219 -0.0134858308259 0.0920959049972
# mean_log_rec:
11.3639367701
# rec_dev:
 0.540107555460 0.516873585203 0.518519551268 0.511652958580 0.491752449866 0.472106947203 0.448713830827 0.421754891715 0.398986815147 0.377210803452 0.350661311678 0.311297868738 0.272208835392 0.234012190783 0.170995899486 0.106939122131 0.0736332565415 0.0407595493470 0.00607565824897 -0.0199506366893 -0.0338557356240 -0.0462396812026 -0.0575985971590 -0.0837394005926 -0.120030086749 -0.158001559053 -0.164336724349 -0.162261146314 -0.171165292154 -0.174937556983 -0.205103305468 -0.262567095989 -0.327684780447 -0.370162958686 -0.309430229797 -0.246542578031 -0.264534875008 -0.290898351181 -0.286253407689 -0.265611834293 -0.258707338309 -0.254458229703 -0.246262118229 -0.223751463263 -0.201421681124 -0.190097816570 -0.164747194368 -0.144408970492 -0.135355200021 -0.120695119260 -0.116524646069 -0.0899078711748 -0.0644516659672 -0.0308128144847 0.00661236299737 -0.00418373954090 -0.00418374202883
# log_avg_NatM:
-1.47890400000
# m_dev:
 0.00000000000 0.00000000000 0.00000000000 0.00000000000 0.00000000000 0.00000000000 0.00000000000 0.00000000000 0.00000000000 0.00000000000 0.00000000000 0.00000000000 0.00000000000 0.00000000000 0.00000000000 0.00000000000 0.00000000000 0.00000000000 0.00000000000 0.00000000000 0.00000000000 0.00000000000 0.00000000000 0.00000000000 0.00000000000 0.00000000000 0.00000000000 0.00000000000 0.00000000000 0.00000000000 0.00000000000 0.00000000000 0.00000000000 0.00000000000 0.00000000000 0.00000000000 0.00000000000 0.00000000000 0.00000000000 0.00000000000 0.00000000000 0.00000000000 0.00000000000 0.00000000000 0.00000000000 0.00000000000 0.00000000000 0.00000000000 0.00000000000 0.00000000000 0.00000000000 0.00000000000 0.00000000000 0.00000000000 0.00000000000 0.00000000000 0.00000000000
# log_avg_GrowthK:
-1.60943800000
# log_avg_Linf:
4.88280200000
# GrowthK_dev:
 0.00000000000 0.00000000000 0.00000000000 0.00000000000 0.00000000000 0.00000000000 0.00000000000 0.00000000000 0.00000000000 0.00000000000 0.00000000000 0.00000000000 0.00000000000 0.00000000000 0.00000000000 0.00000000000 0.00000000000 0.00000000000 0.00000000000 0.00000000000 0.00000000000 0.00000000000 0.00000000000 0.00000000000 0.00000000000 0.00000000000 0.00000000000 0.00000000000 0.00000000000 0.00000000000 0.00000000000 0.00000000000 0.00000000000 0.00000000000 0.00000000000 0.00000000000 0.00000000000 0.00000000000 0.00000000000 0.00000000000 0.00000000000 0.00000000000 0.00000000000 0.00000000000 0.00000000000 0.00000000000 0.00000000000 0.00000000000 0.00000000000 0.00000000000 0.00000000000 0.00000000000 0.00000000000 0.00000000000 0.00000000000 0.00000000000 0.00000000000
# Linf_dev:
 0.00000000000 0.00000000000 0.00000000000 0.00000000000 0.00000000000 0.00000000000 0.00000000000 0.00000000000 0.00000000000 0.00000000000 0.00000000000 0.00000000000 0.00000000000 0.00000000000 0.00000000000 0.00000000000 0.00000000000 0.00000000000 0.00000000000 0.00000000000 0.00000000000 0.00000000000 0.00000000000 0.00000000000 0.00000000000 0.00000000000 0.00000000000 0.00000000000 0.00000000000 0.00000000000 0.00000000000 0.00000000000 0.00000000000 0.00000000000 0.00000000000 0.00000000000 0.00000000000 0.00000000000 0.00000000000 0.00000000000 0.00000000000 0.00000000000 0.00000000000 0.00000000000 0.00000000000 0.00000000000 0.00000000000 0.00000000000 0.00000000000 0.00000000000 0.00000000000 0.00000000000 0.00000000000 0.00000000000 0.00000000000 0.00000000000 0.00000000000
# SelPars50:
2.30179772100
# SelPars95:
4.24299848871
# SelPars_dev50:
 0.00000000000 0.00000000000 0.00000000000 0.00000000000 0.00000000000 0.00000000000 0.00000000000 0.00000000000 0.00000000000 0.00000000000 0.00000000000 0.00000000000 0.00000000000 0.00000000000 0.00000000000 0.00000000000 0.00000000000 0.00000000000 0.00000000000 0.00000000000 0.00000000000 0.00000000000 0.00000000000 0.00000000000 0.00000000000 0.00000000000 0.00000000000 0.00000000000 0.00000000000 0.00000000000 0.00000000000 0.00000000000 0.00000000000 0.00000000000 0.00000000000 0.00000000000 0.00000000000 0.00000000000 0.00000000000 0.00000000000 0.00000000000 0.00000000000 0.00000000000 0.00000000000 0.00000000000 0.00000000000 0.00000000000 0.00000000000 0.00000000000 0.00000000000 0.00000000000 0.00000000000 0.00000000000 0.00000000000 0.00000000000 0.00000000000 0.00000000000
# SelPars_dev95:
 0.00000000000 0.00000000000 0.00000000000 0.00000000000 0.00000000000 0.00000000000 0.00000000000 0.00000000000 0.00000000000 0.00000000000 0.00000000000 0.00000000000 0.00000000000 0.00000000000 0.00000000000 0.00000000000 0.00000000000 0.00000000000 0.00000000000 0.00000000000 0.00000000000 0.00000000000 0.00000000000 0.00000000000 0.00000000000 0.00000000000 0.00000000000 0.00000000000 0.00000000000 0.00000000000 0.00000000000 0.00000000000 0.00000000000 0.00000000000 0.00000000000 0.00000000000 0.00000000000 0.00000000000 0.00000000000 0.00000000000 0.00000000000 0.00000000000 0.00000000000 0.00000000000 0.00000000000 0.00000000000 0.00000000000 0.00000000000 0.00000000000 0.00000000000 0.00000000000 0.00000000000 0.00000000000 0.00000000000 0.00000000000 0.00000000000 0.00000000000
