# Number of parameters = 131 Objective function value = 59701.0  Maximum gradient component = 0.000448932
# srv_sel50:
1.68740267947
# srv_sel95:
3.03128845658
# stNatLen:
 11.8019728929 11.5899476932 11.2806737519 11.0167483994 10.7989790332 10.5914289239 10.3689091469 10.1257290917 9.86919238162 9.61057014932 9.35963743737 9.12299742373 8.90433610385 8.70527420371 8.52615227752 8.36659268399 8.22589292090 8.10320811741 7.99767796831 7.90851491476 7.83508068223 7.77682350747 7.73336241172 7.70440607855 7.68988565010
# log_avg_fmort_dir:
-1.49614173635
# fmort_dir_dev:
 -1.07279033620 -0.791305312095 -0.604637352650 -0.327447106070 -0.347047270247 -0.180101335788 -0.0369505078892 0.0807009771108 0.0843897191463 0.195624585644 0.319436642497 0.330381185111 0.274311392911 0.272545633902 0.262874276482 0.237830206575 0.188802766304 0.192296889793 0.192301813727 0.133466173042 0.205660668308 0.169508646406 0.101747663375 0.0170149329663 0.0185229865656 0.0832051927485 0.0775546486632 0.0358151037171 -0.0341941782716 0.0410446675740 0.00652349386712 0.00141083234455 0.0784747571173 0.0662839794009 -0.00327397412915 -0.0124738637641 0.00886736230628 -0.0106932484386 -0.101045604779 -0.0708340861720 0.0458805053282 -0.0624130797415 0.0452033981226 0.0421040540699 0.0300588660192 -0.0462951776059 -0.0237426810794 -0.0407348541496 -0.0621451232393 -0.0117189288312
# mean_log_rec:
11.3311871392
# rec_dev:
 0.486639766104 0.444320376657 0.415560143452 0.395091426909 0.372574690686 0.349257068861 0.329538229159 0.302630667666 0.262053669069 0.225793474743 0.177061614028 0.139457811298 0.101002758694 0.0365923090103 0.00752411377888 -0.0153422510049 -0.0467674618760 -0.0697240312370 -0.0858322654109 -0.0988802781894 -0.114936047383 -0.116643731877 -0.116433026779 -0.135198221782 -0.147528460838 -0.166055456806 -0.213346108995 -0.245689889515 -0.292458725926 -0.320186602753 -0.237438134525 -0.159007502108 -0.158986118829 -0.172089049543 -0.175004508901 -0.184737843475 -0.171317384010 -0.146027054444 -0.131648244433 -0.125825072451 -0.121506997231 -0.107640649606 -0.0863722798029 -0.0717022058490 -0.0484111430250 -0.0110189092233 0.0374169957431 0.0797640588277 0.0657382529398 0.0657382302028
# log_avg_NatM:
-1.47890400000
# m_dev:
 0.00000000000 0.00000000000 0.00000000000 0.00000000000 0.00000000000 0.00000000000 0.00000000000 0.00000000000 0.00000000000 0.00000000000 0.00000000000 0.00000000000 0.00000000000 0.00000000000 0.00000000000 0.00000000000 0.00000000000 0.00000000000 0.00000000000 0.00000000000 0.00000000000 0.00000000000 0.00000000000 0.00000000000 0.00000000000 0.00000000000 0.00000000000 0.00000000000 0.00000000000 0.00000000000 0.00000000000 0.00000000000 0.00000000000 0.00000000000 0.00000000000 0.00000000000 0.00000000000 0.00000000000 0.00000000000 0.00000000000 0.00000000000 0.00000000000 0.00000000000 0.00000000000 0.00000000000 0.00000000000 0.00000000000 0.00000000000 0.00000000000 0.00000000000
# log_avg_GrowthK:
-1.60943800000
# log_avg_Linf:
4.88280200000
# GrowthK_dev:
 0.00000000000 0.00000000000 0.00000000000 0.00000000000 0.00000000000 0.00000000000 0.00000000000 0.00000000000 0.00000000000 0.00000000000 0.00000000000 0.00000000000 0.00000000000 0.00000000000 0.00000000000 0.00000000000 0.00000000000 0.00000000000 0.00000000000 0.00000000000 0.00000000000 0.00000000000 0.00000000000 0.00000000000 0.00000000000 0.00000000000 0.00000000000 0.00000000000 0.00000000000 0.00000000000 0.00000000000 0.00000000000 0.00000000000 0.00000000000 0.00000000000 0.00000000000 0.00000000000 0.00000000000 0.00000000000 0.00000000000 0.00000000000 0.00000000000 0.00000000000 0.00000000000 0.00000000000 0.00000000000 0.00000000000 0.00000000000 0.00000000000 0.00000000000
# Linf_dev:
 0.00000000000 0.00000000000 0.00000000000 0.00000000000 0.00000000000 0.00000000000 0.00000000000 0.00000000000 0.00000000000 0.00000000000 0.00000000000 0.00000000000 0.00000000000 0.00000000000 0.00000000000 0.00000000000 0.00000000000 0.00000000000 0.00000000000 0.00000000000 0.00000000000 0.00000000000 0.00000000000 0.00000000000 0.00000000000 0.00000000000 0.00000000000 0.00000000000 0.00000000000 0.00000000000 0.00000000000 0.00000000000 0.00000000000 0.00000000000 0.00000000000 0.00000000000 0.00000000000 0.00000000000 0.00000000000 0.00000000000 0.00000000000 0.00000000000 0.00000000000 0.00000000000 0.00000000000 0.00000000000 0.00000000000 0.00000000000 0.00000000000 0.00000000000
# SelPars50:
2.29130525349
# SelPars95:
4.18937236841
# SelPars_dev50:
 0.00000000000 0.00000000000 0.00000000000 0.00000000000 0.00000000000 0.00000000000 0.00000000000 0.00000000000 0.00000000000 0.00000000000 0.00000000000 0.00000000000 0.00000000000 0.00000000000 0.00000000000 0.00000000000 0.00000000000 0.00000000000 0.00000000000 0.00000000000 0.00000000000 0.00000000000 0.00000000000 0.00000000000 0.00000000000 0.00000000000 0.00000000000 0.00000000000 0.00000000000 0.00000000000 0.00000000000 0.00000000000 0.00000000000 0.00000000000 0.00000000000 0.00000000000 0.00000000000 0.00000000000 0.00000000000 0.00000000000 0.00000000000 0.00000000000 0.00000000000 0.00000000000 0.00000000000 0.00000000000 0.00000000000 0.00000000000 0.00000000000 0.00000000000
# SelPars_dev95:
 0.00000000000 0.00000000000 0.00000000000 0.00000000000 0.00000000000 0.00000000000 0.00000000000 0.00000000000 0.00000000000 0.00000000000 0.00000000000 0.00000000000 0.00000000000 0.00000000000 0.00000000000 0.00000000000 0.00000000000 0.00000000000 0.00000000000 0.00000000000 0.00000000000 0.00000000000 0.00000000000 0.00000000000 0.00000000000 0.00000000000 0.00000000000 0.00000000000 0.00000000000 0.00000000000 0.00000000000 0.00000000000 0.00000000000 0.00000000000 0.00000000000 0.00000000000 0.00000000000 0.00000000000 0.00000000000 0.00000000000 0.00000000000 0.00000000000 0.00000000000 0.00000000000 0.00000000000 0.00000000000 0.00000000000 0.00000000000 0.00000000000 0.00000000000
