# Number of parameters = 133 Objective function value = 61039.8  Maximum gradient component = 4.75145e-005
# srv_sel50:
1.70466779804
# srv_sel95:
3.08570526653
# stNatLen:
 11.8522978600 11.6630547370 11.3868496936 11.1574779206 10.9769553520 10.8047629530 10.6072501910 10.3733922283 10.1112352575 9.83650633315 9.56385988324 9.30354840886 9.06150785850 8.84054595055 8.64152601671 8.46425619827 8.30801545370 8.17186093237 8.05485366243 7.95610597032 7.87491873413 7.81069016492 7.76292958085 7.73130388715 7.71558411110
# log_avg_fmort_dir:
-1.64042899880
# fmort_dir_dev:
 -1.99931057305 -1.97958255593 -1.35956562676 -1.01386640879 -0.763508740891 -0.589346894332 -0.452676922107 -0.199677653536 -0.0681606579258 -0.00963540560040 0.0835599203890 0.202577751986 0.369025026405 0.417275018717 0.491981008555 0.460662077297 0.420248864957 0.342134604628 0.367514852702 0.471969285493 0.375596609682 0.296979858253 0.327235452422 0.220986308946 0.255108729456 0.207375540777 0.229796190342 0.167374396970 0.183140329339 0.102262459252 0.221884078516 0.205042952200 0.149558877781 0.0911313943470 0.170855002564 0.115196977635 0.147058391959 0.109482139303 0.142040207242 0.0924100734342 0.151770770134 0.0940014452362 0.166233923856 0.114569304458 0.111921410553 0.0900548656598 0.0822812732668 0.115556206022 0.0616439062018 -0.0141263692636 0.0239603212383
# mean_log_rec:
11.3814465960
# rec_dev:
 0.517493472096 0.493872886955 0.489831361287 0.478603740723 0.461508104963 0.449332231116 0.425152608264 0.396010562215 0.361246555659 0.322952343848 0.287712432581 0.246217387785 0.210298943109 0.182170605836 0.144227145323 0.111956911882 0.0753166299263 0.0354035097386 -0.00792089242492 -0.0599209416748 -0.106010725293 -0.118745172628 -0.130636650137 -0.147643085159 -0.150680059135 -0.162396383834 -0.186667910714 -0.211858203425 -0.224482415518 -0.249512679553 -0.298668957164 -0.332566999804 -0.372855166791 -0.409267815514 -0.327767570197 -0.246659924689 -0.250623043269 -0.258282754713 -0.234545526044 -0.209393380402 -0.206383873612 -0.207984240533 -0.202771339220 -0.165483370885 -0.133243455430 -0.107347400337 -0.0624621888753 -0.0140941554344 0.0383734943462 0.0345976765574 0.0345976782000
# log_avg_NatM:
-1.43611400000
# m_dev:
 0.00000000000 0.00000000000 0.00000000000 0.00000000000 0.00000000000 0.00000000000 0.00000000000 0.00000000000 0.00000000000 0.00000000000 0.00000000000 0.00000000000 0.00000000000 0.00000000000 0.00000000000 0.00000000000 0.00000000000 0.00000000000 0.00000000000 0.00000000000 0.00000000000 0.00000000000 0.00000000000 0.00000000000 0.00000000000 0.00000000000 0.00000000000 0.00000000000 0.00000000000 0.00000000000 0.00000000000 0.00000000000 0.00000000000 0.00000000000 0.00000000000 0.00000000000 0.00000000000 0.00000000000 0.00000000000 0.00000000000 0.00000000000 0.00000000000 0.00000000000 0.00000000000 0.00000000000 0.00000000000 0.00000000000 0.00000000000 0.00000000000 0.00000000000 0.00000000000
# log_avg_GrowthK:
-1.56688900000
# log_avg_Linf:
4.88793900000
# GrowthK_dev:
 0.00000000000 0.00000000000 0.00000000000 0.00000000000 0.00000000000 0.00000000000 0.00000000000 0.00000000000 0.00000000000 0.00000000000 0.00000000000 0.00000000000 0.00000000000 0.00000000000 0.00000000000 0.00000000000 0.00000000000 0.00000000000 0.00000000000 0.00000000000 0.00000000000 0.00000000000 0.00000000000 0.00000000000 0.00000000000 0.00000000000 0.00000000000 0.00000000000 0.00000000000 0.00000000000 0.00000000000 0.00000000000 0.00000000000 0.00000000000 0.00000000000 0.00000000000 0.00000000000 0.00000000000 0.00000000000 0.00000000000 0.00000000000 0.00000000000 0.00000000000 0.00000000000 0.00000000000 0.00000000000 0.00000000000 0.00000000000 0.00000000000 0.00000000000 0.00000000000
# Linf_dev:
 0.00000000000 0.00000000000 0.00000000000 0.00000000000 0.00000000000 0.00000000000 0.00000000000 0.00000000000 0.00000000000 0.00000000000 0.00000000000 0.00000000000 0.00000000000 0.00000000000 0.00000000000 0.00000000000 0.00000000000 0.00000000000 0.00000000000 0.00000000000 0.00000000000 0.00000000000 0.00000000000 0.00000000000 0.00000000000 0.00000000000 0.00000000000 0.00000000000 0.00000000000 0.00000000000 0.00000000000 0.00000000000 0.00000000000 0.00000000000 0.00000000000 0.00000000000 0.00000000000 0.00000000000 0.00000000000 0.00000000000 0.00000000000 0.00000000000 0.00000000000 0.00000000000 0.00000000000 0.00000000000 0.00000000000 0.00000000000 0.00000000000 0.00000000000 0.00000000000
# SelPars50:
2.31382687514
# SelPars95:
4.24629894607
# SelPars_dev50:
 0.00000000000 0.00000000000 0.00000000000 0.00000000000 0.00000000000 0.00000000000 0.00000000000 0.00000000000 0.00000000000 0.00000000000 0.00000000000 0.00000000000 0.00000000000 0.00000000000 0.00000000000 0.00000000000 0.00000000000 0.00000000000 0.00000000000 0.00000000000 0.00000000000 0.00000000000 0.00000000000 0.00000000000 0.00000000000 0.00000000000 0.00000000000 0.00000000000 0.00000000000 0.00000000000 0.00000000000 0.00000000000 0.00000000000 0.00000000000 0.00000000000 0.00000000000 0.00000000000 0.00000000000 0.00000000000 0.00000000000 0.00000000000 0.00000000000 0.00000000000 0.00000000000 0.00000000000 0.00000000000 0.00000000000 0.00000000000 0.00000000000 0.00000000000 0.00000000000
# SelPars_dev95:
 0.00000000000 0.00000000000 0.00000000000 0.00000000000 0.00000000000 0.00000000000 0.00000000000 0.00000000000 0.00000000000 0.00000000000 0.00000000000 0.00000000000 0.00000000000 0.00000000000 0.00000000000 0.00000000000 0.00000000000 0.00000000000 0.00000000000 0.00000000000 0.00000000000 0.00000000000 0.00000000000 0.00000000000 0.00000000000 0.00000000000 0.00000000000 0.00000000000 0.00000000000 0.00000000000 0.00000000000 0.00000000000 0.00000000000 0.00000000000 0.00000000000 0.00000000000 0.00000000000 0.00000000000 0.00000000000 0.00000000000 0.00000000000 0.00000000000 0.00000000000 0.00000000000 0.00000000000 0.00000000000 0.00000000000 0.00000000000 0.00000000000 0.00000000000 0.00000000000
