# Number of parameters = 236 Objective function value = 81545.6  Maximum gradient component = 0.000983070
# srv_sel50:
1.47583156874
# srv_sel95:
2.44000228554
# stNatLen:
 11.3869885984 11.2503232688 11.0523525312 10.8630571855 10.6771696818 10.4743288132 10.2486229412 10.0081159586 9.76512978729 9.52986878594 9.30874257566 9.10499732757 8.91979661117 8.75310807084 8.60431706452 8.47251824217 8.35676102453 8.25614141822 8.16988278953 8.09722437821 8.03755177235 7.99035746303 7.95529597302 7.93207796527 7.92055057111
# log_avg_fmort_dir:
-1.63027916431
# fmort_dir_dev:
 -1.68018822041 -1.69674883348 -1.31198853104 -1.00503291991 -0.732191050777 -0.566419251598 -0.229525921930 -0.239703404902 -0.0844144957407 -0.00743471451047 0.118301807047 0.427845763984 0.560601697739 0.573502199813 0.530003713096 0.619174557839 0.554975746846 0.438976844114 0.425075831677 0.311796737880 0.428832922338 0.356883782897 0.390407947414 0.369445256018 0.400260296249 0.243936873405 0.218698302764 0.220796171021 0.153231645871 0.0926729663904 0.150195888184 0.0930906235575 0.151452480799 0.0477304273127 0.0586791910424 -0.0524747196762 -0.0231224879414 0.000354880059092 0.181956685475 0.135824232760 0.100183239943 0.104318279694 0.0826371129122 0.0573322116685 0.0155781632701 0.125035250554 0.129568406990 0.110415070021 0.0343991935184 -0.116077213276 0.0796594606350 0.373328160495 -0.743381773033 -0.150946737025 -0.261483169908 0.0310424847684 0.158483922963 0.287488004351 0.293080714307 -0.119865960026 -1.04627782736 0.103373988469 0.130226009220 0.205401477388 0.390058252869 -0.599729166719 -0.672067552312 0.272759073944
# mean_log_rec:
11.1396472042
# rec_dev:
 0.333246209950 0.329254246632 0.352024172977 0.357933771294 0.336129704850 0.292948973655 0.262892542971 0.262424639045 0.250178704798 0.172430688584 0.0441521410435 -0.0473136065067 -0.102567477579 -0.116465934439 -0.114906455722 -0.105264571724 -0.0675280560961 -0.0542980453045 -0.0937121307844 -0.195140466434 -0.244688583733 -0.269527454173 -0.272851100889 -0.269757460519 -0.250812070293 -0.202462642317 -0.152397920598 -0.145359079515 -0.168750911053 -0.189261920231 -0.221189193661 -0.230407315213 -0.218321762773 -0.181321864097 -0.0415604283240 0.0816337396258 0.0584509300154 -0.0591436993527 -0.140560058815 -0.121258295986 -0.0711635984639 -0.0390513949088 -0.00576203690734 0.0268668027378 0.0204800327943 -0.0252281552441 -0.0277038581151 -0.000626827521666 0.0634073710723 0.0876115962591 0.0334622960864 -0.0167599722015 -0.0484919346414 0.00343112796482 0.0827978765605 0.141975340160 0.148538478438 0.0999574175322 0.0584955688087 0.0757903934655 0.149120891622 0.211034750949 0.165601315776 0.0483407686693 -0.0183842502768 -0.0142141946469 -0.00319894710695 -0.00319881816941
# log_avg_NatM:
-1.56885360168
# m_dev:
 -0.116381423325 -0.173572115398 -0.131792539529 -0.112090410289 0.0427868072467 0.0722839505342 0.0196695735421 -0.221509211629 -0.0631887870252 0.117813683629 0.184657320540 -0.117017895057 -0.211633429552 -0.468892438601 -0.705310651881 -0.823365933369 -0.783608760295 -0.412790040852 0.00697932824336 0.257199984139 -0.0471317818410 -0.109812061505 -0.311930514137 -0.160890434392 -0.306039802720 -0.474469217109 -0.389285002905 -0.0422018493700 0.0899518083222 0.0946208525036 0.125632908100 -0.0352918340943 -0.133823193077 -0.101428265118 -0.0345127939069 0.0435231070728 0.242967135889 0.547339251048 0.411620647723 0.00263764228732 -0.0755391284593 0.0775482141532 0.00673808926353 0.0193519863348 0.158790810812 0.384015545987 0.131296687862 0.102393531687 -0.0931327280675 0.0216204118564 0.474323109453 0.305429482253 0.306312778375 -0.0290553984982 -0.123720238587 -0.0795119342292 0.117073366556 0.415396539618 0.309279035033 -0.0632908308117 0.0458642228201 0.177238124308 0.347656229751 0.555122860736 0.288974092186 0.102723543234 0.229932986626 0.115454995908
# log_avg_GrowthK:
-1.60281500000
# log_avg_Linf:
4.95889800000
# GrowthK_dev:
 0.00000000000 0.00000000000 0.00000000000 0.00000000000 0.00000000000 0.00000000000 0.00000000000 0.00000000000 0.00000000000 0.00000000000 0.00000000000 0.00000000000 0.00000000000 0.00000000000 0.00000000000 0.00000000000 0.00000000000 0.00000000000 0.00000000000 0.00000000000 0.00000000000 0.00000000000 0.00000000000 0.00000000000 0.00000000000 0.00000000000 0.00000000000 0.00000000000 0.00000000000 0.00000000000 0.00000000000 0.00000000000 0.00000000000 0.00000000000 0.00000000000 0.00000000000 0.00000000000 0.00000000000 0.00000000000 0.00000000000 0.00000000000 0.00000000000 0.00000000000 0.00000000000 0.00000000000 0.00000000000 0.00000000000 0.00000000000 0.00000000000 0.00000000000 0.00000000000 0.00000000000 0.00000000000 0.00000000000 0.00000000000 0.00000000000 0.00000000000 0.00000000000 0.00000000000 0.00000000000 0.00000000000 0.00000000000 0.00000000000 0.00000000000 0.00000000000 0.00000000000 0.00000000000 0.00000000000
# Linf_dev:
 0.00000000000 0.00000000000 0.00000000000 0.00000000000 0.00000000000 0.00000000000 0.00000000000 0.00000000000 0.00000000000 0.00000000000 0.00000000000 0.00000000000 0.00000000000 0.00000000000 0.00000000000 0.00000000000 0.00000000000 0.00000000000 0.00000000000 0.00000000000 0.00000000000 0.00000000000 0.00000000000 0.00000000000 0.00000000000 0.00000000000 0.00000000000 0.00000000000 0.00000000000 0.00000000000 0.00000000000 0.00000000000 0.00000000000 0.00000000000 0.00000000000 0.00000000000 0.00000000000 0.00000000000 0.00000000000 0.00000000000 0.00000000000 0.00000000000 0.00000000000 0.00000000000 0.00000000000 0.00000000000 0.00000000000 0.00000000000 0.00000000000 0.00000000000 0.00000000000 0.00000000000 0.00000000000 0.00000000000 0.00000000000 0.00000000000 0.00000000000 0.00000000000 0.00000000000 0.00000000000 0.00000000000 0.00000000000 0.00000000000 0.00000000000 0.00000000000 0.00000000000 0.00000000000 0.00000000000
# SelPars50:
2.02084130247
# SelPars95:
3.59185873214
# SelPars_dev50:
 0.00000000000 0.00000000000 0.00000000000 0.00000000000 0.00000000000 0.00000000000 0.00000000000 0.00000000000 0.00000000000 0.00000000000 0.00000000000 0.00000000000 0.00000000000 0.00000000000 0.00000000000 0.00000000000 0.00000000000 0.00000000000 0.00000000000 0.00000000000 0.00000000000 0.00000000000 0.00000000000 0.00000000000 0.00000000000 0.00000000000 0.00000000000 0.00000000000 0.00000000000 0.00000000000 0.00000000000 0.00000000000 0.00000000000 0.00000000000 0.00000000000 0.00000000000 0.00000000000 0.00000000000 0.00000000000 0.00000000000 0.00000000000 0.00000000000 0.00000000000 0.00000000000 0.00000000000 0.00000000000 0.00000000000 0.00000000000 0.00000000000 0.00000000000 0.00000000000 0.00000000000 0.00000000000 0.00000000000 0.00000000000 0.00000000000 0.00000000000 0.00000000000 0.00000000000 0.00000000000 0.00000000000 0.00000000000 0.00000000000 0.00000000000 0.00000000000 0.00000000000 0.00000000000 0.00000000000
# SelPars_dev95:
 0.00000000000 0.00000000000 0.00000000000 0.00000000000 0.00000000000 0.00000000000 0.00000000000 0.00000000000 0.00000000000 0.00000000000 0.00000000000 0.00000000000 0.00000000000 0.00000000000 0.00000000000 0.00000000000 0.00000000000 0.00000000000 0.00000000000 0.00000000000 0.00000000000 0.00000000000 0.00000000000 0.00000000000 0.00000000000 0.00000000000 0.00000000000 0.00000000000 0.00000000000 0.00000000000 0.00000000000 0.00000000000 0.00000000000 0.00000000000 0.00000000000 0.00000000000 0.00000000000 0.00000000000 0.00000000000 0.00000000000 0.00000000000 0.00000000000 0.00000000000 0.00000000000 0.00000000000 0.00000000000 0.00000000000 0.00000000000 0.00000000000 0.00000000000 0.00000000000 0.00000000000 0.00000000000 0.00000000000 0.00000000000 0.00000000000 0.00000000000 0.00000000000 0.00000000000 0.00000000000 0.00000000000 0.00000000000 0.00000000000 0.00000000000 0.00000000000 0.00000000000 0.00000000000 0.00000000000
