# Number of parameters = 157 Objective function value = 75815.1935696698  Maximum gradient component = 0.00178137462223280
# srv_sel50:
1.52925382236
# srv_sel95:
2.59190975780
# stNatLen:
 11.4282272340 11.2785054926 11.0683153609 10.8748882550 10.6894726654 10.4881867125 10.2635827467 10.0234370870 9.78025347841 9.54446753979 9.32268504934 9.11828216418 8.93249757133 8.76535982414 8.61628410394 8.48439412775 8.36873202622 8.26836920022 8.18242405112 8.11015235374 8.05097872744 8.00431608984 7.96975057759 7.94693306519 7.93558810036
# log_avg_fmort_dir:
-1.69065197184
# fmort_dir_dev:
 -1.70774173186 -1.71250545852 -1.21639014301 -0.906312761990 -0.688566367295 -0.357126012998 -0.293160437505 -0.193839159049 0.0539538705783 0.136350618246 0.279958687279 0.242440833207 0.405960946532 0.497243511271 0.581389377698 0.614059768840 0.488487405960 0.535067433895 0.476981999758 0.446017723281 0.448362651865 0.431760772636 0.452321301242 0.364959675747 0.314553394510 0.337200652122 0.271368108588 0.142101901038 0.145954746552 0.240848115282 0.278818597728 0.125519876169 0.167816684302 0.0975441132017 0.157385533607 0.0913857489407 0.147606077480 0.113526036826 0.140022716835 0.106778054923 0.121841426368 0.0889132137684 0.0720973322571 0.101203429021 0.0751559332342 0.0682563385942 0.125605074094 0.163723285072 0.187175063247 0.0838306710810 -0.391396351326 -0.664099565286 -0.569839446013 -0.426202745129 -0.443256936435 -0.174265445560 -0.0580142676252 -0.0419996341873 -0.0537401092976 -0.0633443881214 -0.193584348207 -0.0980873122546 -0.168076081209
# mean_log_rec:
11.1346011127
# rec_dev:
 0.367770537705 0.350272924292 0.363806736742 0.374104111317 0.369350642379 0.370654971531 0.375714493032 0.367760847154 0.352202835451 0.332048563086 0.300631623495 0.265166755249 0.220460897971 0.157976237606 0.0875977166912 0.0406096756317 0.0114986120094 -0.0122562140373 -0.0414293933062 -0.0626834017267 -0.0875101721254 -0.113304234535 -0.141922203504 -0.158256181649 -0.185889801283 -0.205681094907 -0.205718129665 -0.189481506172 -0.207061543921 -0.223692471770 -0.200820007606 -0.189214651651 -0.186128086930 -0.186213387548 -0.187578903057 -0.178878151438 -0.148869853264 -0.132647457270 -0.144751409506 -0.151108782816 -0.147199964258 -0.151568731121 -0.164477270794 -0.165827606212 -0.157504679461 -0.151000247124 -0.148231772673 -0.135558201627 -0.0996524345875 -0.0897187411794 -0.0810580307162 -0.0408294391065 -0.00548356667974 0.0135758503228 0.0321593689021 0.0479042262140 0.0563840041232 0.0520120019991 0.0367724085561 0.0355599591741 0.0370483628414 0.0300816659598 0.0300816957928
# log_avg_NatM:
-1.60943800000
# m_dev:
 0.00000000000 0.00000000000 0.00000000000 0.00000000000 0.00000000000 0.00000000000 0.00000000000 0.00000000000 0.00000000000 0.00000000000 0.00000000000 0.00000000000 0.00000000000 0.00000000000 0.00000000000 0.00000000000 0.00000000000 0.00000000000 0.00000000000 0.00000000000 0.00000000000 0.00000000000 0.00000000000 0.00000000000 0.00000000000 0.00000000000 0.00000000000 0.00000000000 0.00000000000 0.00000000000 0.00000000000 0.00000000000 0.00000000000 0.00000000000 0.00000000000 0.00000000000 0.00000000000 0.00000000000 0.00000000000 0.00000000000 0.00000000000 0.00000000000 0.00000000000 0.00000000000 0.00000000000 0.00000000000 0.00000000000 0.00000000000 0.00000000000 0.00000000000 0.00000000000 0.00000000000 0.00000000000 0.00000000000 0.00000000000 0.00000000000 0.00000000000 0.00000000000 0.00000000000 0.00000000000 0.00000000000 0.00000000000 0.00000000000
# log_avg_GrowthK:
-1.60943800000
# log_avg_Linf:
4.88280200000
# GrowthK_dev:
 0.00000000000 0.00000000000 0.00000000000 0.00000000000 0.00000000000 0.00000000000 0.00000000000 0.00000000000 0.00000000000 0.00000000000 0.00000000000 0.00000000000 0.00000000000 0.00000000000 0.00000000000 0.00000000000 0.00000000000 0.00000000000 0.00000000000 0.00000000000 0.00000000000 0.00000000000 0.00000000000 0.00000000000 0.00000000000 0.00000000000 0.00000000000 0.00000000000 0.00000000000 0.00000000000 0.00000000000 0.00000000000 0.00000000000 0.00000000000 0.00000000000 0.00000000000 0.00000000000 0.00000000000 0.00000000000 0.00000000000 0.00000000000 0.00000000000 0.00000000000 0.00000000000 0.00000000000 0.00000000000 0.00000000000 0.00000000000 0.00000000000 0.00000000000 0.00000000000 0.00000000000 0.00000000000 0.00000000000 0.00000000000 0.00000000000 0.00000000000 0.00000000000 0.00000000000 0.00000000000 0.00000000000 0.00000000000 0.00000000000
# Linf_dev:
 0.00000000000 0.00000000000 0.00000000000 0.00000000000 0.00000000000 0.00000000000 0.00000000000 0.00000000000 0.00000000000 0.00000000000 0.00000000000 0.00000000000 0.00000000000 0.00000000000 0.00000000000 0.00000000000 0.00000000000 0.00000000000 0.00000000000 0.00000000000 0.00000000000 0.00000000000 0.00000000000 0.00000000000 0.00000000000 0.00000000000 0.00000000000 0.00000000000 0.00000000000 0.00000000000 0.00000000000 0.00000000000 0.00000000000 0.00000000000 0.00000000000 0.00000000000 0.00000000000 0.00000000000 0.00000000000 0.00000000000 0.00000000000 0.00000000000 0.00000000000 0.00000000000 0.00000000000 0.00000000000 0.00000000000 0.00000000000 0.00000000000 0.00000000000 0.00000000000 0.00000000000 0.00000000000 0.00000000000 0.00000000000 0.00000000000 0.00000000000 0.00000000000 0.00000000000 0.00000000000 0.00000000000 0.00000000000 0.00000000000
# SelPars50:
2.07394099151
# SelPars95:
3.70997024301
# SelPars_dev50:
 0.00000000000 0.00000000000 0.00000000000 0.00000000000 0.00000000000 0.00000000000 0.00000000000 0.00000000000 0.00000000000 0.00000000000 0.00000000000 0.00000000000 0.00000000000 0.00000000000 0.00000000000 0.00000000000 0.00000000000 0.00000000000 0.00000000000 0.00000000000 0.00000000000 0.00000000000 0.00000000000 0.00000000000 0.00000000000 0.00000000000 0.00000000000 0.00000000000 0.00000000000 0.00000000000 0.00000000000 0.00000000000 0.00000000000 0.00000000000 0.00000000000 0.00000000000 0.00000000000 0.00000000000 0.00000000000 0.00000000000 0.00000000000 0.00000000000 0.00000000000 0.00000000000 0.00000000000 0.00000000000 0.00000000000 0.00000000000 0.00000000000 0.00000000000 0.00000000000 0.00000000000 0.00000000000 0.00000000000 0.00000000000 0.00000000000 0.00000000000 0.00000000000 0.00000000000 0.00000000000 0.00000000000 0.00000000000 0.00000000000
# SelPars_dev95:
 0.00000000000 0.00000000000 0.00000000000 0.00000000000 0.00000000000 0.00000000000 0.00000000000 0.00000000000 0.00000000000 0.00000000000 0.00000000000 0.00000000000 0.00000000000 0.00000000000 0.00000000000 0.00000000000 0.00000000000 0.00000000000 0.00000000000 0.00000000000 0.00000000000 0.00000000000 0.00000000000 0.00000000000 0.00000000000 0.00000000000 0.00000000000 0.00000000000 0.00000000000 0.00000000000 0.00000000000 0.00000000000 0.00000000000 0.00000000000 0.00000000000 0.00000000000 0.00000000000 0.00000000000 0.00000000000 0.00000000000 0.00000000000 0.00000000000 0.00000000000 0.00000000000 0.00000000000 0.00000000000 0.00000000000 0.00000000000 0.00000000000 0.00000000000 0.00000000000 0.00000000000 0.00000000000 0.00000000000 0.00000000000 0.00000000000 0.00000000000 0.00000000000 0.00000000000 0.00000000000 0.00000000000 0.00000000000 0.00000000000
