#Simulated generalized assessment 
# 
#start/end year 
1 69 
#number of ages 
25 
#ages 
1 2 3 4 5 6 7 8 9 10 11 12 13 14 15 16 17 18 19 20 21 22 23 24 25 
#Number of length bins 
25 
#CPUE years 
69 
#years for CPUE 
1 2 3 4 5 6 7 8 9 10 11 12 13 14 15 16 17 18 19 20 21 22 23 24 25 26 27 28 29 30 31 32 33 34 35 36 37 38 39 40 41 42 43 44 45 46 47 48 49 50 51 52 53 54 55 56 57 58 59 60 61 62 63 64 65 66 67 68 69 
#survey years 
69 
#years for survey 
1 2 3 4 5 6 7 8 9 10 11 12 13 14 15 16 17 18 19 20 21 22 23 24 25 26 27 28 29 30 31 32 33 34 35 36 37 38 39 40 41 42 43 44 45 46 47 48 49 50 51 52 53 54 55 56 57 58 59 60 61 62 63 64 65 66 67 68 69 
#length freq from catch years 
69 
#years for length freq catch 
1 2 3 4 5 6 7 8 9 10 11 12 13 14 15 16 17 18 19 20 21 22 23 24 25 26 27 28 29 30 31 32 33 34 35 36 37 38 39 40 41 42 43 44 45 46 47 48 49 50 51 52 53 54 55 56 57 58 59 60 61 62 63 64 65 66 67 68 69 
#catch length sample sizes 
200 200 200 200 200 200 200 200 200 200 200 200 200 200 200 200 200 200 200 200 200 200 200 200 200 200 200 200 200 200 200 200 200 200 200 200 200 200 200 200 200 200 200 200 200 200 200 200 200 200 200 200 200 200 200 200 200 200 200 200 200 200 200 200 200 200 200 200 200 
#length freq from survey years 
69 
#years for length freq survey 
1 2 3 4 5 6 7 8 9 10 11 12 13 14 15 16 17 18 19 20 21 22 23 24 25 26 27 28 29 30 31 32 33 34 35 36 37 38 39 40 41 42 43 44 45 46 47 48 49 50 51 52 53 54 55 56 57 58 59 60 61 62 63 64 65 66 67 68 69 
#survey sample sizes 
200 200 200 200 200 200 200 200 200 200 200 200 200 200 200 200 200 200 200 200 200 200 200 200 200 200 200 200 200 200 200 200 200 200 200 200 200 200 200 200 200 200 200 200 200 200 200 200 200 200 200 200 200 200 200 200 200 200 200 200 200 200 200 200 200 200 200 200 200 
#total survey biomass 
5560861 3791142 3377181 3467940 2070515 3826643 1720266 1913299 2204900 2031607 1902803 1354788 982316.4 1180699 964773.9 723861.5 470522.1 627178.8 538715 1060813 803642.4 646233.5 514994.2 395741.8 580317 456038.9 545016.6 543180.9 488152.2 655655.9 681433.4 376434.7 581362 473162.5 663610.7 403436.6 626525.5 720360 616354.7 561876.7 542362.3 642548 485263.3 514012.5 641381.6 351396 585479.7 917392.2 652868.6 570656.3 637731.3 762341.7 531194.2 453043.4 417976.1 612128.7 495080.6 734874 517986.5 687654.5 662522.1 457114 366524.6 640690.1 715420.9 576196.4 593179.7 640482 649743.1 
#survey CV 
0.2 0.2 0.2 0.2 0.2 0.2 0.2 0.2 0.2 0.2 0.2 0.2 0.2 0.2 0.2 0.2 0.2 0.2 0.2 0.2 0.2 0.2 0.2 0.2 0.2 0.2 0.2 0.2 0.2 0.2 0.2 0.2 0.2 0.2 0.2 0.2 0.2 0.2 0.2 0.2 0.2 0.2 0.2 0.2 0.2 0.2 0.2 0.2 0.2 0.2 0.2 0.2 0.2 0.2 0.2 0.2 0.2 0.2 0.2 0.2 0.2 0.2 0.2 0.2 0.2 0.2 0.2 0.2 0.2 
#total CPUE 
3052798 2498357 2626747 4606917 2742983 3223081 2514223 1527157 1758914 1486779 1991656 1300108 1409755 745425.3 960755.6 652239.8 625660.8 648521.4 682355.7 687551.6 639787.8 538801.3 580366.6 513077.9 385475.4 440680.9 512722.6 399239.2 582275.1 525835.1 536427.8 526022.1 500825.7 820133.2 516392.7 568412 605758.3 462419.5 699624.3 566269.4 681774 481792.9 473575.9 557978 346466.3 605330.5 662631.3 534282.3 632263.5 842378.7 492469.5 789976 537599 620060.3 694653.9 655437 714636.6 892481.3 597561.7 431063.9 721876.7 480876.4 539424.3 558632.8 503426.8 433370.2 487210.1 618673.8 542953.6 
#CPUE CV 
0.2 0.2 0.2 0.2 0.2 0.2 0.2 0.2 0.2 0.2 0.2 0.2 0.2 0.2 0.2 0.2 0.2 0.2 0.2 0.2 0.2 0.2 0.2 0.2 0.2 0.2 0.2 0.2 0.2 0.2 0.2 0.2 0.2 0.2 0.2 0.2 0.2 0.2 0.2 0.2 0.2 0.2 0.2 0.2 0.2 0.2 0.2 0.2 0.2 0.2 0.2 0.2 0.2 0.2 0.2 0.2 0.2 0.2 0.2 0.2 0.2 0.2 0.2 0.2 0.2 0.2 0.2 0.2 0.2 
#total catch biomass 
0 98528.78 154471 210846.1 234666.4 275048.5 286959.4 297629.8 292583.9 320736.9 300465.1 280906.5 263820.3 258221 222305.7 216543.3 188184 189043.3 171109.3 135079.7 134400.3 126812.4 116298 113172.8 99761.18 106359.9 95889.86 104092.3 95883.05 95682.11 94938.82 99797.1 106975.3 91386.13 89089.13 97022.11 88466.19 81179.2 83557.14 85262.82 88295.1 87899.73 89877.89 90327.1 88950.9 84988.96 83460.23 93094.34 87547.12 89624.7 120590.1 79209.27 129892.6 60864.25 72352.91 83477.75 107582.7 110011.4 136362.9 93873.53 84531.98 114905.9 61420.07 60583.02 125086.3 99260.98 78174.13 88073.84 115990.2 
#catch CV 
0.05 0.05 0.05 0.05 0.05 0.05 0.05 0.05 0.05 0.05 0.05 0.05 0.05 0.05 0.05 0.05 0.05 0.05 0.05 0.05 0.05 0.05 0.05 0.05 0.05 0.05 0.05 0.05 0.05 0.05 0.05 0.05 0.05 0.05 0.05 0.05 0.05 0.05 0.05 0.05 0.05 0.05 0.05 0.05 0.05 0.05 0.05 0.05 0.05 0.05 0.05 0.05 0.05 0.05 0.05 0.05 0.05 0.05 0.05 0.05 0.05 0.05 0.05 0.05 0.05 0.05 0.05 0.05 0.05 
#Length Bins 
2.752644 8.257932 13.76322 19.26851 24.7738 30.27908 35.78437 41.28966 46.79495 52.30024 57.80552 63.31081 68.8161 74.32139 79.82667 85.33196 90.83725 96.34254 101.8478 107.3531 112.8584 118.3637 123.869 129.3743 134.8796 
#catch length counts 
0 0 0 0 0 0 0 0 0 0 0 0 0 0 0 0 0 0 0 0 0 0 0 0 0 
35.53812 58.01585 88.10642 126.3919 173.1744 227.8589 288.3737 351.3437 412.9755 469.9292 519.7361 560.9486 593.2568 617.4681 635.2094 648.4287 658.8041 666.9848 671.5951 668.338 650.1134 609.1323 540.9145 448.1946 341.8301 
58.42202 95.28166 144.5098 206.9555 282.9836 371.4755 468.9005 569.6381 667.4769 757.0775 834.6453 898.1186 947.2838 983.6797 1010.076 1029.659 1045.1 1057.38 1064.247 1058.823 1029.805 964.8136 856.7254 709.8544 541.3862 
82.56294 134.6018 204.0213 291.9144 398.6217 522.311 657.6861 796.5091 929.8123 1050.051 1152.09 1233.445 1294.371 1337.62 1367.589 1389.081 1405.969 1419.626 1426.93 1418.479 1378.938 1291.569 1146.71 950.0541 724.5501 
104.8665 170.9199 258.9666 370.3049 505.2146 661.1337 831.015 1004.015 1168.366 1314.197 1434.879 1527.41 1592.557 1634.51 1659.685 1674.979 1685.95 1694.805 1698.019 1684.303 1635.156 1530.365 1358.144 1124.97 857.8443 
127.3759 207.4509 313.9985 448.4304 610.8955 798.0785 1001.203 1206.863 1400.508 1569.897 1706.759 1807.312 1872.514 1907.732 1921.337 1922.571 1919.232 1915.157 1907.335 1883.571 1823.151 1703.133 1509.818 1249.838 952.7413 
147.2649 239.7928 362.8164 517.8262 704.7451 919.3722 1151.118 1384.07 1601.15 1788.148 1935.586 2039.183 2100.048 2124.334 2121.762 2103.35 2078.906 2054.224 2027.795 1988.072 1913.973 1781.441 1575.577 1302.453 992.0427 
165.7972 269.8434 408.0215 581.8544 791.0491 1030.614 1288.302 1545.821 1783.567 1985.255 2140.104 2243.379 2296.536 2306.685 2284.834 2243.41 2193.726 2143.242 2092.259 2030.947 1939.499 1794.401 1580.508 1303.04 990.8363 
182.9392 297.5906 449.6532 640.608 869.8669 1131.604 1411.965 1690.46 1945.246 2158.275 2317.676 2418.297 2461.808 2456.087 2413.268 2347.018 2269.906 2190.782 2111.69 2025.002 1913.326 1755.159 1536.218 1260.968 956.0362 
203.3993 330.7586 499.5085 711.0996 964.5796 1253.067 1560.689 1864.232 2139.142 2365.338 2529.854 2627.308 2659.872 2636.452 2570.469 2476.886 2369.496 2258.438 2147.403 2030.988 1894.489 1718.958 1491.596 1216.523 918.1566 
218.2469 354.8328 535.6903 762.2126 1033.099 1340.552 1667.016 1987.05 2273.905 2505.895 2669.27 2758.68 2776.999 2734.267 2645.126 2525.557 2390.099 2249.632 2109.084 1965.264 1806.711 1618.017 1388.795 1123.061 842.2273 
228.9099 371.9773 561.1789 797.7617 1080.102 1399.728 1737.912 2067.645 2360.585 2593.81 2752.904 2832.471 2835.923 2774.267 2663.267 2519.872 2359.299 2192.989 2026.817 1859.527 1682.795 1484.907 1258.185 1006.714 748.7306 
239.12 388.5188 585.9933 832.6863 1126.615 1458.501 1808.273 2147.254 2445.595 2679.39 2833.858 2903.737 2892.944 2813.272 2681.411 2515.217 2330.671 2139.914 1949.794 1760.784 1567.302 1360.897 1136.366 897.9485 661.0647 
252.0799 409.3715 617.0243 876.0155 1183.98 1530.832 1895.089 2246.216 2552.517 2788.746 2939.526 2999.754 2974.132 2875.62 2722.152 2532.644 2323.882 2108.706 1894.887 1684.457 1474.206 1258.474 1034.18 805.7195 586.1182 
261.4022 424.3004 639.0736 906.4497 1223.592 1579.591 1951.717 2307.984 2615.474 2848.302 2991.1 3039.277 2998.372 2882.348 2710.136 2501.468 2273.683 2040.029 1808.884 1583.49 1362.644 1143.108 923.6075 708.5189 508.4978 
259.2266 420.757 633.6669 898.5415 1212.286 1563.618 1929.402 2277.33 2574.385 2794.895 2924.038 2958.011 2903.208 2774.332 2590.79 2372.47 2136.614 1896.316 1660.062 1431.835 1211.946 999.0717 793.2834 598.6346 423.3438 
240.8487 391.0508 589.1571 835.7717 1128.007 1455.231 1795.627 2118.684 2393.123 2594.5 2708.621 2731.88 2670.582 2539.123 2356.441 2141.849 1911.968 1679.348 1452.23 1234.918 1028.71 833.5803 650.389 482.5599 335.9632 
230.7405 374.6185 564.381 800.6447 1080.739 1394.631 1721.575 2032.381 2296.878 2491.14 2600.833 2621.72 2559.264 2427.076 2243.596 2028.022 1797.192 1564.064 1337.417 1122.253 920.7616 733.8259 562.7622 410.4794 281.2042 
216.3161 351.1256 528.8495 750.0244 1012.141 1305.854 1611.847 1902.944 2151.038 2333.784 2437.622 2458.193 2399.981 2275.025 2100.05 1892.877 1669.599 1443.102 1222.639 1014.05 820.5205 643.8067 485.587 348.2796 234.7419 
204.5223 331.8135 499.4471 707.8306 954.5579 1230.876 1518.721 1792.656 2026.359 2198.882 2297.487 2317.985 2264.347 2147.464 1982.504 1785.694 1571.882 1353.334 1139.389 936.5784 749.1129 579.7221 430.5972 303.9249 201.6049 
195.3024 316.716 476.4507 674.7847 909.3364 1171.733 1444.803 1704.44 1925.771 2089.105 2182.558 2202.291 2152.061 2042.002 1886.13 1699.355 1495.29 1285.295 1078.342 881.2061 698.8314 534.8445 392.073 272.7601 178.2446 
188.7671 305.9835 460.0434 651.1102 876.7999 1128.996 1391.154 1640.087 1851.929 2007.868 2096.675 2114.882 2066.282 1960.681 1811.439 1632.583 1436.761 1234.461 1034.068 842.2226 664.2069 504.2841 365.8811 251.4818 162.1888 
183.1175 296.8376 446.3051 631.6578 850.5289 1094.952 1348.765 1589.394 1793.688 1943.506 2028.148 2044.48 1996.392 1893.543 1748.941 1576.099 1387.033 1191.555 997.4493 810.9943 637.4642 481.4263 346.7246 236.1094 150.6451 
173.2122 280.6203 421.6271 596.2847 802.353 1032.409 1271.361 1498.037 1690.602 1831.823 1911.439 1926.394 1880.39 1782.689 1645.752 1482.461 1304.169 1120.001 937.0832 761.1431 597.1106 449.4554 322.0965 217.8835 137.8858 
165.3645 268.0005 402.8372 569.9657 767.2417 987.5087 1216.254 1433.196 1617.506 1752.82 1829.407 1844.301 1800.867 1707.757 1576.768 1420.253 1249.197 1072.453 896.8867 727.9522 570.3447 428.3989 306.0109 206.0639 129.646 
163.8261 265.4416 398.8817 564.2347 759.4357 977.5306 1204.315 1419.816 1603.393 1738.686 1815.848 1831.769 1789.691 1698.132 1568.721 1413.634 1243.734 1067.852 892.8938 724.3782 567.0573 425.3265 303.1603 203.52 127.5286 
157.2699 254.6821 382.4522 540.5732 727.017 935.1526 1151.496 1357.11 1532.443 1662.008 1736.456 1752.742 1713.772 1627.447 1504.678 1356.977 1194.681 1026.243 858.3259 696.3086 544.8621 408.3271 290.6333 194.7102 121.6721 
155.6338 252.0676 378.5834 535.1738 719.7961 925.8117 1139.785 1342.927 1515.941 1643.674 1717.106 1733.42 1695.559 1611.239 1491.03 1346.048 1186.294 1020.003 853.7482 692.9206 542.2747 406.2675 288.9465 193.3336 120.5927 
149.3638 241.9131 363.3412 513.6617 690.9542 888.9014 1094.652 1290.166 1456.842 1579.999 1650.863 1666.712 1630.474 1549.716 1434.689 1296.047 1143.248 984.0007 824.4599 669.741 524.4573 393.0198 279.4799 186.8864 116.448 
149.6771 242.2964 363.6882 513.8043 690.721 888.2092 1093.586 1289.001 1455.985 1579.876 1651.794 1668.82 1633.666 1553.758 1439.317 1301.058 1148.509 989.3894 829.7935 674.7589 528.8722 396.6028 282.132 188.658 117.504 
144.7035 234.3504 351.9498 497.4951 669.1043 860.6497 1059.714 1248.923 1410.432 1530.214 1599.893 1616.79 1583.519 1507.112 1397.25 1264.133 1116.907 963.0458 808.4724 658.0769 516.3074 387.5277 275.8713 184.5523 114.9607 
142.1528 230.2353 345.8165 488.9429 657.856 846.6529 1043.234 1230.539 1390.902 1510.283 1580.183 1597.817 1565.772 1491.076 1383.348 1252.626 1107.838 956.2565 803.669 654.8989 514.3745 386.4718 275.3675 184.3482 114.8901 
139.4042 225.7692 339.0867 479.409 645.0441 830.2742 1023.344 1207.653 1365.977 1484.566 1554.968 1574.21 1544.535 1472.597 1367.726 1239.801 1097.668 948.5382 798.1236 651.1734 512.0699 385.1871 274.7434 184.0995 114.8205 
135.8694 220.0736 330.5904 467.4981 629.1758 810.0771 998.772 1179.115 1334.361 1451.15 1521.26 1541.745 1514.655 1446.257 1345.402 1221.527 1083.175 937.4034 789.8761 645.3337 508.1593 382.7385 273.3257 183.3483 114.4592 
135.8672 220.0356 330.4754 467.2623 628.8057 809.6348 998.4281 1179.146 1335.107 1452.951 1524.407 1546.459 1521.074 1454.41 1355.171 1232.605 1095.078 949.5221 801.5735 656.0373 517.4291 390.3065 279.1142 187.4642 117.1575 
133.2265 215.7033 323.8619 457.7382 615.7529 792.5599 977.125 1153.833 1306.463 1422.055 1492.599 1515.166 1491.628 1427.902 1332.355 1213.875 1080.476 938.7815 794.1872 651.3537 514.7563 389.0008 278.6391 187.4192 117.2803 
157.1743 248.5863 362.1353 494.254 641.6203 800.1759 962.6705 1117.911 1252.927 1356.138 1419.474 1439.291 1416.624 1356.603 1266.864 1155.614 1030.241 896.8213 760.2882 624.9371 494.9774 374.8476 269.025 181.268 113.6046 
160.3235 258.4035 385.1773 538.4174 712.8096 897.7893 1076.682 1230.383 1344.172 1412.236 1436.688 1423.311 1378.177 1306.711 1214.043 1105.264 985.2798 858.5543 729.0555 600.4854 476.6676 361.7951 260.2192 175.6843 110.3014 
155.0349 250.1936 374.0014 525.6866 702.4458 896.8629 1094.448 1274.817 1416.865 1504.726 1531.589 1500.702 1423.701 1316.453 1193.832 1066.058 938.1536 811.7502 687.3878 566.0661 449.8989 342.1209 246.587 166.8292 104.9469 
157.8648 254.5811 380.242 534.0424 713.3733 911.4723 1115.152 1305.894 1464.257 1574.296 1625.825 1615.398 1547.182 1432.827 1288.932 1132.537 976.8369 829.1734 691.8086 564.3899 446.4905 339.0663 244.5137 165.6637 104.3973 
157.3205 253.5949 378.5446 531.2527 709.005 905.0127 1106.275 1294.865 1452.512 1564.967 1623.678 1625.611 1572.972 1472.997 1337.115 1179.197 1013.165 850.54 698.7646 561.1111 438.1548 329.8183 236.7012 160.0715 100.8692 
155.8362 251.1214 374.6909 525.5636 700.9804 894.1642 1092.217 1277.424 1431.87 1541.896 1599.859 1603.86 1556.971 1466.242 1341.275 1192.779 1031.584 867.8978 710.3851 565.2582 436.0249 324.1754 230.2772 154.6166 97.02465 
156.8174 252.7615 377.2429 529.2915 706.1053 900.7778 1100.193 1286.386 1441.253 1551.095 1608.447 1611.847 1565.042 1475.798 1354.036 1209.914 1052.756 890.9209 731.9323 582.304 447.1102 329.723 231.9387 154.2688 96.05835 
159.7241 257.3814 384.0195 538.6235 718.3471 916.2105 1118.934 1308.269 1465.751 1577.329 1635.299 1638.183 1590.014 1499.123 1376.102 1231.569 1074.757 913.2915 753.6486 601.6278 462.4163 340.2803 238.1438 157.2786 97.18127 
161.1094 259.6061 387.3164 543.1899 724.311 923.5814 1127.558 1317.831 1475.841 1587.537 1645.266 1647.601 1598.624 1506.779 1382.899 1237.922 1081.311 920.6046 761.8131 610.0873 470.1763 346.4047 242.2007 159.4508 98.03874 
161.0738 259.6234 387.4821 543.6418 725.1963 925.0003 1129.507 1320.171 1478.315 1589.819 1647.044 1648.654 1598.866 1506.276 1381.854 1236.673 1080.309 920.3299 762.5976 611.9261 472.6747 348.9449 244.2365 160.7321 98.63344 
159.7193 257.4589 384.2954 539.2621 719.5252 918.0544 1121.456 1311.332 1469.068 1580.494 1637.832 1639.604 1589.952 1497.486 1373.267 1228.487 1072.836 913.9404 757.6193 608.5125 470.7138 348.0773 243.9943 160.7156 98.61735 
160.585 258.8259 386.2847 541.9796 723.0717 922.5353 1126.979 1317.991 1476.926 1589.551 1647.982 1650.585 1601.335 1508.722 1383.799 1237.879 1080.867 920.6288 763.1554 613.144 474.6272 351.3396 246.5828 162.604 99.85031 
162.2687 261.5532 390.3768 547.7457 730.7745 932.3317 1138.85 1331.717 1492.131 1605.801 1664.871 1667.756 1618.456 1525.439 1399.709 1252.559 1093.947 931.8725 772.512 620.7252 480.6326 355.9776 250.0327 165.0286 101.4267 
160.6075 258.9008 386.467 542.3409 723.6781 923.4144 1128.095 1319.249 1478.212 1590.796 1649.217 1651.958 1603.063 1510.996 1386.671 1241.214 1084.383 924.0143 766.2001 615.7906 476.925 353.3474 248.3023 163.9869 100.8565 
215.5517 347.0989 517.3897 724.8273 965.3539 1229.41 1499.075 1749.904 1957.365 2103.033 2177.072 2177.908 2111.188 1988.236 1823.479 1631.524 1425.092 1214.32 1007.044 809.5133 627.1109 464.7481 326.6968 215.8526 132.8221 
147.159 237.0156 353.3614 495.0581 659.1826 838.9234 1021.671 1190.402 1328.236 1422.783 1467.841 1463.06 1413.05 1326.139 1212.495 1082.081 943.3151 802.6955 665.1131 534.4161 413.9396 306.785 215.6966 142.5539 87.75019 
234.5803 378.3778 565.1858 793.5548 1059.003 1350.505 1647.424 1921.849 2146.047 2299.54 2371.908 2362.366 2278.462 2134.128 1946.543 1732.613 1506.536 1279.048 1057.912 848.9455 657.0461 486.7691 342.2054 226.184 139.2596 
122.5992 197.3278 293.9725 411.5824 547.8404 697.3239 849.8066 991.1959 1107.137 1186.646 1223.784 1217.759 1172.443 1095.347 995.8292 883.1088 764.8936 646.9346 533.2587 426.7144 329.5484 243.7827 171.2267 113.1206 69.63614 
112.5593 182.2611 273.6094 386.4346 518.9614 665.9541 817.2102 958.7776 1076.627 1160.058 1203.012 1203.969 1165.583 1094.093 998.0409 886.5423 767.8255 648.4571 533.2318 425.5076 327.7322 241.8834 169.5949 111.9071 68.83775 
139.8956 225.4462 336.5401 472.663 632.0661 809.7346 995.1672 1172.918 1326.145 1440.528 1506.504 1520.103 1483.11 1402.337 1287.79 1150.455 1000.642 847.161 697.0665 555.7448 427.2329 314.592 220.0756 144.9371 89.02401 
185.4196 298.1764 443.7239 620.5075 825.1152 1049.874 1280.49 1497.525 1681.534 1817.762 1897.545 1917.597 1879.388 1788.834 1655.392 1490.444 1305.674 1111.964 918.8427 734.3102 564.8749 415.6544 290.3312 190.8515 117.0134 
180.4431 290.4496 432.6656 605.512 805.2161 1023.313 1244.428 1448.145 1614.721 1730.389 1789.08 1791.363 1742.671 1651.44 1527.142 1378.741 1214.192 1040.782 865.5665 695.4658 537.0225 395.9774 276.7435 181.8239 111.3487 
264.434 425.5575 633.7477 886.5907 1178.41 1496.548 1818.005 2112.053 2348.615 2506.315 2575.652 2558.273 2464.871 2312.114 2118.38 1899.668 1667.628 1430.159 1193.408 963.6201 747.9211 553.8876 388.2822 255.5281 156.5608 
177.9347 286.4245 426.6598 596.9926 793.4736 1007.307 1222.602 1418.21 1573.457 1673.632 1712.163 1690.212 1615.45 1500.22 1358.726 1203.929 1045.482 889.3425 738.7861 596.0037 463.4549 344.3743 242.2962 159.9562 98.22208 
166.8499 269.8223 404.3401 569.7713 763.0289 975.8467 1192.564 1391.99 1553.029 1660.018 1704.979 1687.538 1614.142 1496.603 1349.539 1187.296 1021.563 860.3478 708.2317 567.5162 439.6764 326.4379 229.9664 152.1736 93.68438 
239.4962 385.3235 573.8243 803.2432 1069.413 1362.388 1662.931 1943.907 2176.867 2338.951 2416.458 2405.716 2312.901 2152.589 1944.464 1709.161 1464.88 1225.536 1000.349 794.5531 610.8678 451.0628 316.8196 209.4813 129.0588 
122.1287 196.6332 292.9994 410.1712 545.573 693.4021 843.1269 980.7339 1092.531 1168.604 1203.93 1197.848 1153.392 1076.701 976.0162 860.3277 738.1282 616.5887 501.1467 395.4635 301.724 221.1405 154.3763 101.6414 62.47456 
109.363 177.1082 265.9224 375.6649 504.6245 647.6823 794.7979 932.1626 1045.823 1125.165 1164.414 1162.59 1122.932 1051.881 957.5444 848.1636 731.1982 613.052 499.042 393.3523 299.0075 217.957 151.2278 99.00282 60.57485 
190.0043 305.6164 455.086 637.2805 849.524 1084.994 1329.749 1563.37 1763.621 1911.613 1994.767 2007.956 1953.842 1841.956 1686.103 1501.108 1300.451 1095.408 895.1885 707.3312 537.8921 391.384 270.5833 176.3201 107.3604 
201.8448 324.0492 481.0885 670.6394 888.2335 1124.764 1364.123 1585.088 1767.211 1896.012 1964.225 1970.444 1917.881 1813.753 1668.361 1493.534 1301.055 1101.631 904.4972 717.4643 547.06 398.491 275.3209 179.0141 108.6425 
142.9442 230.4709 344.0035 482.4175 642.5823 817.239 993.2784 1153.465 1281.336 1365.703 1402.182 1392.312 1341.935 1259.357 1153.381 1031.81 900.9979 766.259 632.4525 504.2764 386.2175 282.2496 195.3659 127.069 77.03763 
168.1902 271.5445 406.149 571.2742 764.0635 976.8954 1194.976 1397.768 1564.214 1678.052 1730.481 1720.626 1654.932 1545.335 1406.006 1249.895 1086.71 922.8811 762.8232 610.363 469.5616 344.6762 239.4448 156.122 94.76155 
215.7377 346.9011 516.1901 721.8006 959.747 1220.938 1488.183 1737.629 1944.717 2090.157 2162.61 2158.987 2084.215 1950.301 1773.797 1572.134 1360.365 1149.498 946.6298 756.3411 582.3694 428.5693 298.7099 195.3944 118.9064 
#survey length counts 
0 0 0 0 0 0 0 0 0 0 0 0 0 0 0 0 0 0 0 0 0 0 0 0 0 
1993.756 3265.608 4967.777 7108.003 9640.882 12428.88 15233.77 17779.59 19858.06 21396.35 22443.28 23107.24 23503.08 23730.23 23869.47 23982.42 24105.97 24235.88 24297.43 24116.09 23422.18 21926.03 19460.39 16119.73 12292 
1987.463 3255.53 4952.473 7085.038 9605.624 12373.04 15144.38 17639.04 19645.76 21091.54 22028.42 22570.97 22842.2 22950.04 22982.42 23005.42 23057.41 23133.95 23161.12 22969.03 22297.38 20867.58 18518.36 15338.28 11695.65 
1971.982 3230.711 4915.487 7032.656 9533.589 12275.24 15011.98 17459.71 19403.08 20765.21 21595.73 22009.82 22134.94 22087.01 21963.95 21841.68 21766.51 21739.89 21693.62 21466.3 20810.32 19460.65 17262.43 14294.76 10898.63 
1955.203 3202.143 4869.841 6963.444 9433.38 12136.26 14826.64 17220.33 19100.61 20387.5 21126.53 21429.19 21421.26 21220.28 20929.61 20634.01 20390.86 20213.9 20048.56 19749.66 19088.36 17816.83 15786.93 13064.87 9957.584 
1930.416 3162.189 4809.933 6878.183 9316.161 11978.81 14619.08 16951.78 18759.83 19963.33 20607.73 20803.61 20674.86 20336.79 19891.74 19426.54 19005.28 18653.98 18336.35 17931.21 17236.98 16029.55 14170.16 11710.43 8918.006 
1900.868 3113.532 4735.29 6770.004 9166.574 11780.34 14365.37 16637.35 18378.78 19507.7 20066.92 20165.2 19925.69 19463.34 18879.74 18261.01 17672.87 17148.67 16668.43 16137.32 15386.72 14222.82 12521.03 10319.82 7845.864 
1868.5 3060.109 4653.063 6650.293 9000.145 11558.37 14080.67 16285.02 17955.52 19010.25 19490.64 19503.23 19168.92 18600.67 17898.31 17146.58 16411.18 15729.72 15094.87 14435.86 13617.69 12480.26 10917.58 8958.664 6791.013 
1830.032 2997.485 4558.303 6514.926 8815.427 11315.99 13773.84 15909.09 17507.56 18487.96 18891.4 18823.7 18404.77 17746.05 16945.06 16083.8 15226.07 14411.15 13641.04 12865.53 11980.78 10860.08 9418.329 7678.946 5794.491 
1782.799 2920.731 4442.502 6350.255 8592.223 11025.8 13410.82 15470.56 16993.1 17897.61 18224.48 18078.83 17580.35 16840.38 15955.55 15005.64 14051.73 13132.49 12255.65 11387.22 10450.37 9349.36 8020.088 6483.282 4861.084 
1733.414 2839.307 4317.552 6169.532 8343.924 10700.74 13004.74 14984.81 16432.74 17268.15 17529.38 17318.96 16754.94 15948.06 14994.65 13973.69 12944.84 11946.27 10989.54 10052.83 9081.06 8004.604 6778.179 5421.455 4031.27 
1678.254 2749.649 4182.288 5977.335 8083.998 10364.41 12587.56 14487.7 15861.14 16629.64 16831.26 16566.86 15952.28 15096.14 14092.99 13020.34 11936.8 10880.67 9867.003 8883.696 7892.848 6845.758 5712.527 4512.247 3321.128 
1620.238 2654.467 4037.165 5769.065 7800.392 9996.831 12133.6 13952.04 15253.45 15960.84 16110.69 15801.42 15147.05 14254.96 13218.4 12113.26 10996.49 9905.819 8858.743 7850.842 6857.822 5847.489 4801.989 3739.646 2719.728 
1559.733 2555.155 3885.566 5550.981 7502.218 9608.072 11649.88 13376.65 14596.13 15234.67 15329.08 14976.43 14288.88 13371.87 12316.79 11197.59 10069.3 8968.485 7913.787 6906.108 5931.32 4969.764 4012.562 3076.788 2207.608 
1494.508 2448.781 3724.494 5321.394 7191.27 9206.224 11153.69 12790.11 13929.24 14500.39 14540.63 14146.25 13428.54 12492.12 11427.18 10305.92 9181.333 8088.368 7045.773 6057.745 5117.139 4213.086 3342.742 2521.373 1782.573 
1427.394 2339.206 3558.514 5085.161 6872.824 8798.475 10657.53 12215.23 13291.39 13816.46 13824.75 13408.56 12676.19 11730.82 10662.32 9542.877 8425.299 7344.24 6318.874 5355.658 4452.054 3602.882 2808.85 2083.025 1449.789 
1365.236 2237.214 3403.217 4863.278 6573.583 8417.26 10199.45 11695.87 12733.16 13242.35 13252.72 12848.96 12132.14 11200.35 10141.05 9026.516 7911.311 6832.646 5812.622 4861.149 3979.824 3167.559 2427.133 1769.441 1211.792 
1309.404 2144.966 3261.484 4658.539 6293.963 8056.08 9759.01 11189 12181.09 12669.78 12682.81 12299.66 11614.29 10717.38 9690.116 8600.853 7503.14 6435.833 5424.569 4483.863 3620.2 2836.589 2137.619 1532.343 1032.455 
1264.128 2069.459 3144.194 4487.155 6057.414 7747.857 9380.614 10751.28 11702.28 12171.43 12185.74 11821.36 11167.5 10309.24 9321.841 8268.334 7198.677 6150.687 5151.742 4220.37 3368.194 2602.904 1931.621 1362.613 903.551 
1227.951 2009.138 3050.46 4349.996 5867.513 7499.113 9072.896 10391.76 11304.39 11752.07 11762.37 11409.86 10780.75 9956.137 9006.723 7990.862 6954.388 5932.397 4951.713 4032.791 3191.135 2438.856 1786.213 1241.93 811.284 
1199.409 1961.441 2976.146 4240.949 5716.129 7300.311 8826.274 10102.57 10982.59 11410.18 11413.4 11066 10452.69 9652.503 8733.408 7750.503 6746.141 5752.314 4793.921 3891.379 3062.165 2321.602 1682.905 1156.042 745.2896 
1172.895 1918.094 2910.336 4146.95 5588.761 7136.122 8624.942 9867.654 10721.04 11130.95 11125.97 10779.47 10175.33 9391.402 8494.213 7537.042 6560.018 5592.667 4657.686 3774.277 2960.212 2232.473 1606.382 1093.264 697.2721 
1154.604 1886.652 2859.824 4070.683 5480.548 6992.264 8446.09 9659.221 10491.7 10890.12 10881.88 10538.54 9942.515 9170.839 8289.56 7351.418 6395.647 5450.415 4536.778 3672.511 2874.737 2160.813 1547.118 1045.943 661.6648 
1138 1859.913 2819.961 4014.83 5406.17 6897.647 8331.118 9526.056 10344.89 10735.98 10727.31 10389.66 9803.652 9044.132 8175.45 7249.543 6305.569 5371.814 4469.198 3615.065 2826.138 2119.773 1512.807 1018.109 640.3034 
1124.902 1838.033 2785.996 3965.473 5338.934 6812.055 8229.676 9414.181 10229.52 10623.64 10622.75 10295.67 9721.5 8974.062 8116.847 7201.049 6265.39 5338.141 4440.526 3590.252 2804.344 2100.454 1495.786 1003.576 628.6159 
1118.729 1826.618 2766.198 3933.331 5290.33 6743.914 8141.233 9307.689 10110.02 10497.94 10498.08 10178.4 9616.192 8883.114 8040.709 7138.774 6215.213 5297.952 4408.219 3563.985 2782.686 2082.433 1480.859 991.5226 619.3537 
1114.245 1819.517 2755.797 3918.945 5271.172 6719.046 8109.709 9268.929 10064.32 10446.9 10444.71 10126.63 9570.077 8845.824 8013.835 7122.158 6207.273 5296.283 4410.214 3567.32 2785.643 2084.039 1480.874 990.2711 617.4506 
1111.419 1814.568 2747.712 3906.608 5253.657 6696.015 8081.701 9237.24 10030.48 10412.12 10409.68 10091.96 9536.808 8815.673 7988.858 7104.027 6196.617 5292.437 4411.464 3571.463 2790.592 2088.278 1483.651 991.5282 617.5805 
1115.239 1819.82 2753.872 3912.673 5258.552 6699.212 8083.712 9239.693 10035.69 10422.35 10426.41 10115.42 9565.991 8848.841 8024.227 7140.278 6232.937 5328.161 4445.667 3602.839 2817.711 2110.045 1499.675 1002.231 623.9938 
1117.279 1823.724 2760.767 3923.79 5274.716 6720.187 8107.825 9264.195 10057.89 10440.9 10441.95 10130.11 9582.379 8868.686 8047.981 7167.262 6261.893 5357.737 4474.592 3629.882 2841.666 2129.891 1514.851 1012.816 630.6609 
1120.408 1828.771 2768.393 3934.865 5290.501 6742.426 8138.544 9305.117 10109.64 10502.44 10510.7 10202.86 9656.325 8942.106 8120.062 7237.468 6329.409 5421.317 4532.749 3681.186 2884.982 2164.575 1540.91 1030.984 642.2904 
1125.983 1837.552 2781.116 3952.135 5312.857 6770.433 8172.873 9346.606 10159.31 10561.3 10579.32 10280.72 9741.551 9031.712 8210.718 7326.218 6413.97 5499.94 4603.938 3743.574 2937.449 2206.506 1572.43 1053.042 656.5214 
1132.779 1848.648 2797.929 3976.079 5345.171 6811.911 8223.602 9405.972 10226.38 10635.38 10660.24 10368.65 9836.423 9132.563 8315.382 7431.544 6516.412 5596.17 4691.214 3819.837 3001.332 2257.407 1610.645 1079.806 673.8393 
1142.604 1864.303 2820.964 4007.91 5387.08 6864.963 8288.431 9482.57 10314.06 10732.99 10766.37 10481.92 9955.491 9256.064 8441.601 7558.116 6640.227 5713.624 4798.704 3914.285 3080.597 2320.532 1657.974 1112.924 695.2727 
1156.177 1885.838 2852.399 4050.739 5442.181 6932.358 8367.046 9570.308 10408.39 10831.75 10868.34 10586.72 10063.14 9366.463 8554.197 7671.711 6752.856 5822.556 4900.657 4005.889 3158.999 2383.967 1706.117 1146.922 717.4368 
1369.731 2180.426 3198.507 4388.142 5696.655 7042.458 8305.654 9349.086 10065.63 10414.12 10417.26 10133.11 9628.089 8963.784 8192.6 7356.131 6485.238 5602.371 4725.323 3871.203 3059.609 2313.883 1659.202 1117.334 700 
1408.443 2287.629 3437.953 4836.61 6412.807 8024.404 9463.137 10516.94 11060.71 11105.01 10765.36 10185.71 9477.976 8705.869 7898.683 7070.044 6229.253 5385.597 4549.725 3734.883 2958.435 2242.423 1611.45 1087.346 682.4292 
1394.978 2267.524 3414.49 4823.124 6440.366 8146.322 9747.502 11020.93 11793.3 12000.62 11692.36 10993.2 10055.01 9017.332 7980.786 6997.196 6077.903 5212.896 4389.168 3601.516 2856.004 2168.782 1561.797 1056.047 664.0841 
1390.252 2258.36 3398.079 4796.473 6402.368 8101.797 9712.698 11027.89 11888.14 12230.82 12083.64 11526.58 10660.82 9595.989 8441.613 7292.173 6211.257 5225.732 4333.888 3521.899 2779.361 2107.462 1518.354 1028.122 647.6583 
1391.078 2258.706 3396.606 4790.923 6389.668 8078.645 9676.938 10981.05 11839.08 12198.99 12098.7 11620.63 10853.41 9878.746 8773.552 7612.457 6463.848 5381.135 4395.436 3515.891 2738.515 2058.085 1475.543 997.2251 628.1548 
1397.27 2267.901 3408.769 4805.295 6404.752 8092.273 9686.403 10983.47 11832.45 12184.17 12081.98 11615.6 10879.53 9954.88 8907.792 7793.811 6662.686 5560.322 4526.127 3588.129 2760.989 2049.447 1454.316 975.8376 612.0982 
1401.859 2275.939 3421.897 4825.301 6433.043 8129.108 9730.223 11030.85 11878.88 12225.39 12115.64 11642.77 10905.9 9990.694 8965.074 7880.786 6777.755 5689.926 4649.261 3685.522 2823.153 2078.714 1460.759 970.9496 604.32 
1408.251 2285.824 3435.887 4843.783 6456.315 8157.49 9763.956 11069.72 11921.75 12269.99 12158.84 11681.57 10938.96 10019.69 8995.208 7919.347 6830.704 5757.931 4725.831 3759.157 2882.617 2118.042 1480.844 977.3713 603.6535 
1414.655 2296.202 3451.398 4865.357 6484.339 8191.415 9802.042 11109.25 11959.78 12304.21 12187.98 11705.22 10957.2 10033.15 9005.613 7930.041 6846.117 5781.734 4758.611 3797.325 2919.736 2147.922 1500.343 987.1153 606.6774 
1417.518 2301.516 3460.618 4880.246 6506.568 8221.9 9840.314 11153.24 12006.17 12349.26 12228.41 11738.81 10983.05 10051.59 9018.014 7938.649 6853.886 5791.779 4773.122 3816.418 2941.14 2168.025 1516.009 997.0649 611.5989 
1419.491 2304.792 3465.731 4887.899 6517.681 8237.598 9861.753 11181.24 12040.76 12389.29 12271.47 11781.72 11022.57 10085.29 9044.784 7958.84 6869.097 5804.35 4785.382 3829.824 2955.692 2182.382 1528.337 1006.07 617.0877 
1423.074 2310.367 3473.684 4898.5 6531.166 8254.269 9882.049 11205.74 12070.11 12423.98 12311.56 11826.37 11069.94 10132.67 9089.274 7998.14 6902.11 5831.338 4807.588 3848.746 2972.356 2196.986 1540.448 1015.188 623.1449 
1425.733 2314.891 3480.846 4909.101 6545.811 8273.067 9904.401 11230.45 12095.84 12449.9 12337.62 11853.19 11098.22 10162.57 9120.073 8028.353 6930.039 5855.716 4827.982 3865.499 2986.154 2208.381 1549.645 1022.177 627.9766 
1427.15 2317.325 3484.757 4915.015 6554.224 8284.274 9918.298 11246.42 12112.81 12466.56 12352.86 11866.43 11109.61 10172.93 9130.393 8039.276 6941.548 5867.227 4838.743 3874.978 2994.187 2215.048 1555.055 1026.373 630.9924 
1426.737 2317.088 3485.235 4917.056 6558.884 8292.606 9931.115 11264.12 12135.31 12493.23 12382.56 11897.66 11140.81 10202.84 9158.282 8064.95 6965.084 5888.658 4857.899 3891.561 3007.962 2225.978 1563.315 1032.285 634.9553 
1426.737 2317.088 3485.235 4917.056 6558.884 8292.606 9931.115 11264.12 12135.31 12493.23 12382.56 11897.66 11140.81 10202.84 9158.282 8064.95 6965.084 5888.658 4857.899 3891.561 3007.962 2225.978 1563.315 1032.285 634.9553 
1427.138 2314.601 3475.219 4891.949 6508.271 8204.05 9791.627 11062.14 11863.1 12149.36 11973.47 11437.54 10649.51 9702.673 8670.804 7608.458 6553.256 5530.191 4556.853 3648.068 2819.005 2086.105 1465.291 967.8056 595.4975 
1405.956 2288.625 3452.142 4885.212 6534.93 8280.701 9930.186 11267.07 12130.45 12467.06 12322.85 11796.14 10995.13 10017.3 8943.235 7834.76 6735.332 5673.412 4667.746 3732.744 2882.498 2132.413 1497.736 989.3562 608.903 
1409.968 2283.886 3423.98 4812.374 6393.915 8052.887 9608.123 10856.22 11645.73 11927.21 11746.13 11198.93 10392.31 9422.862 8370.43 7295.856 6241.311 5233.547 4288.998 3419.009 2633.982 1945.414 1365.033 901.2241 554.5532 
1385.766 2258.176 3410.662 4833.357 6474.362 8213.57 9859.196 11196.2 12065.52 12415.09 12289.59 11782.73 10995.81 10020.19 8934.201 7802.672 6675.986 5590.456 4570.702 3633.449 2791.602 2057.06 1440.818 950.0962 584.1858 
1401.443 2273.612 3416.43 4817.472 6429.32 8145.574 9793.612 11173.63 12128.54 12592.73 12588.42 12188.38 11481 10552.77 9481.752 8334.545 7165.44 6017.464 4924.183 3911.534 2999.823 2205.479 1541.312 1014.415 622.8144 
1433.166 2322.573 3484.283 4901.486 6520.143 8225.897 9839.979 11163.58 12051.91 12460.98 12434.68 12056.22 11408.08 10558.8 9565.723 8479.677 7346.905 6209.337 5104.496 4065.361 3120.26 2292.612 1599.834 1051.004 644.1178 
1445.145 2344.091 3519.924 4955.28 6592.502 8309.312 9915.489 11200.91 12015.13 12318.98 12172.96 11684.98 10962.41 10089.54 9124.525 8104.957 7056.574 6001.889 4965.706 3976.335 3063.661 2255.774 1575.058 1034.198 633.084 
1435.712 2332.913 3511.011 4955.53 6610.568 8353.185 9989.38 11302.12 12131.67 12429.01 12247.71 11696.03 10891.57 9937.105 8911.153 7865.251 6827.212 5810.195 4823.784 3882.187 3006.85 2223.783 1557.548 1024.441 627.4355 
1419.571 2302.806 3458.078 4867.82 6473.974 8153.602 9715.346 10946.75 11693.18 11910.05 11654.04 11035.16 10172.47 9171.778 8117.691 7070.195 6064.351 5114.877 4224.926 3395.885 2634.492 1954.699 1374.012 906.5361 556.4466 
1377.081 2244.167 3389.553 4802.893 6431.186 8152.33 9771.538 11069.98 11884.95 12162.65 11950.33 11349.96 10476.01 9434.748 8316.886 7193.505 6113.521 5104.532 4177.591 3334.782 2577.252 1910.515 1344.589 889.1916 547.2048 
1367.392 2220.385 3339.706 4713.005 6291.439 7965.517 9558.903 10869.15 11739.02 12105.66 11996.62 11491.89 10688.73 9683.965 8566.611 7412.674 6281.192 5212.911 4231.777 3348.94 2568.609 1893.761 1328.86 878.102 540.7742 
1368.375 2217.561 3325.985 4675.555 6210.332 7814.035 9307.074 10491.6 11225.74 11470.92 11279.83 10748 9972.298 9034.965 8003.919 6936.025 5878.467 4868.703 3934.118 3092.382 2353.321 1721.93 1200.775 790.0459 485.391 
1341.421 2186.206 3302.56 4681.217 6272.1 7958.651 9554.017 10847.66 11682.56 12006.25 11862.83 11347.51 10564.33 9605.383 8545.098 7440.934 6336.889 5268.077 4263.762 3347.907 2538.507 1847.359 1280.402 837.6429 512.2779 
1363.446 2210.553 3319.062 4676.153 6235.624 7894.931 9487.944 10822.08 11745.27 12192.7 12183.76 11786.96 11087.56 10171.18 9116.422 7989.933 6844.296 5720.021 4649.643 3660.886 2777.443 2017.858 1393.657 907.5556 552.3679 
1394.488 2257.28 3380.889 4745.972 6296.445 7917.648 9433.341 10650.21 11431.2 11741.22 11633.12 11197.5 10521.26 9673.646 8709.613 7675.637 6612.48 5556.07 4538.206 3587.397 2729.168 1985.047 1370.16 890.3137 540.0977 
1390.841 2258.31 3395.007 4784.421 6369.046 8026.102 9564.999 10776 11509.96 11730.2 11501.45 10938.12 10155.58 9245.878 8272.557 7274.848 6276.201 5293.803 4345.505 3452.432 2638.027 1924.982 1331.118 865.2229 524.3311 
1374.106 2235.488 3369.811 4765.858 6372.722 8074.343 9684.473 10991.43 11834.29 12154.96 11993.43 11446.21 10626.2 9639.862 8575.413 7496.006 6439.052 5422.908 4457.528 3553.745 2727.61 1999.201 1387.511 904.1196 548.5496 
1381.425 2240.474 3364.594 4739.02 6312.572 7974.269 9548.011 10834.26 11681.71 12035.3 11929.22 11445.89 10679.99 9722.604 8656.395 7551.234 6459.496 5414.633 4434.894 3530.756 2712.351 1993.096 1387.869 907.2943 551.9121 
