# Number of parameters = 239 Objective function value = 82689.3175382052  Maximum gradient component = 0.000571730742481853
# srv_sel50:
1.48304491110
# srv_sel95:
2.45412052401
# stNatLen:
 11.7130598054 11.5623744719 11.3606141966 11.1719435797 10.9872148669 10.7851620497 10.5597362045 10.3190024677 10.0753578078 9.83912357430 9.61682788565 9.41181057417 9.22532176754 9.05738627557 8.90740399909 8.77449304587 8.65773971950 8.55624973038 8.46922182638 8.39589668554 8.33559845206 8.28791734343 8.25240870778 8.22892549300 8.21731682956
# log_avg_fmort_dir:
-1.61843264798
# fmort_dir_dev:
 -1.76274286108 -1.81400155164 -1.31498348945 -0.946016463945 -0.757934844023 -0.474627937939 -0.281525101389 -0.145119048033 -0.0888951790522 0.0831591960644 0.155707662596 0.259037581149 0.373452803602 0.520562321791 0.532442513241 0.624191822898 0.544938155117 0.566226535070 0.466893780515 0.236120175595 0.277410179140 0.329900922896 0.356200098504 0.398729758571 0.292552621731 0.335403488775 0.205113988538 0.240951620830 0.120759393408 0.0940043215510 0.0971447925502 0.144106733512 0.191352532843 0.0250373145772 -0.00362597389986 0.0722378010626 -0.0329567206338 -0.142255342459 -0.118239960368 -0.0772004013506 -0.000777382622279 0.0587017045661 0.123744175460 0.145683937191 0.110746474871 -0.0114764595897 -0.128889252918 -0.0857727282138 -0.166351675219 -0.141592121160 0.168226098475 -0.185888321196 0.384636252988 -0.320388328546 -0.229383214244 -0.165535914178 0.0325907798390 0.0792579756528 0.366235459852 0.0520310181528 -0.00555426232532 0.375460975868 -0.240261579451 -0.345698228807 0.352774292868 0.161895504360 -0.110339187760 -0.0516436666067 0.194054431838
# mean_log_rec:
11.1679874887
# rec_dev:
 0.340161317988 0.293611637310 0.297762132837 0.294472035597 0.266874708384 0.203006501549 0.162586121986 0.181739022953 0.205320159216 0.201005848332 0.138925265314 0.0501565120515 -0.0408914209607 -0.100111532636 -0.148138959012 -0.164093467494 -0.144033026121 -0.0969748708287 -0.0339556766321 -0.0297064315029 -0.127820829439 -0.245712384153 -0.335133390114 -0.367715556893 -0.356198283303 -0.318425371756 -0.282379378251 -0.235202664845 -0.203979589189 -0.209199849667 -0.246106474777 -0.255652614750 -0.231560212725 -0.209628681310 -0.0933507419359 0.0446335869286 0.102473156810 0.116576895799 0.0867089341954 0.0389613119343 -0.0382261683409 -0.109864982670 -0.132988729673 -0.125605877719 -0.0576502616386 0.0456275234174 0.129529288834 0.167464528120 0.175677595728 0.164776535491 0.148210566539 0.0640619609805 0.0123536884145 -0.00771206600153 0.0399676616317 0.118290917655 0.164738775654 0.156487307657 0.125246646725 0.0804937460034 0.0124492144340 -0.0199741522593 -0.0284653223875 -0.00574029910755 0.0252587832959 0.0471146499278 0.0843669139172 0.107553942803 0.107553871678
# log_avg_NatM:
-1.53540827448
# m_dev:
 0.744565636400 0.123945180656 -0.194666952496 -0.0121909728416 -0.102240393982 0.218282740803 -0.0460081153092 -0.404632988775 -0.451696811366 -0.329202736650 0.0223525482837 0.0446725026190 -0.0327104788303 -0.187671668697 -0.257111548563 -0.578343831112 -0.898252230131 -0.936615836703 -0.725359372430 -0.162149550522 0.245219062987 0.280962659953 0.165006047072 -0.113284592986 -0.272393780899 -0.380870108468 -0.331405120366 -0.350120947256 -0.227397293503 -0.00959925690641 0.107994497171 -0.185610738308 -0.213519093895 -0.00804300863934 0.0675635788529 -0.102325909671 0.0106568971245 0.125477947745 0.338099132305 0.330347215764 0.414306708586 0.383925631061 0.181768389703 0.113484199503 -0.108942246693 -0.291665815180 -0.144462443705 0.139443528844 0.248147536145 0.304909007428 0.185311486399 0.516249425254 0.329923302595 0.188027440495 0.0121984006335 0.00398735266525 0.0128067319290 0.351520928907 0.225914705604 0.223612063248 0.529920957343 0.266154784521 0.0488115541198 0.127663154188 0.187180429407 0.0713263138490 0.0195514625822 0.0878841886195 0.0593185135166
# log_avg_GrowthK:
-1.60943800000
# log_avg_Linf:
4.88280200000
# GrowthK_dev:
 0.00000000000 0.00000000000 0.00000000000 0.00000000000 0.00000000000 0.00000000000 0.00000000000 0.00000000000 0.00000000000 0.00000000000 0.00000000000 0.00000000000 0.00000000000 0.00000000000 0.00000000000 0.00000000000 0.00000000000 0.00000000000 0.00000000000 0.00000000000 0.00000000000 0.00000000000 0.00000000000 0.00000000000 0.00000000000 0.00000000000 0.00000000000 0.00000000000 0.00000000000 0.00000000000 0.00000000000 0.00000000000 0.00000000000 0.00000000000 0.00000000000 0.00000000000 0.00000000000 0.00000000000 0.00000000000 0.00000000000 0.00000000000 0.00000000000 0.00000000000 0.00000000000 0.00000000000 0.00000000000 0.00000000000 0.00000000000 0.00000000000 0.00000000000 0.00000000000 0.00000000000 0.00000000000 0.00000000000 0.00000000000 0.00000000000 0.00000000000 0.00000000000 0.00000000000 0.00000000000 0.00000000000 0.00000000000 0.00000000000 0.00000000000 0.00000000000 0.00000000000 0.00000000000 0.00000000000 0.00000000000
# Linf_dev:
 0.00000000000 0.00000000000 0.00000000000 0.00000000000 0.00000000000 0.00000000000 0.00000000000 0.00000000000 0.00000000000 0.00000000000 0.00000000000 0.00000000000 0.00000000000 0.00000000000 0.00000000000 0.00000000000 0.00000000000 0.00000000000 0.00000000000 0.00000000000 0.00000000000 0.00000000000 0.00000000000 0.00000000000 0.00000000000 0.00000000000 0.00000000000 0.00000000000 0.00000000000 0.00000000000 0.00000000000 0.00000000000 0.00000000000 0.00000000000 0.00000000000 0.00000000000 0.00000000000 0.00000000000 0.00000000000 0.00000000000 0.00000000000 0.00000000000 0.00000000000 0.00000000000 0.00000000000 0.00000000000 0.00000000000 0.00000000000 0.00000000000 0.00000000000 0.00000000000 0.00000000000 0.00000000000 0.00000000000 0.00000000000 0.00000000000 0.00000000000 0.00000000000 0.00000000000 0.00000000000 0.00000000000 0.00000000000 0.00000000000 0.00000000000 0.00000000000 0.00000000000 0.00000000000 0.00000000000 0.00000000000
# SelPars50:
2.01739410907
# SelPars95:
3.57377431533
# SelPars_dev50:
 0.00000000000 0.00000000000 0.00000000000 0.00000000000 0.00000000000 0.00000000000 0.00000000000 0.00000000000 0.00000000000 0.00000000000 0.00000000000 0.00000000000 0.00000000000 0.00000000000 0.00000000000 0.00000000000 0.00000000000 0.00000000000 0.00000000000 0.00000000000 0.00000000000 0.00000000000 0.00000000000 0.00000000000 0.00000000000 0.00000000000 0.00000000000 0.00000000000 0.00000000000 0.00000000000 0.00000000000 0.00000000000 0.00000000000 0.00000000000 0.00000000000 0.00000000000 0.00000000000 0.00000000000 0.00000000000 0.00000000000 0.00000000000 0.00000000000 0.00000000000 0.00000000000 0.00000000000 0.00000000000 0.00000000000 0.00000000000 0.00000000000 0.00000000000 0.00000000000 0.00000000000 0.00000000000 0.00000000000 0.00000000000 0.00000000000 0.00000000000 0.00000000000 0.00000000000 0.00000000000 0.00000000000 0.00000000000 0.00000000000 0.00000000000 0.00000000000 0.00000000000 0.00000000000 0.00000000000 0.00000000000
# SelPars_dev95:
 0.00000000000 0.00000000000 0.00000000000 0.00000000000 0.00000000000 0.00000000000 0.00000000000 0.00000000000 0.00000000000 0.00000000000 0.00000000000 0.00000000000 0.00000000000 0.00000000000 0.00000000000 0.00000000000 0.00000000000 0.00000000000 0.00000000000 0.00000000000 0.00000000000 0.00000000000 0.00000000000 0.00000000000 0.00000000000 0.00000000000 0.00000000000 0.00000000000 0.00000000000 0.00000000000 0.00000000000 0.00000000000 0.00000000000 0.00000000000 0.00000000000 0.00000000000 0.00000000000 0.00000000000 0.00000000000 0.00000000000 0.00000000000 0.00000000000 0.00000000000 0.00000000000 0.00000000000 0.00000000000 0.00000000000 0.00000000000 0.00000000000 0.00000000000 0.00000000000 0.00000000000 0.00000000000 0.00000000000 0.00000000000 0.00000000000 0.00000000000 0.00000000000 0.00000000000 0.00000000000 0.00000000000 0.00000000000 0.00000000000 0.00000000000 0.00000000000 0.00000000000 0.00000000000 0.00000000000 0.00000000000
