# Number of parameters = 227 Objective function value = 77874.0  Maximum gradient component = 0.00182716
# srv_sel50:
1.47530195214
# srv_sel95:
2.43972282020
# stNatLen:
 11.3757431618 11.2388869150 11.0418627298 10.8528278934 10.6667410946 10.4637055584 10.2379006146 9.99730641543 9.75416175107 9.51863899140 9.29717461610 9.09304962159 8.90744957143 8.74037379450 8.59121227954 8.45906885151 8.34301635404 8.24214859035 8.15565698471 8.08281451365 8.02300628221 7.97567352179 7.94049933410 7.91722656922 7.90565979290
# log_avg_fmort_dir:
-1.60859031552
# fmort_dir_dev:
 -1.80228550573 -1.80880696981 -1.44775362554 -1.10082406424 -0.701317095676 -0.528784479982 -0.270031378751 -0.145989516597 -0.0924540026253 -0.00754446374856 0.171907727356 0.193773789277 0.298796346738 0.431382285320 0.478690810697 0.546440279763 0.636878478433 0.437400397203 0.372912405323 0.352356208122 0.391216687858 0.388952006546 0.306348448956 0.229419787010 0.285972500949 0.258788400911 0.176595346375 0.281327964274 0.357622269638 0.275677444273 0.255659545696 0.192195232150 0.150610973383 0.0553435682525 0.0534043420919 0.0631496714689 0.0702264714145 0.0217521601126 0.0718831531580 0.0705322933396 0.0294919568900 0.0649400252039 0.0816361784448 0.00173463130780 -0.0496603947271 -0.0578881348675 -0.0777526952752 0.0134683128252 -0.0314372804133 0.00605755337501 -0.0416843404618 -0.421766799793 0.230617172583 -0.0814345370832 0.105515632951 0.144473096912 0.00315440353557 -0.155205996360 0.0479461033632 0.248370651279 0.159039063002 -0.290075471382 -0.259296702786 0.0174205920630 0.340911086026
# mean_log_rec:
11.1307796623
# rec_dev:
 0.340081252470 0.334457368424 0.359944026291 0.350874083814 0.291748263578 0.241594291772 0.230033241539 0.236429939373 0.238333136577 0.211333100872 0.147091815034 0.0925759320378 0.0479771830058 -0.00183421404134 -0.0532541329939 -0.0988748647850 -0.124108366073 -0.145451459424 -0.154288472881 -0.187587553126 -0.232311108682 -0.248853716881 -0.237046298565 -0.204789176320 -0.200342441397 -0.221220343876 -0.257294801942 -0.326351156924 -0.369284220426 -0.381574667683 -0.338230766429 -0.276272511651 -0.224337703237 -0.162660137785 -0.0742344342788 -0.0123857645846 0.0144431447378 0.0102917253148 -0.0288070206217 -0.0574548617358 -0.0784380588647 -0.0724161702866 -0.0248921246994 0.0353576865463 0.101181185861 0.145964004397 0.107226061827 0.0202965278179 -0.00729231486396 0.0113502973588 0.0576873720288 0.108229608790 0.151153077562 0.160584947643 0.150471501904 0.138297585792 0.131486108566 0.126149501507 0.0890535570773 0.0235683824119 -0.0125692605398 0.00138196737586 0.0348859641952 0.0364621705954 0.0364621114991
# log_avg_NatM:
-1.56249572972
# m_dev:
 -0.137207825453 -0.146262164572 -0.160705172561 -0.0790935623296 0.229525185259 0.0469044344723 -0.136051231052 -0.272052732181 -0.220877363882 -0.125060576149 0.0973630038455 -0.0277218171473 -0.102571692530 -0.196129179237 -0.402073885031 -0.420556209335 -0.273536810347 -0.196568281889 -0.267655881308 -0.0746295063795 -0.0394586179710 -0.0381181947640 -0.332333079083 -0.423526274783 -0.119436701727 -0.0466882108888 -0.0193320165807 0.100287483724 0.0206567358011 -0.131998613342 -0.461866532615 -0.485413292646 -0.525344602358 -0.346885036379 0.215791899695 0.196036366415 -0.00609683544699 0.132484837334 0.319064815199 0.239215594360 0.275922434137 0.139622163132 -0.00148097258640 -0.0365211029939 -0.0708510606574 -0.0326630413396 0.370534193869 0.548916862806 0.270880315483 0.0908600988233 -0.117071845060 0.112824559033 0.0645442347302 0.158797213633 0.270174061209 0.309488367612 0.208521506444 0.222587468078 0.388606828185 0.398510083866 0.239645710969 0.126929418931 0.119761620621 0.302269497071 0.257112927869
# log_avg_GrowthK:
-1.60943800000
# log_avg_Linf:
4.88280200000
# GrowthK_dev:
 0.00000000000 0.00000000000 0.00000000000 0.00000000000 0.00000000000 0.00000000000 0.00000000000 0.00000000000 0.00000000000 0.00000000000 0.00000000000 0.00000000000 0.00000000000 0.00000000000 0.00000000000 0.00000000000 0.00000000000 0.00000000000 0.00000000000 0.00000000000 0.00000000000 0.00000000000 0.00000000000 0.00000000000 0.00000000000 0.00000000000 0.00000000000 0.00000000000 0.00000000000 0.00000000000 0.00000000000 0.00000000000 0.00000000000 0.00000000000 0.00000000000 0.00000000000 0.00000000000 0.00000000000 0.00000000000 0.00000000000 0.00000000000 0.00000000000 0.00000000000 0.00000000000 0.00000000000 0.00000000000 0.00000000000 0.00000000000 0.00000000000 0.00000000000 0.00000000000 0.00000000000 0.00000000000 0.00000000000 0.00000000000 0.00000000000 0.00000000000 0.00000000000 0.00000000000 0.00000000000 0.00000000000 0.00000000000 0.00000000000 0.00000000000 0.00000000000
# Linf_dev:
 0.00000000000 0.00000000000 0.00000000000 0.00000000000 0.00000000000 0.00000000000 0.00000000000 0.00000000000 0.00000000000 0.00000000000 0.00000000000 0.00000000000 0.00000000000 0.00000000000 0.00000000000 0.00000000000 0.00000000000 0.00000000000 0.00000000000 0.00000000000 0.00000000000 0.00000000000 0.00000000000 0.00000000000 0.00000000000 0.00000000000 0.00000000000 0.00000000000 0.00000000000 0.00000000000 0.00000000000 0.00000000000 0.00000000000 0.00000000000 0.00000000000 0.00000000000 0.00000000000 0.00000000000 0.00000000000 0.00000000000 0.00000000000 0.00000000000 0.00000000000 0.00000000000 0.00000000000 0.00000000000 0.00000000000 0.00000000000 0.00000000000 0.00000000000 0.00000000000 0.00000000000 0.00000000000 0.00000000000 0.00000000000 0.00000000000 0.00000000000 0.00000000000 0.00000000000 0.00000000000 0.00000000000 0.00000000000 0.00000000000 0.00000000000 0.00000000000
# SelPars50:
2.00562793212
# SelPars95:
3.54623752166
# SelPars_dev50:
 0.00000000000 0.00000000000 0.00000000000 0.00000000000 0.00000000000 0.00000000000 0.00000000000 0.00000000000 0.00000000000 0.00000000000 0.00000000000 0.00000000000 0.00000000000 0.00000000000 0.00000000000 0.00000000000 0.00000000000 0.00000000000 0.00000000000 0.00000000000 0.00000000000 0.00000000000 0.00000000000 0.00000000000 0.00000000000 0.00000000000 0.00000000000 0.00000000000 0.00000000000 0.00000000000 0.00000000000 0.00000000000 0.00000000000 0.00000000000 0.00000000000 0.00000000000 0.00000000000 0.00000000000 0.00000000000 0.00000000000 0.00000000000 0.00000000000 0.00000000000 0.00000000000 0.00000000000 0.00000000000 0.00000000000 0.00000000000 0.00000000000 0.00000000000 0.00000000000 0.00000000000 0.00000000000 0.00000000000 0.00000000000 0.00000000000 0.00000000000 0.00000000000 0.00000000000 0.00000000000 0.00000000000 0.00000000000 0.00000000000 0.00000000000 0.00000000000
# SelPars_dev95:
 0.00000000000 0.00000000000 0.00000000000 0.00000000000 0.00000000000 0.00000000000 0.00000000000 0.00000000000 0.00000000000 0.00000000000 0.00000000000 0.00000000000 0.00000000000 0.00000000000 0.00000000000 0.00000000000 0.00000000000 0.00000000000 0.00000000000 0.00000000000 0.00000000000 0.00000000000 0.00000000000 0.00000000000 0.00000000000 0.00000000000 0.00000000000 0.00000000000 0.00000000000 0.00000000000 0.00000000000 0.00000000000 0.00000000000 0.00000000000 0.00000000000 0.00000000000 0.00000000000 0.00000000000 0.00000000000 0.00000000000 0.00000000000 0.00000000000 0.00000000000 0.00000000000 0.00000000000 0.00000000000 0.00000000000 0.00000000000 0.00000000000 0.00000000000 0.00000000000 0.00000000000 0.00000000000 0.00000000000 0.00000000000 0.00000000000 0.00000000000 0.00000000000 0.00000000000 0.00000000000 0.00000000000 0.00000000000 0.00000000000 0.00000000000 0.00000000000
