# Number of parameters = 161 Objective function value = 78206.7  Maximum gradient component = 0.000321715
# srv_sel50:
1.50790531302
# srv_sel95:
2.52665691349
# stNatLen:
 11.4321260141 11.2845758492 11.0751314422 10.8808672362 10.6970611289 10.5005712262 10.2809080861 10.0427015624 9.79728449993 9.55557419501 9.32530044370 9.11096409145 8.91468674940 8.73708549275 8.57793880475 8.43657890210 8.31215554452 8.20379752030 8.11064925437 8.03195317790 7.96715326490 7.91582790487 7.87761190484 7.85226158271 7.83967600824
# log_avg_fmort_dir:
-1.69482991304
# fmort_dir_dev:
 -1.83848060099 -1.84951192694 -1.25826447577 -0.932571039333 -0.749774021547 -0.417230071749 -0.332377934172 -0.160596780399 0.00147795073148 0.0781625655361 0.221222506338 0.278437381426 0.312915860218 0.434519199765 0.583851796887 0.505203592509 0.587075379201 0.444205498429 0.479829924452 0.463671166170 0.416627623255 0.383036465910 0.433205796879 0.284723252320 0.291287898311 0.301719721955 0.331704883212 0.266710830717 0.250638915749 0.146984854484 0.236501506527 0.213633558534 0.152798200964 0.0905685519772 0.238537275559 0.0989213097090 0.125495621965 0.00226056250984 0.0371008167835 0.117935554679 0.0989237863666 0.120036114105 0.115036265884 0.0850087241685 0.00929440111677 0.0320861792525 0.119776613297 0.0621822014519 0.101319623907 0.101944431458 -0.307403120691 -0.0318009947652 -0.0582454771481 -0.0189360101595 0.126166239146 0.0576423417948 -0.182583537000 -0.398383951614 -0.202308744874 -0.398671198131 -0.313584800426 -0.283349581488 -0.111867564701 -0.0267841427342 0.0323430290246
# mean_log_rec:
11.1286189009
# rec_dev:
 0.378959705833 0.360169547101 0.367209285349 0.369169350933 0.363213278603 0.362644697064 0.357816749885 0.347196045109 0.337133781520 0.323266545351 0.296975405399 0.271062172093 0.228027523151 0.168847502177 0.110103738669 0.0543307864095 0.0138594413212 -0.0218993234225 -0.0627878175807 -0.104696930044 -0.131431302678 -0.146336922211 -0.154346114792 -0.171218231076 -0.188935006527 -0.200250440551 -0.200125269019 -0.201646843942 -0.200557695503 -0.192800888064 -0.187238311625 -0.193472484659 -0.192903278854 -0.188101656260 -0.190026207123 -0.182060414798 -0.168396047184 -0.147116834241 -0.136648350771 -0.119563715997 -0.0942968594595 -0.0811325192631 -0.0707261101425 -0.0601131784610 -0.0510058686545 -0.0677792000454 -0.0677015396664 -0.0767558728160 -0.0933079773960 -0.0964398468250 -0.0971191208679 -0.0927037838864 -0.0867038060639 -0.0610926414281 -0.0412380852596 -0.0405183763314 -0.0336865544281 -0.0121518839669 0.0101552746839 0.0222957267925 0.0267909423052 0.0283001687092 0.0366230383534 0.0364412998480 0.0364413052236
# log_avg_NatM:
-1.64101500000
# m_dev:
 0.00000000000 0.00000000000 0.00000000000 0.00000000000 0.00000000000 0.00000000000 0.00000000000 0.00000000000 0.00000000000 0.00000000000 0.00000000000 0.00000000000 0.00000000000 0.00000000000 0.00000000000 0.00000000000 0.00000000000 0.00000000000 0.00000000000 0.00000000000 0.00000000000 0.00000000000 0.00000000000 0.00000000000 0.00000000000 0.00000000000 0.00000000000 0.00000000000 0.00000000000 0.00000000000 0.00000000000 0.00000000000 0.00000000000 0.00000000000 0.00000000000 0.00000000000 0.00000000000 0.00000000000 0.00000000000 0.00000000000 0.00000000000 0.00000000000 0.00000000000 0.00000000000 0.00000000000 0.00000000000 0.00000000000 0.00000000000 0.00000000000 0.00000000000 0.00000000000 0.00000000000 0.00000000000 0.00000000000 0.00000000000 0.00000000000 0.00000000000 0.00000000000 0.00000000000 0.00000000000 0.00000000000 0.00000000000 0.00000000000 0.00000000000 0.00000000000
# log_avg_GrowthK:
-1.60150700000
# log_avg_Linf:
4.93285700000
# GrowthK_dev:
 0.00000000000 0.00000000000 0.00000000000 0.00000000000 0.00000000000 0.00000000000 0.00000000000 0.00000000000 0.00000000000 0.00000000000 0.00000000000 0.00000000000 0.00000000000 0.00000000000 0.00000000000 0.00000000000 0.00000000000 0.00000000000 0.00000000000 0.00000000000 0.00000000000 0.00000000000 0.00000000000 0.00000000000 0.00000000000 0.00000000000 0.00000000000 0.00000000000 0.00000000000 0.00000000000 0.00000000000 0.00000000000 0.00000000000 0.00000000000 0.00000000000 0.00000000000 0.00000000000 0.00000000000 0.00000000000 0.00000000000 0.00000000000 0.00000000000 0.00000000000 0.00000000000 0.00000000000 0.00000000000 0.00000000000 0.00000000000 0.00000000000 0.00000000000 0.00000000000 0.00000000000 0.00000000000 0.00000000000 0.00000000000 0.00000000000 0.00000000000 0.00000000000 0.00000000000 0.00000000000 0.00000000000 0.00000000000 0.00000000000 0.00000000000 0.00000000000
# Linf_dev:
 0.00000000000 0.00000000000 0.00000000000 0.00000000000 0.00000000000 0.00000000000 0.00000000000 0.00000000000 0.00000000000 0.00000000000 0.00000000000 0.00000000000 0.00000000000 0.00000000000 0.00000000000 0.00000000000 0.00000000000 0.00000000000 0.00000000000 0.00000000000 0.00000000000 0.00000000000 0.00000000000 0.00000000000 0.00000000000 0.00000000000 0.00000000000 0.00000000000 0.00000000000 0.00000000000 0.00000000000 0.00000000000 0.00000000000 0.00000000000 0.00000000000 0.00000000000 0.00000000000 0.00000000000 0.00000000000 0.00000000000 0.00000000000 0.00000000000 0.00000000000 0.00000000000 0.00000000000 0.00000000000 0.00000000000 0.00000000000 0.00000000000 0.00000000000 0.00000000000 0.00000000000 0.00000000000 0.00000000000 0.00000000000 0.00000000000 0.00000000000 0.00000000000 0.00000000000 0.00000000000 0.00000000000 0.00000000000 0.00000000000 0.00000000000 0.00000000000
# SelPars50:
2.04132864155
# SelPars95:
3.62906553874
# SelPars_dev50:
 0.00000000000 0.00000000000 0.00000000000 0.00000000000 0.00000000000 0.00000000000 0.00000000000 0.00000000000 0.00000000000 0.00000000000 0.00000000000 0.00000000000 0.00000000000 0.00000000000 0.00000000000 0.00000000000 0.00000000000 0.00000000000 0.00000000000 0.00000000000 0.00000000000 0.00000000000 0.00000000000 0.00000000000 0.00000000000 0.00000000000 0.00000000000 0.00000000000 0.00000000000 0.00000000000 0.00000000000 0.00000000000 0.00000000000 0.00000000000 0.00000000000 0.00000000000 0.00000000000 0.00000000000 0.00000000000 0.00000000000 0.00000000000 0.00000000000 0.00000000000 0.00000000000 0.00000000000 0.00000000000 0.00000000000 0.00000000000 0.00000000000 0.00000000000 0.00000000000 0.00000000000 0.00000000000 0.00000000000 0.00000000000 0.00000000000 0.00000000000 0.00000000000 0.00000000000 0.00000000000 0.00000000000 0.00000000000 0.00000000000 0.00000000000 0.00000000000
# SelPars_dev95:
 0.00000000000 0.00000000000 0.00000000000 0.00000000000 0.00000000000 0.00000000000 0.00000000000 0.00000000000 0.00000000000 0.00000000000 0.00000000000 0.00000000000 0.00000000000 0.00000000000 0.00000000000 0.00000000000 0.00000000000 0.00000000000 0.00000000000 0.00000000000 0.00000000000 0.00000000000 0.00000000000 0.00000000000 0.00000000000 0.00000000000 0.00000000000 0.00000000000 0.00000000000 0.00000000000 0.00000000000 0.00000000000 0.00000000000 0.00000000000 0.00000000000 0.00000000000 0.00000000000 0.00000000000 0.00000000000 0.00000000000 0.00000000000 0.00000000000 0.00000000000 0.00000000000 0.00000000000 0.00000000000 0.00000000000 0.00000000000 0.00000000000 0.00000000000 0.00000000000 0.00000000000 0.00000000000 0.00000000000 0.00000000000 0.00000000000 0.00000000000 0.00000000000 0.00000000000 0.00000000000 0.00000000000 0.00000000000 0.00000000000 0.00000000000 0.00000000000
