# Number of parameters = 143 Objective function value = 67209.6  Maximum gradient component = 0.000169325
# srv_sel50:
1.47775027494
# srv_sel95:
2.43666642954
# stNatLen:
 11.4531107318 11.3081214937 11.1131882860 10.9289273246 10.7403704423 10.5269771089 10.2898380207 10.0434904408 9.80267287172 9.57686831834 9.37055072948 9.18495764736 9.01962188666 8.87332703374 8.74462868103 8.63213909885 8.53454960354 8.45074067827 8.37968325732 8.32043256011 8.27216234103 8.23424661726 8.20624285020 8.18771262835 8.17858166817
# log_avg_fmort_dir:
-1.69341284116
# fmort_dir_dev:
 -1.82981924990 -1.88222926943 -1.37424703668 -0.934699214940 -0.628208604043 -0.405742772184 -0.308334674509 -0.202224361289 -0.0428423677525 0.195464889043 0.187145787071 0.250585037815 0.307779509703 0.434859625584 0.480552956620 0.530481247502 0.484303111481 0.402084006932 0.421254532378 0.405128471545 0.343422122030 0.363770137232 0.293896976013 0.353822574286 0.348165833010 0.266172322844 0.227635875499 0.259514996426 0.217115661731 0.171881966439 0.138731760361 0.153570018269 0.0867241750759 0.120235135421 0.124887232450 0.0487625105164 0.0975011978494 0.0885377818380 0.0406806328936 -0.0371260754042 0.123846643603 0.116616419908 0.141044870428 0.0141160236358 -0.00160334846400 0.0926957697355 0.173615678063 0.0846344348180 -0.0344093238387 0.131650144109 0.0250693526389 -0.339791656897 -0.251763841155 -0.296929656957 -0.106937066885 -0.0710489024557
# mean_log_rec:
11.1186058515
# rec_dev:
 0.396095897228 0.374150684502 0.374224722189 0.369330216253 0.367930185345 0.367964150037 0.364514155580 0.344485415578 0.314108146383 0.283992081491 0.256425449986 0.238335564987 0.212798074935 0.177939482895 0.126028884178 0.0795287744053 0.0273212122171 -0.0116050597224 -0.0482520295622 -0.0776648783402 -0.106186397226 -0.142128597153 -0.170291737621 -0.195984879137 -0.203062162366 -0.200316757375 -0.201699178396 -0.199700364931 -0.203390679441 -0.197166370616 -0.197332557165 -0.189876328239 -0.179736535172 -0.177393682533 -0.149022219771 -0.122196407546 -0.0946869075666 -0.0763838614332 -0.0821490083968 -0.0847975004745 -0.0821804950747 -0.0737427779774 -0.0725309204587 -0.0733189573347 -0.0702472348221 -0.0961409430343 -0.115067052110 -0.104145261588 -0.0983356216844 -0.0978920806136 -0.107431143425 -0.109852485024 -0.0864213425365 -0.0621112438392 -0.0573657311135 -0.0573657073708
# log_avg_NatM:
-1.61715400000
# m_dev:
 0.00000000000 0.00000000000 0.00000000000 0.00000000000 0.00000000000 0.00000000000 0.00000000000 0.00000000000 0.00000000000 0.00000000000 0.00000000000 0.00000000000 0.00000000000 0.00000000000 0.00000000000 0.00000000000 0.00000000000 0.00000000000 0.00000000000 0.00000000000 0.00000000000 0.00000000000 0.00000000000 0.00000000000 0.00000000000 0.00000000000 0.00000000000 0.00000000000 0.00000000000 0.00000000000 0.00000000000 0.00000000000 0.00000000000 0.00000000000 0.00000000000 0.00000000000 0.00000000000 0.00000000000 0.00000000000 0.00000000000 0.00000000000 0.00000000000 0.00000000000 0.00000000000 0.00000000000 0.00000000000 0.00000000000 0.00000000000 0.00000000000 0.00000000000 0.00000000000 0.00000000000 0.00000000000 0.00000000000 0.00000000000 0.00000000000
# log_avg_GrowthK:
-1.61825500000
# log_avg_Linf:
4.86646100000
# GrowthK_dev:
 0.00000000000 0.00000000000 0.00000000000 0.00000000000 0.00000000000 0.00000000000 0.00000000000 0.00000000000 0.00000000000 0.00000000000 0.00000000000 0.00000000000 0.00000000000 0.00000000000 0.00000000000 0.00000000000 0.00000000000 0.00000000000 0.00000000000 0.00000000000 0.00000000000 0.00000000000 0.00000000000 0.00000000000 0.00000000000 0.00000000000 0.00000000000 0.00000000000 0.00000000000 0.00000000000 0.00000000000 0.00000000000 0.00000000000 0.00000000000 0.00000000000 0.00000000000 0.00000000000 0.00000000000 0.00000000000 0.00000000000 0.00000000000 0.00000000000 0.00000000000 0.00000000000 0.00000000000 0.00000000000 0.00000000000 0.00000000000 0.00000000000 0.00000000000 0.00000000000 0.00000000000 0.00000000000 0.00000000000 0.00000000000 0.00000000000
# Linf_dev:
 0.00000000000 0.00000000000 0.00000000000 0.00000000000 0.00000000000 0.00000000000 0.00000000000 0.00000000000 0.00000000000 0.00000000000 0.00000000000 0.00000000000 0.00000000000 0.00000000000 0.00000000000 0.00000000000 0.00000000000 0.00000000000 0.00000000000 0.00000000000 0.00000000000 0.00000000000 0.00000000000 0.00000000000 0.00000000000 0.00000000000 0.00000000000 0.00000000000 0.00000000000 0.00000000000 0.00000000000 0.00000000000 0.00000000000 0.00000000000 0.00000000000 0.00000000000 0.00000000000 0.00000000000 0.00000000000 0.00000000000 0.00000000000 0.00000000000 0.00000000000 0.00000000000 0.00000000000 0.00000000000 0.00000000000 0.00000000000 0.00000000000 0.00000000000 0.00000000000 0.00000000000 0.00000000000 0.00000000000 0.00000000000 0.00000000000
# SelPars50:
2.00772640722
# SelPars95:
3.54716072002
# SelPars_dev50:
 0.00000000000 0.00000000000 0.00000000000 0.00000000000 0.00000000000 0.00000000000 0.00000000000 0.00000000000 0.00000000000 0.00000000000 0.00000000000 0.00000000000 0.00000000000 0.00000000000 0.00000000000 0.00000000000 0.00000000000 0.00000000000 0.00000000000 0.00000000000 0.00000000000 0.00000000000 0.00000000000 0.00000000000 0.00000000000 0.00000000000 0.00000000000 0.00000000000 0.00000000000 0.00000000000 0.00000000000 0.00000000000 0.00000000000 0.00000000000 0.00000000000 0.00000000000 0.00000000000 0.00000000000 0.00000000000 0.00000000000 0.00000000000 0.00000000000 0.00000000000 0.00000000000 0.00000000000 0.00000000000 0.00000000000 0.00000000000 0.00000000000 0.00000000000 0.00000000000 0.00000000000 0.00000000000 0.00000000000 0.00000000000 0.00000000000
# SelPars_dev95:
 0.00000000000 0.00000000000 0.00000000000 0.00000000000 0.00000000000 0.00000000000 0.00000000000 0.00000000000 0.00000000000 0.00000000000 0.00000000000 0.00000000000 0.00000000000 0.00000000000 0.00000000000 0.00000000000 0.00000000000 0.00000000000 0.00000000000 0.00000000000 0.00000000000 0.00000000000 0.00000000000 0.00000000000 0.00000000000 0.00000000000 0.00000000000 0.00000000000 0.00000000000 0.00000000000 0.00000000000 0.00000000000 0.00000000000 0.00000000000 0.00000000000 0.00000000000 0.00000000000 0.00000000000 0.00000000000 0.00000000000 0.00000000000 0.00000000000 0.00000000000 0.00000000000 0.00000000000 0.00000000000 0.00000000000 0.00000000000 0.00000000000 0.00000000000 0.00000000000 0.00000000000 0.00000000000 0.00000000000 0.00000000000 0.00000000000
