# Number of parameters = 233 Objective function value = 80317.1  Maximum gradient component = 0.000370879
# srv_sel50:
1.46639603547
# srv_sel95:
2.41410236343
# stNatLen:
 11.6981526530 11.5470750651 11.3469031542 11.1583178395 10.9724356182 10.7687895710 10.5421114546 10.3009336851 10.0577225884 9.82263065707 9.60195441933 9.39883023473 9.21433453024 9.04841483850 8.90040130342 8.76934896030 8.65430404886 8.55430924788 8.46858925529 8.39637354139 8.33708241607 8.29027080928 8.25556148499 8.23258444695 8.22119466621
# log_avg_fmort_dir:
-1.61222182086
# fmort_dir_dev:
 -1.86826406287 -1.89410903373 -1.29607816177 -0.965422808370 -0.628880570043 -0.499634819099 -0.265248787958 -0.173245090927 -0.0729915047774 0.108789594012 0.228611140716 0.327492082004 0.363312047496 0.465029316718 0.479256950000 0.491059874631 0.449967717136 0.449360971499 0.447013871909 0.473445237132 0.506420587634 0.449044591816 0.425161522124 0.421157780441 0.437669522665 0.287930545741 0.275127986882 0.290811566631 0.235610524063 0.274221855934 0.116107836108 0.137082135520 0.0288309917743 0.0514627927469 0.113556297770 -0.0242071929418 0.101879123760 -0.0478129560607 -0.0107759441334 -0.0210081156795 -0.0417075407150 -0.0907500011834 -0.0266046381053 -0.108295258178 -0.141362937058 -0.147365256031 -0.0783832706223 -0.148955795645 -0.0432904743881 0.0145972587885 -0.276680468116 -0.0102116441039 0.0594499003888 0.0443195906556 0.169274785612 0.0439189437349 0.0759173015228 0.275381264612 0.214690364258 -0.0410229558280 -0.653721351282 0.0515749776107 0.242570884234 -0.190493199137 -0.0810975564367 0.217304725127 0.00320693377526
# mean_log_rec:
11.1032782645
# rec_dev:
 0.459694212590 0.366656640448 0.287552536822 0.270179857983 0.294784035458 0.306095251884 0.286719166035 0.265826774004 0.206164649127 0.146270773303 0.0928084215495 0.0640858099318 0.0627194966706 0.0337207054595 -0.0112874333508 -0.0661941768666 -0.110510493330 -0.161991429981 -0.216934215227 -0.261873504334 -0.297437591914 -0.310380397178 -0.324745745053 -0.324843709505 -0.317577930719 -0.310457800220 -0.301316770928 -0.289810292320 -0.287023740555 -0.262183855046 -0.228201932977 -0.217970051244 -0.203278005208 -0.169597900551 -0.0374594561040 0.0645554706655 0.0869746464767 0.0814580779133 0.0896806123999 0.0991124048769 0.140909988133 0.172791794851 0.189087756820 0.192705766525 0.153534421777 0.145590727004 0.147091156282 0.137925774009 0.0536140137467 -0.00590218496104 -0.0119057667438 0.00219953240511 0.0244359361422 0.0403110118201 0.0590418608503 0.0548829852716 0.0275005711490 -0.00638882892806 -0.0335742408159 -0.0139499328236 0.0250111764684 0.0339642265143 0.00216744254467 -0.0466324082311 -0.0955223368136 -0.121436779925 -0.121436774059
# log_avg_NatM:
-1.54116357494
# m_dev:
 0.568434797789 0.306388080711 0.260435931950 -0.0979966025546 -0.306765360257 -0.249352228027 -0.0790859175000 -0.214052993840 0.0749947147667 -0.0779610419092 -0.0488640712464 -0.373532128498 -0.522018533390 -0.272616565746 -0.206173151816 -0.170434099145 -0.191325090833 -0.0895289642803 -0.208196709862 -0.228342104700 -0.237257422324 -0.279200386309 -0.327150427396 -0.421612579797 -0.261948399781 -0.274738455233 -0.281433346424 -0.238078452421 -0.246232608026 -0.274224119612 -0.195531733262 -0.0661060892769 -0.228489368786 -0.191335399021 -0.0727498763623 0.0742293201429 0.0867349762339 0.171966132771 0.154949072006 0.214526902755 -0.0137236030013 0.104604184659 0.168230479692 0.260042370023 0.412745041308 0.271085545101 0.219246409108 0.157319410575 0.546561415405 0.306193103999 0.176255376987 0.133895220617 -0.00117361577399 0.134582454175 0.0584861566345 0.0221193436314 0.210791490273 0.296974249254 0.193884057248 -0.0787674188180 0.0153293444073 0.266587366214 0.171927752510 0.168615483135 0.270908039935 0.258079346787 0.288875294425
# log_avg_GrowthK:
-1.56421100000
# log_avg_Linf:
4.89600200000
# GrowthK_dev:
 0.00000000000 0.00000000000 0.00000000000 0.00000000000 0.00000000000 0.00000000000 0.00000000000 0.00000000000 0.00000000000 0.00000000000 0.00000000000 0.00000000000 0.00000000000 0.00000000000 0.00000000000 0.00000000000 0.00000000000 0.00000000000 0.00000000000 0.00000000000 0.00000000000 0.00000000000 0.00000000000 0.00000000000 0.00000000000 0.00000000000 0.00000000000 0.00000000000 0.00000000000 0.00000000000 0.00000000000 0.00000000000 0.00000000000 0.00000000000 0.00000000000 0.00000000000 0.00000000000 0.00000000000 0.00000000000 0.00000000000 0.00000000000 0.00000000000 0.00000000000 0.00000000000 0.00000000000 0.00000000000 0.00000000000 0.00000000000 0.00000000000 0.00000000000 0.00000000000 0.00000000000 0.00000000000 0.00000000000 0.00000000000 0.00000000000 0.00000000000 0.00000000000 0.00000000000 0.00000000000 0.00000000000 0.00000000000 0.00000000000 0.00000000000 0.00000000000 0.00000000000 0.00000000000
# Linf_dev:
 0.00000000000 0.00000000000 0.00000000000 0.00000000000 0.00000000000 0.00000000000 0.00000000000 0.00000000000 0.00000000000 0.00000000000 0.00000000000 0.00000000000 0.00000000000 0.00000000000 0.00000000000 0.00000000000 0.00000000000 0.00000000000 0.00000000000 0.00000000000 0.00000000000 0.00000000000 0.00000000000 0.00000000000 0.00000000000 0.00000000000 0.00000000000 0.00000000000 0.00000000000 0.00000000000 0.00000000000 0.00000000000 0.00000000000 0.00000000000 0.00000000000 0.00000000000 0.00000000000 0.00000000000 0.00000000000 0.00000000000 0.00000000000 0.00000000000 0.00000000000 0.00000000000 0.00000000000 0.00000000000 0.00000000000 0.00000000000 0.00000000000 0.00000000000 0.00000000000 0.00000000000 0.00000000000 0.00000000000 0.00000000000 0.00000000000 0.00000000000 0.00000000000 0.00000000000 0.00000000000 0.00000000000 0.00000000000 0.00000000000 0.00000000000 0.00000000000 0.00000000000 0.00000000000
# SelPars50:
2.01518484457
# SelPars95:
3.58249180914
# SelPars_dev50:
 0.00000000000 0.00000000000 0.00000000000 0.00000000000 0.00000000000 0.00000000000 0.00000000000 0.00000000000 0.00000000000 0.00000000000 0.00000000000 0.00000000000 0.00000000000 0.00000000000 0.00000000000 0.00000000000 0.00000000000 0.00000000000 0.00000000000 0.00000000000 0.00000000000 0.00000000000 0.00000000000 0.00000000000 0.00000000000 0.00000000000 0.00000000000 0.00000000000 0.00000000000 0.00000000000 0.00000000000 0.00000000000 0.00000000000 0.00000000000 0.00000000000 0.00000000000 0.00000000000 0.00000000000 0.00000000000 0.00000000000 0.00000000000 0.00000000000 0.00000000000 0.00000000000 0.00000000000 0.00000000000 0.00000000000 0.00000000000 0.00000000000 0.00000000000 0.00000000000 0.00000000000 0.00000000000 0.00000000000 0.00000000000 0.00000000000 0.00000000000 0.00000000000 0.00000000000 0.00000000000 0.00000000000 0.00000000000 0.00000000000 0.00000000000 0.00000000000 0.00000000000 0.00000000000
# SelPars_dev95:
 0.00000000000 0.00000000000 0.00000000000 0.00000000000 0.00000000000 0.00000000000 0.00000000000 0.00000000000 0.00000000000 0.00000000000 0.00000000000 0.00000000000 0.00000000000 0.00000000000 0.00000000000 0.00000000000 0.00000000000 0.00000000000 0.00000000000 0.00000000000 0.00000000000 0.00000000000 0.00000000000 0.00000000000 0.00000000000 0.00000000000 0.00000000000 0.00000000000 0.00000000000 0.00000000000 0.00000000000 0.00000000000 0.00000000000 0.00000000000 0.00000000000 0.00000000000 0.00000000000 0.00000000000 0.00000000000 0.00000000000 0.00000000000 0.00000000000 0.00000000000 0.00000000000 0.00000000000 0.00000000000 0.00000000000 0.00000000000 0.00000000000 0.00000000000 0.00000000000 0.00000000000 0.00000000000 0.00000000000 0.00000000000 0.00000000000 0.00000000000 0.00000000000 0.00000000000 0.00000000000 0.00000000000 0.00000000000 0.00000000000 0.00000000000 0.00000000000 0.00000000000 0.00000000000
