# Number of parameters = 227 Objective function value = 77865.5203847542  Maximum gradient component = 0.000579170245667022
# srv_sel50:
1.47774195623
# srv_sel95:
2.43540791823
# stNatLen:
 11.4116430468 11.2691855916 11.0663665933 10.8758401994 10.6905133967 10.4886750824 10.2638052428 10.0237554881 9.78084308925 9.54534736388 9.32376369461 9.11941736637 8.93355885654 8.76619979418 8.61675550413 8.48436595672 8.36809859670 8.26705701054 8.18039090671 8.10737903768 8.04742102455 8.00003108819 7.96476234934 7.94141722338 7.92980020228
# log_avg_fmort_dir:
-1.61571756953
# fmort_dir_dev:
 -1.88867324215 -1.88566742243 -1.34267046934 -0.849605653807 -0.650280523158 -0.479880550139 -0.196021592711 -0.187271743946 0.0133041221052 0.0745513824423 0.116359142585 0.215418880243 0.307671426586 0.344441178818 0.503933731902 0.518418333745 0.576714307524 0.434603091978 0.402751528362 0.374492440947 0.222060261979 0.281410773308 0.273345663448 0.317412612140 0.333359645740 0.178882556520 0.271726292424 0.234110841710 0.254900780470 0.184575343243 0.159149095285 0.0946400652226 -0.00798848291247 0.157264558095 0.00349498039668 -0.0121983955238 0.0271209754632 0.168689095811 0.0348486301421 -0.0461783324505 0.00529555602748 -0.194982036178 -0.204652482999 -0.192324334531 -0.00479497454706 -0.0321368499564 -0.0192691086517 -0.0281644714169 -0.0991567751976 -0.00911890514947 0.265599640170 -0.0428071756217 -0.150117113979 -0.0469302561269 0.355452455597 0.409789234445 0.0934403259795 0.132018644541 -0.270693032567 -0.0277629863598 -0.0182684279459 0.0387442693577 0.212671759169 0.155698782722 0.139252933153
# mean_log_rec:
11.1602143666
# rec_dev:
 0.328522332469 0.304425110581 0.291413965002 0.238588207249 0.186439237832 0.152904516073 0.136033872747 0.126465923401 0.141248037262 0.170395122261 0.186324681098 0.177029245520 0.116333136550 0.0382089239683 -0.0614147056641 -0.150408670830 -0.154209595593 -0.129702797778 -0.101961757017 -0.0937261265607 -0.125493160676 -0.175337637324 -0.227113733790 -0.242601903428 -0.287293241245 -0.292010973090 -0.281276716592 -0.273916247146 -0.258799499511 -0.250040147334 -0.243931911789 -0.238326520185 -0.248195684554 -0.221994775023 -0.0979572077161 -0.0270236623714 -0.0773667263020 -0.0986563112874 -0.0334810966406 0.0797044339229 0.194695843075 0.271156506567 0.225238199268 0.0800619566915 0.0391415304597 0.0346331764964 0.0418022453891 0.0494416579504 0.0440630338328 0.00801154780131 0.00395450413244 0.0439435953614 0.108510260896 0.150493016754 0.132725447539 0.0690713318763 0.00207374428988 -0.0261384555469 -0.0156165058126 0.0285649241960 0.0708938827972 0.0895463736931 0.0540027097182 0.00896679873078 0.00896673735262
# log_avg_NatM:
-1.53284004476
# m_dev:
 -0.128639409375 -0.0799098473872 -0.0846555328623 0.172137130864 0.0290547436684 -0.0603865834439 -0.133934614458 -0.200571563275 -0.416419552811 -0.456699731437 -0.394761133749 -0.255584901189 -0.0101039811276 -0.0752201503407 0.109427710650 -0.0862049966804 -0.530177923751 -0.601643556178 -0.438249140033 -0.193230368870 -0.00565094218397 0.0705306722458 0.0277000341208 -0.121643216672 0.117214459725 -0.222600408490 -0.195364000927 -0.224957333308 -0.240175420686 -0.163332976387 -0.0790793224827 -0.0348042930848 -0.104030342895 -0.100317770209 0.0107183140623 0.142393913689 0.372348444891 0.186253510313 -0.132644257293 -0.397288379574 -0.258079710079 -0.0738325146303 0.438239822582 0.699631648438 0.244654919162 0.258123964381 0.115628287077 0.180969116370 0.196732236416 0.333423819192 0.166369479922 0.00294128800264 -0.0754696188032 0.110992980147 0.218854675335 0.278141753639 0.384935074410 0.255928724939 0.196421177375 0.0429224939781 0.0147187670014 0.212352821966 0.296773648631 0.343250064345 0.345877797133
# log_avg_GrowthK:
-1.60943800000
# log_avg_Linf:
4.88280200000
# GrowthK_dev:
 0.00000000000 0.00000000000 0.00000000000 0.00000000000 0.00000000000 0.00000000000 0.00000000000 0.00000000000 0.00000000000 0.00000000000 0.00000000000 0.00000000000 0.00000000000 0.00000000000 0.00000000000 0.00000000000 0.00000000000 0.00000000000 0.00000000000 0.00000000000 0.00000000000 0.00000000000 0.00000000000 0.00000000000 0.00000000000 0.00000000000 0.00000000000 0.00000000000 0.00000000000 0.00000000000 0.00000000000 0.00000000000 0.00000000000 0.00000000000 0.00000000000 0.00000000000 0.00000000000 0.00000000000 0.00000000000 0.00000000000 0.00000000000 0.00000000000 0.00000000000 0.00000000000 0.00000000000 0.00000000000 0.00000000000 0.00000000000 0.00000000000 0.00000000000 0.00000000000 0.00000000000 0.00000000000 0.00000000000 0.00000000000 0.00000000000 0.00000000000 0.00000000000 0.00000000000 0.00000000000 0.00000000000 0.00000000000 0.00000000000 0.00000000000 0.00000000000
# Linf_dev:
 0.00000000000 0.00000000000 0.00000000000 0.00000000000 0.00000000000 0.00000000000 0.00000000000 0.00000000000 0.00000000000 0.00000000000 0.00000000000 0.00000000000 0.00000000000 0.00000000000 0.00000000000 0.00000000000 0.00000000000 0.00000000000 0.00000000000 0.00000000000 0.00000000000 0.00000000000 0.00000000000 0.00000000000 0.00000000000 0.00000000000 0.00000000000 0.00000000000 0.00000000000 0.00000000000 0.00000000000 0.00000000000 0.00000000000 0.00000000000 0.00000000000 0.00000000000 0.00000000000 0.00000000000 0.00000000000 0.00000000000 0.00000000000 0.00000000000 0.00000000000 0.00000000000 0.00000000000 0.00000000000 0.00000000000 0.00000000000 0.00000000000 0.00000000000 0.00000000000 0.00000000000 0.00000000000 0.00000000000 0.00000000000 0.00000000000 0.00000000000 0.00000000000 0.00000000000 0.00000000000 0.00000000000 0.00000000000 0.00000000000 0.00000000000 0.00000000000
# SelPars50:
2.02734227387
# SelPars95:
3.60422685029
# SelPars_dev50:
 0.00000000000 0.00000000000 0.00000000000 0.00000000000 0.00000000000 0.00000000000 0.00000000000 0.00000000000 0.00000000000 0.00000000000 0.00000000000 0.00000000000 0.00000000000 0.00000000000 0.00000000000 0.00000000000 0.00000000000 0.00000000000 0.00000000000 0.00000000000 0.00000000000 0.00000000000 0.00000000000 0.00000000000 0.00000000000 0.00000000000 0.00000000000 0.00000000000 0.00000000000 0.00000000000 0.00000000000 0.00000000000 0.00000000000 0.00000000000 0.00000000000 0.00000000000 0.00000000000 0.00000000000 0.00000000000 0.00000000000 0.00000000000 0.00000000000 0.00000000000 0.00000000000 0.00000000000 0.00000000000 0.00000000000 0.00000000000 0.00000000000 0.00000000000 0.00000000000 0.00000000000 0.00000000000 0.00000000000 0.00000000000 0.00000000000 0.00000000000 0.00000000000 0.00000000000 0.00000000000 0.00000000000 0.00000000000 0.00000000000 0.00000000000 0.00000000000
# SelPars_dev95:
 0.00000000000 0.00000000000 0.00000000000 0.00000000000 0.00000000000 0.00000000000 0.00000000000 0.00000000000 0.00000000000 0.00000000000 0.00000000000 0.00000000000 0.00000000000 0.00000000000 0.00000000000 0.00000000000 0.00000000000 0.00000000000 0.00000000000 0.00000000000 0.00000000000 0.00000000000 0.00000000000 0.00000000000 0.00000000000 0.00000000000 0.00000000000 0.00000000000 0.00000000000 0.00000000000 0.00000000000 0.00000000000 0.00000000000 0.00000000000 0.00000000000 0.00000000000 0.00000000000 0.00000000000 0.00000000000 0.00000000000 0.00000000000 0.00000000000 0.00000000000 0.00000000000 0.00000000000 0.00000000000 0.00000000000 0.00000000000 0.00000000000 0.00000000000 0.00000000000 0.00000000000 0.00000000000 0.00000000000 0.00000000000 0.00000000000 0.00000000000 0.00000000000 0.00000000000 0.00000000000 0.00000000000 0.00000000000 0.00000000000 0.00000000000 0.00000000000
