# Number of parameters = 182 Objective function value = 59787.4477341472  Maximum gradient component = 0.000774996524681184
# srv_sel50:
1.47217255265
# srv_sel95:
2.42430662850
# stNatLen:
 11.4111153859 11.2696867294 11.0667964053 10.8759213493 10.6903922772 10.4885033586 10.2636566059 10.0236486205 9.78077281695 9.54530242897 9.32373391606 9.11939531351 8.93353971554 8.76618069020 8.61673474967 8.48434277589 8.36807278317 8.26702870296 8.18036040844 8.10734677018 8.04738731243 7.99999618068 7.96472654955 7.94138073384 7.92976342134
# log_avg_fmort_dir:
-1.64354439559
# fmort_dir_dev:
 -1.86073922626 -1.85771807880 -1.31472696734 -0.821650909531 -0.622312681119 -0.451897194447 -0.168022002720 -0.159266185867 0.0413261728520 0.102606575984 0.144453852367 0.243556400060 0.335836134143 0.372624521933 0.532125142322 0.546567551180 0.604862916086 0.462807352848 0.431006447306 0.402765096031 0.250311212995 0.309633708420 0.301553095135 0.345642152153 0.361586473059 0.207069481596 0.299926622766 0.262312304214 0.283109576102 0.212789957827 0.187352626465 0.122816847795 0.0201717091218 0.185443190403 0.0316879824946 0.0160032539363 0.0553024828994 0.196820994975 0.0629416241839 -0.0180805261894 0.0334035976700 -0.166888505142 -0.176500734886 -0.163532173674 0.0256856831902 0.000792991075282 0.0140696193108 -0.00578335968321 -0.113942596422 -0.105904208825
# mean_log_rec:
11.1473548448
# rec_dev:
 0.340420952993 0.316632645859 0.303463945582 0.250516113805 0.198276331667 0.164662394272 0.147705031828 0.138111947894 0.152815020583 0.181869366847 0.197786976095 0.188342799194 0.127617767483 0.0495002957061 -0.0500836926138 -0.138987909207 -0.142790641081 -0.118392789430 -0.0906627866713 -0.0824249348556 -0.114186372881 -0.164126164642 -0.215738954886 -0.231291715155 -0.275926805854 -0.280659993423 -0.269951760133 -0.262555331839 -0.247451732684 -0.238687727741 -0.232587320711 -0.226904268466 -0.236764338130 -0.210741909839 -0.0866874027968 -0.0158315350658 -0.0660811789344 -0.0874292553694 -0.0221298422347 0.0908877011567 0.205763553342 0.281977594516 0.235116651579 0.0880042951739 0.0441094014703 0.0374605999385 0.0521221521064 0.0868190761420 0.114546892365 0.114546857048
# log_avg_NatM:
-1.60198163464
# m_dev:
 -0.0595314580727 -0.0107534747639 -0.0155453487790 0.241173445646 0.0980225893254 0.00847816827741 -0.0652008291753 -0.131978278875 -0.347874891172 -0.388234192251 -0.326340950529 -0.187192865783 0.0582083177585 -0.00684088606409 0.177534836968 -0.0182364488531 -0.462094201167 -0.533631946837 -0.370317902333 -0.125294266073 0.0623987490000 0.138685923825 0.0959261568739 -0.0533778331844 0.185155320533 -0.154457895175 -0.127358623367 -0.156965614138 -0.172153095737 -0.0953093754566 -0.0110363259247 0.0332741589470 -0.0358450040901 -0.0320726659250 0.0790262387615 0.210748783376 0.440535082174 0.254232046516 -0.0648315494780 -0.329504168286 -0.190451686957 -0.00587058405442 0.506933477699 0.770763851446 0.318556694460 0.332220805020 0.168961328421 0.168719422185 0.0645954652093 0.0641515000806
# log_avg_GrowthK:
-1.60943800000
# log_avg_Linf:
4.88280200000
# GrowthK_dev:
 0.00000000000 0.00000000000 0.00000000000 0.00000000000 0.00000000000 0.00000000000 0.00000000000 0.00000000000 0.00000000000 0.00000000000 0.00000000000 0.00000000000 0.00000000000 0.00000000000 0.00000000000 0.00000000000 0.00000000000 0.00000000000 0.00000000000 0.00000000000 0.00000000000 0.00000000000 0.00000000000 0.00000000000 0.00000000000 0.00000000000 0.00000000000 0.00000000000 0.00000000000 0.00000000000 0.00000000000 0.00000000000 0.00000000000 0.00000000000 0.00000000000 0.00000000000 0.00000000000 0.00000000000 0.00000000000 0.00000000000 0.00000000000 0.00000000000 0.00000000000 0.00000000000 0.00000000000 0.00000000000 0.00000000000 0.00000000000 0.00000000000 0.00000000000
# Linf_dev:
 0.00000000000 0.00000000000 0.00000000000 0.00000000000 0.00000000000 0.00000000000 0.00000000000 0.00000000000 0.00000000000 0.00000000000 0.00000000000 0.00000000000 0.00000000000 0.00000000000 0.00000000000 0.00000000000 0.00000000000 0.00000000000 0.00000000000 0.00000000000 0.00000000000 0.00000000000 0.00000000000 0.00000000000 0.00000000000 0.00000000000 0.00000000000 0.00000000000 0.00000000000 0.00000000000 0.00000000000 0.00000000000 0.00000000000 0.00000000000 0.00000000000 0.00000000000 0.00000000000 0.00000000000 0.00000000000 0.00000000000 0.00000000000 0.00000000000 0.00000000000 0.00000000000 0.00000000000 0.00000000000 0.00000000000 0.00000000000 0.00000000000 0.00000000000
# SelPars50:
2.03013890892
# SelPars95:
3.61310751974
# SelPars_dev50:
 0.00000000000 0.00000000000 0.00000000000 0.00000000000 0.00000000000 0.00000000000 0.00000000000 0.00000000000 0.00000000000 0.00000000000 0.00000000000 0.00000000000 0.00000000000 0.00000000000 0.00000000000 0.00000000000 0.00000000000 0.00000000000 0.00000000000 0.00000000000 0.00000000000 0.00000000000 0.00000000000 0.00000000000 0.00000000000 0.00000000000 0.00000000000 0.00000000000 0.00000000000 0.00000000000 0.00000000000 0.00000000000 0.00000000000 0.00000000000 0.00000000000 0.00000000000 0.00000000000 0.00000000000 0.00000000000 0.00000000000 0.00000000000 0.00000000000 0.00000000000 0.00000000000 0.00000000000 0.00000000000 0.00000000000 0.00000000000 0.00000000000 0.00000000000
# SelPars_dev95:
 0.00000000000 0.00000000000 0.00000000000 0.00000000000 0.00000000000 0.00000000000 0.00000000000 0.00000000000 0.00000000000 0.00000000000 0.00000000000 0.00000000000 0.00000000000 0.00000000000 0.00000000000 0.00000000000 0.00000000000 0.00000000000 0.00000000000 0.00000000000 0.00000000000 0.00000000000 0.00000000000 0.00000000000 0.00000000000 0.00000000000 0.00000000000 0.00000000000 0.00000000000 0.00000000000 0.00000000000 0.00000000000 0.00000000000 0.00000000000 0.00000000000 0.00000000000 0.00000000000 0.00000000000 0.00000000000 0.00000000000 0.00000000000 0.00000000000 0.00000000000 0.00000000000 0.00000000000 0.00000000000 0.00000000000 0.00000000000 0.00000000000 0.00000000000
