# Number of parameters = 167 Objective function value = 81894.2941298070  Maximum gradient component = 0.000978491108688787
# srv_sel50:
1.50300944788
# srv_sel95:
2.51084638080
# stNatLen:
 11.4358663247 11.2884933563 11.0847790457 10.8955870709 10.7080693281 10.4995613625 10.2675619559 10.0240352759 9.78289155733 9.55395198916 9.34243768648 9.15033800207 8.97780605561 8.82408961695 8.68805481059 8.56851090916 8.46432018295 8.37440758266 8.29783157361 8.23381241370 8.18163097387 8.14071834853 8.11045249781 8.09046432499 8.08053224462
# log_avg_fmort_dir:
-1.69924622843
# fmort_dir_dev:
 -1.81787243450 -1.82927135046 -1.30848178333 -0.863536523837 -0.694881967530 -0.480626419839 -0.284041280893 -0.170970573166 0.0286125675161 0.110499725437 0.109085401621 0.348375329402 0.464808130064 0.400630529035 0.548176306179 0.554863463895 0.575945281236 0.530276205921 0.478886660270 0.397914025327 0.445262405241 0.419791469052 0.455539317727 0.361439241872 0.290875135685 0.317781765509 0.322792248415 0.320675595285 0.218396164988 0.212960375950 0.143561467963 0.135928071520 0.142415488881 0.108406239615 -0.00552647952897 0.142550026805 -0.0190473871395 0.0411304361816 0.0412609287706 0.0717364466620 0.137073276967 0.181579200645 0.134747663334 0.0998042334515 0.0659059532448 0.200827185528 0.0893062712592 0.0631712649972 0.0720093018691 0.163528448740 -0.226372326054 -0.197594663631 -0.241355991474 -0.334793466524 -0.188219029633 -0.111464357832 0.0685596413019 0.0167578888746 -0.0473293004129 -0.0733407786051 0.0842066475622 -0.0890873116155 -0.308086545797 -0.400743829377 -0.175315277875 -0.177169643191 0.00576234620634 -0.0786870537570
# mean_log_rec:
11.1336781897
# rec_dev:
 0.371439115441 0.350456836499 0.361961878889 0.370430625318 0.371872670740 0.368268383445 0.364347264934 0.358315042939 0.339367457821 0.324859119050 0.295779786044 0.255889112907 0.223322838138 0.178754427183 0.125814117349 0.0658940784122 0.00266255618566 -0.0370620827183 -0.0637448761122 -0.0812809061238 -0.103868695557 -0.131467743497 -0.145878441598 -0.161346651579 -0.169492737472 -0.183706310812 -0.196910135580 -0.209604266564 -0.206095300089 -0.179424508393 -0.172871538052 -0.164250008832 -0.154497667684 -0.132359033669 -0.122105735933 -0.122538634349 -0.119377580324 -0.118869270873 -0.112594717694 -0.110802930411 -0.0981762826151 -0.0830531759970 -0.0792742028459 -0.0803815795541 -0.0868516325153 -0.0840143559614 -0.0802534641217 -0.0845587129162 -0.0852606877002 -0.0849184130284 -0.0777438576987 -0.0644802484005 -0.0547358463434 -0.0520858760679 -0.0341427292737 -0.0157385309983 -0.00733557133914 -0.0206184188678 -0.0409869980842 -0.0459795782195 -0.0513581682401 -0.0587871000919 -0.0440415019401 -0.0240911556357 -0.0122016470811 -0.0164410877532 -0.0308873477680 -0.0308873663195
# log_avg_NatM:
-1.60943800000
# m_dev:
 0.00000000000 0.00000000000 0.00000000000 0.00000000000 0.00000000000 0.00000000000 0.00000000000 0.00000000000 0.00000000000 0.00000000000 0.00000000000 0.00000000000 0.00000000000 0.00000000000 0.00000000000 0.00000000000 0.00000000000 0.00000000000 0.00000000000 0.00000000000 0.00000000000 0.00000000000 0.00000000000 0.00000000000 0.00000000000 0.00000000000 0.00000000000 0.00000000000 0.00000000000 0.00000000000 0.00000000000 0.00000000000 0.00000000000 0.00000000000 0.00000000000 0.00000000000 0.00000000000 0.00000000000 0.00000000000 0.00000000000 0.00000000000 0.00000000000 0.00000000000 0.00000000000 0.00000000000 0.00000000000 0.00000000000 0.00000000000 0.00000000000 0.00000000000 0.00000000000 0.00000000000 0.00000000000 0.00000000000 0.00000000000 0.00000000000 0.00000000000 0.00000000000 0.00000000000 0.00000000000 0.00000000000 0.00000000000 0.00000000000 0.00000000000 0.00000000000 0.00000000000 0.00000000000 0.00000000000
# log_avg_GrowthK:
-1.60943800000
# log_avg_Linf:
4.88280200000
# GrowthK_dev:
 0.00000000000 0.00000000000 0.00000000000 0.00000000000 0.00000000000 0.00000000000 0.00000000000 0.00000000000 0.00000000000 0.00000000000 0.00000000000 0.00000000000 0.00000000000 0.00000000000 0.00000000000 0.00000000000 0.00000000000 0.00000000000 0.00000000000 0.00000000000 0.00000000000 0.00000000000 0.00000000000 0.00000000000 0.00000000000 0.00000000000 0.00000000000 0.00000000000 0.00000000000 0.00000000000 0.00000000000 0.00000000000 0.00000000000 0.00000000000 0.00000000000 0.00000000000 0.00000000000 0.00000000000 0.00000000000 0.00000000000 0.00000000000 0.00000000000 0.00000000000 0.00000000000 0.00000000000 0.00000000000 0.00000000000 0.00000000000 0.00000000000 0.00000000000 0.00000000000 0.00000000000 0.00000000000 0.00000000000 0.00000000000 0.00000000000 0.00000000000 0.00000000000 0.00000000000 0.00000000000 0.00000000000 0.00000000000 0.00000000000 0.00000000000 0.00000000000 0.00000000000 0.00000000000 0.00000000000
# Linf_dev:
 0.00000000000 0.00000000000 0.00000000000 0.00000000000 0.00000000000 0.00000000000 0.00000000000 0.00000000000 0.00000000000 0.00000000000 0.00000000000 0.00000000000 0.00000000000 0.00000000000 0.00000000000 0.00000000000 0.00000000000 0.00000000000 0.00000000000 0.00000000000 0.00000000000 0.00000000000 0.00000000000 0.00000000000 0.00000000000 0.00000000000 0.00000000000 0.00000000000 0.00000000000 0.00000000000 0.00000000000 0.00000000000 0.00000000000 0.00000000000 0.00000000000 0.00000000000 0.00000000000 0.00000000000 0.00000000000 0.00000000000 0.00000000000 0.00000000000 0.00000000000 0.00000000000 0.00000000000 0.00000000000 0.00000000000 0.00000000000 0.00000000000 0.00000000000 0.00000000000 0.00000000000 0.00000000000 0.00000000000 0.00000000000 0.00000000000 0.00000000000 0.00000000000 0.00000000000 0.00000000000 0.00000000000 0.00000000000 0.00000000000 0.00000000000 0.00000000000 0.00000000000 0.00000000000 0.00000000000
# SelPars50:
2.04807587509
# SelPars95:
3.65287347577
# SelPars_dev50:
 0.00000000000 0.00000000000 0.00000000000 0.00000000000 0.00000000000 0.00000000000 0.00000000000 0.00000000000 0.00000000000 0.00000000000 0.00000000000 0.00000000000 0.00000000000 0.00000000000 0.00000000000 0.00000000000 0.00000000000 0.00000000000 0.00000000000 0.00000000000 0.00000000000 0.00000000000 0.00000000000 0.00000000000 0.00000000000 0.00000000000 0.00000000000 0.00000000000 0.00000000000 0.00000000000 0.00000000000 0.00000000000 0.00000000000 0.00000000000 0.00000000000 0.00000000000 0.00000000000 0.00000000000 0.00000000000 0.00000000000 0.00000000000 0.00000000000 0.00000000000 0.00000000000 0.00000000000 0.00000000000 0.00000000000 0.00000000000 0.00000000000 0.00000000000 0.00000000000 0.00000000000 0.00000000000 0.00000000000 0.00000000000 0.00000000000 0.00000000000 0.00000000000 0.00000000000 0.00000000000 0.00000000000 0.00000000000 0.00000000000 0.00000000000 0.00000000000 0.00000000000 0.00000000000 0.00000000000
# SelPars_dev95:
 0.00000000000 0.00000000000 0.00000000000 0.00000000000 0.00000000000 0.00000000000 0.00000000000 0.00000000000 0.00000000000 0.00000000000 0.00000000000 0.00000000000 0.00000000000 0.00000000000 0.00000000000 0.00000000000 0.00000000000 0.00000000000 0.00000000000 0.00000000000 0.00000000000 0.00000000000 0.00000000000 0.00000000000 0.00000000000 0.00000000000 0.00000000000 0.00000000000 0.00000000000 0.00000000000 0.00000000000 0.00000000000 0.00000000000 0.00000000000 0.00000000000 0.00000000000 0.00000000000 0.00000000000 0.00000000000 0.00000000000 0.00000000000 0.00000000000 0.00000000000 0.00000000000 0.00000000000 0.00000000000 0.00000000000 0.00000000000 0.00000000000 0.00000000000 0.00000000000 0.00000000000 0.00000000000 0.00000000000 0.00000000000 0.00000000000 0.00000000000 0.00000000000 0.00000000000 0.00000000000 0.00000000000 0.00000000000 0.00000000000 0.00000000000 0.00000000000 0.00000000000 0.00000000000 0.00000000000
