# Number of parameters = 191 Objective function value = 63262.7  Maximum gradient component = 0.00341329
# srv_sel50:
1.46497893039
# srv_sel95:
2.41695350049
# stNatLen:
 11.6239855542 11.4675114529 11.2511419483 11.0315113087 10.8099123367 10.5761432780 10.3290416716 10.0763850119 9.82807419356 9.59179540743 9.37209113907 9.17100058173 8.98897397937 8.82558055407 8.67996466070 8.55111626471 8.43803503056 8.33978253447 8.25551457292 8.18450809066 8.12616765541 8.08002446837 8.04574258181 8.02307174825 8.01186568516
# log_avg_fmort_dir:
-1.47568515789
# fmort_dir_dev:
 -0.315203847597 -0.570297918985 -0.490737744492 -0.247587231417 -0.131673675767 -0.0622032413669 0.0185332731175 0.175168521153 0.166355914697 0.317550754046 0.436692677532 0.343085373972 0.253334729350 0.409296227404 0.289969606385 0.216346688780 0.216379595766 0.222034428245 0.259054901814 0.0485295682907 0.242838640766 0.213037821006 0.251491650401 0.149764508549 0.0502868364633 0.175381987841 0.0260153517433 0.00581364777559 -0.141342616864 -0.194463795418 -0.0799207846582 -0.0257115048837 0.0425992117124 0.0163594640931 -0.0472436805914 -0.181262230830 -0.153225871469 -0.115762787109 -0.123193128741 -0.123852789428 -0.111579077561 -0.163185514079 -0.107859135970 -0.0687439600922 -0.0843513972174 -0.109109806268 0.0636501410209 -0.148368208875 -0.0876835780002 -0.117419340634 -0.141656020359 -0.438547650959 -0.0273849822904
# mean_log_rec:
11.0658298176
# rec_dev:
 0.302999575952 0.240994699707 0.221186473240 0.222789403393 0.222798197938 0.208442101735 0.171070573595 0.140948823330 0.107438229328 0.0697904960309 0.0411251417120 0.00944505550708 -0.0329684093068 -0.0720677219809 -0.108034821821 -0.132997587564 -0.160964173068 -0.182429522245 -0.196006499928 -0.211724173393 -0.230792489697 -0.246858605468 -0.264182820158 -0.239574324488 -0.226298564317 -0.198813927697 -0.141449466074 -0.0769794540099 -0.0360347073089 -0.0658575663827 -0.0791926839475 -0.0608000753956 -0.0554859329531 -0.00492960879862 0.0702787113116 0.107007601723 0.0770178414806 0.0362731842458 0.0545806749203 0.0815742545721 0.0840728567951 0.0832770651324 0.110723828205 0.114640433709 0.0962137347607 0.0569160108563 0.0197293140388 -0.00320511047334 -0.00300663599217 0.00225142223218 0.0281614747881 0.0244538388251 0.0244538634028
# log_avg_NatM:
-1.59459421767
# m_dev:
 0.790486154043 0.172303788970 -0.134483248429 -0.283395646151 -0.244632199296 -0.158812273182 -0.109080752869 -0.150455210851 -0.259437471568 -0.314800027171 -0.218125121398 -0.211776200812 -0.221228577304 -0.164113582013 -0.0361753393250 -0.0939202386494 -0.139367088758 -0.0798673157661 -0.0462594162937 -0.156285074421 -0.171489154857 -0.164991169245 -0.107561375838 -0.305292093108 -0.148372084021 -0.288004357406 -0.356451910452 -0.359546679133 -0.282106342549 0.195572031696 0.544208661180 0.340118241272 0.114967392170 -0.163713182170 -0.138947590389 0.0275526491691 0.374879236045 0.404187343057 0.0499461883701 0.127698566015 0.234294896703 0.228736211027 0.0338723147939 0.129097790974 0.250561565123 0.329538497070 0.235896471888 0.213101971299 0.213340744058 0.170225423548 -0.0148702708995 0.196217926074 0.146756929781
# log_avg_GrowthK:
-1.60943800000
# log_avg_Linf:
4.88280200000
# GrowthK_dev:
 0.00000000000 0.00000000000 0.00000000000 0.00000000000 0.00000000000 0.00000000000 0.00000000000 0.00000000000 0.00000000000 0.00000000000 0.00000000000 0.00000000000 0.00000000000 0.00000000000 0.00000000000 0.00000000000 0.00000000000 0.00000000000 0.00000000000 0.00000000000 0.00000000000 0.00000000000 0.00000000000 0.00000000000 0.00000000000 0.00000000000 0.00000000000 0.00000000000 0.00000000000 0.00000000000 0.00000000000 0.00000000000 0.00000000000 0.00000000000 0.00000000000 0.00000000000 0.00000000000 0.00000000000 0.00000000000 0.00000000000 0.00000000000 0.00000000000 0.00000000000 0.00000000000 0.00000000000 0.00000000000 0.00000000000 0.00000000000 0.00000000000 0.00000000000 0.00000000000 0.00000000000 0.00000000000
# Linf_dev:
 0.00000000000 0.00000000000 0.00000000000 0.00000000000 0.00000000000 0.00000000000 0.00000000000 0.00000000000 0.00000000000 0.00000000000 0.00000000000 0.00000000000 0.00000000000 0.00000000000 0.00000000000 0.00000000000 0.00000000000 0.00000000000 0.00000000000 0.00000000000 0.00000000000 0.00000000000 0.00000000000 0.00000000000 0.00000000000 0.00000000000 0.00000000000 0.00000000000 0.00000000000 0.00000000000 0.00000000000 0.00000000000 0.00000000000 0.00000000000 0.00000000000 0.00000000000 0.00000000000 0.00000000000 0.00000000000 0.00000000000 0.00000000000 0.00000000000 0.00000000000 0.00000000000 0.00000000000 0.00000000000 0.00000000000 0.00000000000 0.00000000000 0.00000000000 0.00000000000 0.00000000000 0.00000000000
# SelPars50:
2.01208188534
# SelPars95:
3.57605043837
# SelPars_dev50:
 0.00000000000 0.00000000000 0.00000000000 0.00000000000 0.00000000000 0.00000000000 0.00000000000 0.00000000000 0.00000000000 0.00000000000 0.00000000000 0.00000000000 0.00000000000 0.00000000000 0.00000000000 0.00000000000 0.00000000000 0.00000000000 0.00000000000 0.00000000000 0.00000000000 0.00000000000 0.00000000000 0.00000000000 0.00000000000 0.00000000000 0.00000000000 0.00000000000 0.00000000000 0.00000000000 0.00000000000 0.00000000000 0.00000000000 0.00000000000 0.00000000000 0.00000000000 0.00000000000 0.00000000000 0.00000000000 0.00000000000 0.00000000000 0.00000000000 0.00000000000 0.00000000000 0.00000000000 0.00000000000 0.00000000000 0.00000000000 0.00000000000 0.00000000000 0.00000000000 0.00000000000 0.00000000000
# SelPars_dev95:
 0.00000000000 0.00000000000 0.00000000000 0.00000000000 0.00000000000 0.00000000000 0.00000000000 0.00000000000 0.00000000000 0.00000000000 0.00000000000 0.00000000000 0.00000000000 0.00000000000 0.00000000000 0.00000000000 0.00000000000 0.00000000000 0.00000000000 0.00000000000 0.00000000000 0.00000000000 0.00000000000 0.00000000000 0.00000000000 0.00000000000 0.00000000000 0.00000000000 0.00000000000 0.00000000000 0.00000000000 0.00000000000 0.00000000000 0.00000000000 0.00000000000 0.00000000000 0.00000000000 0.00000000000 0.00000000000 0.00000000000 0.00000000000 0.00000000000 0.00000000000 0.00000000000 0.00000000000 0.00000000000 0.00000000000 0.00000000000 0.00000000000 0.00000000000 0.00000000000 0.00000000000 0.00000000000
