# Number of parameters = 145 Objective function value = 68461.2792067361  Maximum gradient component = 0.000145937478972100
# srv_sel50:
1.53045476089
# srv_sel95:
2.59658442437
# stNatLen:
 11.4282373024 11.2782884937 11.0682694122 10.8750825059 10.6897920462 10.4885375883 10.2639170353 10.0237327677 9.78050029507 9.54466114482 9.32282513045 9.11837077963 8.93253826320 8.76535669671 8.61624143480 8.48431593953 8.36862246133 8.26823228677 8.18226365327 8.10997237867 8.05078270710 8.00410761041 7.96953289476 7.94670929125 7.93536136010
# log_avg_fmort_dir:
-1.68031309256
# fmort_dir_dev:
 -1.71835941881 -1.72309925035 -1.22698469148 -0.916914591233 -0.699175530828 -0.367746245630 -0.303792305089 -0.204483075350 0.0432913654387 0.125668714334 0.269253671103 0.231720057393 0.395218055285 0.486478252289 0.570600873063 0.603247622717 0.477666685083 0.524241040068 0.466155723339 0.435194541285 0.437539755386 0.420939828067 0.441497028133 0.354140237909 0.303743801166 0.326400767796 0.260577629595 0.131324330769 0.135183243486 0.230072052006 0.268032841891 0.114736357464 0.157036859801 0.0867672992989 0.146609343745 0.0806171256715 0.136843612862 0.102770060192 0.129270175058 0.0960272896928 0.111087303108 0.0781597751707 0.0613465531941 0.0904497540193 0.0644009378888 0.0575041450110 0.114851406655 0.152963076928 0.176404873859 0.0730496980691 -0.402184715000 -0.674917958459 -0.580734851933 -0.437279432914 -0.454725024091 -0.186574128034 -0.0721125460963
# mean_log_rec:
11.1315674121
# rec_dev:
 0.371022634125 0.353408071809 0.366951848633 0.377324157313 0.372551514446 0.373868583624 0.378972841706 0.371035547353 0.355454580795 0.335341200910 0.303945465274 0.268468089033 0.223812799779 0.161276329079 0.0908649388548 0.0439051029451 0.0147145324601 -0.00894965972254 -0.0381710717338 -0.0593556618211 -0.0842495319607 -0.110063748188 -0.138675575758 -0.154960299821 -0.182639146864 -0.202404882808 -0.202447591538 -0.186169589289 -0.203793960626 -0.220498003267 -0.197578843783 -0.185971893487 -0.182901095568 -0.182985768574 -0.184327092451 -0.175654115040 -0.145672517769 -0.129334599880 -0.141457584929 -0.147891023086 -0.143906824886 -0.148278335816 -0.161274954790 -0.162571355279 -0.154226664140 -0.147729167119 -0.144908222976 -0.132241236428 -0.0961929269047 -0.0859200120349 -0.0764423414896 -0.0347360607502 0.00337356745219 0.0290429711229 0.0522858813660 0.0534803421556 0.0534803603416
# log_avg_NatM:
-1.60943800000
# m_dev:
 0.00000000000 0.00000000000 0.00000000000 0.00000000000 0.00000000000 0.00000000000 0.00000000000 0.00000000000 0.00000000000 0.00000000000 0.00000000000 0.00000000000 0.00000000000 0.00000000000 0.00000000000 0.00000000000 0.00000000000 0.00000000000 0.00000000000 0.00000000000 0.00000000000 0.00000000000 0.00000000000 0.00000000000 0.00000000000 0.00000000000 0.00000000000 0.00000000000 0.00000000000 0.00000000000 0.00000000000 0.00000000000 0.00000000000 0.00000000000 0.00000000000 0.00000000000 0.00000000000 0.00000000000 0.00000000000 0.00000000000 0.00000000000 0.00000000000 0.00000000000 0.00000000000 0.00000000000 0.00000000000 0.00000000000 0.00000000000 0.00000000000 0.00000000000 0.00000000000 0.00000000000 0.00000000000 0.00000000000 0.00000000000 0.00000000000 0.00000000000
# log_avg_GrowthK:
-1.60943800000
# log_avg_Linf:
4.88280200000
# GrowthK_dev:
 0.00000000000 0.00000000000 0.00000000000 0.00000000000 0.00000000000 0.00000000000 0.00000000000 0.00000000000 0.00000000000 0.00000000000 0.00000000000 0.00000000000 0.00000000000 0.00000000000 0.00000000000 0.00000000000 0.00000000000 0.00000000000 0.00000000000 0.00000000000 0.00000000000 0.00000000000 0.00000000000 0.00000000000 0.00000000000 0.00000000000 0.00000000000 0.00000000000 0.00000000000 0.00000000000 0.00000000000 0.00000000000 0.00000000000 0.00000000000 0.00000000000 0.00000000000 0.00000000000 0.00000000000 0.00000000000 0.00000000000 0.00000000000 0.00000000000 0.00000000000 0.00000000000 0.00000000000 0.00000000000 0.00000000000 0.00000000000 0.00000000000 0.00000000000 0.00000000000 0.00000000000 0.00000000000 0.00000000000 0.00000000000 0.00000000000 0.00000000000
# Linf_dev:
 0.00000000000 0.00000000000 0.00000000000 0.00000000000 0.00000000000 0.00000000000 0.00000000000 0.00000000000 0.00000000000 0.00000000000 0.00000000000 0.00000000000 0.00000000000 0.00000000000 0.00000000000 0.00000000000 0.00000000000 0.00000000000 0.00000000000 0.00000000000 0.00000000000 0.00000000000 0.00000000000 0.00000000000 0.00000000000 0.00000000000 0.00000000000 0.00000000000 0.00000000000 0.00000000000 0.00000000000 0.00000000000 0.00000000000 0.00000000000 0.00000000000 0.00000000000 0.00000000000 0.00000000000 0.00000000000 0.00000000000 0.00000000000 0.00000000000 0.00000000000 0.00000000000 0.00000000000 0.00000000000 0.00000000000 0.00000000000 0.00000000000 0.00000000000 0.00000000000 0.00000000000 0.00000000000 0.00000000000 0.00000000000 0.00000000000 0.00000000000
# SelPars50:
2.07112568809
# SelPars95:
3.69885672448
# SelPars_dev50:
 0.00000000000 0.00000000000 0.00000000000 0.00000000000 0.00000000000 0.00000000000 0.00000000000 0.00000000000 0.00000000000 0.00000000000 0.00000000000 0.00000000000 0.00000000000 0.00000000000 0.00000000000 0.00000000000 0.00000000000 0.00000000000 0.00000000000 0.00000000000 0.00000000000 0.00000000000 0.00000000000 0.00000000000 0.00000000000 0.00000000000 0.00000000000 0.00000000000 0.00000000000 0.00000000000 0.00000000000 0.00000000000 0.00000000000 0.00000000000 0.00000000000 0.00000000000 0.00000000000 0.00000000000 0.00000000000 0.00000000000 0.00000000000 0.00000000000 0.00000000000 0.00000000000 0.00000000000 0.00000000000 0.00000000000 0.00000000000 0.00000000000 0.00000000000 0.00000000000 0.00000000000 0.00000000000 0.00000000000 0.00000000000 0.00000000000 0.00000000000
# SelPars_dev95:
 0.00000000000 0.00000000000 0.00000000000 0.00000000000 0.00000000000 0.00000000000 0.00000000000 0.00000000000 0.00000000000 0.00000000000 0.00000000000 0.00000000000 0.00000000000 0.00000000000 0.00000000000 0.00000000000 0.00000000000 0.00000000000 0.00000000000 0.00000000000 0.00000000000 0.00000000000 0.00000000000 0.00000000000 0.00000000000 0.00000000000 0.00000000000 0.00000000000 0.00000000000 0.00000000000 0.00000000000 0.00000000000 0.00000000000 0.00000000000 0.00000000000 0.00000000000 0.00000000000 0.00000000000 0.00000000000 0.00000000000 0.00000000000 0.00000000000 0.00000000000 0.00000000000 0.00000000000 0.00000000000 0.00000000000 0.00000000000 0.00000000000 0.00000000000 0.00000000000 0.00000000000 0.00000000000 0.00000000000 0.00000000000 0.00000000000 0.00000000000
