# Number of parameters = 163 Objective function value = 79495.2  Maximum gradient component = 0.00246903
# srv_sel50:
1.48480902725
# srv_sel95:
2.45055114180
# stNatLen:
 11.4483745860 11.3128723847 11.1049317578 10.9079878792 10.7230850090 10.5279658654 10.3105102951 10.0736515862 9.82799383059 9.58452970036 9.35141708246 9.13357166970 8.93346693792 8.75197316909 8.58904060000 8.44410750346 8.31639228975 8.20512093258 8.10951225888 8.02882934417 7.96245336862 7.90996007350 7.87097926090 7.84514170622 7.83218164231
# log_avg_fmort_dir:
-1.70330129998
# fmort_dir_dev:
 -1.80203822661 -1.72021058270 -1.31405973022 -0.940739277652 -0.755245770416 -0.401899400928 -0.247178228415 -0.0904752931305 -0.0941521461184 0.231812330310 0.256965543783 0.257361189094 0.406129286887 0.441909102174 0.444669177525 0.473080193847 0.515181091826 0.433375712789 0.387469843611 0.508269442383 0.357721544851 0.399687809314 0.396640215748 0.414511129821 0.338671472276 0.265607748334 0.257402844445 0.284514109787 0.264117159881 0.172699824335 0.270452537237 0.237546887110 0.241068030338 0.141447375520 0.0764411917848 0.109507519112 0.0655485750819 0.0963644174812 0.0991453265183 0.115737384823 0.0362240843537 0.107441717125 0.107571472903 0.172585207374 0.111031986118 0.185328568020 0.0795866380279 0.198342408023 0.148919993360 0.135238011744 -0.459505860855 -0.201031822034 -0.419145623100 -0.192116988339 -0.264363099461 -0.229888590313 -0.413730922634 -0.177012387858 -0.143582471083 -0.156810524856 -0.0795899013426 -0.181848764325 -0.0710016789634 -0.00365184638176 0.0550074497476 0.0609455829135
# mean_log_rec:
11.1247496869
# rec_dev:
 0.407778471496 0.398490273816 0.408109555413 0.407405332059 0.403337367214 0.396690767487 0.382129097412 0.358948534481 0.324068737084 0.286066319482 0.249728164468 0.213609151197 0.176439498282 0.154080178002 0.114790420929 0.0699963627221 0.0356136519304 0.00720202440053 -0.0474125388862 -0.0878710638544 -0.115811129782 -0.151435648780 -0.176327189882 -0.189107420316 -0.194261220306 -0.218596100047 -0.221899774548 -0.195493526724 -0.172336918225 -0.149476340595 -0.133101411248 -0.128482546835 -0.144066358164 -0.152493124084 -0.138729789236 -0.133137854235 -0.141321393774 -0.148955660235 -0.129086175531 -0.111507391567 -0.112787049642 -0.108599793223 -0.0988841085937 -0.0999956895194 -0.100092967962 -0.0983616931788 -0.105396914575 -0.111713428485 -0.110503216202 -0.113027030913 -0.105780419246 -0.0675746907634 -0.0329257771166 -0.0128655420734 -0.00393000567850 -0.00225946375666 0.000387118095270 -0.000958056508287 0.00193807885507 -0.00312812503254 -0.0125966047020 -0.0200787708349 -0.0292551731468 -0.0452223519779 -0.0599808710650 -0.0599807837766
# log_avg_NatM:
-1.61271400000
# m_dev:
 0.00000000000 0.00000000000 0.00000000000 0.00000000000 0.00000000000 0.00000000000 0.00000000000 0.00000000000 0.00000000000 0.00000000000 0.00000000000 0.00000000000 0.00000000000 0.00000000000 0.00000000000 0.00000000000 0.00000000000 0.00000000000 0.00000000000 0.00000000000 0.00000000000 0.00000000000 0.00000000000 0.00000000000 0.00000000000 0.00000000000 0.00000000000 0.00000000000 0.00000000000 0.00000000000 0.00000000000 0.00000000000 0.00000000000 0.00000000000 0.00000000000 0.00000000000 0.00000000000 0.00000000000 0.00000000000 0.00000000000 0.00000000000 0.00000000000 0.00000000000 0.00000000000 0.00000000000 0.00000000000 0.00000000000 0.00000000000 0.00000000000 0.00000000000 0.00000000000 0.00000000000 0.00000000000 0.00000000000 0.00000000000 0.00000000000 0.00000000000 0.00000000000 0.00000000000 0.00000000000 0.00000000000 0.00000000000 0.00000000000 0.00000000000 0.00000000000 0.00000000000
# log_avg_GrowthK:
-1.64156900000
# log_avg_Linf:
5.10449500000
# GrowthK_dev:
 0.00000000000 0.00000000000 0.00000000000 0.00000000000 0.00000000000 0.00000000000 0.00000000000 0.00000000000 0.00000000000 0.00000000000 0.00000000000 0.00000000000 0.00000000000 0.00000000000 0.00000000000 0.00000000000 0.00000000000 0.00000000000 0.00000000000 0.00000000000 0.00000000000 0.00000000000 0.00000000000 0.00000000000 0.00000000000 0.00000000000 0.00000000000 0.00000000000 0.00000000000 0.00000000000 0.00000000000 0.00000000000 0.00000000000 0.00000000000 0.00000000000 0.00000000000 0.00000000000 0.00000000000 0.00000000000 0.00000000000 0.00000000000 0.00000000000 0.00000000000 0.00000000000 0.00000000000 0.00000000000 0.00000000000 0.00000000000 0.00000000000 0.00000000000 0.00000000000 0.00000000000 0.00000000000 0.00000000000 0.00000000000 0.00000000000 0.00000000000 0.00000000000 0.00000000000 0.00000000000 0.00000000000 0.00000000000 0.00000000000 0.00000000000 0.00000000000 0.00000000000
# Linf_dev:
 0.00000000000 0.00000000000 0.00000000000 0.00000000000 0.00000000000 0.00000000000 0.00000000000 0.00000000000 0.00000000000 0.00000000000 0.00000000000 0.00000000000 0.00000000000 0.00000000000 0.00000000000 0.00000000000 0.00000000000 0.00000000000 0.00000000000 0.00000000000 0.00000000000 0.00000000000 0.00000000000 0.00000000000 0.00000000000 0.00000000000 0.00000000000 0.00000000000 0.00000000000 0.00000000000 0.00000000000 0.00000000000 0.00000000000 0.00000000000 0.00000000000 0.00000000000 0.00000000000 0.00000000000 0.00000000000 0.00000000000 0.00000000000 0.00000000000 0.00000000000 0.00000000000 0.00000000000 0.00000000000 0.00000000000 0.00000000000 0.00000000000 0.00000000000 0.00000000000 0.00000000000 0.00000000000 0.00000000000 0.00000000000 0.00000000000 0.00000000000 0.00000000000 0.00000000000 0.00000000000 0.00000000000 0.00000000000 0.00000000000 0.00000000000 0.00000000000 0.00000000000
# SelPars50:
2.06468717925
# SelPars95:
3.71698263132
# SelPars_dev50:
 0.00000000000 0.00000000000 0.00000000000 0.00000000000 0.00000000000 0.00000000000 0.00000000000 0.00000000000 0.00000000000 0.00000000000 0.00000000000 0.00000000000 0.00000000000 0.00000000000 0.00000000000 0.00000000000 0.00000000000 0.00000000000 0.00000000000 0.00000000000 0.00000000000 0.00000000000 0.00000000000 0.00000000000 0.00000000000 0.00000000000 0.00000000000 0.00000000000 0.00000000000 0.00000000000 0.00000000000 0.00000000000 0.00000000000 0.00000000000 0.00000000000 0.00000000000 0.00000000000 0.00000000000 0.00000000000 0.00000000000 0.00000000000 0.00000000000 0.00000000000 0.00000000000 0.00000000000 0.00000000000 0.00000000000 0.00000000000 0.00000000000 0.00000000000 0.00000000000 0.00000000000 0.00000000000 0.00000000000 0.00000000000 0.00000000000 0.00000000000 0.00000000000 0.00000000000 0.00000000000 0.00000000000 0.00000000000 0.00000000000 0.00000000000 0.00000000000 0.00000000000
# SelPars_dev95:
 0.00000000000 0.00000000000 0.00000000000 0.00000000000 0.00000000000 0.00000000000 0.00000000000 0.00000000000 0.00000000000 0.00000000000 0.00000000000 0.00000000000 0.00000000000 0.00000000000 0.00000000000 0.00000000000 0.00000000000 0.00000000000 0.00000000000 0.00000000000 0.00000000000 0.00000000000 0.00000000000 0.00000000000 0.00000000000 0.00000000000 0.00000000000 0.00000000000 0.00000000000 0.00000000000 0.00000000000 0.00000000000 0.00000000000 0.00000000000 0.00000000000 0.00000000000 0.00000000000 0.00000000000 0.00000000000 0.00000000000 0.00000000000 0.00000000000 0.00000000000 0.00000000000 0.00000000000 0.00000000000 0.00000000000 0.00000000000 0.00000000000 0.00000000000 0.00000000000 0.00000000000 0.00000000000 0.00000000000 0.00000000000 0.00000000000 0.00000000000 0.00000000000 0.00000000000 0.00000000000 0.00000000000 0.00000000000 0.00000000000 0.00000000000 0.00000000000 0.00000000000
