# Number of parameters = 137 Objective function value = 63535.1608513561  Maximum gradient component = 0.000149106969448542
# srv_sel50:
1.52629643757
# srv_sel95:
2.57803589601
# stNatLen:
 11.4202483598 11.2709919503 11.0648966401 10.8749992090 10.6866053958 10.4760204525 10.2416399838 9.99666494784 9.75557165797 9.52813012092 9.31922357936 9.13044628954 8.96162862889 8.81176598452 8.67955224134 8.56367221739 8.46292135466 8.37617984891 8.30247989117 8.24102278048 8.19100543952 8.15178462153 8.12295892104 8.10418243654 8.09493416364
# log_avg_fmort_dir:
-1.64104397125
# fmort_dir_dev:
 -1.65161105387 -1.72243623765 -1.31906456802 -0.990837410062 -0.725417552871 -0.529062709841 -0.392173185388 -0.209670508330 -0.0491959224005 0.0930783861716 0.206733276595 0.188850739530 0.257034767367 0.441546664973 0.514898700850 0.538371056553 0.463370929637 0.514067753240 0.377050414249 0.470021623250 0.382906597129 0.397211307331 0.381494942497 0.325486606385 0.259675426077 0.341671719752 0.240757096892 0.208863271163 0.232543815104 0.156060691333 0.177274680570 0.134054436428 0.148181108218 0.0915030175549 0.147645156555 0.141282284465 0.0404003993667 0.0245260428547 0.0229250885066 -0.0248108276859 0.00947837190700 0.0219342218009 0.0567852325536 0.0595853468274 0.0521510269367 0.0892284309859 0.0780354525361 -0.0185264935308 0.0120526823410 -0.0636246762361 -0.431031951908 0.00986632549704 -0.181141994189
# mean_log_rec:
11.1470049486
# rec_dev:
 0.345767444738 0.325091236413 0.330477248728 0.341059521966 0.356240380628 0.361680626941 0.359663644684 0.350341795333 0.324966109867 0.300072986337 0.282915569594 0.255504397555 0.199153962008 0.147245082469 0.0817557133146 0.0213737563331 -0.00940975095796 -0.0360022500989 -0.0726455269525 -0.108389129041 -0.137347581884 -0.161980593173 -0.174015403415 -0.185950030560 -0.191435814402 -0.199313388801 -0.200016305009 -0.202080905960 -0.209814222893 -0.206420721267 -0.201752243169 -0.205018635432 -0.208981426756 -0.207959452457 -0.206118570000 -0.188732939397 -0.176989320994 -0.168283565202 -0.145067119306 -0.127006477710 -0.114659500124 -0.0917619659692 -0.0796538145634 -0.0662221285030 -0.0506425760638 -0.0469644850028 -0.0368950164199 -0.0322877317861 -0.0227865207266 0.00567578793652 0.0271935505175 0.0282131519843 0.0282131466493
# log_avg_NatM:
-1.60943800000
# m_dev:
 0.00000000000 0.00000000000 0.00000000000 0.00000000000 0.00000000000 0.00000000000 0.00000000000 0.00000000000 0.00000000000 0.00000000000 0.00000000000 0.00000000000 0.00000000000 0.00000000000 0.00000000000 0.00000000000 0.00000000000 0.00000000000 0.00000000000 0.00000000000 0.00000000000 0.00000000000 0.00000000000 0.00000000000 0.00000000000 0.00000000000 0.00000000000 0.00000000000 0.00000000000 0.00000000000 0.00000000000 0.00000000000 0.00000000000 0.00000000000 0.00000000000 0.00000000000 0.00000000000 0.00000000000 0.00000000000 0.00000000000 0.00000000000 0.00000000000 0.00000000000 0.00000000000 0.00000000000 0.00000000000 0.00000000000 0.00000000000 0.00000000000 0.00000000000 0.00000000000 0.00000000000 0.00000000000
# log_avg_GrowthK:
-1.60943800000
# log_avg_Linf:
4.88280200000
# GrowthK_dev:
 0.00000000000 0.00000000000 0.00000000000 0.00000000000 0.00000000000 0.00000000000 0.00000000000 0.00000000000 0.00000000000 0.00000000000 0.00000000000 0.00000000000 0.00000000000 0.00000000000 0.00000000000 0.00000000000 0.00000000000 0.00000000000 0.00000000000 0.00000000000 0.00000000000 0.00000000000 0.00000000000 0.00000000000 0.00000000000 0.00000000000 0.00000000000 0.00000000000 0.00000000000 0.00000000000 0.00000000000 0.00000000000 0.00000000000 0.00000000000 0.00000000000 0.00000000000 0.00000000000 0.00000000000 0.00000000000 0.00000000000 0.00000000000 0.00000000000 0.00000000000 0.00000000000 0.00000000000 0.00000000000 0.00000000000 0.00000000000 0.00000000000 0.00000000000 0.00000000000 0.00000000000 0.00000000000
# Linf_dev:
 0.00000000000 0.00000000000 0.00000000000 0.00000000000 0.00000000000 0.00000000000 0.00000000000 0.00000000000 0.00000000000 0.00000000000 0.00000000000 0.00000000000 0.00000000000 0.00000000000 0.00000000000 0.00000000000 0.00000000000 0.00000000000 0.00000000000 0.00000000000 0.00000000000 0.00000000000 0.00000000000 0.00000000000 0.00000000000 0.00000000000 0.00000000000 0.00000000000 0.00000000000 0.00000000000 0.00000000000 0.00000000000 0.00000000000 0.00000000000 0.00000000000 0.00000000000 0.00000000000 0.00000000000 0.00000000000 0.00000000000 0.00000000000 0.00000000000 0.00000000000 0.00000000000 0.00000000000 0.00000000000 0.00000000000 0.00000000000 0.00000000000 0.00000000000 0.00000000000 0.00000000000 0.00000000000
# SelPars50:
2.08289967572
# SelPars95:
3.73228711257
# SelPars_dev50:
 0.00000000000 0.00000000000 0.00000000000 0.00000000000 0.00000000000 0.00000000000 0.00000000000 0.00000000000 0.00000000000 0.00000000000 0.00000000000 0.00000000000 0.00000000000 0.00000000000 0.00000000000 0.00000000000 0.00000000000 0.00000000000 0.00000000000 0.00000000000 0.00000000000 0.00000000000 0.00000000000 0.00000000000 0.00000000000 0.00000000000 0.00000000000 0.00000000000 0.00000000000 0.00000000000 0.00000000000 0.00000000000 0.00000000000 0.00000000000 0.00000000000 0.00000000000 0.00000000000 0.00000000000 0.00000000000 0.00000000000 0.00000000000 0.00000000000 0.00000000000 0.00000000000 0.00000000000 0.00000000000 0.00000000000 0.00000000000 0.00000000000 0.00000000000 0.00000000000 0.00000000000 0.00000000000
# SelPars_dev95:
 0.00000000000 0.00000000000 0.00000000000 0.00000000000 0.00000000000 0.00000000000 0.00000000000 0.00000000000 0.00000000000 0.00000000000 0.00000000000 0.00000000000 0.00000000000 0.00000000000 0.00000000000 0.00000000000 0.00000000000 0.00000000000 0.00000000000 0.00000000000 0.00000000000 0.00000000000 0.00000000000 0.00000000000 0.00000000000 0.00000000000 0.00000000000 0.00000000000 0.00000000000 0.00000000000 0.00000000000 0.00000000000 0.00000000000 0.00000000000 0.00000000000 0.00000000000 0.00000000000 0.00000000000 0.00000000000 0.00000000000 0.00000000000 0.00000000000 0.00000000000 0.00000000000 0.00000000000 0.00000000000 0.00000000000 0.00000000000 0.00000000000 0.00000000000 0.00000000000 0.00000000000 0.00000000000
