# Number of parameters = 139 Objective function value = 64529.6  Maximum gradient component = 0.00220749
# srv_sel50:
1.66315525595
# srv_sel95:
2.95446934942
# stNatLen:
 11.8007245813 11.5904135359 11.2853080887 11.0217282909 10.8026260844 10.5936236978 10.3689024529 10.1219399781 9.86004446563 9.59508953606 9.33753104858 9.09445599456 8.86983402557 8.66540670529 8.48154243695 8.31784823084 8.17358776248 8.04792292757 7.93998744573 7.84899152105 7.77423249107 7.71508682364 7.67109116129 7.64192453795 7.62737600950
# log_avg_fmort_dir:
-1.48653669751
# fmort_dir_dev:
 -0.955250858165 -0.803133910025 -0.553119712373 -0.437797079273 -0.267273225276 -0.0522421932760 -0.0649800540499 0.138506826008 0.134270891947 0.166841980269 0.303571309789 0.280454872146 0.371507200906 0.216872222503 0.213088671689 0.159931731463 0.120453847678 0.156414413662 0.170601681531 0.220630026751 0.120854745604 0.237549664307 0.0456444102187 -0.0262951456581 0.0519093173908 0.0274637076173 0.0471465918422 -0.0179041413742 -0.0839987106369 -0.0582053994293 0.0934488261212 0.0246542576615 -0.00963884793439 -0.0561109162172 -0.0325266401647 -0.0258246994262 -0.0354971665124 0.0204363769577 -0.0329387009869 -0.0105246891117 -0.0404128930648 -0.0553425632481 -0.0527045337447 0.00300177549801 -0.0682587448849 -0.0612746884703 0.0332764547343 0.00201784425311 0.103451723993 0.0961963034501 0.134568491615 0.162354098832 0.188118720394 -0.243983473531
# mean_log_rec:
11.3322711574
# rec_dev:
 0.503360523665 0.478001844263 0.477324223701 0.475481458934 0.458198845589 0.440491779321 0.406672507852 0.337896520644 0.278858321556 0.232005826685 0.176956045391 0.113555131818 0.0631253927893 0.0430735455627 0.00697520257128 -0.0150602109995 -0.0158316712391 -0.0412233296221 -0.0688413817439 -0.0965233397749 -0.101430445667 -0.102294480565 -0.103960806569 -0.110606364870 -0.137836822887 -0.167469223657 -0.207234914539 -0.249062934586 -0.313959319464 -0.369773666913 -0.304503690188 -0.227803229497 -0.202393741335 -0.204753614977 -0.207137123155 -0.195676442905 -0.181239279343 -0.177937277740 -0.161712870697 -0.148533672157 -0.147343346457 -0.138402196857 -0.130596974589 -0.104501715421 -0.0906202756235 -0.0920020883673 -0.0732920628012 -0.0430522491302 -0.00891117122098 0.00937362895686 0.0703394877883 0.128938455753 0.120446601243 0.120446591471
# log_avg_NatM:
-1.47890400000
# m_dev:
 0.00000000000 0.00000000000 0.00000000000 0.00000000000 0.00000000000 0.00000000000 0.00000000000 0.00000000000 0.00000000000 0.00000000000 0.00000000000 0.00000000000 0.00000000000 0.00000000000 0.00000000000 0.00000000000 0.00000000000 0.00000000000 0.00000000000 0.00000000000 0.00000000000 0.00000000000 0.00000000000 0.00000000000 0.00000000000 0.00000000000 0.00000000000 0.00000000000 0.00000000000 0.00000000000 0.00000000000 0.00000000000 0.00000000000 0.00000000000 0.00000000000 0.00000000000 0.00000000000 0.00000000000 0.00000000000 0.00000000000 0.00000000000 0.00000000000 0.00000000000 0.00000000000 0.00000000000 0.00000000000 0.00000000000 0.00000000000 0.00000000000 0.00000000000 0.00000000000 0.00000000000 0.00000000000 0.00000000000
# log_avg_GrowthK:
-1.60943800000
# log_avg_Linf:
4.88280200000
# GrowthK_dev:
 0.00000000000 0.00000000000 0.00000000000 0.00000000000 0.00000000000 0.00000000000 0.00000000000 0.00000000000 0.00000000000 0.00000000000 0.00000000000 0.00000000000 0.00000000000 0.00000000000 0.00000000000 0.00000000000 0.00000000000 0.00000000000 0.00000000000 0.00000000000 0.00000000000 0.00000000000 0.00000000000 0.00000000000 0.00000000000 0.00000000000 0.00000000000 0.00000000000 0.00000000000 0.00000000000 0.00000000000 0.00000000000 0.00000000000 0.00000000000 0.00000000000 0.00000000000 0.00000000000 0.00000000000 0.00000000000 0.00000000000 0.00000000000 0.00000000000 0.00000000000 0.00000000000 0.00000000000 0.00000000000 0.00000000000 0.00000000000 0.00000000000 0.00000000000 0.00000000000 0.00000000000 0.00000000000 0.00000000000
# Linf_dev:
 0.00000000000 0.00000000000 0.00000000000 0.00000000000 0.00000000000 0.00000000000 0.00000000000 0.00000000000 0.00000000000 0.00000000000 0.00000000000 0.00000000000 0.00000000000 0.00000000000 0.00000000000 0.00000000000 0.00000000000 0.00000000000 0.00000000000 0.00000000000 0.00000000000 0.00000000000 0.00000000000 0.00000000000 0.00000000000 0.00000000000 0.00000000000 0.00000000000 0.00000000000 0.00000000000 0.00000000000 0.00000000000 0.00000000000 0.00000000000 0.00000000000 0.00000000000 0.00000000000 0.00000000000 0.00000000000 0.00000000000 0.00000000000 0.00000000000 0.00000000000 0.00000000000 0.00000000000 0.00000000000 0.00000000000 0.00000000000 0.00000000000 0.00000000000 0.00000000000 0.00000000000 0.00000000000 0.00000000000
# SelPars50:
2.28597980621
# SelPars95:
4.19469832351
# SelPars_dev50:
 0.00000000000 0.00000000000 0.00000000000 0.00000000000 0.00000000000 0.00000000000 0.00000000000 0.00000000000 0.00000000000 0.00000000000 0.00000000000 0.00000000000 0.00000000000 0.00000000000 0.00000000000 0.00000000000 0.00000000000 0.00000000000 0.00000000000 0.00000000000 0.00000000000 0.00000000000 0.00000000000 0.00000000000 0.00000000000 0.00000000000 0.00000000000 0.00000000000 0.00000000000 0.00000000000 0.00000000000 0.00000000000 0.00000000000 0.00000000000 0.00000000000 0.00000000000 0.00000000000 0.00000000000 0.00000000000 0.00000000000 0.00000000000 0.00000000000 0.00000000000 0.00000000000 0.00000000000 0.00000000000 0.00000000000 0.00000000000 0.00000000000 0.00000000000 0.00000000000 0.00000000000 0.00000000000 0.00000000000
# SelPars_dev95:
 0.00000000000 0.00000000000 0.00000000000 0.00000000000 0.00000000000 0.00000000000 0.00000000000 0.00000000000 0.00000000000 0.00000000000 0.00000000000 0.00000000000 0.00000000000 0.00000000000 0.00000000000 0.00000000000 0.00000000000 0.00000000000 0.00000000000 0.00000000000 0.00000000000 0.00000000000 0.00000000000 0.00000000000 0.00000000000 0.00000000000 0.00000000000 0.00000000000 0.00000000000 0.00000000000 0.00000000000 0.00000000000 0.00000000000 0.00000000000 0.00000000000 0.00000000000 0.00000000000 0.00000000000 0.00000000000 0.00000000000 0.00000000000 0.00000000000 0.00000000000 0.00000000000 0.00000000000 0.00000000000 0.00000000000 0.00000000000 0.00000000000 0.00000000000 0.00000000000 0.00000000000 0.00000000000 0.00000000000
