# Number of parameters = 203 Objective function value = 68053.6  Maximum gradient component = 0.000368547
# srv_sel50:
1.47209783655
# srv_sel95:
2.42239233319
# stNatLen:
 11.3277675078 11.1755592268 10.9482775912 10.7208929032 10.4970581615 10.2638911512 10.0181652442 9.76676570218 9.51935892129 9.28365508348 9.06428211683 8.86336210883 8.68139972037 8.51800689586 8.37234933995 8.24344105193 8.13029030814 8.03198130316 7.94766962750 7.87664619298 7.81831577926 7.77215540357 7.73785777211 7.71516511035 7.70391554950
# log_avg_fmort_dir:
-1.52097830357
# fmort_dir_dev:
 -0.446277833162 -0.565384445262 -0.501628822742 -0.265263937466 -0.133620956732 -0.158287446336 -0.00224756946936 0.126660667652 0.243834442610 0.242797433439 0.245545826963 0.299796737826 0.399747724938 0.370227540750 0.366617391247 0.374490495214 0.293516719860 0.267672253737 0.219685001536 0.177868965049 0.192925877974 0.102504266679 0.103323433387 0.0692931698211 0.126726803721 0.147715601483 0.114412804946 0.147694981252 0.119338182323 0.126194118010 0.0130805455260 -0.0283400968485 -0.117124496791 -0.0720591195642 -0.108287509175 -0.106616477661 -0.0124027831381 -0.0308297239589 -0.0544617291556 -0.0752717082991 -0.0253435919605 -0.0724979639446 -0.117863445204 -0.177591051124 -0.0853829643382 -0.136782778782 0.0140505109214 0.242740622574 -0.241852130458 -0.492632615821 -0.465160727887 -0.0341050556964 0.215774883641 0.297521682472 0.0597903310748 -0.900569563477 -0.293662472177
# mean_log_rec:
11.1307316780
# rec_dev:
 0.252068201098 0.252598455620 0.274916506937 0.282302177903 0.256522671553 0.218391451122 0.188923521689 0.159828244850 0.144183560301 0.125088134839 0.0642312111205 -0.0335921706317 -0.0967055769896 -0.137006654741 -0.164493487638 -0.175239424412 -0.179544965806 -0.201722024277 -0.202951210040 -0.176040143624 -0.148799926140 -0.127391658831 -0.144257745594 -0.177116377692 -0.240645012335 -0.303767187677 -0.319651324981 -0.312847902678 -0.299570736957 -0.265952516505 -0.112075240344 0.0542206846765 0.110640226263 0.0958542098548 0.0696126547844 0.0252773478997 0.00444863957730 0.0208182145349 0.0408827077850 0.0748250198388 0.0977020484895 0.0949538686224 0.0864931020443 0.100691941154 0.125092448719 0.117922921319 0.0546465442001 0.00503739873548 0.0128244565278 0.0882712966882 0.162216529755 0.154705161570 0.0503508915488 -0.0430883395977 -0.0290987381151 0.0125079877804 0.0125079262050
# log_avg_NatM:
-1.56544004076
# m_dev:
 -0.156364839593 -0.279830610234 -0.296665485059 -0.248784147176 0.0387995715254 -0.0199718454585 -0.0843785092595 -0.101458589012 -0.242849477565 -0.131370072101 0.0322794851925 0.117818955083 -0.101194133163 -0.124321420012 -0.263816166735 -0.281018490544 -0.202779736757 0.0117226280243 -0.156905960046 -0.257701240088 -0.312697001106 -0.172716686340 -0.00143347525003 0.0259835358671 0.196279909699 0.162203249452 -0.153443088231 -0.224646062758 -0.241792240130 -0.135469627843 -0.251233152352 -0.221226648951 -0.0200793780180 0.235133930200 0.304560248716 0.350867802161 0.208448468969 0.150782192025 0.127476096597 -0.0408623844575 0.145062846967 0.218408414664 0.291773506353 0.138355826806 0.105384793248 0.278171722691 0.455480409707 0.316834868505 0.118449230221 -0.0909530154733 0.0906295736931 0.309622271360 0.492397090014 0.442940934269 -0.0172936606905 -0.242105153387 -0.290505264218
# log_avg_GrowthK:
-1.60943800000
# log_avg_Linf:
4.88280200000
# GrowthK_dev:
 0.00000000000 0.00000000000 0.00000000000 0.00000000000 0.00000000000 0.00000000000 0.00000000000 0.00000000000 0.00000000000 0.00000000000 0.00000000000 0.00000000000 0.00000000000 0.00000000000 0.00000000000 0.00000000000 0.00000000000 0.00000000000 0.00000000000 0.00000000000 0.00000000000 0.00000000000 0.00000000000 0.00000000000 0.00000000000 0.00000000000 0.00000000000 0.00000000000 0.00000000000 0.00000000000 0.00000000000 0.00000000000 0.00000000000 0.00000000000 0.00000000000 0.00000000000 0.00000000000 0.00000000000 0.00000000000 0.00000000000 0.00000000000 0.00000000000 0.00000000000 0.00000000000 0.00000000000 0.00000000000 0.00000000000 0.00000000000 0.00000000000 0.00000000000 0.00000000000 0.00000000000 0.00000000000 0.00000000000 0.00000000000 0.00000000000 0.00000000000
# Linf_dev:
 0.00000000000 0.00000000000 0.00000000000 0.00000000000 0.00000000000 0.00000000000 0.00000000000 0.00000000000 0.00000000000 0.00000000000 0.00000000000 0.00000000000 0.00000000000 0.00000000000 0.00000000000 0.00000000000 0.00000000000 0.00000000000 0.00000000000 0.00000000000 0.00000000000 0.00000000000 0.00000000000 0.00000000000 0.00000000000 0.00000000000 0.00000000000 0.00000000000 0.00000000000 0.00000000000 0.00000000000 0.00000000000 0.00000000000 0.00000000000 0.00000000000 0.00000000000 0.00000000000 0.00000000000 0.00000000000 0.00000000000 0.00000000000 0.00000000000 0.00000000000 0.00000000000 0.00000000000 0.00000000000 0.00000000000 0.00000000000 0.00000000000 0.00000000000 0.00000000000 0.00000000000 0.00000000000 0.00000000000 0.00000000000 0.00000000000 0.00000000000
# SelPars50:
2.03386736004
# SelPars95:
3.63071589925
# SelPars_dev50:
 0.00000000000 0.00000000000 0.00000000000 0.00000000000 0.00000000000 0.00000000000 0.00000000000 0.00000000000 0.00000000000 0.00000000000 0.00000000000 0.00000000000 0.00000000000 0.00000000000 0.00000000000 0.00000000000 0.00000000000 0.00000000000 0.00000000000 0.00000000000 0.00000000000 0.00000000000 0.00000000000 0.00000000000 0.00000000000 0.00000000000 0.00000000000 0.00000000000 0.00000000000 0.00000000000 0.00000000000 0.00000000000 0.00000000000 0.00000000000 0.00000000000 0.00000000000 0.00000000000 0.00000000000 0.00000000000 0.00000000000 0.00000000000 0.00000000000 0.00000000000 0.00000000000 0.00000000000 0.00000000000 0.00000000000 0.00000000000 0.00000000000 0.00000000000 0.00000000000 0.00000000000 0.00000000000 0.00000000000 0.00000000000 0.00000000000 0.00000000000
# SelPars_dev95:
 0.00000000000 0.00000000000 0.00000000000 0.00000000000 0.00000000000 0.00000000000 0.00000000000 0.00000000000 0.00000000000 0.00000000000 0.00000000000 0.00000000000 0.00000000000 0.00000000000 0.00000000000 0.00000000000 0.00000000000 0.00000000000 0.00000000000 0.00000000000 0.00000000000 0.00000000000 0.00000000000 0.00000000000 0.00000000000 0.00000000000 0.00000000000 0.00000000000 0.00000000000 0.00000000000 0.00000000000 0.00000000000 0.00000000000 0.00000000000 0.00000000000 0.00000000000 0.00000000000 0.00000000000 0.00000000000 0.00000000000 0.00000000000 0.00000000000 0.00000000000 0.00000000000 0.00000000000 0.00000000000 0.00000000000 0.00000000000 0.00000000000 0.00000000000 0.00000000000 0.00000000000 0.00000000000 0.00000000000 0.00000000000 0.00000000000 0.00000000000
