# Number of parameters = 200 Objective function value = 66915.6  Maximum gradient component = 0.00152711
# srv_sel50:
1.47653532561
# srv_sel95:
2.44080470383
# stNatLen:
 11.2511045018 11.0969676425 10.8658120705 10.6356864616 10.4115804599 10.1800361244 9.93630113453 9.68605191202 9.43850970719 9.20148777853 8.97993488906 8.77630475533 8.59138621373 8.42498453754 8.27641401945 8.14477277873 8.02910917219 7.92850544084 7.84217080936 7.76938290943 7.70958258571 7.66232446441 7.62714450579 7.60380274198 7.59212861835
# log_avg_fmort_dir:
-1.54156993237
# fmort_dir_dev:
 -0.635775653789 -0.484283236457 -0.299753676525 -0.245177154590 -0.0986280976029 -0.0895701818923 0.0454825534423 0.132661969414 0.258236784349 0.322657821578 0.321318126032 0.447031781857 0.475913418658 0.275422528230 0.413213982881 0.327936252466 0.381227963847 0.296878416621 0.310474501500 0.128010514456 0.205565051738 0.0571855183371 0.149841701127 0.135702986318 0.139876193442 0.222871636167 0.00549810887094 -0.0547444054579 -0.107797764271 -0.165074663429 -0.0667501056808 -0.0374299754063 0.0164732353338 -0.0508128167633 -0.0178892609493 -0.0564811527222 -0.0768409347270 -0.0424449683239 -0.0901663630425 0.131644710653 0.118935917296 0.0344884115740 0.0776257821427 -0.101267638388 -0.0218012071557 -0.157510644729 0.202754380780 0.145667622942 -0.482445244972 -1.27800895410 -0.261158984482 0.00811525919787 -0.0224914245524 0.158690537070 0.205314929284 -1.20841408760
# mean_log_rec:
11.1191308535
# rec_dev:
 0.247748402520 0.244146278028 0.251574505794 0.230721455677 0.233342622535 0.249670624116 0.234974409344 0.200374256536 0.139118967828 0.0883158971535 0.0408926830066 -0.00295310447714 -0.0417639296863 -0.100588432907 -0.177087115614 -0.225514720927 -0.217937683794 -0.213247880465 -0.195468936647 -0.190203635428 -0.204712103118 -0.206206992989 -0.221956221503 -0.236730381697 -0.239804668537 -0.208479245775 -0.155284499691 -0.0856826235760 -0.0494745492267 -0.0553325729408 -0.0378181751543 -0.0439516700294 -0.0490609343233 -0.0257587787272 0.0175556267079 0.0284742813196 0.0136419590046 -0.0142534562154 -0.0700243706097 -0.131440146274 -0.143717837788 -0.0803580131960 0.0268944696733 0.111388811685 0.150196951832 0.0936292339256 -0.0285035409249 -0.112324267837 -0.0822107729353 0.0384433517314 0.168048240037 0.241257224717 0.241248179151 0.197518170680 0.179337350375 0.179337309637
# log_avg_NatM:
-1.59209112676
# m_dev:
 -0.535552034235 -0.353113143632 -0.195642355723 0.0150354100953 -0.268327921341 -0.286842893260 -0.126243944740 -0.132959312447 0.0675797511063 -0.0423274660486 -0.183334266186 -0.248637494173 -0.102984851798 -0.0422830307953 0.156751632047 -0.108870082783 -0.304933298400 -0.255437827640 -0.286394299537 -0.0474299252930 0.0434545597546 -0.0988013845091 0.00407711042285 -0.0160738337497 -0.0987426380010 -0.197046244127 -0.218544779194 -0.297806715321 -0.129907779338 0.0646460199548 0.487292783598 0.510534061168 0.217713861455 0.0171847466801 -0.0345738286515 0.190966257241 0.279189595036 0.278644511876 0.322887108705 0.424387433831 0.183928509015 -0.196395025265 -0.349319703377 -0.276788675886 0.0898444044756 0.452868492063 0.621463343776 0.448190714516 -0.0396891380301 -0.185943022892 -0.226297826931 -0.0248501241497 0.260646952857 0.437440748090 0.0778342061876 0.259532653503
# log_avg_GrowthK:
-1.60943800000
# log_avg_Linf:
4.88280200000
# GrowthK_dev:
 0.00000000000 0.00000000000 0.00000000000 0.00000000000 0.00000000000 0.00000000000 0.00000000000 0.00000000000 0.00000000000 0.00000000000 0.00000000000 0.00000000000 0.00000000000 0.00000000000 0.00000000000 0.00000000000 0.00000000000 0.00000000000 0.00000000000 0.00000000000 0.00000000000 0.00000000000 0.00000000000 0.00000000000 0.00000000000 0.00000000000 0.00000000000 0.00000000000 0.00000000000 0.00000000000 0.00000000000 0.00000000000 0.00000000000 0.00000000000 0.00000000000 0.00000000000 0.00000000000 0.00000000000 0.00000000000 0.00000000000 0.00000000000 0.00000000000 0.00000000000 0.00000000000 0.00000000000 0.00000000000 0.00000000000 0.00000000000 0.00000000000 0.00000000000 0.00000000000 0.00000000000 0.00000000000 0.00000000000 0.00000000000 0.00000000000
# Linf_dev:
 0.00000000000 0.00000000000 0.00000000000 0.00000000000 0.00000000000 0.00000000000 0.00000000000 0.00000000000 0.00000000000 0.00000000000 0.00000000000 0.00000000000 0.00000000000 0.00000000000 0.00000000000 0.00000000000 0.00000000000 0.00000000000 0.00000000000 0.00000000000 0.00000000000 0.00000000000 0.00000000000 0.00000000000 0.00000000000 0.00000000000 0.00000000000 0.00000000000 0.00000000000 0.00000000000 0.00000000000 0.00000000000 0.00000000000 0.00000000000 0.00000000000 0.00000000000 0.00000000000 0.00000000000 0.00000000000 0.00000000000 0.00000000000 0.00000000000 0.00000000000 0.00000000000 0.00000000000 0.00000000000 0.00000000000 0.00000000000 0.00000000000 0.00000000000 0.00000000000 0.00000000000 0.00000000000 0.00000000000 0.00000000000 0.00000000000
# SelPars50:
2.01657382553
# SelPars95:
3.57691052705
# SelPars_dev50:
 0.00000000000 0.00000000000 0.00000000000 0.00000000000 0.00000000000 0.00000000000 0.00000000000 0.00000000000 0.00000000000 0.00000000000 0.00000000000 0.00000000000 0.00000000000 0.00000000000 0.00000000000 0.00000000000 0.00000000000 0.00000000000 0.00000000000 0.00000000000 0.00000000000 0.00000000000 0.00000000000 0.00000000000 0.00000000000 0.00000000000 0.00000000000 0.00000000000 0.00000000000 0.00000000000 0.00000000000 0.00000000000 0.00000000000 0.00000000000 0.00000000000 0.00000000000 0.00000000000 0.00000000000 0.00000000000 0.00000000000 0.00000000000 0.00000000000 0.00000000000 0.00000000000 0.00000000000 0.00000000000 0.00000000000 0.00000000000 0.00000000000 0.00000000000 0.00000000000 0.00000000000 0.00000000000 0.00000000000 0.00000000000 0.00000000000
# SelPars_dev95:
 0.00000000000 0.00000000000 0.00000000000 0.00000000000 0.00000000000 0.00000000000 0.00000000000 0.00000000000 0.00000000000 0.00000000000 0.00000000000 0.00000000000 0.00000000000 0.00000000000 0.00000000000 0.00000000000 0.00000000000 0.00000000000 0.00000000000 0.00000000000 0.00000000000 0.00000000000 0.00000000000 0.00000000000 0.00000000000 0.00000000000 0.00000000000 0.00000000000 0.00000000000 0.00000000000 0.00000000000 0.00000000000 0.00000000000 0.00000000000 0.00000000000 0.00000000000 0.00000000000 0.00000000000 0.00000000000 0.00000000000 0.00000000000 0.00000000000 0.00000000000 0.00000000000 0.00000000000 0.00000000000 0.00000000000 0.00000000000 0.00000000000 0.00000000000 0.00000000000 0.00000000000 0.00000000000 0.00000000000 0.00000000000 0.00000000000
