# Number of parameters = 218 Objective function value = 74299.1  Maximum gradient component = 0.000980770
# srv_sel50:
1.46687186293
# srv_sel95:
2.41244361881
# stNatLen:
 11.6198515565 11.4761942787 11.2733902785 11.0815500347 10.8949613972 10.6924970093 10.4675085705 10.2275842873 9.98485770324 9.74951136303 9.52803237734 9.32376137439 9.13794518401 8.97061969510 8.82118998941 8.68882439366 8.57259249334 8.47155117161 8.38483249108 8.31177630360 8.25181027944 8.20446360849 8.16929692542 8.14595162182 8.13433409862
# log_avg_fmort_dir:
-1.60117065997
# fmort_dir_dev:
 -2.01942347870 -2.01645255810 -1.44321790869 -0.944673741819 -0.511782280886 -0.499722202445 -0.237244728928 -0.157350546359 0.0248052051937 0.302397290983 0.267382316156 0.239050204489 0.298431081465 0.372714627703 0.428099678838 0.407065433743 0.467792538402 0.359802926157 0.388601285745 0.435410723226 0.446112039162 0.485280661100 0.462489806408 0.449798241195 0.394613716310 0.235731833902 0.264106681691 0.208763755898 0.218498842967 0.138262596932 0.00204798360214 0.111766202102 0.107764797428 0.0529770684349 0.0843015529263 0.00707886234174 -0.0525725060826 0.136832129035 -0.0140562216053 -0.0152015125128 -0.0380574677467 -0.0102765517952 -0.0759621025701 -0.0985422611263 -0.0722390982483 -0.0472088745006 0.0127017048702 0.0180715602672 -0.0588669454508 -0.0827023394219 0.237232437797 -0.0301073379828 0.00140372603119 0.180825944663 0.251501067081 0.0567449698613 -0.649042594684 -0.158470989859 -0.0918098278294 0.241484172353 0.399063791914 0.127974618968
# mean_log_rec:
11.1111592388
# rec_dev:
 0.536567794479 0.457008744525 0.324640946491 0.216278135143 0.187980444277 0.192996106273 0.180219357404 0.107773660447 0.0308463090569 0.0271651461959 0.0677089489539 0.104941583994 0.132320888376 0.140783548891 0.124396300478 0.0611822143177 -0.0287538178234 -0.0990035338527 -0.163238547345 -0.251117367772 -0.327313394664 -0.354225269072 -0.348036432227 -0.328135185213 -0.285074082360 -0.244649926458 -0.223971693957 -0.202612996284 -0.185111901254 -0.174710248079 -0.189510459767 -0.206306592085 -0.238944743417 -0.221185261859 -0.0557366909203 0.0788656197188 0.0443486431293 -0.00540991845031 0.0239380133894 0.0733230489467 0.0877302759352 0.0791760828068 0.0795637047752 0.0977412503348 0.116469632372 0.0648007256019 0.0469132344850 0.0813257984868 0.0878177331660 0.0405083617084 -0.00843233450858 -0.0317682821633 -0.0574022535166 -0.102567756671 -0.125019919524 -0.0760207307681 0.0364107094478 0.165317320783 0.217522571850 0.140849067069 0.0394136982651 0.0394137184352
# log_avg_NatM:
-1.56912322605
# m_dev:
 0.123807114633 0.187062801509 0.524014387113 0.319721607169 -0.0975674875554 -0.242143962345 -0.195621630666 0.161515278986 -0.0498308797272 -0.480497233591 -0.671783964298 -0.572469628454 -0.521905377876 -0.427134974352 -0.267147390716 -0.0152177622307 0.147820944976 -0.0270823356205 -0.0266123779748 0.131553631674 -0.0607323197790 -0.351340633979 -0.445216754901 -0.442224117497 -0.502598686749 -0.352457287883 -0.241663105958 -0.228904024418 -0.169829394150 -0.0833445497128 0.0605855833309 0.0575838300557 0.115175374424 -0.108650565703 -0.291453373248 -0.0793400917260 0.397927174138 0.297251152639 0.0112816126818 0.0251351489229 0.174056776960 0.309760579501 0.233088152499 0.185101087237 0.0839420368101 0.484875148597 0.188442238018 0.0545881392779 0.221237682813 0.394669776353 0.232938702152 0.188202809984 0.197143379119 0.338982260977 0.206276894401 -0.177221324667 -0.340234145839 -0.300328138194 0.0516126541045 0.424949890119 0.593364825697 0.646884842939
# log_avg_GrowthK:
-1.60943800000
# log_avg_Linf:
4.88280200000
# GrowthK_dev:
 0.00000000000 0.00000000000 0.00000000000 0.00000000000 0.00000000000 0.00000000000 0.00000000000 0.00000000000 0.00000000000 0.00000000000 0.00000000000 0.00000000000 0.00000000000 0.00000000000 0.00000000000 0.00000000000 0.00000000000 0.00000000000 0.00000000000 0.00000000000 0.00000000000 0.00000000000 0.00000000000 0.00000000000 0.00000000000 0.00000000000 0.00000000000 0.00000000000 0.00000000000 0.00000000000 0.00000000000 0.00000000000 0.00000000000 0.00000000000 0.00000000000 0.00000000000 0.00000000000 0.00000000000 0.00000000000 0.00000000000 0.00000000000 0.00000000000 0.00000000000 0.00000000000 0.00000000000 0.00000000000 0.00000000000 0.00000000000 0.00000000000 0.00000000000 0.00000000000 0.00000000000 0.00000000000 0.00000000000 0.00000000000 0.00000000000 0.00000000000 0.00000000000 0.00000000000 0.00000000000 0.00000000000 0.00000000000
# Linf_dev:
 0.00000000000 0.00000000000 0.00000000000 0.00000000000 0.00000000000 0.00000000000 0.00000000000 0.00000000000 0.00000000000 0.00000000000 0.00000000000 0.00000000000 0.00000000000 0.00000000000 0.00000000000 0.00000000000 0.00000000000 0.00000000000 0.00000000000 0.00000000000 0.00000000000 0.00000000000 0.00000000000 0.00000000000 0.00000000000 0.00000000000 0.00000000000 0.00000000000 0.00000000000 0.00000000000 0.00000000000 0.00000000000 0.00000000000 0.00000000000 0.00000000000 0.00000000000 0.00000000000 0.00000000000 0.00000000000 0.00000000000 0.00000000000 0.00000000000 0.00000000000 0.00000000000 0.00000000000 0.00000000000 0.00000000000 0.00000000000 0.00000000000 0.00000000000 0.00000000000 0.00000000000 0.00000000000 0.00000000000 0.00000000000 0.00000000000 0.00000000000 0.00000000000 0.00000000000 0.00000000000 0.00000000000 0.00000000000
# SelPars50:
2.03448254915
# SelPars95:
3.63664486403
# SelPars_dev50:
 0.00000000000 0.00000000000 0.00000000000 0.00000000000 0.00000000000 0.00000000000 0.00000000000 0.00000000000 0.00000000000 0.00000000000 0.00000000000 0.00000000000 0.00000000000 0.00000000000 0.00000000000 0.00000000000 0.00000000000 0.00000000000 0.00000000000 0.00000000000 0.00000000000 0.00000000000 0.00000000000 0.00000000000 0.00000000000 0.00000000000 0.00000000000 0.00000000000 0.00000000000 0.00000000000 0.00000000000 0.00000000000 0.00000000000 0.00000000000 0.00000000000 0.00000000000 0.00000000000 0.00000000000 0.00000000000 0.00000000000 0.00000000000 0.00000000000 0.00000000000 0.00000000000 0.00000000000 0.00000000000 0.00000000000 0.00000000000 0.00000000000 0.00000000000 0.00000000000 0.00000000000 0.00000000000 0.00000000000 0.00000000000 0.00000000000 0.00000000000 0.00000000000 0.00000000000 0.00000000000 0.00000000000 0.00000000000
# SelPars_dev95:
 0.00000000000 0.00000000000 0.00000000000 0.00000000000 0.00000000000 0.00000000000 0.00000000000 0.00000000000 0.00000000000 0.00000000000 0.00000000000 0.00000000000 0.00000000000 0.00000000000 0.00000000000 0.00000000000 0.00000000000 0.00000000000 0.00000000000 0.00000000000 0.00000000000 0.00000000000 0.00000000000 0.00000000000 0.00000000000 0.00000000000 0.00000000000 0.00000000000 0.00000000000 0.00000000000 0.00000000000 0.00000000000 0.00000000000 0.00000000000 0.00000000000 0.00000000000 0.00000000000 0.00000000000 0.00000000000 0.00000000000 0.00000000000 0.00000000000 0.00000000000 0.00000000000 0.00000000000 0.00000000000 0.00000000000 0.00000000000 0.00000000000 0.00000000000 0.00000000000 0.00000000000 0.00000000000 0.00000000000 0.00000000000 0.00000000000 0.00000000000 0.00000000000 0.00000000000 0.00000000000 0.00000000000 0.00000000000
