# Number of parameters = 123 Objective function value = 54920.9  Maximum gradient component = 0.000562772
# srv_sel50:
1.52244579729
# srv_sel95:
2.57238293269
# stNatLen:
 11.4462673178 11.2754644749 11.0292981657 10.7941771894 10.5729227053 10.3475321252 10.1086609142 9.85927544379 9.60817576884 9.36409531377 9.13326685482 8.91927589430 8.72372039990 8.54695099675 8.38859565288 8.24790475406 8.12400701149 8.01605217414 7.92320687399 7.84476987070 7.78024828906 7.72921600403 7.69130822403 7.66620630317 7.65370536248
# log_avg_fmort_dir:
-1.49472259925
# fmort_dir_dev:
 -0.663606902906 -0.610509433625 -0.454098658651 -0.387743329829 -0.135333241024 -0.162133470753 -0.0351504272614 0.0323751036023 0.210477536368 0.145304776874 0.241517475072 0.384585364928 0.300528731187 0.346119725174 0.278171148554 0.298223095306 0.237372277024 0.216054591193 0.183012353949 0.145429320578 0.164327405248 0.140777414321 0.0727629789040 0.148044610332 -0.00799395738745 0.0560509680754 0.0258989217098 0.000829154169397 -0.0451656393466 -0.0360438200021 0.00691432508223 -0.128972086190 -0.103607956889 0.0484331175131 -0.180329676399 -0.0870023259598 -0.132629593735 -0.00174536132596 -0.113755410252 -0.0920766728926 -0.0338339746457 -0.0356445613867 -0.117902781735 -0.0226098148431 0.0318522165034 -0.127173514629
# mean_log_rec:
11.0943944087
# rec_dev:
 0.395506548875 0.370938463563 0.368436527892 0.347190607740 0.313909253655 0.299261011404 0.288831568587 0.255098719708 0.236183644331 0.231265476745 0.179347850055 0.108860708912 0.0592015064982 0.0160402544355 -0.0306339150099 -0.0618113770142 -0.0931614702979 -0.118796434486 -0.132826069546 -0.147194161385 -0.157192851836 -0.155019131600 -0.165829912107 -0.179181243054 -0.178698740112 -0.177274628426 -0.161997538250 -0.128704539800 -0.103811402056 -0.106571884423 -0.0973149568432 -0.0943467830838 -0.0962058121615 -0.0976859983398 -0.0916524256728 -0.0936998140172 -0.0935572022549 -0.0921264440605 -0.0804794518143 -0.0681107744435 -0.0674252738958 -0.0681809768584 -0.0704370716557 -0.0807104456616 -0.0897166967205 -0.0897167155172
# log_avg_NatM:
-1.60943800000
# m_dev:
 0.00000000000 0.00000000000 0.00000000000 0.00000000000 0.00000000000 0.00000000000 0.00000000000 0.00000000000 0.00000000000 0.00000000000 0.00000000000 0.00000000000 0.00000000000 0.00000000000 0.00000000000 0.00000000000 0.00000000000 0.00000000000 0.00000000000 0.00000000000 0.00000000000 0.00000000000 0.00000000000 0.00000000000 0.00000000000 0.00000000000 0.00000000000 0.00000000000 0.00000000000 0.00000000000 0.00000000000 0.00000000000 0.00000000000 0.00000000000 0.00000000000 0.00000000000 0.00000000000 0.00000000000 0.00000000000 0.00000000000 0.00000000000 0.00000000000 0.00000000000 0.00000000000 0.00000000000 0.00000000000
# log_avg_GrowthK:
-1.60943800000
# log_avg_Linf:
4.88280200000
# GrowthK_dev:
 0.00000000000 0.00000000000 0.00000000000 0.00000000000 0.00000000000 0.00000000000 0.00000000000 0.00000000000 0.00000000000 0.00000000000 0.00000000000 0.00000000000 0.00000000000 0.00000000000 0.00000000000 0.00000000000 0.00000000000 0.00000000000 0.00000000000 0.00000000000 0.00000000000 0.00000000000 0.00000000000 0.00000000000 0.00000000000 0.00000000000 0.00000000000 0.00000000000 0.00000000000 0.00000000000 0.00000000000 0.00000000000 0.00000000000 0.00000000000 0.00000000000 0.00000000000 0.00000000000 0.00000000000 0.00000000000 0.00000000000 0.00000000000 0.00000000000 0.00000000000 0.00000000000 0.00000000000 0.00000000000
# Linf_dev:
 0.00000000000 0.00000000000 0.00000000000 0.00000000000 0.00000000000 0.00000000000 0.00000000000 0.00000000000 0.00000000000 0.00000000000 0.00000000000 0.00000000000 0.00000000000 0.00000000000 0.00000000000 0.00000000000 0.00000000000 0.00000000000 0.00000000000 0.00000000000 0.00000000000 0.00000000000 0.00000000000 0.00000000000 0.00000000000 0.00000000000 0.00000000000 0.00000000000 0.00000000000 0.00000000000 0.00000000000 0.00000000000 0.00000000000 0.00000000000 0.00000000000 0.00000000000 0.00000000000 0.00000000000 0.00000000000 0.00000000000 0.00000000000 0.00000000000 0.00000000000 0.00000000000 0.00000000000 0.00000000000
# SelPars50:
2.06463437143
# SelPars95:
3.68477795081
# SelPars_dev50:
 0.00000000000 0.00000000000 0.00000000000 0.00000000000 0.00000000000 0.00000000000 0.00000000000 0.00000000000 0.00000000000 0.00000000000 0.00000000000 0.00000000000 0.00000000000 0.00000000000 0.00000000000 0.00000000000 0.00000000000 0.00000000000 0.00000000000 0.00000000000 0.00000000000 0.00000000000 0.00000000000 0.00000000000 0.00000000000 0.00000000000 0.00000000000 0.00000000000 0.00000000000 0.00000000000 0.00000000000 0.00000000000 0.00000000000 0.00000000000 0.00000000000 0.00000000000 0.00000000000 0.00000000000 0.00000000000 0.00000000000 0.00000000000 0.00000000000 0.00000000000 0.00000000000 0.00000000000 0.00000000000
# SelPars_dev95:
 0.00000000000 0.00000000000 0.00000000000 0.00000000000 0.00000000000 0.00000000000 0.00000000000 0.00000000000 0.00000000000 0.00000000000 0.00000000000 0.00000000000 0.00000000000 0.00000000000 0.00000000000 0.00000000000 0.00000000000 0.00000000000 0.00000000000 0.00000000000 0.00000000000 0.00000000000 0.00000000000 0.00000000000 0.00000000000 0.00000000000 0.00000000000 0.00000000000 0.00000000000 0.00000000000 0.00000000000 0.00000000000 0.00000000000 0.00000000000 0.00000000000 0.00000000000 0.00000000000 0.00000000000 0.00000000000 0.00000000000 0.00000000000 0.00000000000 0.00000000000 0.00000000000 0.00000000000 0.00000000000
