# Number of parameters = 212 Objective function value = 71788.3300280673  Maximum gradient component = 0.00262748826015889
# srv_sel50:
1.47609580219
# srv_sel95:
2.43250241931
# stNatLen:
 11.6933381564 11.5376931895 11.3348347716 11.1461818278 10.9609781158 10.7578378451 10.5314120848 10.2903921000 10.0473721969 9.81254632607 9.59219652869 9.38942957471 9.20531202187 9.03975020601 8.89206948775 8.76133312684 8.64654459292 8.54677972332 8.46127237331 8.38928481127 8.33024684618 8.28365116744 8.24906057773 8.22617836471 8.21481917546
# log_avg_fmort_dir:
-1.61158273872
# fmort_dir_dev:
 -1.88042321782 -1.89576919361 -1.32980590144 -0.817055404830 -0.537509033073 -0.506484853625 -0.389787671626 -0.247274131881 -0.0797127691897 0.0196348852038 0.290034037061 0.228719828883 0.392605747182 0.451523945173 0.503743865603 0.434276259449 0.530784231634 0.377357990136 0.394365483639 0.389324798580 0.318296622275 0.397558038422 0.356054103195 0.369053930732 0.335093269327 0.280205899447 0.275979232733 0.209148081110 0.259479833787 0.206414781452 0.181659367335 0.151508709624 -0.0174152834039 0.0155597429599 -0.164595302174 -0.0133104775204 0.113194255023 0.109642122362 0.149022638628 0.115658167143 -0.0817380772073 -0.00381684996577 -0.0228291391495 -0.0283744343148 0.0264979521273 -0.0715536234512 -0.0895690660682 -0.00993344620092 -0.107876324377 -0.110200908131 -0.00770919874572 0.0160057230151 -0.0613875981810 0.198412372474 0.427999028424 0.194807595420 -0.639052937159 -0.285801157015 0.264429924122 0.414933536485
# mean_log_rec:
11.1390775680
# rec_dev:
 0.437921950356 0.335424187138 0.241243267340 0.190131388869 0.194670426794 0.236564270997 0.275007921670 0.293274691009 0.238014912802 0.113280392003 0.0267901800754 -0.00390437052072 -0.0140835260969 -0.0227325626563 -0.0308784848826 -0.0569648294953 -0.0582785558679 -0.0628247437247 -0.0998704440272 -0.130950904010 -0.177692557758 -0.228509827162 -0.282770991466 -0.306385932003 -0.282991596043 -0.262990860232 -0.276831319162 -0.303384394435 -0.315190142718 -0.316278353516 -0.269655784947 -0.184304900672 -0.126031055646 -0.0643945473477 0.0318074994189 -0.0146293926117 -0.123120077769 -0.142877677966 -0.0768843218306 0.00434489895070 0.0523789219423 0.0476868031978 0.00774692801144 -0.0123604121742 0.0204197537800 0.0738528471693 0.106575844084 0.108555033467 0.140858955133 0.187618078401 0.241331298828 0.281478446719 0.283603256046 0.213764482957 0.0910927049380 0.00219643190297 -0.0168795938687 -0.0383293523846 -0.0873271040393 -0.0873271569624
# log_avg_NatM:
-1.53045701910
# m_dev:
 0.477534470503 0.355178355615 0.243412990361 0.103512714401 -0.201078989937 -0.420008146896 -0.401600570610 -0.396649092179 0.0164607763309 0.292574624646 0.0454981650048 -0.294374040585 -0.450365165878 -0.451780874956 -0.349269906468 -0.361475360495 -0.471737564102 -0.280692101415 -0.105415719909 -0.146260696728 -0.0610234729222 -0.0106639687545 0.0667971155679 -0.211998417964 -0.423307236996 -0.258012503674 -0.102928665291 -0.0350476569317 -0.00788118881634 -0.159174466095 -0.452693282167 -0.460986892167 -0.332395102701 -0.255230651113 0.0915727976057 0.597866959465 0.521906236458 0.0459174139939 -0.274957794521 -0.171758972889 -0.0339827542914 0.255030278214 0.327982104598 0.273373476025 0.0593875898669 -0.0310802943706 0.0653569842183 0.259175672652 0.0934227968302 0.0990776817738 0.124476796868 0.0635146232146 0.188375093240 0.520631812488 0.527796957500 0.319510839143 0.224483095258 0.346084308716 0.517614495295 0.490304325972
# log_avg_GrowthK:
-1.60943800000
# log_avg_Linf:
4.88280200000
# GrowthK_dev:
 0.00000000000 0.00000000000 0.00000000000 0.00000000000 0.00000000000 0.00000000000 0.00000000000 0.00000000000 0.00000000000 0.00000000000 0.00000000000 0.00000000000 0.00000000000 0.00000000000 0.00000000000 0.00000000000 0.00000000000 0.00000000000 0.00000000000 0.00000000000 0.00000000000 0.00000000000 0.00000000000 0.00000000000 0.00000000000 0.00000000000 0.00000000000 0.00000000000 0.00000000000 0.00000000000 0.00000000000 0.00000000000 0.00000000000 0.00000000000 0.00000000000 0.00000000000 0.00000000000 0.00000000000 0.00000000000 0.00000000000 0.00000000000 0.00000000000 0.00000000000 0.00000000000 0.00000000000 0.00000000000 0.00000000000 0.00000000000 0.00000000000 0.00000000000 0.00000000000 0.00000000000 0.00000000000 0.00000000000 0.00000000000 0.00000000000 0.00000000000 0.00000000000 0.00000000000 0.00000000000
# Linf_dev:
 0.00000000000 0.00000000000 0.00000000000 0.00000000000 0.00000000000 0.00000000000 0.00000000000 0.00000000000 0.00000000000 0.00000000000 0.00000000000 0.00000000000 0.00000000000 0.00000000000 0.00000000000 0.00000000000 0.00000000000 0.00000000000 0.00000000000 0.00000000000 0.00000000000 0.00000000000 0.00000000000 0.00000000000 0.00000000000 0.00000000000 0.00000000000 0.00000000000 0.00000000000 0.00000000000 0.00000000000 0.00000000000 0.00000000000 0.00000000000 0.00000000000 0.00000000000 0.00000000000 0.00000000000 0.00000000000 0.00000000000 0.00000000000 0.00000000000 0.00000000000 0.00000000000 0.00000000000 0.00000000000 0.00000000000 0.00000000000 0.00000000000 0.00000000000 0.00000000000 0.00000000000 0.00000000000 0.00000000000 0.00000000000 0.00000000000 0.00000000000 0.00000000000 0.00000000000 0.00000000000
# SelPars50:
2.02815384259
# SelPars95:
3.60615656425
# SelPars_dev50:
 0.00000000000 0.00000000000 0.00000000000 0.00000000000 0.00000000000 0.00000000000 0.00000000000 0.00000000000 0.00000000000 0.00000000000 0.00000000000 0.00000000000 0.00000000000 0.00000000000 0.00000000000 0.00000000000 0.00000000000 0.00000000000 0.00000000000 0.00000000000 0.00000000000 0.00000000000 0.00000000000 0.00000000000 0.00000000000 0.00000000000 0.00000000000 0.00000000000 0.00000000000 0.00000000000 0.00000000000 0.00000000000 0.00000000000 0.00000000000 0.00000000000 0.00000000000 0.00000000000 0.00000000000 0.00000000000 0.00000000000 0.00000000000 0.00000000000 0.00000000000 0.00000000000 0.00000000000 0.00000000000 0.00000000000 0.00000000000 0.00000000000 0.00000000000 0.00000000000 0.00000000000 0.00000000000 0.00000000000 0.00000000000 0.00000000000 0.00000000000 0.00000000000 0.00000000000 0.00000000000
# SelPars_dev95:
 0.00000000000 0.00000000000 0.00000000000 0.00000000000 0.00000000000 0.00000000000 0.00000000000 0.00000000000 0.00000000000 0.00000000000 0.00000000000 0.00000000000 0.00000000000 0.00000000000 0.00000000000 0.00000000000 0.00000000000 0.00000000000 0.00000000000 0.00000000000 0.00000000000 0.00000000000 0.00000000000 0.00000000000 0.00000000000 0.00000000000 0.00000000000 0.00000000000 0.00000000000 0.00000000000 0.00000000000 0.00000000000 0.00000000000 0.00000000000 0.00000000000 0.00000000000 0.00000000000 0.00000000000 0.00000000000 0.00000000000 0.00000000000 0.00000000000 0.00000000000 0.00000000000 0.00000000000 0.00000000000 0.00000000000 0.00000000000 0.00000000000 0.00000000000 0.00000000000 0.00000000000 0.00000000000 0.00000000000 0.00000000000 0.00000000000 0.00000000000 0.00000000000 0.00000000000 0.00000000000
