# Number of parameters = 155 Objective function value = 74561.6  Maximum gradient component = 0.000787619
# srv_sel50:
1.51352611852
# srv_sel95:
2.54576021063
# stNatLen:
 11.4285230050 11.2827716147 11.0736756131 10.8805724510 10.6990410580 10.5055246133 10.2884940100 10.0516755775 9.80612459323 9.56298531671 9.33040635979 9.11328520237 8.91404414484 8.73345527450 8.57139822548 8.42729991264 8.30038817046 8.18983977324 8.09482619427 8.01456370485 7.94847551070 7.89609221966 7.85701034603 7.83100705384 7.81799726464
# log_avg_fmort_dir:
-1.68059275819
# fmort_dir_dev:
 -1.68243480192 -1.61469006393 -1.21447973452 -0.929901184548 -0.714302416088 -0.460234525329 -0.355793030465 -0.139417161404 0.0373972151714 0.0410869578209 0.161248284017 0.302392307120 0.447593517960 0.408055317871 0.553253503378 0.582936973586 0.544937516225 0.476702577612 0.460823978552 0.365184156878 0.407066604466 0.342718723846 0.345179061461 0.314650747634 0.249030949078 0.388477982677 0.273994481430 0.159134671839 0.266552086335 0.202985759374 0.226802168280 0.195834679911 0.0943099828250 0.0265381286926 0.0525796595913 0.00375222307602 0.0731570614039 0.108239615184 -3.70033547048e-005 0.116928524333 0.0508561459889 0.178227042904 0.101313421519 0.0904932193299 0.0415964597693 0.207626422346 0.0291152673206 0.0690167497620 0.127512476920 0.0978335406342 -0.197104196898 -0.239606294496 -0.0584260288662 -0.433771537231 -0.245779519558 -0.151143820527 -0.156004832290 -0.225421795212 -0.0530084121727 -0.0869170537390 -0.222696576859 -0.0419661747068
# mean_log_rec:
11.1231911523
# rec_dev:
 0.369424873134 0.349558828326 0.357203367534 0.359756140581 0.356545979058 0.362507431415 0.357943043821 0.337178976194 0.321181909813 0.300077182850 0.278759748638 0.261250419611 0.226123691506 0.171653416180 0.109183923935 0.0587624446740 0.0206699327321 -0.00545737129561 -0.0383988387873 -0.0769247277673 -0.0951077423334 -0.108542659516 -0.125156891244 -0.138206841653 -0.147915211983 -0.159165329943 -0.169821814636 -0.190619116533 -0.196328404281 -0.200823830333 -0.207393097187 -0.203362831457 -0.185037493686 -0.180140613075 -0.185924995391 -0.180629967500 -0.162253900934 -0.148676547971 -0.127539930838 -0.100602194931 -0.0927733704382 -0.0887194197193 -0.0760651767502 -0.0693436994182 -0.0836623764906 -0.0834683135164 -0.0824391598760 -0.102016317385 -0.0943864145037 -0.0908623517233 -0.0754514371670 -0.0609724414953 -0.0449856581690 -0.0261214520291 -0.0102187070258 -0.0144204087313 -0.0177176749916 -0.0226533305649 -0.0267647059771 -0.0277802728615 -0.0364641894729 -0.0364640784217
# log_avg_NatM:
-1.60943800000
# m_dev:
 0.00000000000 0.00000000000 0.00000000000 0.00000000000 0.00000000000 0.00000000000 0.00000000000 0.00000000000 0.00000000000 0.00000000000 0.00000000000 0.00000000000 0.00000000000 0.00000000000 0.00000000000 0.00000000000 0.00000000000 0.00000000000 0.00000000000 0.00000000000 0.00000000000 0.00000000000 0.00000000000 0.00000000000 0.00000000000 0.00000000000 0.00000000000 0.00000000000 0.00000000000 0.00000000000 0.00000000000 0.00000000000 0.00000000000 0.00000000000 0.00000000000 0.00000000000 0.00000000000 0.00000000000 0.00000000000 0.00000000000 0.00000000000 0.00000000000 0.00000000000 0.00000000000 0.00000000000 0.00000000000 0.00000000000 0.00000000000 0.00000000000 0.00000000000 0.00000000000 0.00000000000 0.00000000000 0.00000000000 0.00000000000 0.00000000000 0.00000000000 0.00000000000 0.00000000000 0.00000000000 0.00000000000 0.00000000000
# log_avg_GrowthK:
-1.60943800000
# log_avg_Linf:
4.88280200000
# GrowthK_dev:
 0.00000000000 0.00000000000 0.00000000000 0.00000000000 0.00000000000 0.00000000000 0.00000000000 0.00000000000 0.00000000000 0.00000000000 0.00000000000 0.00000000000 0.00000000000 0.00000000000 0.00000000000 0.00000000000 0.00000000000 0.00000000000 0.00000000000 0.00000000000 0.00000000000 0.00000000000 0.00000000000 0.00000000000 0.00000000000 0.00000000000 0.00000000000 0.00000000000 0.00000000000 0.00000000000 0.00000000000 0.00000000000 0.00000000000 0.00000000000 0.00000000000 0.00000000000 0.00000000000 0.00000000000 0.00000000000 0.00000000000 0.00000000000 0.00000000000 0.00000000000 0.00000000000 0.00000000000 0.00000000000 0.00000000000 0.00000000000 0.00000000000 0.00000000000 0.00000000000 0.00000000000 0.00000000000 0.00000000000 0.00000000000 0.00000000000 0.00000000000 0.00000000000 0.00000000000 0.00000000000 0.00000000000 0.00000000000
# Linf_dev:
 0.00000000000 0.00000000000 0.00000000000 0.00000000000 0.00000000000 0.00000000000 0.00000000000 0.00000000000 0.00000000000 0.00000000000 0.00000000000 0.00000000000 0.00000000000 0.00000000000 0.00000000000 0.00000000000 0.00000000000 0.00000000000 0.00000000000 0.00000000000 0.00000000000 0.00000000000 0.00000000000 0.00000000000 0.00000000000 0.00000000000 0.00000000000 0.00000000000 0.00000000000 0.00000000000 0.00000000000 0.00000000000 0.00000000000 0.00000000000 0.00000000000 0.00000000000 0.00000000000 0.00000000000 0.00000000000 0.00000000000 0.00000000000 0.00000000000 0.00000000000 0.00000000000 0.00000000000 0.00000000000 0.00000000000 0.00000000000 0.00000000000 0.00000000000 0.00000000000 0.00000000000 0.00000000000 0.00000000000 0.00000000000 0.00000000000 0.00000000000 0.00000000000 0.00000000000 0.00000000000 0.00000000000 0.00000000000
# SelPars50:
2.05249952887
# SelPars95:
3.65807268612
# SelPars_dev50:
 0.00000000000 0.00000000000 0.00000000000 0.00000000000 0.00000000000 0.00000000000 0.00000000000 0.00000000000 0.00000000000 0.00000000000 0.00000000000 0.00000000000 0.00000000000 0.00000000000 0.00000000000 0.00000000000 0.00000000000 0.00000000000 0.00000000000 0.00000000000 0.00000000000 0.00000000000 0.00000000000 0.00000000000 0.00000000000 0.00000000000 0.00000000000 0.00000000000 0.00000000000 0.00000000000 0.00000000000 0.00000000000 0.00000000000 0.00000000000 0.00000000000 0.00000000000 0.00000000000 0.00000000000 0.00000000000 0.00000000000 0.00000000000 0.00000000000 0.00000000000 0.00000000000 0.00000000000 0.00000000000 0.00000000000 0.00000000000 0.00000000000 0.00000000000 0.00000000000 0.00000000000 0.00000000000 0.00000000000 0.00000000000 0.00000000000 0.00000000000 0.00000000000 0.00000000000 0.00000000000 0.00000000000 0.00000000000
# SelPars_dev95:
 0.00000000000 0.00000000000 0.00000000000 0.00000000000 0.00000000000 0.00000000000 0.00000000000 0.00000000000 0.00000000000 0.00000000000 0.00000000000 0.00000000000 0.00000000000 0.00000000000 0.00000000000 0.00000000000 0.00000000000 0.00000000000 0.00000000000 0.00000000000 0.00000000000 0.00000000000 0.00000000000 0.00000000000 0.00000000000 0.00000000000 0.00000000000 0.00000000000 0.00000000000 0.00000000000 0.00000000000 0.00000000000 0.00000000000 0.00000000000 0.00000000000 0.00000000000 0.00000000000 0.00000000000 0.00000000000 0.00000000000 0.00000000000 0.00000000000 0.00000000000 0.00000000000 0.00000000000 0.00000000000 0.00000000000 0.00000000000 0.00000000000 0.00000000000 0.00000000000 0.00000000000 0.00000000000 0.00000000000 0.00000000000 0.00000000000 0.00000000000 0.00000000000 0.00000000000 0.00000000000 0.00000000000 0.00000000000
