# Number of parameters = 147 Objective function value = 69604.2  Maximum gradient component = 0.000834808
# srv_sel50:
1.52356793163
# srv_sel95:
2.57259578478
# stNatLen:
 11.4697996202 11.3089370928 11.0778776155 10.8503045688 10.6289657338 10.3994774514 10.1562347654 9.90452472868 9.65379629184 9.41241309520 9.18588544114 8.97708938551 8.78708784177 8.61587099011 8.46285255482 8.32717415414 8.20791300857 8.10418211164 8.01517420883 7.94020316364 7.87868388256 7.83006831255 7.79402737044 7.77035643242 7.75864998914
# log_avg_fmort_dir:
-1.57079627587
# fmort_dir_dev:
 -0.279294870221 -0.512264956426 -0.339587079923 -0.236777378731 -0.0523858209757 -0.0283582834108 0.0489187533738 0.250949477381 0.140798572659 0.363111434957 0.382903767978 0.379631001684 0.451592528351 0.472472466482 0.277094264362 0.290168553440 0.392893441512 0.376989664933 0.246769730353 0.219033556828 0.185026813145 0.258221302829 0.0242539380586 0.195142763590 0.199166573826 0.0993722492284 0.170055960774 -0.0711722018355 0.0439791961131 -0.0650501689063 0.0308751973210 0.0740460038744 0.00306208376670 -0.00674361306823 -0.00390912852371 -0.0561511453625 -0.0227549542067 0.0113166568521 -0.00502291373782 -0.0755313244518 -0.0441225584435 0.0438704742120 -0.0450484429682 -0.114807364986 -0.0692159598815 -0.0348366295308 -0.106871900130 -0.129182776246 -0.314511218681 -0.301258126196 -0.479631868456 -0.516722028782 -0.536846843273 -0.296146012162 -0.223409981976 -0.210699903502 -0.194396667696 -0.259004305196
# mean_log_rec:
11.1087139312
# rec_dev:
 0.408328751518 0.373833009239 0.359490094424 0.352688297644 0.343364441409 0.319180594711 0.287935434932 0.267224518003 0.232271185285 0.193965100136 0.135972189170 0.0584840186568 0.0104931948634 0.0150879122990 -0.0151137455792 -0.0842000882569 -0.111305153355 -0.125650212208 -0.129222106354 -0.138024966061 -0.147738447522 -0.136110722588 -0.139743188791 -0.147041003777 -0.143506814814 -0.147633520884 -0.137966866382 -0.145333522045 -0.142637877782 -0.137553971639 -0.146968121145 -0.159658445406 -0.147362842225 -0.133219673004 -0.125367869046 -0.102252060060 -0.0913173330411 -0.0970977458408 -0.0918494935081 -0.0954786835242 -0.107671400807 -0.123687400173 -0.113860912254 -0.104281241455 -0.0991874039567 -0.0775110141894 -0.0586824322458 -0.0382729983947 -0.0133141045358 0.00896949059524 0.0207355363405 0.0410223985410 0.0731829586777 0.0896644263757 0.0928953259317 0.0923146235059 0.0893599411847 0.0893599394061
# log_avg_NatM:
-1.60943800000
# m_dev:
 0.00000000000 0.00000000000 0.00000000000 0.00000000000 0.00000000000 0.00000000000 0.00000000000 0.00000000000 0.00000000000 0.00000000000 0.00000000000 0.00000000000 0.00000000000 0.00000000000 0.00000000000 0.00000000000 0.00000000000 0.00000000000 0.00000000000 0.00000000000 0.00000000000 0.00000000000 0.00000000000 0.00000000000 0.00000000000 0.00000000000 0.00000000000 0.00000000000 0.00000000000 0.00000000000 0.00000000000 0.00000000000 0.00000000000 0.00000000000 0.00000000000 0.00000000000 0.00000000000 0.00000000000 0.00000000000 0.00000000000 0.00000000000 0.00000000000 0.00000000000 0.00000000000 0.00000000000 0.00000000000 0.00000000000 0.00000000000 0.00000000000 0.00000000000 0.00000000000 0.00000000000 0.00000000000 0.00000000000 0.00000000000 0.00000000000 0.00000000000 0.00000000000
# log_avg_GrowthK:
-1.60943800000
# log_avg_Linf:
4.88280200000
# GrowthK_dev:
 0.00000000000 0.00000000000 0.00000000000 0.00000000000 0.00000000000 0.00000000000 0.00000000000 0.00000000000 0.00000000000 0.00000000000 0.00000000000 0.00000000000 0.00000000000 0.00000000000 0.00000000000 0.00000000000 0.00000000000 0.00000000000 0.00000000000 0.00000000000 0.00000000000 0.00000000000 0.00000000000 0.00000000000 0.00000000000 0.00000000000 0.00000000000 0.00000000000 0.00000000000 0.00000000000 0.00000000000 0.00000000000 0.00000000000 0.00000000000 0.00000000000 0.00000000000 0.00000000000 0.00000000000 0.00000000000 0.00000000000 0.00000000000 0.00000000000 0.00000000000 0.00000000000 0.00000000000 0.00000000000 0.00000000000 0.00000000000 0.00000000000 0.00000000000 0.00000000000 0.00000000000 0.00000000000 0.00000000000 0.00000000000 0.00000000000 0.00000000000 0.00000000000
# Linf_dev:
 0.00000000000 0.00000000000 0.00000000000 0.00000000000 0.00000000000 0.00000000000 0.00000000000 0.00000000000 0.00000000000 0.00000000000 0.00000000000 0.00000000000 0.00000000000 0.00000000000 0.00000000000 0.00000000000 0.00000000000 0.00000000000 0.00000000000 0.00000000000 0.00000000000 0.00000000000 0.00000000000 0.00000000000 0.00000000000 0.00000000000 0.00000000000 0.00000000000 0.00000000000 0.00000000000 0.00000000000 0.00000000000 0.00000000000 0.00000000000 0.00000000000 0.00000000000 0.00000000000 0.00000000000 0.00000000000 0.00000000000 0.00000000000 0.00000000000 0.00000000000 0.00000000000 0.00000000000 0.00000000000 0.00000000000 0.00000000000 0.00000000000 0.00000000000 0.00000000000 0.00000000000 0.00000000000 0.00000000000 0.00000000000 0.00000000000 0.00000000000 0.00000000000
# SelPars50:
2.06617679706
# SelPars95:
3.69234979756
# SelPars_dev50:
 0.00000000000 0.00000000000 0.00000000000 0.00000000000 0.00000000000 0.00000000000 0.00000000000 0.00000000000 0.00000000000 0.00000000000 0.00000000000 0.00000000000 0.00000000000 0.00000000000 0.00000000000 0.00000000000 0.00000000000 0.00000000000 0.00000000000 0.00000000000 0.00000000000 0.00000000000 0.00000000000 0.00000000000 0.00000000000 0.00000000000 0.00000000000 0.00000000000 0.00000000000 0.00000000000 0.00000000000 0.00000000000 0.00000000000 0.00000000000 0.00000000000 0.00000000000 0.00000000000 0.00000000000 0.00000000000 0.00000000000 0.00000000000 0.00000000000 0.00000000000 0.00000000000 0.00000000000 0.00000000000 0.00000000000 0.00000000000 0.00000000000 0.00000000000 0.00000000000 0.00000000000 0.00000000000 0.00000000000 0.00000000000 0.00000000000 0.00000000000 0.00000000000
# SelPars_dev95:
 0.00000000000 0.00000000000 0.00000000000 0.00000000000 0.00000000000 0.00000000000 0.00000000000 0.00000000000 0.00000000000 0.00000000000 0.00000000000 0.00000000000 0.00000000000 0.00000000000 0.00000000000 0.00000000000 0.00000000000 0.00000000000 0.00000000000 0.00000000000 0.00000000000 0.00000000000 0.00000000000 0.00000000000 0.00000000000 0.00000000000 0.00000000000 0.00000000000 0.00000000000 0.00000000000 0.00000000000 0.00000000000 0.00000000000 0.00000000000 0.00000000000 0.00000000000 0.00000000000 0.00000000000 0.00000000000 0.00000000000 0.00000000000 0.00000000000 0.00000000000 0.00000000000 0.00000000000 0.00000000000 0.00000000000 0.00000000000 0.00000000000 0.00000000000 0.00000000000 0.00000000000 0.00000000000 0.00000000000 0.00000000000 0.00000000000 0.00000000000 0.00000000000
