# Number of parameters = 143 Objective function value = 67087.0  Maximum gradient component = 0.000252069
# srv_sel50:
1.63127999133
# srv_sel95:
2.87152281240
# stNatLen:
 11.9046357715 11.7254269046 11.4733563045 11.2596725659 11.0815451404 10.9042793466 10.7021888297 10.4693912509 10.2147584776 9.95218246603 9.69396813037 9.44856920980 9.22084075762 9.01305148919 8.82589324015 8.65913180121 8.51204061635 8.38375460582 8.27344566339 8.18029967376 8.10364479262 8.04279861553 7.99734784824 7.96706862310 7.95195381063
# log_avg_fmort_dir:
-1.67711241125
# fmort_dir_dev:
 -2.13266892484 -2.08170958035 -1.52401355290 -1.09966779189 -0.857983764006 -0.584169866274 -0.485824417924 -0.268232738257 -0.159226542459 0.00972150019747 0.143192022105 0.257419627411 0.306822272537 0.395075887957 0.444387006086 0.433518489773 0.474195638444 0.394844001392 0.409866011291 0.356917162120 0.403972872817 0.213871029062 0.238435536945 0.372408497459 0.227661149314 0.252504649034 0.123293222135 0.148591507778 0.190431985278 0.191712458936 0.122890775715 0.134844249490 0.0771776719833 0.0931555498323 0.155747974050 0.222928738237 0.157770490664 0.197440086651 0.0831438972891 0.0729840614735 0.130055038846 0.0761582881079 0.0589423003794 0.138665338344 0.155658000464 0.193602013767 0.104842915828 0.171238922224 0.124676336862 0.164586342719 0.282695254167 -0.00181518284888 -0.0320980129141 0.0832241814105 0.0991364970245 0.137002921073
# mean_log_rec:
11.3443475230
# rec_dev:
 0.583241871461 0.543357898395 0.525856817081 0.520207636332 0.500248382585 0.480171820141 0.452407998754 0.433343443888 0.426659697300 0.395823486225 0.354743859423 0.333272860996 0.311111854038 0.276614468601 0.219332114911 0.168213592512 0.124114927076 0.0881369464384 0.0413311574511 -0.00772051690220 -0.0277023144475 -0.0431786749503 -0.0570475158917 -0.0924905089673 -0.119861017744 -0.120289493976 -0.136291256358 -0.156592187605 -0.172546943119 -0.205304452452 -0.249112169513 -0.279767468113 -0.322199194194 -0.353102355017 -0.280737781806 -0.220857522660 -0.215271361582 -0.204838232950 -0.208654753718 -0.211434374444 -0.209005909995 -0.204471536048 -0.205166939587 -0.216797979772 -0.218245388099 -0.222453728202 -0.230013372786 -0.222221095523 -0.201554061431 -0.198302310907 -0.203115683076 -0.203353180049 -0.172975411902 -0.124047033695 -0.130733562387 -0.130733543739
# log_avg_NatM:
-1.47890400000
# m_dev:
 0.00000000000 0.00000000000 0.00000000000 0.00000000000 0.00000000000 0.00000000000 0.00000000000 0.00000000000 0.00000000000 0.00000000000 0.00000000000 0.00000000000 0.00000000000 0.00000000000 0.00000000000 0.00000000000 0.00000000000 0.00000000000 0.00000000000 0.00000000000 0.00000000000 0.00000000000 0.00000000000 0.00000000000 0.00000000000 0.00000000000 0.00000000000 0.00000000000 0.00000000000 0.00000000000 0.00000000000 0.00000000000 0.00000000000 0.00000000000 0.00000000000 0.00000000000 0.00000000000 0.00000000000 0.00000000000 0.00000000000 0.00000000000 0.00000000000 0.00000000000 0.00000000000 0.00000000000 0.00000000000 0.00000000000 0.00000000000 0.00000000000 0.00000000000 0.00000000000 0.00000000000 0.00000000000 0.00000000000 0.00000000000 0.00000000000
# log_avg_GrowthK:
-1.60943800000
# log_avg_Linf:
4.88280200000
# GrowthK_dev:
 0.00000000000 0.00000000000 0.00000000000 0.00000000000 0.00000000000 0.00000000000 0.00000000000 0.00000000000 0.00000000000 0.00000000000 0.00000000000 0.00000000000 0.00000000000 0.00000000000 0.00000000000 0.00000000000 0.00000000000 0.00000000000 0.00000000000 0.00000000000 0.00000000000 0.00000000000 0.00000000000 0.00000000000 0.00000000000 0.00000000000 0.00000000000 0.00000000000 0.00000000000 0.00000000000 0.00000000000 0.00000000000 0.00000000000 0.00000000000 0.00000000000 0.00000000000 0.00000000000 0.00000000000 0.00000000000 0.00000000000 0.00000000000 0.00000000000 0.00000000000 0.00000000000 0.00000000000 0.00000000000 0.00000000000 0.00000000000 0.00000000000 0.00000000000 0.00000000000 0.00000000000 0.00000000000 0.00000000000 0.00000000000 0.00000000000
# Linf_dev:
 0.00000000000 0.00000000000 0.00000000000 0.00000000000 0.00000000000 0.00000000000 0.00000000000 0.00000000000 0.00000000000 0.00000000000 0.00000000000 0.00000000000 0.00000000000 0.00000000000 0.00000000000 0.00000000000 0.00000000000 0.00000000000 0.00000000000 0.00000000000 0.00000000000 0.00000000000 0.00000000000 0.00000000000 0.00000000000 0.00000000000 0.00000000000 0.00000000000 0.00000000000 0.00000000000 0.00000000000 0.00000000000 0.00000000000 0.00000000000 0.00000000000 0.00000000000 0.00000000000 0.00000000000 0.00000000000 0.00000000000 0.00000000000 0.00000000000 0.00000000000 0.00000000000 0.00000000000 0.00000000000 0.00000000000 0.00000000000 0.00000000000 0.00000000000 0.00000000000 0.00000000000 0.00000000000 0.00000000000 0.00000000000 0.00000000000
# SelPars50:
2.20772622394
# SelPars95:
4.00223673938
# SelPars_dev50:
 0.00000000000 0.00000000000 0.00000000000 0.00000000000 0.00000000000 0.00000000000 0.00000000000 0.00000000000 0.00000000000 0.00000000000 0.00000000000 0.00000000000 0.00000000000 0.00000000000 0.00000000000 0.00000000000 0.00000000000 0.00000000000 0.00000000000 0.00000000000 0.00000000000 0.00000000000 0.00000000000 0.00000000000 0.00000000000 0.00000000000 0.00000000000 0.00000000000 0.00000000000 0.00000000000 0.00000000000 0.00000000000 0.00000000000 0.00000000000 0.00000000000 0.00000000000 0.00000000000 0.00000000000 0.00000000000 0.00000000000 0.00000000000 0.00000000000 0.00000000000 0.00000000000 0.00000000000 0.00000000000 0.00000000000 0.00000000000 0.00000000000 0.00000000000 0.00000000000 0.00000000000 0.00000000000 0.00000000000 0.00000000000 0.00000000000
# SelPars_dev95:
 0.00000000000 0.00000000000 0.00000000000 0.00000000000 0.00000000000 0.00000000000 0.00000000000 0.00000000000 0.00000000000 0.00000000000 0.00000000000 0.00000000000 0.00000000000 0.00000000000 0.00000000000 0.00000000000 0.00000000000 0.00000000000 0.00000000000 0.00000000000 0.00000000000 0.00000000000 0.00000000000 0.00000000000 0.00000000000 0.00000000000 0.00000000000 0.00000000000 0.00000000000 0.00000000000 0.00000000000 0.00000000000 0.00000000000 0.00000000000 0.00000000000 0.00000000000 0.00000000000 0.00000000000 0.00000000000 0.00000000000 0.00000000000 0.00000000000 0.00000000000 0.00000000000 0.00000000000 0.00000000000 0.00000000000 0.00000000000 0.00000000000 0.00000000000 0.00000000000 0.00000000000 0.00000000000 0.00000000000 0.00000000000 0.00000000000
