# Number of parameters = 133 Objective function value = 61017.7  Maximum gradient component = 0.00671481
# srv_sel50:
1.53596425417
# srv_sel95:
2.61083238030
# stNatLen:
 11.4544159082 11.2743891219 11.0201203427 10.7834063106 10.5644167394 10.3424476259 10.1064526871 9.85858053701 9.60752862233 9.36232617318 9.12960464421 8.91329181708 8.71524896782 8.53599356166 8.37527402707 8.23244879138 8.10669472174 7.99716724100 7.90306620958 7.82369290472 7.75840317855 7.70661030696 7.66786379558 7.64204945152 7.62917354249
# log_avg_fmort_dir:
-1.52081530669
# fmort_dir_dev:
 -0.698566659013 -0.589528878610 -0.478882962375 -0.300753082322 -0.158845808551 -0.107386385680 0.0744786871723 0.221726152997 0.282986239006 0.285486168929 0.288718586772 0.327921710787 0.328886800456 0.361652746330 0.315485740384 0.332895801437 0.270481255817 0.219402569213 0.265356731646 0.192227766775 0.245597897832 0.144725154297 0.0679275601254 0.142924632463 0.122103115728 0.130352282465 0.0792819619356 0.0287647991192 0.0301137084778 0.00357796765456 0.0341219288813 -0.0596600679629 0.0278084669138 -0.0791187215974 -0.0271075655699 -0.0561028053891 0.0170982683061 -0.0518190631030 0.0100900324447 -0.0787486255395 -0.152677777841 -0.0797413938472 -0.0122187047155 -0.0105042168492 -0.0258674456469 -0.0426829976867 -0.456186613886 -0.305777957900 -0.451930242805 -0.376544532949 -0.251542224525
# mean_log_rec:
11.0961405870
# rec_dev:
 0.383766625802 0.351726812760 0.352307868834 0.352564975720 0.342653916287 0.316748545933 0.277330645803 0.235325502546 0.208790113860 0.166340004398 0.117147853630 0.0744953093529 0.0244886669353 -0.00236442744809 -0.0354382309007 -0.0715301111068 -0.0886272018532 -0.0971806416574 -0.113561058525 -0.150450851831 -0.152524870199 -0.143529556539 -0.144855821679 -0.138528189860 -0.144262730655 -0.136246799719 -0.117498730605 -0.109777093081 -0.111382813674 -0.129177163758 -0.135469656005 -0.126083933204 -0.101517688656 -0.0868639145016 -0.0936478853536 -0.0930341932440 -0.0945714719906 -0.0876261997986 -0.0613342970486 -0.0429223174499 -0.0518383852626 -0.0680287782689 -0.0713361963856 -0.0755710533580 -0.0714103843745 -0.0590646867136 -0.0487001873765 -0.0118993173397 0.0215791448000 0.0212954370864 0.0212954156748
# log_avg_NatM:
-1.60943800000
# m_dev:
 0.00000000000 0.00000000000 0.00000000000 0.00000000000 0.00000000000 0.00000000000 0.00000000000 0.00000000000 0.00000000000 0.00000000000 0.00000000000 0.00000000000 0.00000000000 0.00000000000 0.00000000000 0.00000000000 0.00000000000 0.00000000000 0.00000000000 0.00000000000 0.00000000000 0.00000000000 0.00000000000 0.00000000000 0.00000000000 0.00000000000 0.00000000000 0.00000000000 0.00000000000 0.00000000000 0.00000000000 0.00000000000 0.00000000000 0.00000000000 0.00000000000 0.00000000000 0.00000000000 0.00000000000 0.00000000000 0.00000000000 0.00000000000 0.00000000000 0.00000000000 0.00000000000 0.00000000000 0.00000000000 0.00000000000 0.00000000000 0.00000000000 0.00000000000 0.00000000000
# log_avg_GrowthK:
-1.60943800000
# log_avg_Linf:
4.88280200000
# GrowthK_dev:
 0.00000000000 0.00000000000 0.00000000000 0.00000000000 0.00000000000 0.00000000000 0.00000000000 0.00000000000 0.00000000000 0.00000000000 0.00000000000 0.00000000000 0.00000000000 0.00000000000 0.00000000000 0.00000000000 0.00000000000 0.00000000000 0.00000000000 0.00000000000 0.00000000000 0.00000000000 0.00000000000 0.00000000000 0.00000000000 0.00000000000 0.00000000000 0.00000000000 0.00000000000 0.00000000000 0.00000000000 0.00000000000 0.00000000000 0.00000000000 0.00000000000 0.00000000000 0.00000000000 0.00000000000 0.00000000000 0.00000000000 0.00000000000 0.00000000000 0.00000000000 0.00000000000 0.00000000000 0.00000000000 0.00000000000 0.00000000000 0.00000000000 0.00000000000 0.00000000000
# Linf_dev:
 0.00000000000 0.00000000000 0.00000000000 0.00000000000 0.00000000000 0.00000000000 0.00000000000 0.00000000000 0.00000000000 0.00000000000 0.00000000000 0.00000000000 0.00000000000 0.00000000000 0.00000000000 0.00000000000 0.00000000000 0.00000000000 0.00000000000 0.00000000000 0.00000000000 0.00000000000 0.00000000000 0.00000000000 0.00000000000 0.00000000000 0.00000000000 0.00000000000 0.00000000000 0.00000000000 0.00000000000 0.00000000000 0.00000000000 0.00000000000 0.00000000000 0.00000000000 0.00000000000 0.00000000000 0.00000000000 0.00000000000 0.00000000000 0.00000000000 0.00000000000 0.00000000000 0.00000000000 0.00000000000 0.00000000000 0.00000000000 0.00000000000 0.00000000000 0.00000000000
# SelPars50:
2.08907640263
# SelPars95:
3.74805228075
# SelPars_dev50:
 0.00000000000 0.00000000000 0.00000000000 0.00000000000 0.00000000000 0.00000000000 0.00000000000 0.00000000000 0.00000000000 0.00000000000 0.00000000000 0.00000000000 0.00000000000 0.00000000000 0.00000000000 0.00000000000 0.00000000000 0.00000000000 0.00000000000 0.00000000000 0.00000000000 0.00000000000 0.00000000000 0.00000000000 0.00000000000 0.00000000000 0.00000000000 0.00000000000 0.00000000000 0.00000000000 0.00000000000 0.00000000000 0.00000000000 0.00000000000 0.00000000000 0.00000000000 0.00000000000 0.00000000000 0.00000000000 0.00000000000 0.00000000000 0.00000000000 0.00000000000 0.00000000000 0.00000000000 0.00000000000 0.00000000000 0.00000000000 0.00000000000 0.00000000000 0.00000000000
# SelPars_dev95:
 0.00000000000 0.00000000000 0.00000000000 0.00000000000 0.00000000000 0.00000000000 0.00000000000 0.00000000000 0.00000000000 0.00000000000 0.00000000000 0.00000000000 0.00000000000 0.00000000000 0.00000000000 0.00000000000 0.00000000000 0.00000000000 0.00000000000 0.00000000000 0.00000000000 0.00000000000 0.00000000000 0.00000000000 0.00000000000 0.00000000000 0.00000000000 0.00000000000 0.00000000000 0.00000000000 0.00000000000 0.00000000000 0.00000000000 0.00000000000 0.00000000000 0.00000000000 0.00000000000 0.00000000000 0.00000000000 0.00000000000 0.00000000000 0.00000000000 0.00000000000 0.00000000000 0.00000000000 0.00000000000 0.00000000000 0.00000000000 0.00000000000 0.00000000000 0.00000000000
