# Number of parameters = 125 Objective function value = 56137.1  Maximum gradient component = 0.00321216
# srv_sel50:
1.50395216211
# srv_sel95:
2.51211879329
# stNatLen:
 11.4802744036 11.3111769227 11.0632317154 10.8266836881 10.6016572714 10.3699927060 10.1259449936 9.87576478417 9.62917162144 9.39403768024 9.17511833530 8.97459552445 8.79299599042 8.62993614534 8.48459047848 8.35597357734 8.24310376597 8.14510222506 8.06117766405 7.99067423444 7.93295153834 7.88746530184 7.85382074568 7.83162353203 7.82055980521
# log_avg_fmort_dir:
-1.49828166290
# fmort_dir_dev:
 -0.746001484438 -0.708328883921 -0.520852373913 -0.312515493080 -0.136795443666 -0.0349179932038 0.0612019528234 0.0942475756049 0.0933253201964 0.248990629182 0.349793415983 0.312525954134 0.271179204102 0.337112142843 0.298820744917 0.317873846822 0.273152381142 0.247238048791 0.215391274619 0.164700363773 0.145381275392 0.214588129972 0.107261081032 0.162757980502 0.0149638983732 0.0646488776579 0.0508923437282 -0.0308761132076 0.00220132005963 -0.0739881662006 -0.128184854016 -0.140310691068 -0.0261037732720 -0.0921360611586 -0.0845780115417 -0.0952898149831 -0.0991767989947 -0.0983573670334 -0.0194144000933 -0.0756710941495 -0.0162505952569 0.0114155068317 0.0150898608105 -0.00827115841776 0.0112408103350 -0.0409971023856 -0.596976265629
# mean_log_rec:
11.0832818916
# rec_dev:
 0.450237416498 0.427953638562 0.417043337336 0.402431459611 0.385747227123 0.349962685183 0.312618405547 0.276371310131 0.231301873634 0.182558288508 0.138097440570 0.0874887998231 0.0448743815746 0.00255123977148 -0.0526652868116 -0.0877509231625 -0.0949695370243 -0.103179540955 -0.110249019716 -0.120091309336 -0.125093580222 -0.124477829237 -0.117929671453 -0.125429895254 -0.142194496313 -0.147796954835 -0.137281909113 -0.145636688558 -0.141776763278 -0.130651792530 -0.127838475114 -0.119777983687 -0.105284078981 -0.0957591525924 -0.0944233343398 -0.100088092781 -0.0879154210779 -0.0812399092413 -0.0794595942914 -0.0787882866669 -0.0885928794572 -0.0962316224850 -0.113931214655 -0.127172717226 -0.128987408777 -0.138286068027 -0.138286066673
# log_avg_NatM:
-1.60943800000
# m_dev:
 0.00000000000 0.00000000000 0.00000000000 0.00000000000 0.00000000000 0.00000000000 0.00000000000 0.00000000000 0.00000000000 0.00000000000 0.00000000000 0.00000000000 0.00000000000 0.00000000000 0.00000000000 0.00000000000 0.00000000000 0.00000000000 0.00000000000 0.00000000000 0.00000000000 0.00000000000 0.00000000000 0.00000000000 0.00000000000 0.00000000000 0.00000000000 0.00000000000 0.00000000000 0.00000000000 0.00000000000 0.00000000000 0.00000000000 0.00000000000 0.00000000000 0.00000000000 0.00000000000 0.00000000000 0.00000000000 0.00000000000 0.00000000000 0.00000000000 0.00000000000 0.00000000000 0.00000000000 0.00000000000 0.00000000000
# log_avg_GrowthK:
-1.60943800000
# log_avg_Linf:
4.88280200000
# GrowthK_dev:
 0.00000000000 0.00000000000 0.00000000000 0.00000000000 0.00000000000 0.00000000000 0.00000000000 0.00000000000 0.00000000000 0.00000000000 0.00000000000 0.00000000000 0.00000000000 0.00000000000 0.00000000000 0.00000000000 0.00000000000 0.00000000000 0.00000000000 0.00000000000 0.00000000000 0.00000000000 0.00000000000 0.00000000000 0.00000000000 0.00000000000 0.00000000000 0.00000000000 0.00000000000 0.00000000000 0.00000000000 0.00000000000 0.00000000000 0.00000000000 0.00000000000 0.00000000000 0.00000000000 0.00000000000 0.00000000000 0.00000000000 0.00000000000 0.00000000000 0.00000000000 0.00000000000 0.00000000000 0.00000000000 0.00000000000
# Linf_dev:
 0.00000000000 0.00000000000 0.00000000000 0.00000000000 0.00000000000 0.00000000000 0.00000000000 0.00000000000 0.00000000000 0.00000000000 0.00000000000 0.00000000000 0.00000000000 0.00000000000 0.00000000000 0.00000000000 0.00000000000 0.00000000000 0.00000000000 0.00000000000 0.00000000000 0.00000000000 0.00000000000 0.00000000000 0.00000000000 0.00000000000 0.00000000000 0.00000000000 0.00000000000 0.00000000000 0.00000000000 0.00000000000 0.00000000000 0.00000000000 0.00000000000 0.00000000000 0.00000000000 0.00000000000 0.00000000000 0.00000000000 0.00000000000 0.00000000000 0.00000000000 0.00000000000 0.00000000000 0.00000000000 0.00000000000
# SelPars50:
2.08742522487
# SelPars95:
3.76705575094
# SelPars_dev50:
 0.00000000000 0.00000000000 0.00000000000 0.00000000000 0.00000000000 0.00000000000 0.00000000000 0.00000000000 0.00000000000 0.00000000000 0.00000000000 0.00000000000 0.00000000000 0.00000000000 0.00000000000 0.00000000000 0.00000000000 0.00000000000 0.00000000000 0.00000000000 0.00000000000 0.00000000000 0.00000000000 0.00000000000 0.00000000000 0.00000000000 0.00000000000 0.00000000000 0.00000000000 0.00000000000 0.00000000000 0.00000000000 0.00000000000 0.00000000000 0.00000000000 0.00000000000 0.00000000000 0.00000000000 0.00000000000 0.00000000000 0.00000000000 0.00000000000 0.00000000000 0.00000000000 0.00000000000 0.00000000000 0.00000000000
# SelPars_dev95:
 0.00000000000 0.00000000000 0.00000000000 0.00000000000 0.00000000000 0.00000000000 0.00000000000 0.00000000000 0.00000000000 0.00000000000 0.00000000000 0.00000000000 0.00000000000 0.00000000000 0.00000000000 0.00000000000 0.00000000000 0.00000000000 0.00000000000 0.00000000000 0.00000000000 0.00000000000 0.00000000000 0.00000000000 0.00000000000 0.00000000000 0.00000000000 0.00000000000 0.00000000000 0.00000000000 0.00000000000 0.00000000000 0.00000000000 0.00000000000 0.00000000000 0.00000000000 0.00000000000 0.00000000000 0.00000000000 0.00000000000 0.00000000000 0.00000000000 0.00000000000 0.00000000000 0.00000000000 0.00000000000 0.00000000000
