# Number of parameters = 206 Objective function value = 69433.8  Maximum gradient component = 0.000574522
# srv_sel50:
1.47751115940
# srv_sel95:
2.44062366507
# stNatLen:
 11.4281235159 11.2886741741 11.0899539353 10.9004108269 10.7143050459 10.5112544856 10.2854036445 10.0448470890 9.80189028389 9.56670529131 9.34567299148 9.14202929790 8.95693118716 8.79035117271 8.64165644079 8.50995558276 8.39428538623 8.29377567695 8.20762937240 8.13510234731 8.07554545080 8.02846586553 7.99348334405 7.97027865225 7.95877031386
# log_avg_fmort_dir:
-1.62853304118
# fmort_dir_dev:
 -1.79984441576 -1.82292513200 -1.35019922460 -0.926007687956 -0.757879725982 -0.443783868692 -0.330851903917 -0.225303672022 -0.0638733121790 -0.0944520146555 0.0257386053092 0.187205713085 0.281433489851 0.345851827705 0.429557247288 0.533771440723 0.427814999290 0.407809935039 0.321502133668 0.299836142506 0.307465267148 0.267728187377 0.362823493080 0.312708734602 0.338306762117 0.285235446656 0.312831086779 0.283833932047 0.250435462061 0.258869845410 0.297758318103 0.188843487531 0.0745232492265 0.0543629896617 0.0577276358439 0.0527775166210 -0.0120102392629 -0.0270460380400 -0.00444173873648 0.0679685882413 -0.00162510754224 -0.0635863041931 0.0803193182266 -0.0667370521871 -0.0327880610066 0.0594857959369 0.0440026964297 0.0676569620110 -0.0388235603420 0.00554161831108 0.0711783500021 0.300025809993 -0.354119857658 0.0146101813150 0.206280221265 -0.0823599047981 0.341932839239 0.272903491839
# mean_log_rec:
11.1527808900
# rec_dev:
 0.338940540438 0.319621457452 0.307358715374 0.284648236105 0.255446842244 0.237152122133 0.245831403857 0.283002628098 0.320710274685 0.307343548204 0.250926851099 0.187001015623 0.128205126490 0.0716792154478 0.0193187503274 -0.0232601094649 -0.0383406987853 -0.0380469318286 -0.0215274528335 -0.0439511733864 -0.137729372667 -0.223942499324 -0.246961694085 -0.244444140997 -0.237504547500 -0.250433312228 -0.276638882752 -0.323312561248 -0.332446706997 -0.330062453944 -0.292436719853 -0.248520514380 -0.235575444115 -0.196693441325 -0.0809595427846 0.0384438920558 0.0858945377173 0.00870133938625 -0.0500309388898 -0.0422342133594 -0.00453191203062 0.0277102218370 0.0698444488917 0.0758825399008 -0.0205857858085 -0.0559322022966 -0.0259619084310 -0.0221849714158 0.00585007540443 0.0319085888288 0.0175744148799 0.0141469679321 0.0253617918554 0.0506934948532 0.0585961967534 0.0207925984802 -0.0221688512708 -0.0221688523511
# log_avg_NatM:
-1.54118121293
# m_dev:
 -0.0162790902476 -0.135940040495 0.0338151179270 0.00944488985499 0.0118358294124 -0.00741822196701 -0.235533962700 -0.458223608320 -0.401938579549 -0.0287771120705 0.0737789135375 0.0668902422545 0.0124751055188 -0.0418340022123 -0.130910921455 -0.110310098177 -0.267085228834 -0.277032884998 -0.343093010371 -0.0570879875332 0.312961870262 0.166981297587 -0.161372468490 -0.210209757572 -0.308530521874 -0.155062784023 -0.00845349132664 0.0673000389701 -0.174051366029 -0.243490424318 -0.388606029236 -0.261531326144 -0.168945546969 -0.173600169403 0.0932146206907 -0.0687324341751 -0.0365006141646 0.482713034021 0.346927603647 0.174051661186 0.0558973033628 0.0674995739838 -0.0301632908634 0.141590093726 0.590227098284 0.198719185616 -0.00184223504671 0.226814777210 0.0288568085237 0.0889969058880 0.251494706208 0.0877754847873 0.114667021004 0.148016671741 0.0559632916630 0.245475093220 0.368612237232 0.379560731246
# log_avg_GrowthK:
-1.60943800000
# log_avg_Linf:
4.88280200000
# GrowthK_dev:
 0.00000000000 0.00000000000 0.00000000000 0.00000000000 0.00000000000 0.00000000000 0.00000000000 0.00000000000 0.00000000000 0.00000000000 0.00000000000 0.00000000000 0.00000000000 0.00000000000 0.00000000000 0.00000000000 0.00000000000 0.00000000000 0.00000000000 0.00000000000 0.00000000000 0.00000000000 0.00000000000 0.00000000000 0.00000000000 0.00000000000 0.00000000000 0.00000000000 0.00000000000 0.00000000000 0.00000000000 0.00000000000 0.00000000000 0.00000000000 0.00000000000 0.00000000000 0.00000000000 0.00000000000 0.00000000000 0.00000000000 0.00000000000 0.00000000000 0.00000000000 0.00000000000 0.00000000000 0.00000000000 0.00000000000 0.00000000000 0.00000000000 0.00000000000 0.00000000000 0.00000000000 0.00000000000 0.00000000000 0.00000000000 0.00000000000 0.00000000000 0.00000000000
# Linf_dev:
 0.00000000000 0.00000000000 0.00000000000 0.00000000000 0.00000000000 0.00000000000 0.00000000000 0.00000000000 0.00000000000 0.00000000000 0.00000000000 0.00000000000 0.00000000000 0.00000000000 0.00000000000 0.00000000000 0.00000000000 0.00000000000 0.00000000000 0.00000000000 0.00000000000 0.00000000000 0.00000000000 0.00000000000 0.00000000000 0.00000000000 0.00000000000 0.00000000000 0.00000000000 0.00000000000 0.00000000000 0.00000000000 0.00000000000 0.00000000000 0.00000000000 0.00000000000 0.00000000000 0.00000000000 0.00000000000 0.00000000000 0.00000000000 0.00000000000 0.00000000000 0.00000000000 0.00000000000 0.00000000000 0.00000000000 0.00000000000 0.00000000000 0.00000000000 0.00000000000 0.00000000000 0.00000000000 0.00000000000 0.00000000000 0.00000000000 0.00000000000 0.00000000000
# SelPars50:
2.01846803250
# SelPars95:
3.57718933428
# SelPars_dev50:
 0.00000000000 0.00000000000 0.00000000000 0.00000000000 0.00000000000 0.00000000000 0.00000000000 0.00000000000 0.00000000000 0.00000000000 0.00000000000 0.00000000000 0.00000000000 0.00000000000 0.00000000000 0.00000000000 0.00000000000 0.00000000000 0.00000000000 0.00000000000 0.00000000000 0.00000000000 0.00000000000 0.00000000000 0.00000000000 0.00000000000 0.00000000000 0.00000000000 0.00000000000 0.00000000000 0.00000000000 0.00000000000 0.00000000000 0.00000000000 0.00000000000 0.00000000000 0.00000000000 0.00000000000 0.00000000000 0.00000000000 0.00000000000 0.00000000000 0.00000000000 0.00000000000 0.00000000000 0.00000000000 0.00000000000 0.00000000000 0.00000000000 0.00000000000 0.00000000000 0.00000000000 0.00000000000 0.00000000000 0.00000000000 0.00000000000 0.00000000000 0.00000000000
# SelPars_dev95:
 0.00000000000 0.00000000000 0.00000000000 0.00000000000 0.00000000000 0.00000000000 0.00000000000 0.00000000000 0.00000000000 0.00000000000 0.00000000000 0.00000000000 0.00000000000 0.00000000000 0.00000000000 0.00000000000 0.00000000000 0.00000000000 0.00000000000 0.00000000000 0.00000000000 0.00000000000 0.00000000000 0.00000000000 0.00000000000 0.00000000000 0.00000000000 0.00000000000 0.00000000000 0.00000000000 0.00000000000 0.00000000000 0.00000000000 0.00000000000 0.00000000000 0.00000000000 0.00000000000 0.00000000000 0.00000000000 0.00000000000 0.00000000000 0.00000000000 0.00000000000 0.00000000000 0.00000000000 0.00000000000 0.00000000000 0.00000000000 0.00000000000 0.00000000000 0.00000000000 0.00000000000 0.00000000000 0.00000000000 0.00000000000 0.00000000000 0.00000000000 0.00000000000
