#Simulated generalized assessment 
# 
#start/end year 
1 52 
#number of ages 
25 
#ages 
1 2 3 4 5 6 7 8 9 10 11 12 13 14 15 16 17 18 19 20 21 22 23 24 25 
#Number of length bins 
25 
#CPUE years 
52 
#years for CPUE 
1 2 3 4 5 6 7 8 9 10 11 12 13 14 15 16 17 18 19 20 21 22 23 24 25 26 27 28 29 30 31 32 33 34 35 36 37 38 39 40 41 42 43 44 45 46 47 48 49 50 51 52 
#survey years 
52 
#years for survey 
1 2 3 4 5 6 7 8 9 10 11 12 13 14 15 16 17 18 19 20 21 22 23 24 25 26 27 28 29 30 31 32 33 34 35 36 37 38 39 40 41 42 43 44 45 46 47 48 49 50 51 52 
#length freq from catch years 
52 
#years for length freq catch 
1 2 3 4 5 6 7 8 9 10 11 12 13 14 15 16 17 18 19 20 21 22 23 24 25 26 27 28 29 30 31 32 33 34 35 36 37 38 39 40 41 42 43 44 45 46 47 48 49 50 51 52 
#catch length sample sizes 
200 200 200 200 200 200 200 200 200 200 200 200 200 200 200 200 200 200 200 200 200 200 200 200 200 200 200 200 200 200 200 200 200 200 200 200 200 200 200 200 200 200 200 200 200 200 200 200 200 200 200 200 
#length freq from survey years 
52 
#years for length freq survey 
1 2 3 4 5 6 7 8 9 10 11 12 13 14 15 16 17 18 19 20 21 22 23 24 25 26 27 28 29 30 31 32 33 34 35 36 37 38 39 40 41 42 43 44 45 46 47 48 49 50 51 52 
#survey sample sizes 
200 200 200 200 200 200 200 200 200 200 200 200 200 200 200 200 200 200 200 200 200 200 200 200 200 200 200 200 200 200 200 200 200 200 200 200 200 200 200 200 200 200 200 200 200 200 200 200 200 200 200 200 
#total survey biomass 
3462869 3322812 4403529 2996510 4370719 1980183 2193071 1713922 2584804 1636828 1561676 1417386 1036850 956629.8 922364.6 1195947 874510.3 575227.4 476462.6 684638.3 551297.5 735899.1 377225.4 472542.5 739008.6 457096.9 513775.1 524234.1 509606.1 469463.1 382273.6 472394.8 397911.6 407788 591161.2 488719.3 465928.7 561158.8 491066.8 413314.1 541780 468363.2 457006 520581.7 740204.9 589461.5 809000.5 675929 430724.3 651457.7 556189.2 949071.5 
#survey CV 
0.2 0.2 0.2 0.2 0.2 0.2 0.2 0.2 0.2 0.2 0.2 0.2 0.2 0.2 0.2 0.2 0.2 0.2 0.2 0.2 0.2 0.2 0.2 0.2 0.2 0.2 0.2 0.2 0.2 0.2 0.2 0.2 0.2 0.2 0.2 0.2 0.2 0.2 0.2 0.2 0.2 0.2 0.2 0.2 0.2 0.2 0.2 0.2 0.2 0.2 0.2 0.2 
#total CPUE 
3084741 3468695 2359511 3234436 3071757 2823907 2408727 2277868 1592293 1821862 2118199 1028364 1359280 1174541 677917.2 543868.5 748327.4 801992.5 591928.6 704926 560966 465804.5 486162.6 445892.9 640714.3 568385.5 501845.6 619874.6 447744.8 495643.9 362009.8 627618.2 512247.7 638461.3 1033549 555111.7 460465.7 613794.4 707599.1 564759 556135.8 508665.6 520671.3 558362.8 402372.8 506807.4 689979.6 620216.5 590688.4 480993.7 399676.5 602059.1 
#CPUE CV 
0.2 0.2 0.2 0.2 0.2 0.2 0.2 0.2 0.2 0.2 0.2 0.2 0.2 0.2 0.2 0.2 0.2 0.2 0.2 0.2 0.2 0.2 0.2 0.2 0.2 0.2 0.2 0.2 0.2 0.2 0.2 0.2 0.2 0.2 0.2 0.2 0.2 0.2 0.2 0.2 0.2 0.2 0.2 0.2 0.2 0.2 0.2 0.2 0.2 0.2 0.2 0.2 
#total catch biomass 
0 98428.1 138682.6 188388.9 253583.7 262194.9 303155.1 310062.8 296528.5 290061.7 298622.1 258670.3 249131.6 247437.5 230623.3 223232.1 217135.1 159573.4 143116.9 134079.9 131814.5 123175.6 111191.1 106600.4 114659.8 110070.3 99960.67 107516.2 109409.2 96780.24 97095.3 95774.6 98851.15 96658.76 97276.03 93875.22 92676.83 88256.21 90842.52 87909.6 82589.73 85123.59 88469.04 85390.78 86656.35 92437.19 92127.05 94358.6 84427.18 87967.86 88554.21 64747.62 
#catch CV 
0.05 0.05 0.05 0.05 0.05 0.05 0.05 0.05 0.05 0.05 0.05 0.05 0.05 0.05 0.05 0.05 0.05 0.05 0.05 0.05 0.05 0.05 0.05 0.05 0.05 0.05 0.05 0.05 0.05 0.05 0.05 0.05 0.05 0.05 0.05 0.05 0.05 0.05 0.05 0.05 0.05 0.05 0.05 0.05 0.05 0.05 0.05 0.05 0.05 0.05 0.05 0.05 
#Length Bins 
2.752644 8.257932 13.76322 19.26851 24.7738 30.27908 35.78437 41.28966 46.79495 52.30024 57.80552 63.31081 68.8161 74.32139 79.82667 85.33196 90.83725 96.34254 101.8478 107.3531 112.8584 118.3637 123.869 129.3743 134.8796 
#catch length counts 
0 0 0 0 0 0 0 0 0 0 0 0 0 0 0 0 0 0 0 0 0 0 0 0 0 
35.07085 57.25349 86.94957 124.7339 170.9051 224.8761 284.6026 346.7538 407.5855 463.8012 512.9638 553.644 585.5354 609.4348 626.9476 639.9967 650.2384 658.3135 662.8644 659.6499 641.6624 601.2141 533.8831 442.3685 337.3867 
58.13308 94.8259 143.8479 206.0545 281.8148 370.0139 467.1281 567.5506 665.0873 754.4157 831.7535 895.0452 944.0762 980.3783 1006.71 1026.247 1041.65 1053.898 1060.748 1055.346 1026.424 961.6473 853.9143 707.5255 539.61 
82.15481 133.9409 203.0306 290.5214 396.768 519.9682 654.8717 793.2904 926.2895 1046.329 1148.254 1229.554 1290.461 1333.713 1363.695 1385.199 1402.093 1415.75 1423.058 1414.645 1375.22 1288.09 1143.624 947.4978 722.6009 
105.298 171.5844 259.9012 371.5289 506.7415 662.9875 833.2407 1006.68 1171.554 1317.993 1439.349 1532.577 1598.387 1640.918 1666.554 1682.194 1693.413 1702.444 1705.759 1692.033 1642.69 1537.431 1364.422 1130.174 861.8132 
125.6326 204.6526 309.835 442.5852 603.036 787.8674 988.3515 1191.21 1382.094 1549 1683.882 1783.11 1847.672 1882.836 1896.783 1898.538 1895.719 1892.069 1884.605 1861.289 1801.679 1683.123 1492.103 1235.184 941.5744 
147.4221 240.0064 363.0666 518.0843 705.002 919.671 1151.563 1384.791 1602.234 1789.581 1937.259 2040.958 2101.857 2126.232 2123.901 2105.903 2081.99 2057.855 2031.891 1992.47 1918.456 1785.754 1579.462 1305.696 994.5261 
167.4828 272.6085 412.2368 587.9034 799.2874 1041.298 1301.513 1561.443 1801.333 2004.831 2161.132 2265.475 2319.284 2329.683 2307.785 2266.185 2216.361 2165.848 2114.881 2053.427 1961.376 1814.914 1598.732 1318.141 1002.353 
185.1095 301.082 454.8561 647.9068 879.6285 1144.133 1427.419 1708.759 1966.038 2180.98 2341.598 2442.753 2486.246 2480.138 2436.735 2369.847 2292.153 2212.568 2133.123 2046.042 1933.66 1774.168 1553.092 1274.952 966.7036 
199.9411 325.1964 491.2195 699.4627 948.9825 1232.957 1535.688 1834.26 2104.48 2326.603 2487.911 2583.158 2614.531 2590.86 2525.433 2433.054 2327.335 2218.254 2109.401 1995.391 1861.679 1689.547 1466.346 1196.102 902.8393 
218.3971 355.0976 536.1381 762.9511 1034.291 1342.418 1669.816 1991.014 2279.15 2512.345 2676.638 2766.529 2784.849 2741.704 2651.874 2531.503 2395.292 2254.239 2113.329 1969.34 1810.711 1621.893 1392.381 1126.147 844.6549 
228.8487 371.859 560.9665 797.4111 1079.576 1399.025 1737.093 2066.856 2360.053 2593.798 2753.633 2834.03 2838.215 2777.022 2666.127 2522.506 2361.498 2194.707 2028.148 1860.639 1683.847 1485.984 1259.276 1007.741 749.6007 
243.5284 395.5595 596.3781 847.0593 1145.525 1482.334 1837.124 2180.835 2483.244 2720.2 2876.816 2947.834 2937.227 2856.863 2723.513 2555.137 2367.872 2174.067 1980.779 1788.618 1591.999 1382.356 1154.363 912.2661 671.6861 
255.6322 415.0515 625.3991 887.5584 1198.999 1549.362 1916.765 2270.239 2577.788 2814.116 2964.044 3022.803 2995.447 2895.21 2740.174 2549.266 2339.191 2122.691 1907.49 1695.627 1483.924 1266.736 1040.979 811.0544 590.0444 
259.003 420.5388 633.6465 899.099 1214.053 1567.536 1936.745 2289.669 2593.446 2822.356 2961.307 3006.082 2962.619 2845.214 2672.964 2465.545 2240.042 2009.34 1781.461 1559.407 1341.886 1125.674 909.5148 697.7179 500.7649 
250.6209 406.8708 612.9301 869.4716 1173.636 1514.645 1870.192 2208.95 2498.687 2714.083 2840.254 2873.138 2818.865 2691.952 2511.695 2297.891 2067.633 1833.771 1604.483 1383.453 1170.791 965.0665 766.258 578.2383 408.9263 
243.117 394.7501 594.7754 843.8532 1139.16 1470.104 1814.836 2142.719 2422.237 2628.59 2747.093 2773.554 2713.736 2581.726 2396.527 2177.899 1943.148 1705.519 1473.761 1252.418 1042.788 844.7293 658.9753 488.8911 340.3618 
223.7419 363.2278 547.1716 776.1661 1047.642 1351.935 1669.032 1970.764 2228.012 2417.675 2525.869 2548.372 2490.197 2364.124 2187.589 1978.905 1754.36 1526.764 1305.043 1094.457 897.3974 714.8176 547.9648 399.5824 273.6986 
213.9286 347.279 523.1163 742.0069 1001.515 1292.452 1595.775 1884.659 2131.348 2313.745 2418.408 2440.94 2385.633 2264.175 2092.823 1888.902 1668.102 1443.119 1223.268 1014.658 820.8118 643.7599 485.326 347.9519 234.4505 
206.6442 335.2297 504.5443 714.9969 964.1787 1243.305 1534.215 1811.311 2048.077 2223.392 2324.379 2346.753 2294.437 2178.3 2013.481 1816.146 1601.055 1380.41 1163.584 957.2857 766.0193 592.8525 440.2697 310.6548 206.0002 
196.133 317.9961 478.2467 677.1138 912.1708 1175.011 1448.441 1708.35 1929.896 2093.46 2187.258 2207.536 2158.091 2049.033 1894.293 1708.631 1505.469 1295.96 1088.912 891.0459 707.3905 541.7781 397.2932 276.407 180.604 
190.004 308.1087 463.4582 656.2711 884.1384 1138.784 1403.372 1654.379 1867.685 2024.392 2113.344 2131.252 2082.122 1975.946 1826.208 1646.965 1450.796 1248.047 1046.934 853.9732 674.4234 512.6498 372.278 256.0193 165.1583 
178.633 289.544 435.3079 616.0824 829.6275 1068.286 1316.408 1552.009 1752.395 1899.618 1982.962 1999.2 1952.157 1851.455 1710.036 1541.276 1356.961 1166.588 977.5806 795.8727 626.4661 473.7786 341.636 232.8714 148.6818 
174.7631 283.1936 425.6088 602.1027 810.4427 1043.147 1284.988 1514.619 1710.046 1853.896 1935.746 1952.315 1907.068 1809.123 1670.986 1505.775 1325.167 1138.574 953.2787 775.0318 608.7221 458.7964 329.2242 222.9739 141.2499 
168.7701 273.3986 410.7268 580.7833 781.3695 1005.259 1237.791 1458.442 1646.09 1784.108 1862.591 1878.499 1835.203 1741.396 1608.923 1450.207 1276.361 1096.441 917.528 745.257 584.4317 439.4509 314.2772 211.8854 133.4599 
162.1315 262.6824 394.6973 558.2224 751.1456 966.4956 1190.139 1402.305 1582.676 1715.286 1790.66 1805.935 1764.406 1674.455 1547.444 1395.221 1228.343 1055.396 883.1398 717.0245 561.7723 421.7537 300.9206 202.2353 126.8622 
159.2896 258.0255 387.6106 548.0826 737.4032 948.8182 1168.571 1377.341 1555.182 1686.315 1761.27 1777.08 1736.891 1648.923 1524.367 1374.899 1210.892 1040.753 871.0823 707.229 553.889 415.4724 296.0027 198.5046 124.1686 
156.1179 252.7963 379.5807 536.4467 721.3666 927.7518 1142.225 1346.016 1519.763 1648.16 1722.002 1738.33 1700.064 1615.035 1494.02 1348.351 1188.166 1021.713 855.4787 694.7246 544.0913 407.9767 290.4281 194.5088 121.4416 
153.5905 248.7825 373.6961 528.3401 710.7079 914.2426 1125.665 1326.403 1497.386 1623.641 1696.266 1712.501 1675.288 1592.288 1473.962 1331.28 1174.064 1010.352 846.5219 687.7975 538.8264 404.0396 287.5363 192.437 120.0128 
146.4064 237.0707 355.976 503.1209 676.6459 870.4333 1071.996 1263.752 1427.502 1548.806 1618.953 1635.157 1600.202 1521.479 1409.057 1273.421 1123.875 967.9731 811.7049 660.0175 517.3786 388.1049 276.2242 184.8264 115.2026 
146.49 237.2527 356.3348 503.7591 677.6719 871.9405 1074.063 1266.479 1431.068 1553.478 1625.018 1642.78 1609.303 1531.719 1419.943 1284.448 1134.623 978.1168 820.9722 668.1644 524.2028 393.4914 280.1864 187.514 116.8671 
144.9835 234.7633 352.5088 498.2286 670.1085 862.1457 1062.064 1252.571 1415.772 1537.458 1609.005 1627.525 1595.515 1519.963 1410.535 1277.416 1129.752 975.0534 819.3183 667.528 524.2213 393.85 280.6423 187.9151 117.1497 
138.7542 224.7423 337.5861 477.3349 642.2725 826.6403 1018.651 1201.72 1358.711 1476.039 1545.459 1564.179 1534.534 1463.141 1359.182 1232.336 1091.278 943.1224 793.5696 647.4029 509.0406 382.8652 273.0726 182.9864 114.1417 
139.1888 225.4547 338.684 478.9637 644.6409 830.0368 1023.429 1208.239 1367.245 1486.69 1558.117 1578.552 1550.22 1479.699 1376.176 1249.34 1107.871 958.8788 808.0649 660.2392 519.8977 391.5613 279.6097 187.5573 117.0894 
137.1626 222.0872 333.4668 471.3427 634.0839 816.164 1006.176 1187.967 1344.74 1463.044 1534.55 1556.221 1530.057 1462.319 1361.868 1238.127 1099.583 953.2094 804.6046 658.5084 519.3876 391.7885 280.1716 188.1707 117.5978 
131.774 213.4479 320.652 453.4679 610.3303 785.8728 969.0405 1144.238 1295.329 1409.481 1478.829 1500.559 1476.593 1412.84 1317.629 1199.815 1067.393 926.9711 783.8986 642.7497 507.8822 383.7797 274.8918 184.8967 115.7011 
152.4336 241.1442 351.4132 479.846 623.2962 777.8942 936.6344 1088.608 1221.078 1322.568 1384.994 1404.651 1382.512 1323.652 1235.642 1126.607 1003.851 873.3711 740.0235 608.007 481.4003 364.4776 261.5436 176.2126 110.4317 
160.9688 259.3637 386.4661 540.0151 714.7084 900.0565 1079.505 1234.067 1349.076 1418.667 1444.782 1432.939 1388.928 1317.961 1225.098 1115.513 994.292 866.1153 735.1376 605.1931 480.1794 364.3167 261.9539 176.8183 110.9984 
156.5379 252.5335 377.3285 530.0695 707.8629 903.2005 1101.503 1282.333 1424.615 1512.611 1539.682 1509.189 1432.75 1326.07 1203.798 1075.962 947.5025 820.1042 694.4571 571.7428 454.2329 345.2679 248.7557 168.2407 105.808 
157.6053 254.2287 379.8313 533.6246 712.9676 911.0002 1114.396 1304.519 1461.908 1570.742 1621.085 1609.8 1541.306 1427.352 1284.431 1129.312 974.8608 828.1687 691.3953 564.2314 446.375 338.9124 244.3264 165.4799 104.2482 
158.935 256.1505 382.2772 536.3765 715.7255 913.5222 1116.7 1307.168 1466.407 1579.88 1638.816 1640.133 1586.196 1484.57 1347.046 1187.744 1020.657 857.2102 704.6822 566.2141 442.3446 333.0486 239.0209 161.6153 101.8176 
155.235 250.1913 373.371 523.8062 698.7305 891.3413 1088.723 1273.182 1426.884 1536.273 1593.779 1597.504 1550.46 1459.647 1334.693 1186.402 1025.701 862.8098 706.2887 562.1811 433.8436 322.6908 229.2916 153.9757 96.62097 
160.0099 257.8634 384.7776 539.7439 719.9073 918.2558 1121.46 1311.225 1469.078 1581.002 1639.338 1642.582 1594.579 1503.285 1378.845 1231.649 1071.258 906.2548 744.3419 592.1289 454.7031 335.4065 236.009 157.0188 97.78845 
161.5047 260.2462 388.2785 544.5529 726.1519 925.9633 1130.509 1321.323 1479.782 1591.783 1649.657 1651.997 1602.907 1510.793 1386.339 1240.263 1081.904 918.9785 758.0453 604.9502 464.8858 342.0868 239.4319 158.1579 97.74418 
157.1863 253.3656 378.159 530.5905 707.8311 902.9132 1102.617 1288.841 1443.343 1552.323 1608.299 1609.945 1561.365 1470.936 1349.335 1207.29 1054.05 896.9715 741.9165 593.9043 457.5463 337.0186 235.6104 155.1116 95.37842 
161.3181 259.9844 387.9696 544.2715 726.0279 926.1781 1131.27 1322.805 1482.042 1594.683 1652.845 1654.975 1605.189 1512.112 1386.857 1240.673 1083.297 922.4089 763.9293 612.6938 473.0575 349.0976 244.2755 160.7297 98.62443 
160.9477 259.3845 387.0628 542.9652 724.2049 923.6996 1128.005 1318.689 1477.143 1589.236 1647.213 1649.543 1600.235 1507.738 1383.017 1237.286 1080.362 920.0515 762.3412 611.9921 473.1618 349.7216 245.048 161.3587 98.99003 
160.5717 258.8506 386.4028 542.2577 723.5529 923.1911 1127.676 1318.508 1477.019 1589.057 1646.896 1649.082 1599.711 1507.28 1382.731 1237.208 1080.47 920.3214 762.7889 612.6581 474.0485 350.7442 246.0502 162.1854 99.55938 
161.0389 259.6071 387.5453 543.9017 725.845 926.313 1131.824 1323.838 1483.584 1596.739 1655.4 1657.983 1608.561 1515.708 1390.503 1244.215 1086.687 925.7599 767.4791 616.6444 477.3796 353.4566 248.1649 163.7279 100.5877 
161.0168 259.5053 387.2686 543.3161 724.8057 924.7138 1129.65 1321.198 1480.702 1593.914 1652.931 1656.091 1607.328 1515.075 1390.316 1244.306 1086.93 926.0919 767.8844 617.1226 477.922 354.0332 248.7251 164.2156 100.9623 
146.8156 236.7262 353.4801 496.2408 662.4447 845.6495 1033.547 1209.229 1355.595 1459.619 1514.097 1517.523 1473.472 1389.591 1275.838 1142.435 998.3935 850.9746 705.8181 567.4045 439.5559 325.7364 228.9529 151.2457 93.04552 
102.8249 166.0241 248.3667 349.4776 467.7614 598.835 734.083 861.5041 968.7816 1046.295 1088.445 1093.719 1064.372 1005.752 924.9929 829.4931 725.8184 619.2928 514.0893 413.5522 320.5455 237.6573 167.1223 110.4545 67.98653 
#survey length counts 
0 0 0 0 0 0 0 0 0 0 0 0 0 0 0 0 0 0 0 0 0 0 0 0 0 
1991.393 3262.263 4963.669 7103.654 9636.987 12426.08 15232.49 17779.96 19860.03 21399.77 22448 23113.09 23509.91 23737.86 23877.73 23991.17 24115.07 24245.24 24306.95 24125.61 23431.47 21934.75 19468.13 16126.15 12296.9 
1984.31 3250.444 4944.933 7074.688 9592.467 12357.67 15128.09 17623.72 19633.34 21083.44 22025.15 22572.21 22847.1 22957.67 22992 23016.38 23069.34 23146.55 23174.14 22982.18 22310.29 20879.73 18529.18 15347.25 11702.49 
1972.282 3230.478 4913.805 7028.227 9525.064 12261.76 14993.68 17437.91 19380.08 20743.7 21578.23 21998.11 22129.76 22088.11 21970.36 21852.13 21779.8 21755.07 21709.94 21483.15 20827.05 19476.5 17276.58 14306.52 10907.61 
1953.317 3199.636 4867.034 6960.806 9431.157 12134.02 14823.05 17213.47 19088.8 20370.22 21104.91 21405.75 21399.08 21202.02 20916.87 20627.12 20389.19 20216.3 20053.77 19756.57 19096.05 17824.54 15794 13070.83 9962.168 
1931.156 3162.818 4809.876 6876.715 9312.789 11973.75 14613.48 16947.35 18758.03 19964.57 20611.23 20808.12 20679.66 20342.3 19899.34 19437.88 19021.47 18675.2 18361.88 17959.68 17266.61 16058.4 14196.3 11732.32 8934.791 
1900.409 3113.148 4735.333 6770.9 9168.563 11783.18 14368.24 16639.16 18378.81 19506.09 20064.65 20163.47 19925.33 19464.61 18882.73 18266.12 17680.91 17160.47 16684.37 16156.9 15408.64 14245.25 12542 10337.72 7859.736 
1868.602 3059.988 4652.359 6648.521 8996.825 11553.2 14073.62 16276.14 17944.71 18997.1 19474.59 19484.06 19147.08 18577.23 17874.65 17124.02 16390.84 15712.53 15081.5 14426.54 13612.14 12477.69 10917.01 8959.139 6791.832 
1827.912 2994.426 4554.363 6510.272 8810.095 11309.6 13765.43 15897.28 17490.97 18465.63 18862.99 18789.45 18365.36 17702.47 16898.67 16036.26 15179.14 14366.46 13599.9 12828.87 11949.13 10833.68 9397.166 7662.799 5782.913 
1780.302 2916.823 4436.96 6343.132 8584.016 11017.61 13404.31 15467.67 16995.31 17905.34 18236.75 18093.61 17595.29 16853.47 15965.53 15012.16 14055.28 13134.13 12256.72 11388.89 10453.36 9353.721 8025.321 6488.586 4865.714 
1731.393 2835.858 4312.06 6161.333 8332.47 10685.87 12986.97 14965.47 16413.8 17251.81 17517.45 17312.32 16753.25 15949.88 14997.99 13976.69 12946.32 11945.92 10987.84 10050.68 9079.348 8003.888 6778.534 5422.568 4032.67 
1679.355 2750.819 4182.887 5976.336 8080.187 10356.75 12575.51 14471.45 15841.57 16608.24 16809.89 16547.47 15936.49 15084.83 14086 13016.63 11934.88 10879.17 9865.129 8881.353 7890.414 6843.735 5711.234 4511.706 3321.132 
1622.597 2657.947 4041.657 5773.998 7804.567 9998.297 12129.7 13939.8 15230.28 15925.44 16063.59 15745.02 15085 14191.28 13156.66 12055.94 10944.75 9859.714 8817.74 7814.396 6825.747 5819.999 4779.459 3722.28 2707.307 
1558.049 2553.129 3883.773 5550.237 7503.123 9610.354 11651.87 13375.26 14587.38 15214.7 15295.13 14927.64 14226.54 13299.25 12238.39 11118.15 9992.873 8897.841 7850.351 6850.334 5883.236 4929.375 3979.922 3051.801 2189.761 
1492.654 2445.759 3720.007 5315.361 7184.072 9198.944 11148.1 12788.18 13932.16 14507.6 14549.51 14152.72 13428.46 12482.62 11407.57 10277.65 9147.36 8052.112 7010.254 6025.096 5088.587 4189.193 3323.661 2506.963 1772.411 
1426.735 2338.345 3557.688 5084.945 6874.312 8803.461 10668.6 12235.61 13324.37 13864.53 13888.52 13486.04 12762.71 11819.87 10747.11 9617.988 8487.741 7393.612 6356.669 5384.212 4473.638 3619.232 2821.111 2091.947 1455.959 
1366.638 2238.915 3404.699 4863.682 6571.917 8412.779 10192.05 11686.36 12723.34 13234.86 13250.66 12855.15 12148.24 11226.05 10173.88 9062.429 7945.882 6862.381 5835.753 4877.647 3990.812 3174.559 2431.506 1772.161 1213.472 
1313.114 2151.05 3270.771 4671.92 6312.347 8080.29 9789.656 11226.44 12225.52 12721.43 12741.96 12366.58 11688.94 10799 9776.849 8689.605 7589.868 6516.29 5495.253 4542.735 3666.859 2871.926 2163.242 1550.082 1044.092 
1268.962 2077.272 3155.908 4503.712 6079.756 7776.855 9416.929 10795.26 11753.95 12230.61 12252.11 11894.48 11246.81 10393.9 9410.559 8359.152 7288.843 6236.825 5230.354 4288.543 3424.197 2646.418 1963.566 1384.718 917.903 
1234.548 2019.482 3065.314 4369.809 5892.359 7528.624 9106.213 10427.64 11341.54 11789.64 11800.25 11448.65 10821.49 9999.889 9054.17 8042.014 7008.369 5987.387 5005.157 4081.888 3233.482 2472.992 1811.852 1259.831 822.87 
1202.243 1966.929 2986.016 4257.303 5740.897 7334.418 8868.95 10151.3 11033.87 11460.66 11460.78 11109.46 10492.68 9690.319 8770.639 7788.523 6785.669 5793.135 4834.847 3930.495 3097.339 2351.084 1705.786 1172.41 756.0409 
1176.905 1924.178 2918.755 4157.852 5602.413 7153.144 8646.297 9894.244 10753.05 11167.33 11164.45 10817.25 10210.08 9422.038 8521.074 7561.482 6583.68 5616.777 4682.589 3799.337 2984.08 2253.602 1623.579 1106.048 705.9141 
1158.065 1892.786 2870.016 4086.605 5503.898 7024.365 8487.55 9709.924 10551.12 10957.63 10956.64 10619.08 10026.38 9254.757 8370.204 7426.25 6463.382 5510.871 4590.303 3719.381 2914.864 2193.856 1572.853 1064.628 674.1675 
1144.185 1869.294 2832.869 4031.256 5425.958 6920.768 8357.783 9556.617 10379.62 10774.91 10770.25 10436.29 9853.486 9096.37 8228.792 7302.238 6355.78 5418.072 4510.646 3651.347 2857.112 2145.317 1532.856 1032.848 650.311 
1132.183 1849.696 2803.159 3988.888 5368.645 6847.005 8267.493 9451.505 10262.98 10651.03 10643.74 10311.6 9734.647 8986.723 8130.716 7216.92 6283.164 5357.075 4459.599 3608.487 2820.958 2114.86 1507.583 1012.587 634.9542 
1123.929 1835.717 2781.111 3956.305 5323.536 6788.733 8197.525 9373.441 10181.64 10571.07 10568.6 10243.26 9673.934 8933.85 8085.63 7179.409 6252.765 5332.944 4440.509 3593.016 2807.81 2103.171 1497.045 1003.359 627.3824 
1120.677 1829.573 2770.237 3938.356 5296.065 6749.922 8146.969 9312.595 10113.7 10500.38 10499.77 10180.28 9619.464 8888.993 8050.143 7152.235 6232.539 5318.272 4430.022 3585.381 2801.823 2097.935 1492.116 998.7338 623.3223 
1116.504 1823.26 2761.561 3927.276 5282.521 6733.598 8127.232 9288.735 10085.42 10468.3 10465.63 10146.72 9589.42 8864.868 8033.244 7142.581 6229.09 5319.381 4433.885 3590.339 2806.544 2101.531 1494.213 999.4377 623.0599 
1117.311 1823.552 2760.168 3922.615 5273.165 6719.068 8108.523 9268.119 10065.51 10450.98 10451.56 10135.65 9580.956 8859.105 8030.764 7144.012 6234.579 5328.322 4445.014 3602.084 2817.426 2110.478 1500.724 1003.575 625.2915 
1119.265 1827.109 2766.216 3932.206 5287.289 6738.364 8133.131 9297.893 10100.52 10491.84 10499.26 10190.77 9642.927 8926.005 8099.856 7212.538 6300.285 5389.508 4500.309 3650.273 2857.527 2141.984 1523.832 1019.228 634.9877 
1123.452 1833.419 2774.831 3943.084 5300.351 6753.72 8151.175 9319.176 10125.51 10520.79 10532.27 10228.02 9684.687 8972.395 8150.405 7265.936 6354.528 5442.326 4549.564 3694.189 2894.784 2171.821 1546.168 1034.699 644.8063 
1127.811 1840.718 2786.198 3959.672 5323.079 6782.914 8186.307 9358.97 10168.48 10565.86 10579.11 10276.87 9735.983 9026.37 8206.904 7324.299 6413.521 5500.172 4604.159 3743.441 2936.975 2205.9 1571.912 1052.731 656.4162 
1133.624 1850.238 2800.751 3980.791 5352.542 6822.652 8238.119 9424.104 10247.22 10657.32 10681.27 10386.98 9851.019 9143.484 8323.559 7438.216 6522.526 5602.077 4696.753 3824.641 3005.135 2260.171 1612.525 1081.033 674.6203 
1144.057 1866.337 2823.405 4010.354 5388.961 6865.678 8287.458 9479.527 10308.7 10725.13 10755.84 10468.49 9938.988 9236.565 8419.708 7535.016 6617.465 5692.677 4780.595 3899.444 3068.969 2311.801 1651.723 1108.707 692.6311 
1153.656 1882.55 2848.91 4047.978 5441.051 6933.179 8369.156 9572.125 10407.94 10827.36 10859.11 10572.56 10044.54 9344.179 8529.102 7644.824 6725.424 5796.005 4876.383 3984.976 3142.023 2370.983 1696.775 1140.629 713.4958 
1364.338 2172.146 3187.015 4373.619 5679.915 7025.009 8289.6 9336.702 10058.6 10412.8 10420.41 10138.38 9632.904 8966.165 8191.517 7351.438 6477.443 5592.409 4714.362 3860.427 3049.996 2306.039 1653.324 1113.281 697.4317 
1407.292 2285.054 3432.838 4827.644 6399.026 8005.965 9441.938 10496.6 11045.71 11099.43 10771.59 10203.79 9505.72 8739.54 7934.085 7103.516 6258.299 5409.033 4567.472 3747.593 2967.109 2248.107 1615.045 1089.542 683.7144 
1397.902 2271.56 3419.178 4827.427 6442.757 8145.056 9741.038 11008.47 11775.37 11979.41 11671.5 10976.83 10046.46 9018.023 7989.874 7012.083 6095.26 5229.718 4403.436 3612.368 2863.511 2173.552 1564.607 1057.596 664.8895 
1390.412 2259.232 3400.458 4801.309 6410.303 8112.524 9724.509 11037.81 11892.82 12227.72 12072.14 11508.32 10639.3 9575.448 8425.66 7282.736 6208.233 5227.447 4338.03 3526.426 2783.022 2109.837 1519.594 1028.608 647.7579 
1392.545 2260.723 3399.015 4793.481 6392.283 8081.629 9681.044 10987.08 11847.22 12208.22 12106.86 11625.25 10852.88 9873.177 8764.825 7603.369 6456.918 5377.673 4395.316 3517.985 2741.432 2060.763 1477.477 998.3809 628.7331 
1396.978 2267.771 3409.172 4806.685 6407.421 8096.056 9690.532 10986.79 11833.89 12183.18 12078.58 11609.94 10871.54 9944.274 8894.554 7778.702 6647.283 5546.481 4515.229 3580.615 2756.416 2046.92 1452.961 975.0616 611.6023 
1402.585 2276.877 3422.894 4826.15 6433.642 8129.643 9731.226 11033 11882.6 12230.53 12121.45 11648.17 10909.92 9992.628 8964.555 7877.794 6772.708 5683.709 4643.026 3680.286 2819.446 2076.507 1459.656 970.4823 604.1393 
1408.023 2285.527 3435.529 4843.291 6455.388 8155.455 9759.751 11062.13 11909.82 12253.45 12138.18 11657.83 10913.27 9993.006 8968.24 7892.68 6804.95 5733.824 4704.204 3740.789 2868.008 2107.238 1473.437 972.658 600.8628 
1410.965 2290.782 3444.3 4856.949 6475.117 8181.696 9791.71 11097.67 11945.89 12286.81 12166.11 11678.54 10926.14 9998.868 8969.684 7894.05 6811.458 5749.552 4729.848 3772.733 2899.795 2132.728 1489.548 980.0065 602.3558 
1415.711 2298.287 3455.288 4872.198 6495.624 8208.798 9826.969 11142.43 12000.62 12350.52 12236.18 11751.08 10996.91 10064.24 9027.514 7944.143 6855.477 5790.185 4769.344 3811.507 2936.04 2163.454 1512.389 994.5093 609.9843 
1420.043 2305.26 3465.612 4886.383 6513.77 8230.373 9850.729 11166.7 12023.95 12372.32 12256.85 11771.5 11017.59 10084.89 9047.136 7961.768 6870.855 5804.06 4783.034 3826.001 2951.222 2178.047 1524.683 1003.347 615.2805 
1421.435 2308.154 3471.146 4896.03 6529.024 8252.22 9879.135 11200.43 12060.85 12409.91 12293.04 11805.04 11048.19 10112.85 9072.891 7985.466 6892.388 5823.365 4800.35 3841.771 2965.71 2191.032 1535.556 1011.543 620.6955 
1422.198 2309.429 3473.183 4899.235 6534.066 8260.099 9891.116 11217.75 12084.21 12439.07 12326.62 11840.86 11083.9 10146.62 9103.709 8013.04 6916.839 5844.932 4819.278 3858.293 2980.005 2203.138 1545.361 1018.928 625.7343 
1426.067 2315.075 3480.493 4907.71 6543.005 8268.909 9899.589 11226.2 12093.44 12450.14 12340.53 11858.11 11104.2 10168.89 9126.464 8034.889 6936.839 5862.673 4834.739 3871.631 2991.384 2212.644 1552.999 1024.701 629.7476 
1429.059 2320.251 3488.817 4920.172 6560.277 8290.888 9925.088 11253.11 12119.46 12473.68 12361.25 11876.86 11122.36 10187.62 9146.178 8055.197 6956.844 5881.408 4851.492 3886.053 3003.412 2222.358 1560.538 1030.244 633.5422 
1429.059 2320.251 3488.817 4920.172 6560.277 8290.888 9925.088 11253.11 12119.46 12473.68 12361.25 11876.86 11122.36 10187.62 9146.178 8055.197 6956.844 5881.408 4851.492 3886.053 3003.412 2222.358 1560.538 1030.244 633.5422 
1431.38 2324.856 3497.453 4935.428 6585.587 8330.257 9982.519 11331.8 12220.91 12596.95 12502.84 12031.23 11283.11 10348.54 9301.915 8201.42 7090.148 5999.256 4952.257 3969.099 3069.106 2271.98 1596.091 1054.214 648.6143 
