# Number of parameters = 159 Objective function value = 76996.0380825855  Maximum gradient component = 0.00213173164898681
# srv_sel50:
1.52340229215
# srv_sel95:
2.56803322500
# stNatLen:
 11.4200671731 11.2715220068 11.0659598847 10.8760737768 10.6875463319 10.4768867854 10.2424930835 9.99750959404 9.75637640767 9.52885539622 9.31983635975 9.13092506989 8.96196217510 8.81195317280 8.67959672643 8.56358279350 8.46270870844 8.37585635025 8.30205925908 8.24051862485 8.19043151378 8.15115549908 8.12228746388 8.10348259039 8.09422023784
# log_avg_fmort_dir:
-1.67177327497
# fmort_dir_dev:
 -1.62166686025 -1.69226581445 -1.28894782050 -0.960755929685 -0.695361432789 -0.499025674219 -0.362145978687 -0.179656527118 -0.0191980829886 0.123058224181 0.236687668620 0.218793440914 0.286970965570 0.471456795617 0.544767021068 0.568204078055 0.493184004842 0.543851373872 0.406836884291 0.499801824023 0.412691377046 0.426998276965 0.411284457296 0.355280231381 0.289486503394 0.371479362430 0.270576916280 0.238698715958 0.262391248864 0.185933231023 0.207168889959 0.163982026261 0.178146690454 0.121526704578 0.177734531067 0.171465382811 0.0707271696166 0.0550509222239 0.0537257366136 0.00637236287772 0.0411807277491 0.0543658900331 0.0902483384319 0.0944833033741 0.0890580576811 0.128951082113 0.121626692930 0.0302016042647 0.0675240717898 0.000500080956047 -0.357675012138 0.0962695660173 -0.0792635803356 -0.105942045025 -0.238233383615 -0.223920935736 -0.206154418351 -0.0987873052838 0.0216931415656 -0.146400361237 -0.371416449916 -0.152320167800 -0.295774092529 -0.0655237024037
# mean_log_rec:
11.1493423899
# rec_dev:
 0.343369177319 0.322842070505 0.328213278935 0.338757544145 0.353912654755 0.359395658647 0.357358852446 0.348043834979 0.322702592239 0.297807612309 0.280600222371 0.253257616459 0.196966223754 0.145037010648 0.0796165416566 0.0192344067749 -0.0116084778063 -0.0381531133491 -0.0747929155785 -0.110502409602 -0.139478853065 -0.164068217710 -0.176132207511 -0.188049520344 -0.193555833675 -0.201390965824 -0.202161522535 -0.204226029921 -0.211960143947 -0.208659691027 -0.204009884325 -0.207367196996 -0.211461925197 -0.210591866512 -0.209041022138 -0.192066746830 -0.180781957900 -0.172750211717 -0.150530399718 -0.133750683925 -0.123220626528 -0.102878933670 -0.0941755789125 -0.0853562794253 -0.0759100766823 -0.0797567472576 -0.0788676417832 -0.0847721518735 -0.0861178138644 -0.0726805655462 -0.0642132643084 -0.0398865751969 -0.0211954640599 -0.0227344561318 -0.0185853721385 0.00521484871952 0.0480193760230 0.0774257245945 0.0805536610110 0.0779484100248 0.0817517574320 0.107962006180 0.110726084764 0.110726177837
# log_avg_NatM:
-1.60943800000
# m_dev:
 0.00000000000 0.00000000000 0.00000000000 0.00000000000 0.00000000000 0.00000000000 0.00000000000 0.00000000000 0.00000000000 0.00000000000 0.00000000000 0.00000000000 0.00000000000 0.00000000000 0.00000000000 0.00000000000 0.00000000000 0.00000000000 0.00000000000 0.00000000000 0.00000000000 0.00000000000 0.00000000000 0.00000000000 0.00000000000 0.00000000000 0.00000000000 0.00000000000 0.00000000000 0.00000000000 0.00000000000 0.00000000000 0.00000000000 0.00000000000 0.00000000000 0.00000000000 0.00000000000 0.00000000000 0.00000000000 0.00000000000 0.00000000000 0.00000000000 0.00000000000 0.00000000000 0.00000000000 0.00000000000 0.00000000000 0.00000000000 0.00000000000 0.00000000000 0.00000000000 0.00000000000 0.00000000000 0.00000000000 0.00000000000 0.00000000000 0.00000000000 0.00000000000 0.00000000000 0.00000000000 0.00000000000 0.00000000000 0.00000000000 0.00000000000
# log_avg_GrowthK:
-1.60943800000
# log_avg_Linf:
4.88280200000
# GrowthK_dev:
 0.00000000000 0.00000000000 0.00000000000 0.00000000000 0.00000000000 0.00000000000 0.00000000000 0.00000000000 0.00000000000 0.00000000000 0.00000000000 0.00000000000 0.00000000000 0.00000000000 0.00000000000 0.00000000000 0.00000000000 0.00000000000 0.00000000000 0.00000000000 0.00000000000 0.00000000000 0.00000000000 0.00000000000 0.00000000000 0.00000000000 0.00000000000 0.00000000000 0.00000000000 0.00000000000 0.00000000000 0.00000000000 0.00000000000 0.00000000000 0.00000000000 0.00000000000 0.00000000000 0.00000000000 0.00000000000 0.00000000000 0.00000000000 0.00000000000 0.00000000000 0.00000000000 0.00000000000 0.00000000000 0.00000000000 0.00000000000 0.00000000000 0.00000000000 0.00000000000 0.00000000000 0.00000000000 0.00000000000 0.00000000000 0.00000000000 0.00000000000 0.00000000000 0.00000000000 0.00000000000 0.00000000000 0.00000000000 0.00000000000 0.00000000000
# Linf_dev:
 0.00000000000 0.00000000000 0.00000000000 0.00000000000 0.00000000000 0.00000000000 0.00000000000 0.00000000000 0.00000000000 0.00000000000 0.00000000000 0.00000000000 0.00000000000 0.00000000000 0.00000000000 0.00000000000 0.00000000000 0.00000000000 0.00000000000 0.00000000000 0.00000000000 0.00000000000 0.00000000000 0.00000000000 0.00000000000 0.00000000000 0.00000000000 0.00000000000 0.00000000000 0.00000000000 0.00000000000 0.00000000000 0.00000000000 0.00000000000 0.00000000000 0.00000000000 0.00000000000 0.00000000000 0.00000000000 0.00000000000 0.00000000000 0.00000000000 0.00000000000 0.00000000000 0.00000000000 0.00000000000 0.00000000000 0.00000000000 0.00000000000 0.00000000000 0.00000000000 0.00000000000 0.00000000000 0.00000000000 0.00000000000 0.00000000000 0.00000000000 0.00000000000 0.00000000000 0.00000000000 0.00000000000 0.00000000000 0.00000000000 0.00000000000
# SelPars50:
2.08039005100
# SelPars95:
3.73097761972
# SelPars_dev50:
 0.00000000000 0.00000000000 0.00000000000 0.00000000000 0.00000000000 0.00000000000 0.00000000000 0.00000000000 0.00000000000 0.00000000000 0.00000000000 0.00000000000 0.00000000000 0.00000000000 0.00000000000 0.00000000000 0.00000000000 0.00000000000 0.00000000000 0.00000000000 0.00000000000 0.00000000000 0.00000000000 0.00000000000 0.00000000000 0.00000000000 0.00000000000 0.00000000000 0.00000000000 0.00000000000 0.00000000000 0.00000000000 0.00000000000 0.00000000000 0.00000000000 0.00000000000 0.00000000000 0.00000000000 0.00000000000 0.00000000000 0.00000000000 0.00000000000 0.00000000000 0.00000000000 0.00000000000 0.00000000000 0.00000000000 0.00000000000 0.00000000000 0.00000000000 0.00000000000 0.00000000000 0.00000000000 0.00000000000 0.00000000000 0.00000000000 0.00000000000 0.00000000000 0.00000000000 0.00000000000 0.00000000000 0.00000000000 0.00000000000 0.00000000000
# SelPars_dev95:
 0.00000000000 0.00000000000 0.00000000000 0.00000000000 0.00000000000 0.00000000000 0.00000000000 0.00000000000 0.00000000000 0.00000000000 0.00000000000 0.00000000000 0.00000000000 0.00000000000 0.00000000000 0.00000000000 0.00000000000 0.00000000000 0.00000000000 0.00000000000 0.00000000000 0.00000000000 0.00000000000 0.00000000000 0.00000000000 0.00000000000 0.00000000000 0.00000000000 0.00000000000 0.00000000000 0.00000000000 0.00000000000 0.00000000000 0.00000000000 0.00000000000 0.00000000000 0.00000000000 0.00000000000 0.00000000000 0.00000000000 0.00000000000 0.00000000000 0.00000000000 0.00000000000 0.00000000000 0.00000000000 0.00000000000 0.00000000000 0.00000000000 0.00000000000 0.00000000000 0.00000000000 0.00000000000 0.00000000000 0.00000000000 0.00000000000 0.00000000000 0.00000000000 0.00000000000 0.00000000000 0.00000000000 0.00000000000 0.00000000000 0.00000000000
