# Number of parameters = 167 Objective function value = 81589.6291936247  Maximum gradient component = 0.000186661337395660
# srv_sel50:
1.61905272562
# srv_sel95:
2.83291665386
# stNatLen:
 11.8600746148 11.6881808007 11.4453969480 11.2350338121 11.0498390137 10.8580060199 10.6428871622 10.4064036535 10.1596175034 9.91423916104 9.67896024811 9.45904240101 9.25710705088 9.07409544278 8.90998334204 8.76424765160 8.63612388966 8.52476412140 8.42934525544 8.34908670117 8.28332830882 8.23151715163 8.19316904131 8.16794252770 8.15539379007
# log_avg_fmort_dir:
-1.62914589379
# fmort_dir_dev:
 -2.05160142568 -2.04780758627 -1.55039382150 -1.19292489109 -0.720287303364 -0.665051958957 -0.430578521245 -0.261930108851 -0.203708897098 0.0160471943271 0.0536957863930 0.243211349969 0.280256697617 0.327829865650 0.397302443795 0.319934750121 0.395250465004 0.461380971394 0.290230434142 0.229922569616 0.350589008241 0.258771559919 0.274165905488 0.222354221910 0.231946955717 0.243895286373 0.164553499246 0.167875881916 0.0690019723671 0.0815176010469 0.0733821406815 0.104946055266 0.0585349302083 0.0987190413407 0.118470111774 0.0355234527432 0.175624587220 0.147518302569 0.0812873274902 0.0701920582466 0.0748680589754 0.112249365677 0.114100892248 0.0819128265200 0.0425221436189 0.0219559159725 0.0889377461659 0.0348192860865 0.113318423344 0.106696315063 0.0174186922134 -0.0671753937293 -0.103814415066 0.0312319614558 0.157574369797 0.251668290463 0.105975674656 0.157920998605 0.290872907079 0.193735376483 0.194733401462 0.116961994111 0.554286227815 0.0779181904688 -0.00990469768384 -0.138995662746 0.301910351965 0.156652845249
# mean_log_rec:
11.3325660910
# rec_dev:
 0.573064886786 0.534810875102 0.522179295818 0.509375208353 0.498722641736 0.496937745627 0.490692988192 0.483819261140 0.464657227492 0.432084006571 0.388893961945 0.344442787167 0.322716130742 0.289217082014 0.244421062619 0.198134089075 0.122809985028 0.0660988404110 0.0424875138379 0.0308606120018 0.00590891204489 -0.0105373770089 -0.0312396131075 -0.0608666857970 -0.0934746414602 -0.135556651350 -0.145611078621 -0.152800072889 -0.174550495994 -0.197395339611 -0.226665956499 -0.263507780998 -0.300766230659 -0.316535262957 -0.232223507940 -0.160244411311 -0.188762869858 -0.212164062418 -0.208572170200 -0.193957682144 -0.193028562884 -0.198189042678 -0.208143681201 -0.210936649297 -0.222077765288 -0.210349483661 -0.178693127198 -0.147395432266 -0.130817250435 -0.127216036455 -0.127876536339 -0.127135349660 -0.123456530548 -0.102309938588 -0.0896254343186 -0.105509521907 -0.128768887209 -0.130229359814 -0.134550379187 -0.154433694887 -0.134110806830 -0.116227101477 -0.111565976397 -0.131635671873 -0.0997001644997 -0.0391713946334 -0.0368747040183 -0.0368747393325
# log_avg_NatM:
-1.47890400000
# m_dev:
 0.00000000000 0.00000000000 0.00000000000 0.00000000000 0.00000000000 0.00000000000 0.00000000000 0.00000000000 0.00000000000 0.00000000000 0.00000000000 0.00000000000 0.00000000000 0.00000000000 0.00000000000 0.00000000000 0.00000000000 0.00000000000 0.00000000000 0.00000000000 0.00000000000 0.00000000000 0.00000000000 0.00000000000 0.00000000000 0.00000000000 0.00000000000 0.00000000000 0.00000000000 0.00000000000 0.00000000000 0.00000000000 0.00000000000 0.00000000000 0.00000000000 0.00000000000 0.00000000000 0.00000000000 0.00000000000 0.00000000000 0.00000000000 0.00000000000 0.00000000000 0.00000000000 0.00000000000 0.00000000000 0.00000000000 0.00000000000 0.00000000000 0.00000000000 0.00000000000 0.00000000000 0.00000000000 0.00000000000 0.00000000000 0.00000000000 0.00000000000 0.00000000000 0.00000000000 0.00000000000 0.00000000000 0.00000000000 0.00000000000 0.00000000000 0.00000000000 0.00000000000 0.00000000000 0.00000000000
# log_avg_GrowthK:
-1.60943800000
# log_avg_Linf:
4.88280200000
# GrowthK_dev:
 0.00000000000 0.00000000000 0.00000000000 0.00000000000 0.00000000000 0.00000000000 0.00000000000 0.00000000000 0.00000000000 0.00000000000 0.00000000000 0.00000000000 0.00000000000 0.00000000000 0.00000000000 0.00000000000 0.00000000000 0.00000000000 0.00000000000 0.00000000000 0.00000000000 0.00000000000 0.00000000000 0.00000000000 0.00000000000 0.00000000000 0.00000000000 0.00000000000 0.00000000000 0.00000000000 0.00000000000 0.00000000000 0.00000000000 0.00000000000 0.00000000000 0.00000000000 0.00000000000 0.00000000000 0.00000000000 0.00000000000 0.00000000000 0.00000000000 0.00000000000 0.00000000000 0.00000000000 0.00000000000 0.00000000000 0.00000000000 0.00000000000 0.00000000000 0.00000000000 0.00000000000 0.00000000000 0.00000000000 0.00000000000 0.00000000000 0.00000000000 0.00000000000 0.00000000000 0.00000000000 0.00000000000 0.00000000000 0.00000000000 0.00000000000 0.00000000000 0.00000000000 0.00000000000 0.00000000000
# Linf_dev:
 0.00000000000 0.00000000000 0.00000000000 0.00000000000 0.00000000000 0.00000000000 0.00000000000 0.00000000000 0.00000000000 0.00000000000 0.00000000000 0.00000000000 0.00000000000 0.00000000000 0.00000000000 0.00000000000 0.00000000000 0.00000000000 0.00000000000 0.00000000000 0.00000000000 0.00000000000 0.00000000000 0.00000000000 0.00000000000 0.00000000000 0.00000000000 0.00000000000 0.00000000000 0.00000000000 0.00000000000 0.00000000000 0.00000000000 0.00000000000 0.00000000000 0.00000000000 0.00000000000 0.00000000000 0.00000000000 0.00000000000 0.00000000000 0.00000000000 0.00000000000 0.00000000000 0.00000000000 0.00000000000 0.00000000000 0.00000000000 0.00000000000 0.00000000000 0.00000000000 0.00000000000 0.00000000000 0.00000000000 0.00000000000 0.00000000000 0.00000000000 0.00000000000 0.00000000000 0.00000000000 0.00000000000 0.00000000000 0.00000000000 0.00000000000 0.00000000000 0.00000000000 0.00000000000 0.00000000000
# SelPars50:
2.20241641722
# SelPars95:
3.99994909281
# SelPars_dev50:
 0.00000000000 0.00000000000 0.00000000000 0.00000000000 0.00000000000 0.00000000000 0.00000000000 0.00000000000 0.00000000000 0.00000000000 0.00000000000 0.00000000000 0.00000000000 0.00000000000 0.00000000000 0.00000000000 0.00000000000 0.00000000000 0.00000000000 0.00000000000 0.00000000000 0.00000000000 0.00000000000 0.00000000000 0.00000000000 0.00000000000 0.00000000000 0.00000000000 0.00000000000 0.00000000000 0.00000000000 0.00000000000 0.00000000000 0.00000000000 0.00000000000 0.00000000000 0.00000000000 0.00000000000 0.00000000000 0.00000000000 0.00000000000 0.00000000000 0.00000000000 0.00000000000 0.00000000000 0.00000000000 0.00000000000 0.00000000000 0.00000000000 0.00000000000 0.00000000000 0.00000000000 0.00000000000 0.00000000000 0.00000000000 0.00000000000 0.00000000000 0.00000000000 0.00000000000 0.00000000000 0.00000000000 0.00000000000 0.00000000000 0.00000000000 0.00000000000 0.00000000000 0.00000000000 0.00000000000
# SelPars_dev95:
 0.00000000000 0.00000000000 0.00000000000 0.00000000000 0.00000000000 0.00000000000 0.00000000000 0.00000000000 0.00000000000 0.00000000000 0.00000000000 0.00000000000 0.00000000000 0.00000000000 0.00000000000 0.00000000000 0.00000000000 0.00000000000 0.00000000000 0.00000000000 0.00000000000 0.00000000000 0.00000000000 0.00000000000 0.00000000000 0.00000000000 0.00000000000 0.00000000000 0.00000000000 0.00000000000 0.00000000000 0.00000000000 0.00000000000 0.00000000000 0.00000000000 0.00000000000 0.00000000000 0.00000000000 0.00000000000 0.00000000000 0.00000000000 0.00000000000 0.00000000000 0.00000000000 0.00000000000 0.00000000000 0.00000000000 0.00000000000 0.00000000000 0.00000000000 0.00000000000 0.00000000000 0.00000000000 0.00000000000 0.00000000000 0.00000000000 0.00000000000 0.00000000000 0.00000000000 0.00000000000 0.00000000000 0.00000000000 0.00000000000 0.00000000000 0.00000000000 0.00000000000 0.00000000000 0.00000000000
