# Number of parameters = 125 Objective function value = 56136.2  Maximum gradient component = 0.00205216
# srv_sel50:
1.48363830387
# srv_sel95:
2.45465485159
# stNatLen:
 11.4774593344 11.3179168669 11.0888383496 10.8600709937 10.6357950331 10.4033996694 10.1584503484 9.90665477212 9.65729526649 9.41829759812 9.19473653066 8.98916837227 8.80242845098 8.63435540460 8.48427966598 8.35130444351 8.23447077404 8.13286065585 8.04560942041 7.97199480576 7.91146587738 7.86355584508 7.82794378051 7.80442673012 7.79278383453
# log_avg_fmort_dir:
-1.53519470945
# fmort_dir_dev:
 -0.468623635975 -0.628352730215 -0.431825270180 -0.251270094992 -0.139129802817 -0.163189309366 0.0553123776030 0.0644497471093 0.159263251880 0.235194662250 0.333019293010 0.370199553440 0.347792646732 0.276808896956 0.334219478085 0.268521857432 0.253194172902 0.149875025594 0.268072863402 0.205336127523 0.118857430525 0.101706336932 0.0346520628702 0.0950674241470 0.0843427132608 0.0219561088991 8.06392449454e-006 -0.0420445201115 -0.000102876306960 0.0279851521725 -0.0411273235085 -0.0877598747955 -0.0876779445388 -0.0621775162772 -0.138707183975 -0.0760538096536 -0.0372087567586 -0.0143117000068 -0.0501367186326 -0.0303696194511 -0.0564994185678 -0.115363120579 -0.174839043385 -0.0777917421653 -0.100631414258 -0.113745245048 -0.416896575084
# mean_log_rec:
11.0904420696
# rec_dev:
 0.429280013749 0.392639584050 0.371751174189 0.348060450487 0.327945956019 0.303607721431 0.293132640315 0.277390011437 0.248682569720 0.208902666259 0.156388387581 0.108706776105 0.0806242201331 0.0508394807345 0.00984939811810 -0.0127315557639 -0.0457863335195 -0.110757741685 -0.156835687731 -0.169165970459 -0.171375476217 -0.165704990936 -0.182359056029 -0.189965435629 -0.178946698602 -0.176678685656 -0.179185155017 -0.182625185049 -0.175754031965 -0.146199474469 -0.112937236526 -0.0804539927227 -0.0542019486817 -0.0390679248329 -0.0311877972717 -0.0454887643906 -0.0597982517612 -0.0787733616242 -0.105920648239 -0.106251935260 -0.109607406120 -0.110406822310 -0.104835870530 -0.0903054266612 -0.0798102806544 -0.0773409062587 -0.0773409977547
# log_avg_NatM:
-1.60943800000
# m_dev:
 0.00000000000 0.00000000000 0.00000000000 0.00000000000 0.00000000000 0.00000000000 0.00000000000 0.00000000000 0.00000000000 0.00000000000 0.00000000000 0.00000000000 0.00000000000 0.00000000000 0.00000000000 0.00000000000 0.00000000000 0.00000000000 0.00000000000 0.00000000000 0.00000000000 0.00000000000 0.00000000000 0.00000000000 0.00000000000 0.00000000000 0.00000000000 0.00000000000 0.00000000000 0.00000000000 0.00000000000 0.00000000000 0.00000000000 0.00000000000 0.00000000000 0.00000000000 0.00000000000 0.00000000000 0.00000000000 0.00000000000 0.00000000000 0.00000000000 0.00000000000 0.00000000000 0.00000000000 0.00000000000 0.00000000000
# log_avg_GrowthK:
-1.60943800000
# log_avg_Linf:
4.88280200000
# GrowthK_dev:
 0.00000000000 0.00000000000 0.00000000000 0.00000000000 0.00000000000 0.00000000000 0.00000000000 0.00000000000 0.00000000000 0.00000000000 0.00000000000 0.00000000000 0.00000000000 0.00000000000 0.00000000000 0.00000000000 0.00000000000 0.00000000000 0.00000000000 0.00000000000 0.00000000000 0.00000000000 0.00000000000 0.00000000000 0.00000000000 0.00000000000 0.00000000000 0.00000000000 0.00000000000 0.00000000000 0.00000000000 0.00000000000 0.00000000000 0.00000000000 0.00000000000 0.00000000000 0.00000000000 0.00000000000 0.00000000000 0.00000000000 0.00000000000 0.00000000000 0.00000000000 0.00000000000 0.00000000000 0.00000000000 0.00000000000
# Linf_dev:
 0.00000000000 0.00000000000 0.00000000000 0.00000000000 0.00000000000 0.00000000000 0.00000000000 0.00000000000 0.00000000000 0.00000000000 0.00000000000 0.00000000000 0.00000000000 0.00000000000 0.00000000000 0.00000000000 0.00000000000 0.00000000000 0.00000000000 0.00000000000 0.00000000000 0.00000000000 0.00000000000 0.00000000000 0.00000000000 0.00000000000 0.00000000000 0.00000000000 0.00000000000 0.00000000000 0.00000000000 0.00000000000 0.00000000000 0.00000000000 0.00000000000 0.00000000000 0.00000000000 0.00000000000 0.00000000000 0.00000000000 0.00000000000 0.00000000000 0.00000000000 0.00000000000 0.00000000000 0.00000000000 0.00000000000
# SelPars50:
2.01514342636
# SelPars95:
3.56760365321
# SelPars_dev50:
 0.00000000000 0.00000000000 0.00000000000 0.00000000000 0.00000000000 0.00000000000 0.00000000000 0.00000000000 0.00000000000 0.00000000000 0.00000000000 0.00000000000 0.00000000000 0.00000000000 0.00000000000 0.00000000000 0.00000000000 0.00000000000 0.00000000000 0.00000000000 0.00000000000 0.00000000000 0.00000000000 0.00000000000 0.00000000000 0.00000000000 0.00000000000 0.00000000000 0.00000000000 0.00000000000 0.00000000000 0.00000000000 0.00000000000 0.00000000000 0.00000000000 0.00000000000 0.00000000000 0.00000000000 0.00000000000 0.00000000000 0.00000000000 0.00000000000 0.00000000000 0.00000000000 0.00000000000 0.00000000000 0.00000000000
# SelPars_dev95:
 0.00000000000 0.00000000000 0.00000000000 0.00000000000 0.00000000000 0.00000000000 0.00000000000 0.00000000000 0.00000000000 0.00000000000 0.00000000000 0.00000000000 0.00000000000 0.00000000000 0.00000000000 0.00000000000 0.00000000000 0.00000000000 0.00000000000 0.00000000000 0.00000000000 0.00000000000 0.00000000000 0.00000000000 0.00000000000 0.00000000000 0.00000000000 0.00000000000 0.00000000000 0.00000000000 0.00000000000 0.00000000000 0.00000000000 0.00000000000 0.00000000000 0.00000000000 0.00000000000 0.00000000000 0.00000000000 0.00000000000 0.00000000000 0.00000000000 0.00000000000 0.00000000000 0.00000000000 0.00000000000 0.00000000000
