# Number of parameters = 170 Objective function value = 54807.7  Maximum gradient component = 0.00213606
# srv_sel50:
1.46809165389
# srv_sel95:
2.42181104700
# stNatLen:
 11.2490888330 11.0967191874 10.8663086388 10.6360297032 10.4115907661 10.1798113948 9.93596037179 9.68567011308 9.43812332221 9.20111171568 8.97957362178 8.77595898762 8.59105545159 8.42466799531 8.27611096875 8.14448292162 8.02883221612 7.92824131637 7.84191917389 7.76914289887 7.70935303388 7.66210408294 7.62693120403 7.60359439853 7.59192261312
# log_avg_fmort_dir:
-1.48985527848
# fmort_dir_dev:
 -0.687391453241 -0.535852271233 -0.351335755638 -0.296797837961 -0.150271076484 -0.141156413273 -0.00605624221588 0.0811559385455 0.206709710810 0.271026661328 0.269665173120 0.395468926283 0.424458289579 0.224004912837 0.361685874953 0.276199307667 0.329510943544 0.245243875028 0.258934180542 0.0765188731491 0.153972737962 0.00554446549152 0.0982363039027 0.0840511959326 0.0881671408345 0.171136035303 -0.0462583069336 -0.106463882169 -0.159418475420 -0.216606171790 -0.118293920545 -0.0891515429418 -0.0353657447247 -0.102622465763 -0.0695858722168 -0.108191018401 -0.128798196911 -0.0946200539905 -0.142033284916 0.0818731510770 0.0742689551851 -0.00375060632696 0.0431895254556 -0.143339952961 -0.109414077960 -0.378247554513
# mean_log_rec:
11.0942852909
# rec_dev:
 0.270194045522 0.266810501550 0.273742328176 0.252735443659 0.255132200089 0.271133895405 0.256341975779 0.221592367066 0.160291120045 0.109449753199 0.0620141235951 0.0177566883980 -0.0209671287110 -0.0798698659226 -0.156080062552 -0.204427195380 -0.197051270998 -0.192384376854 -0.174787375281 -0.169522716359 -0.183809695709 -0.185331204918 -0.201099928838 -0.215759434441 -0.218711123697 -0.187512546215 -0.134290155307 -0.0648744672500 -0.0286479800732 -0.0347820381752 -0.0171362746579 -0.0231086383368 -0.0283188633429 -0.00519801569591 0.0378953107877 0.0487597304134 0.0338058814197 0.00511716540153 -0.0536598389660 -0.121649651180 -0.142656464964 -0.0859060316138 0.0257463587776 0.140796665763 0.209113537418 0.209113252974
# log_avg_NatM:
-1.65754698047
# m_dev:
 -0.470393087425 -0.288093541748 -0.131014203104 0.0790743080820 -0.204373988222 -0.223261142782 -0.0631799317821 -0.0699852319239 0.129861931520 0.0198479766949 -0.121252243691 -0.186656235084 -0.0414044525308 0.0193793112723 0.217697192248 -0.0474821917571 -0.243459774450 -0.194409625432 -0.224972023263 0.0136999391216 0.104781223889 -0.0367821367194 0.0657886979016 0.0455032887509 -0.0373261459322 -0.135764629864 -0.157406603587 -0.236088999007 -0.0679130389564 0.127308820327 0.550111542409 0.573458590857 0.280418254291 0.0794752590940 0.0274422972140 0.252367878306 0.340686030629 0.341023425233 0.388107437870 0.496880332149 0.264858646223 -0.121979606694 -0.315836044268 -0.354694655218 -0.232805309967 -0.211237540675
# log_avg_GrowthK:
-1.60943800000
# log_avg_Linf:
4.88280200000
# GrowthK_dev:
 0.00000000000 0.00000000000 0.00000000000 0.00000000000 0.00000000000 0.00000000000 0.00000000000 0.00000000000 0.00000000000 0.00000000000 0.00000000000 0.00000000000 0.00000000000 0.00000000000 0.00000000000 0.00000000000 0.00000000000 0.00000000000 0.00000000000 0.00000000000 0.00000000000 0.00000000000 0.00000000000 0.00000000000 0.00000000000 0.00000000000 0.00000000000 0.00000000000 0.00000000000 0.00000000000 0.00000000000 0.00000000000 0.00000000000 0.00000000000 0.00000000000 0.00000000000 0.00000000000 0.00000000000 0.00000000000 0.00000000000 0.00000000000 0.00000000000 0.00000000000 0.00000000000 0.00000000000 0.00000000000
# Linf_dev:
 0.00000000000 0.00000000000 0.00000000000 0.00000000000 0.00000000000 0.00000000000 0.00000000000 0.00000000000 0.00000000000 0.00000000000 0.00000000000 0.00000000000 0.00000000000 0.00000000000 0.00000000000 0.00000000000 0.00000000000 0.00000000000 0.00000000000 0.00000000000 0.00000000000 0.00000000000 0.00000000000 0.00000000000 0.00000000000 0.00000000000 0.00000000000 0.00000000000 0.00000000000 0.00000000000 0.00000000000 0.00000000000 0.00000000000 0.00000000000 0.00000000000 0.00000000000 0.00000000000 0.00000000000 0.00000000000 0.00000000000 0.00000000000 0.00000000000 0.00000000000 0.00000000000 0.00000000000 0.00000000000
# SelPars50:
2.01472346142
# SelPars95:
3.57637994860
# SelPars_dev50:
 0.00000000000 0.00000000000 0.00000000000 0.00000000000 0.00000000000 0.00000000000 0.00000000000 0.00000000000 0.00000000000 0.00000000000 0.00000000000 0.00000000000 0.00000000000 0.00000000000 0.00000000000 0.00000000000 0.00000000000 0.00000000000 0.00000000000 0.00000000000 0.00000000000 0.00000000000 0.00000000000 0.00000000000 0.00000000000 0.00000000000 0.00000000000 0.00000000000 0.00000000000 0.00000000000 0.00000000000 0.00000000000 0.00000000000 0.00000000000 0.00000000000 0.00000000000 0.00000000000 0.00000000000 0.00000000000 0.00000000000 0.00000000000 0.00000000000 0.00000000000 0.00000000000 0.00000000000 0.00000000000
# SelPars_dev95:
 0.00000000000 0.00000000000 0.00000000000 0.00000000000 0.00000000000 0.00000000000 0.00000000000 0.00000000000 0.00000000000 0.00000000000 0.00000000000 0.00000000000 0.00000000000 0.00000000000 0.00000000000 0.00000000000 0.00000000000 0.00000000000 0.00000000000 0.00000000000 0.00000000000 0.00000000000 0.00000000000 0.00000000000 0.00000000000 0.00000000000 0.00000000000 0.00000000000 0.00000000000 0.00000000000 0.00000000000 0.00000000000 0.00000000000 0.00000000000 0.00000000000 0.00000000000 0.00000000000 0.00000000000 0.00000000000 0.00000000000 0.00000000000 0.00000000000 0.00000000000 0.00000000000 0.00000000000 0.00000000000
