# Number of parameters = 143 Objective function value = 67196.1081500987  Maximum gradient component = 0.000234064267519534
# srv_sel50:
1.51825117733
# srv_sel95:
2.54993243891
# stNatLen:
 11.4357750248 11.2896108848 11.0747229151 10.8774355516 10.6944811726 10.5010143783 10.2846172755 10.0486773659 9.80412728874 9.56203216763 9.33046057460 9.11422346177 8.91569434995 8.73568330392 8.57409453063 8.43034575234 8.30366461942 8.19324140366 8.09832555872 8.01821617551 7.95231704094 7.90010387936 7.86122701982 7.83537510899 7.82243169485
# log_avg_fmort_dir:
-1.65732464767
# fmort_dir_dev:
 -1.74581901509 -1.67475956335 -1.34614413273 -0.883758825260 -0.639853588890 -0.420726506818 -0.304590282200 -0.170506974826 0.0314033322667 0.0124250394894 0.158073728102 0.265265660723 0.328970571320 0.450293233443 0.433562133278 0.455000304472 0.465030697978 0.575409697588 0.396205472007 0.387093354504 0.427046620090 0.466672615636 0.415441483052 0.408155419406 0.293727603634 0.219575182299 0.243086407186 0.319645830359 0.273257836259 0.167767835314 0.213336033233 0.127940385934 0.181048228047 0.142204643431 0.119035128335 0.0675068681883 0.0599809306440 0.0647329332759 -0.00594338296409 0.160901076630 0.0621225938634 0.0886191898606 0.101440721383 0.120116558054 0.140709819384 0.0419918970624 0.0852850600974 0.124926997315 0.120043416888 0.0753479699907 -0.582384089091 -0.451707382666 -0.552130336530 -0.325361240607 -0.152463020734 -0.0342521682705
# mean_log_rec:
11.1363759846
# rec_dev:
 0.368483588565 0.351895227275 0.353426519642 0.353685947661 0.348387039448 0.336424176200 0.315345634625 0.286690180690 0.267706714668 0.247376983301 0.213409416735 0.181038588277 0.153860369576 0.136492264809 0.113304214144 0.0720939374594 0.0328032398443 0.0217024129262 -0.00205863717854 -0.0537572833466 -0.104178736756 -0.134100977121 -0.150657986935 -0.173277737510 -0.189621805410 -0.197201685226 -0.213603981572 -0.218658218181 -0.209151087451 -0.194941829126 -0.187608514553 -0.193535032059 -0.193473783727 -0.192921782501 -0.187440598562 -0.172342239125 -0.151150544245 -0.128298082691 -0.128274527575 -0.114918903196 -0.102842822506 -0.101302606824 -0.104024146776 -0.106011046014 -0.105230044060 -0.106884071965 -0.0978357691279 -0.0740321707156 -0.0463214282124 -0.0299905722978 -0.0281076831976 -0.00611611184304 0.0375470581387 0.0703063909365 0.0689462647457 0.0689462779199
# log_avg_NatM:
-1.60943800000
# m_dev:
 0.00000000000 0.00000000000 0.00000000000 0.00000000000 0.00000000000 0.00000000000 0.00000000000 0.00000000000 0.00000000000 0.00000000000 0.00000000000 0.00000000000 0.00000000000 0.00000000000 0.00000000000 0.00000000000 0.00000000000 0.00000000000 0.00000000000 0.00000000000 0.00000000000 0.00000000000 0.00000000000 0.00000000000 0.00000000000 0.00000000000 0.00000000000 0.00000000000 0.00000000000 0.00000000000 0.00000000000 0.00000000000 0.00000000000 0.00000000000 0.00000000000 0.00000000000 0.00000000000 0.00000000000 0.00000000000 0.00000000000 0.00000000000 0.00000000000 0.00000000000 0.00000000000 0.00000000000 0.00000000000 0.00000000000 0.00000000000 0.00000000000 0.00000000000 0.00000000000 0.00000000000 0.00000000000 0.00000000000 0.00000000000 0.00000000000
# log_avg_GrowthK:
-1.60943800000
# log_avg_Linf:
4.88280200000
# GrowthK_dev:
 0.00000000000 0.00000000000 0.00000000000 0.00000000000 0.00000000000 0.00000000000 0.00000000000 0.00000000000 0.00000000000 0.00000000000 0.00000000000 0.00000000000 0.00000000000 0.00000000000 0.00000000000 0.00000000000 0.00000000000 0.00000000000 0.00000000000 0.00000000000 0.00000000000 0.00000000000 0.00000000000 0.00000000000 0.00000000000 0.00000000000 0.00000000000 0.00000000000 0.00000000000 0.00000000000 0.00000000000 0.00000000000 0.00000000000 0.00000000000 0.00000000000 0.00000000000 0.00000000000 0.00000000000 0.00000000000 0.00000000000 0.00000000000 0.00000000000 0.00000000000 0.00000000000 0.00000000000 0.00000000000 0.00000000000 0.00000000000 0.00000000000 0.00000000000 0.00000000000 0.00000000000 0.00000000000 0.00000000000 0.00000000000 0.00000000000
# Linf_dev:
 0.00000000000 0.00000000000 0.00000000000 0.00000000000 0.00000000000 0.00000000000 0.00000000000 0.00000000000 0.00000000000 0.00000000000 0.00000000000 0.00000000000 0.00000000000 0.00000000000 0.00000000000 0.00000000000 0.00000000000 0.00000000000 0.00000000000 0.00000000000 0.00000000000 0.00000000000 0.00000000000 0.00000000000 0.00000000000 0.00000000000 0.00000000000 0.00000000000 0.00000000000 0.00000000000 0.00000000000 0.00000000000 0.00000000000 0.00000000000 0.00000000000 0.00000000000 0.00000000000 0.00000000000 0.00000000000 0.00000000000 0.00000000000 0.00000000000 0.00000000000 0.00000000000 0.00000000000 0.00000000000 0.00000000000 0.00000000000 0.00000000000 0.00000000000 0.00000000000 0.00000000000 0.00000000000 0.00000000000 0.00000000000 0.00000000000
# SelPars50:
2.10576823227
# SelPars95:
3.80761551943
# SelPars_dev50:
 0.00000000000 0.00000000000 0.00000000000 0.00000000000 0.00000000000 0.00000000000 0.00000000000 0.00000000000 0.00000000000 0.00000000000 0.00000000000 0.00000000000 0.00000000000 0.00000000000 0.00000000000 0.00000000000 0.00000000000 0.00000000000 0.00000000000 0.00000000000 0.00000000000 0.00000000000 0.00000000000 0.00000000000 0.00000000000 0.00000000000 0.00000000000 0.00000000000 0.00000000000 0.00000000000 0.00000000000 0.00000000000 0.00000000000 0.00000000000 0.00000000000 0.00000000000 0.00000000000 0.00000000000 0.00000000000 0.00000000000 0.00000000000 0.00000000000 0.00000000000 0.00000000000 0.00000000000 0.00000000000 0.00000000000 0.00000000000 0.00000000000 0.00000000000 0.00000000000 0.00000000000 0.00000000000 0.00000000000 0.00000000000 0.00000000000
# SelPars_dev95:
 0.00000000000 0.00000000000 0.00000000000 0.00000000000 0.00000000000 0.00000000000 0.00000000000 0.00000000000 0.00000000000 0.00000000000 0.00000000000 0.00000000000 0.00000000000 0.00000000000 0.00000000000 0.00000000000 0.00000000000 0.00000000000 0.00000000000 0.00000000000 0.00000000000 0.00000000000 0.00000000000 0.00000000000 0.00000000000 0.00000000000 0.00000000000 0.00000000000 0.00000000000 0.00000000000 0.00000000000 0.00000000000 0.00000000000 0.00000000000 0.00000000000 0.00000000000 0.00000000000 0.00000000000 0.00000000000 0.00000000000 0.00000000000 0.00000000000 0.00000000000 0.00000000000 0.00000000000 0.00000000000 0.00000000000 0.00000000000 0.00000000000 0.00000000000 0.00000000000 0.00000000000 0.00000000000 0.00000000000 0.00000000000 0.00000000000
