# Number of parameters = 169 Objective function value = 82789.4  Maximum gradient component = 0.00130772
# srv_sel50:
1.62416263619
# srv_sel95:
2.84905530328
# stNatLen:
 11.8993754890 11.7260059679 11.4622777138 11.2376030027 11.0622397152 10.8973172112 10.7025376400 10.4605755610 10.1791285646 9.87793619551 9.57622034199 9.28744372044 9.01924969229 8.77510336515 8.55596453986 8.36143064337 8.19049586159 8.04188620792 7.91435389098 7.80679959820 7.71835136169 7.64830862257 7.59617514533 7.56155425095 7.54429105765
# log_avg_fmort_dir:
-1.61885743115
# fmort_dir_dev:
 -2.06715343722 -1.97642616424 -1.44598713119 -1.07461601122 -0.870319923677 -0.525915540799 -0.457655508856 -0.216599042378 -0.136138785899 0.0364233482798 0.0625653003682 0.132106669690 0.321694328145 0.384691393402 0.361770325062 0.422683992253 0.367258100598 0.419624835729 0.379256801676 0.288941685917 0.307121420712 0.297405986354 0.152966306645 0.153977330032 0.175091906887 0.140777815330 0.149558670880 0.279006402568 0.0946403752861 0.130365819696 0.0325877730555 0.103111607848 0.0830696854005 0.0549671053002 0.158115956253 0.257554668786 0.140488794309 0.0472941350358 0.122601938861 -0.00837005043898 0.0159996531317 0.0642635541525 0.0616924223909 0.0185212242899 0.00956915156547 0.0638919579616 0.0359030548858 0.0781338371583 -0.00487575273534 0.0599469418202 0.495914904719 0.444550540145 0.173063982172 0.0287719010990 0.110798875637 0.264873974590 0.0615408827370 0.0642513747314 0.392512294829 0.307413701826 0.151252271291 -0.0410938190207 -0.0152488100554 0.0576619862382 -0.0604252532204 -0.282291544114 -0.00562056561733 0.0505195219598 0.119968850998
# mean_log_rec:
11.3256761368
# rec_dev:
 0.627691388406 0.606600352661 0.594059291025 0.574249141746 0.543252072681 0.520093225789 0.504686548931 0.487683681234 0.448559219620 0.418317447266 0.382212316224 0.340386755074 0.295898856314 0.257746649723 0.201769356102 0.130941068531 0.0990479827725 0.0567639223568 0.0127900302870 -0.0187348558618 -0.0262690598042 -0.0397857988932 -0.0640600150003 -0.0790561919464 -0.0841081018108 -0.0922399921429 -0.121862687937 -0.142291317186 -0.155684032420 -0.162506652582 -0.173414538451 -0.213090202231 -0.253323433541 -0.280518878834 -0.194598543073 -0.117755390800 -0.130683608046 -0.136971460844 -0.131608946212 -0.142084329377 -0.145662028029 -0.160782979427 -0.168668560149 -0.168069469406 -0.165428052045 -0.160808793993 -0.171738504732 -0.171688228709 -0.174476688723 -0.162984265670 -0.154921808794 -0.190693351098 -0.236112881207 -0.221001458035 -0.197987095654 -0.210469668514 -0.220187753849 -0.200185142588 -0.180364402414 -0.187744036420 -0.188134771070 -0.166129674432 -0.125056520465 -0.0926969329099 -0.0798144002129 -0.0501127053461 0.00335385350606 0.00323253397421 0.00323251666067
# log_avg_NatM:
-1.48929000000
# m_dev:
 0.00000000000 0.00000000000 0.00000000000 0.00000000000 0.00000000000 0.00000000000 0.00000000000 0.00000000000 0.00000000000 0.00000000000 0.00000000000 0.00000000000 0.00000000000 0.00000000000 0.00000000000 0.00000000000 0.00000000000 0.00000000000 0.00000000000 0.00000000000 0.00000000000 0.00000000000 0.00000000000 0.00000000000 0.00000000000 0.00000000000 0.00000000000 0.00000000000 0.00000000000 0.00000000000 0.00000000000 0.00000000000 0.00000000000 0.00000000000 0.00000000000 0.00000000000 0.00000000000 0.00000000000 0.00000000000 0.00000000000 0.00000000000 0.00000000000 0.00000000000 0.00000000000 0.00000000000 0.00000000000 0.00000000000 0.00000000000 0.00000000000 0.00000000000 0.00000000000 0.00000000000 0.00000000000 0.00000000000 0.00000000000 0.00000000000 0.00000000000 0.00000000000 0.00000000000 0.00000000000 0.00000000000 0.00000000000 0.00000000000 0.00000000000 0.00000000000 0.00000000000 0.00000000000 0.00000000000 0.00000000000
# log_avg_GrowthK:
-1.64315400000
# log_avg_Linf:
4.75611400000
# GrowthK_dev:
 0.00000000000 0.00000000000 0.00000000000 0.00000000000 0.00000000000 0.00000000000 0.00000000000 0.00000000000 0.00000000000 0.00000000000 0.00000000000 0.00000000000 0.00000000000 0.00000000000 0.00000000000 0.00000000000 0.00000000000 0.00000000000 0.00000000000 0.00000000000 0.00000000000 0.00000000000 0.00000000000 0.00000000000 0.00000000000 0.00000000000 0.00000000000 0.00000000000 0.00000000000 0.00000000000 0.00000000000 0.00000000000 0.00000000000 0.00000000000 0.00000000000 0.00000000000 0.00000000000 0.00000000000 0.00000000000 0.00000000000 0.00000000000 0.00000000000 0.00000000000 0.00000000000 0.00000000000 0.00000000000 0.00000000000 0.00000000000 0.00000000000 0.00000000000 0.00000000000 0.00000000000 0.00000000000 0.00000000000 0.00000000000 0.00000000000 0.00000000000 0.00000000000 0.00000000000 0.00000000000 0.00000000000 0.00000000000 0.00000000000 0.00000000000 0.00000000000 0.00000000000 0.00000000000 0.00000000000 0.00000000000
# Linf_dev:
 0.00000000000 0.00000000000 0.00000000000 0.00000000000 0.00000000000 0.00000000000 0.00000000000 0.00000000000 0.00000000000 0.00000000000 0.00000000000 0.00000000000 0.00000000000 0.00000000000 0.00000000000 0.00000000000 0.00000000000 0.00000000000 0.00000000000 0.00000000000 0.00000000000 0.00000000000 0.00000000000 0.00000000000 0.00000000000 0.00000000000 0.00000000000 0.00000000000 0.00000000000 0.00000000000 0.00000000000 0.00000000000 0.00000000000 0.00000000000 0.00000000000 0.00000000000 0.00000000000 0.00000000000 0.00000000000 0.00000000000 0.00000000000 0.00000000000 0.00000000000 0.00000000000 0.00000000000 0.00000000000 0.00000000000 0.00000000000 0.00000000000 0.00000000000 0.00000000000 0.00000000000 0.00000000000 0.00000000000 0.00000000000 0.00000000000 0.00000000000 0.00000000000 0.00000000000 0.00000000000 0.00000000000 0.00000000000 0.00000000000 0.00000000000 0.00000000000 0.00000000000 0.00000000000 0.00000000000 0.00000000000
# SelPars50:
2.22121566495
# SelPars95:
4.05214008260
# SelPars_dev50:
 0.00000000000 0.00000000000 0.00000000000 0.00000000000 0.00000000000 0.00000000000 0.00000000000 0.00000000000 0.00000000000 0.00000000000 0.00000000000 0.00000000000 0.00000000000 0.00000000000 0.00000000000 0.00000000000 0.00000000000 0.00000000000 0.00000000000 0.00000000000 0.00000000000 0.00000000000 0.00000000000 0.00000000000 0.00000000000 0.00000000000 0.00000000000 0.00000000000 0.00000000000 0.00000000000 0.00000000000 0.00000000000 0.00000000000 0.00000000000 0.00000000000 0.00000000000 0.00000000000 0.00000000000 0.00000000000 0.00000000000 0.00000000000 0.00000000000 0.00000000000 0.00000000000 0.00000000000 0.00000000000 0.00000000000 0.00000000000 0.00000000000 0.00000000000 0.00000000000 0.00000000000 0.00000000000 0.00000000000 0.00000000000 0.00000000000 0.00000000000 0.00000000000 0.00000000000 0.00000000000 0.00000000000 0.00000000000 0.00000000000 0.00000000000 0.00000000000 0.00000000000 0.00000000000 0.00000000000 0.00000000000
# SelPars_dev95:
 0.00000000000 0.00000000000 0.00000000000 0.00000000000 0.00000000000 0.00000000000 0.00000000000 0.00000000000 0.00000000000 0.00000000000 0.00000000000 0.00000000000 0.00000000000 0.00000000000 0.00000000000 0.00000000000 0.00000000000 0.00000000000 0.00000000000 0.00000000000 0.00000000000 0.00000000000 0.00000000000 0.00000000000 0.00000000000 0.00000000000 0.00000000000 0.00000000000 0.00000000000 0.00000000000 0.00000000000 0.00000000000 0.00000000000 0.00000000000 0.00000000000 0.00000000000 0.00000000000 0.00000000000 0.00000000000 0.00000000000 0.00000000000 0.00000000000 0.00000000000 0.00000000000 0.00000000000 0.00000000000 0.00000000000 0.00000000000 0.00000000000 0.00000000000 0.00000000000 0.00000000000 0.00000000000 0.00000000000 0.00000000000 0.00000000000 0.00000000000 0.00000000000 0.00000000000 0.00000000000 0.00000000000 0.00000000000 0.00000000000 0.00000000000 0.00000000000 0.00000000000 0.00000000000 0.00000000000 0.00000000000
