# Number of parameters = 165 Objective function value = 80322.0169472581  Maximum gradient component = 0.000566436343860542
# srv_sel50:
1.63349222039
# srv_sel95:
2.87691735782
# stNatLen:
 11.8407795387 11.6640213430 11.4060347932 11.1851576862 11.0069366985 10.8353739480 10.6369924576 10.3994796778 10.1306920605 9.84734240420 9.56533625477 9.29586105496 9.04537691244 8.81691740410 8.61140090458 8.42858293145 8.26764496259 8.12757117311 8.00730171784 7.90589650359 7.82251710011 7.75648041695 7.70733418361 7.67475029033 7.65851309601
# log_avg_fmort_dir:
-1.59847250459
# fmort_dir_dev:
 -2.06693310015 -2.00693670818 -1.49794321971 -1.11259563534 -0.874281272612 -0.618518287626 -0.487854473049 -0.289189441909 -0.114293805917 -0.0250011374663 0.0833431867526 0.167571341192 0.349361090556 0.346270635113 0.453412631951 0.377419989092 0.341741054596 0.447112693191 0.390049851560 0.309309351718 0.267118971664 0.195409432685 0.230888012092 0.159426081671 0.162473644805 0.0813909391241 0.215047242385 0.129182027641 0.0930135437469 0.119621046925 -0.0314016183489 0.0343084518511 0.0869987904331 0.0965378355397 0.114041993982 0.0248832860442 0.104368171857 0.0237880663157 -0.0195955042561 -0.0693607773451 0.0605242657707 0.0752851909261 -0.0235785155967 0.0961924064452 0.0110941058127 0.116774841858 0.0405745963080 0.0216808770241 0.0680647425448 0.00299539022116 0.560362449209 0.530660497950 0.628166628457 0.475355974349 0.183178113873 -0.133809593655 0.0165054954979 0.167867847859 0.00919396793716 0.362250754338 0.289194688418 0.0527835047910 0.204959245034 -0.145829799948 0.303117411393 -0.105087826756 -0.0586616426481
# mean_log_rec:
11.3319472186
# rec_dev:
 0.566140467228 0.537611523214 0.527381165268 0.523479024754 0.517344394380 0.502492307016 0.490025631307 0.464306145158 0.437091728706 0.412737838086 0.381661131646 0.343246546271 0.313378224712 0.264708757507 0.192251844190 0.146107029004 0.107821698984 0.0700886308094 0.0377901393062 0.0230568240097 -0.0185527939051 -0.0423886579371 -0.0638013299576 -0.0831225417545 -0.0719931999618 -0.0722535613794 -0.0895684744105 -0.103167499150 -0.117088306447 -0.142215609081 -0.163046030973 -0.205882132341 -0.275695107422 -0.314106852183 -0.248683353140 -0.201387584116 -0.198789136218 -0.198062901390 -0.185601898087 -0.158805161238 -0.127060460941 -0.0991623598815 -0.0912646015529 -0.0957806263072 -0.0865046270778 -0.0826518801912 -0.0858251073388 -0.118697025519 -0.146431850308 -0.157971157758 -0.161942865524 -0.175937871195 -0.201078010829 -0.247460791042 -0.270435255658 -0.251500286485 -0.232370953406 -0.209652734767 -0.183166906064 -0.171203215063 -0.174073524173 -0.175333809856 -0.139777174761 -0.0919483655393 -0.0388038168871 -0.0442368115899 -0.0442368307463
# log_avg_NatM:
-1.47890400000
# m_dev:
 0.00000000000 0.00000000000 0.00000000000 0.00000000000 0.00000000000 0.00000000000 0.00000000000 0.00000000000 0.00000000000 0.00000000000 0.00000000000 0.00000000000 0.00000000000 0.00000000000 0.00000000000 0.00000000000 0.00000000000 0.00000000000 0.00000000000 0.00000000000 0.00000000000 0.00000000000 0.00000000000 0.00000000000 0.00000000000 0.00000000000 0.00000000000 0.00000000000 0.00000000000 0.00000000000 0.00000000000 0.00000000000 0.00000000000 0.00000000000 0.00000000000 0.00000000000 0.00000000000 0.00000000000 0.00000000000 0.00000000000 0.00000000000 0.00000000000 0.00000000000 0.00000000000 0.00000000000 0.00000000000 0.00000000000 0.00000000000 0.00000000000 0.00000000000 0.00000000000 0.00000000000 0.00000000000 0.00000000000 0.00000000000 0.00000000000 0.00000000000 0.00000000000 0.00000000000 0.00000000000 0.00000000000 0.00000000000 0.00000000000 0.00000000000 0.00000000000 0.00000000000 0.00000000000
# log_avg_GrowthK:
-1.60943800000
# log_avg_Linf:
4.88280200000
# GrowthK_dev:
 0.00000000000 0.00000000000 0.00000000000 0.00000000000 0.00000000000 0.00000000000 0.00000000000 0.00000000000 0.00000000000 0.00000000000 0.00000000000 0.00000000000 0.00000000000 0.00000000000 0.00000000000 0.00000000000 0.00000000000 0.00000000000 0.00000000000 0.00000000000 0.00000000000 0.00000000000 0.00000000000 0.00000000000 0.00000000000 0.00000000000 0.00000000000 0.00000000000 0.00000000000 0.00000000000 0.00000000000 0.00000000000 0.00000000000 0.00000000000 0.00000000000 0.00000000000 0.00000000000 0.00000000000 0.00000000000 0.00000000000 0.00000000000 0.00000000000 0.00000000000 0.00000000000 0.00000000000 0.00000000000 0.00000000000 0.00000000000 0.00000000000 0.00000000000 0.00000000000 0.00000000000 0.00000000000 0.00000000000 0.00000000000 0.00000000000 0.00000000000 0.00000000000 0.00000000000 0.00000000000 0.00000000000 0.00000000000 0.00000000000 0.00000000000 0.00000000000 0.00000000000 0.00000000000
# Linf_dev:
 0.00000000000 0.00000000000 0.00000000000 0.00000000000 0.00000000000 0.00000000000 0.00000000000 0.00000000000 0.00000000000 0.00000000000 0.00000000000 0.00000000000 0.00000000000 0.00000000000 0.00000000000 0.00000000000 0.00000000000 0.00000000000 0.00000000000 0.00000000000 0.00000000000 0.00000000000 0.00000000000 0.00000000000 0.00000000000 0.00000000000 0.00000000000 0.00000000000 0.00000000000 0.00000000000 0.00000000000 0.00000000000 0.00000000000 0.00000000000 0.00000000000 0.00000000000 0.00000000000 0.00000000000 0.00000000000 0.00000000000 0.00000000000 0.00000000000 0.00000000000 0.00000000000 0.00000000000 0.00000000000 0.00000000000 0.00000000000 0.00000000000 0.00000000000 0.00000000000 0.00000000000 0.00000000000 0.00000000000 0.00000000000 0.00000000000 0.00000000000 0.00000000000 0.00000000000 0.00000000000 0.00000000000 0.00000000000 0.00000000000 0.00000000000 0.00000000000 0.00000000000 0.00000000000
# SelPars50:
2.22763862379
# SelPars95:
4.06347366189
# SelPars_dev50:
 0.00000000000 0.00000000000 0.00000000000 0.00000000000 0.00000000000 0.00000000000 0.00000000000 0.00000000000 0.00000000000 0.00000000000 0.00000000000 0.00000000000 0.00000000000 0.00000000000 0.00000000000 0.00000000000 0.00000000000 0.00000000000 0.00000000000 0.00000000000 0.00000000000 0.00000000000 0.00000000000 0.00000000000 0.00000000000 0.00000000000 0.00000000000 0.00000000000 0.00000000000 0.00000000000 0.00000000000 0.00000000000 0.00000000000 0.00000000000 0.00000000000 0.00000000000 0.00000000000 0.00000000000 0.00000000000 0.00000000000 0.00000000000 0.00000000000 0.00000000000 0.00000000000 0.00000000000 0.00000000000 0.00000000000 0.00000000000 0.00000000000 0.00000000000 0.00000000000 0.00000000000 0.00000000000 0.00000000000 0.00000000000 0.00000000000 0.00000000000 0.00000000000 0.00000000000 0.00000000000 0.00000000000 0.00000000000 0.00000000000 0.00000000000 0.00000000000 0.00000000000 0.00000000000
# SelPars_dev95:
 0.00000000000 0.00000000000 0.00000000000 0.00000000000 0.00000000000 0.00000000000 0.00000000000 0.00000000000 0.00000000000 0.00000000000 0.00000000000 0.00000000000 0.00000000000 0.00000000000 0.00000000000 0.00000000000 0.00000000000 0.00000000000 0.00000000000 0.00000000000 0.00000000000 0.00000000000 0.00000000000 0.00000000000 0.00000000000 0.00000000000 0.00000000000 0.00000000000 0.00000000000 0.00000000000 0.00000000000 0.00000000000 0.00000000000 0.00000000000 0.00000000000 0.00000000000 0.00000000000 0.00000000000 0.00000000000 0.00000000000 0.00000000000 0.00000000000 0.00000000000 0.00000000000 0.00000000000 0.00000000000 0.00000000000 0.00000000000 0.00000000000 0.00000000000 0.00000000000 0.00000000000 0.00000000000 0.00000000000 0.00000000000 0.00000000000 0.00000000000 0.00000000000 0.00000000000 0.00000000000 0.00000000000 0.00000000000 0.00000000000 0.00000000000 0.00000000000 0.00000000000 0.00000000000
