# Number of parameters = 127 Objective function value = 57286.2  Maximum gradient component = 0.00201606
# srv_sel50:
1.68994215056
# srv_sel95:
3.04273506028
# stNatLen:
 11.8023161326 11.5900737886 11.2805839490 11.0166330305 10.7989172378 10.5914183867 10.3689250823 10.1257509343 9.86920913954 9.61057846111 9.35963715785 9.12298989596 8.90432223399 8.70525517652 8.52612959273 8.36656752540 8.22586620551 8.10318074304 7.99765054842 7.90848751306 7.83505361420 7.77679697575 7.73333650410 7.70438056888 7.68986015131
# log_avg_fmort_dir:
-1.49290340223
# fmort_dir_dev:
 -1.07607528346 -0.794653853048 -0.607999249079 -0.330825495780 -0.350441686799 -0.183513573904 -0.0403837505250 0.0772478633539 0.0809168750383 0.192128919079 0.315914699840 0.326838862074 0.270759131454 0.268991927324 0.259318427808 0.234268968017 0.185238110103 0.188724956514 0.188719616335 0.129877236567 0.202067147929 0.165913379246 0.0981608976519 0.0134411786013 0.0149591030287 0.0796443872507 0.0739971117240 0.0322668206336 -0.0377271636044 0.0375316411060 0.00303921429746 -0.00203027171618 0.0750910836297 0.0629691497005 -0.00648956958355 -0.0155261500206 0.00606597738089 -0.0131365603699 -0.103014839970 -0.0721517036427 0.0455169655107 -0.0614873974961 0.0479399947591 0.0472664556391 0.0382202896356 -0.0347268182689 -0.00892165434602 -0.0239313696146
# mean_log_rec:
11.3239102381
# rec_dev:
 0.493961263820 0.451803083606 0.423049241242 0.402588491403 0.380037534920 0.356740746355 0.337072963013 0.310190387470 0.269547557618 0.233269151065 0.184509535283 0.146941545100 0.108575816566 0.0440556479014 0.0150449731624 -0.00783790320300 -0.0392967883782 -0.0622605122321 -0.0783683380250 -0.0914890916189 -0.107544991437 -0.109208613238 -0.108966529912 -0.127729151539 -0.140141618811 -0.158649727275 -0.205937788308 -0.238328643385 -0.285174865521 -0.312993010842 -0.230344369593 -0.152022707778 -0.152256829487 -0.165647948644 -0.169008766072 -0.179299312931 -0.166718772534 -0.142504268933 -0.129506431022 -0.125504568373 -0.123318885196 -0.111491919461 -0.0916513106014 -0.0762874388593 -0.0414577833673 0.000663999851718 -0.0135515636581 -0.0135514881407
# log_avg_NatM:
-1.47890400000
# m_dev:
 0.00000000000 0.00000000000 0.00000000000 0.00000000000 0.00000000000 0.00000000000 0.00000000000 0.00000000000 0.00000000000 0.00000000000 0.00000000000 0.00000000000 0.00000000000 0.00000000000 0.00000000000 0.00000000000 0.00000000000 0.00000000000 0.00000000000 0.00000000000 0.00000000000 0.00000000000 0.00000000000 0.00000000000 0.00000000000 0.00000000000 0.00000000000 0.00000000000 0.00000000000 0.00000000000 0.00000000000 0.00000000000 0.00000000000 0.00000000000 0.00000000000 0.00000000000 0.00000000000 0.00000000000 0.00000000000 0.00000000000 0.00000000000 0.00000000000 0.00000000000 0.00000000000 0.00000000000 0.00000000000 0.00000000000 0.00000000000
# log_avg_GrowthK:
-1.60943800000
# log_avg_Linf:
4.88280200000
# GrowthK_dev:
 0.00000000000 0.00000000000 0.00000000000 0.00000000000 0.00000000000 0.00000000000 0.00000000000 0.00000000000 0.00000000000 0.00000000000 0.00000000000 0.00000000000 0.00000000000 0.00000000000 0.00000000000 0.00000000000 0.00000000000 0.00000000000 0.00000000000 0.00000000000 0.00000000000 0.00000000000 0.00000000000 0.00000000000 0.00000000000 0.00000000000 0.00000000000 0.00000000000 0.00000000000 0.00000000000 0.00000000000 0.00000000000 0.00000000000 0.00000000000 0.00000000000 0.00000000000 0.00000000000 0.00000000000 0.00000000000 0.00000000000 0.00000000000 0.00000000000 0.00000000000 0.00000000000 0.00000000000 0.00000000000 0.00000000000 0.00000000000
# Linf_dev:
 0.00000000000 0.00000000000 0.00000000000 0.00000000000 0.00000000000 0.00000000000 0.00000000000 0.00000000000 0.00000000000 0.00000000000 0.00000000000 0.00000000000 0.00000000000 0.00000000000 0.00000000000 0.00000000000 0.00000000000 0.00000000000 0.00000000000 0.00000000000 0.00000000000 0.00000000000 0.00000000000 0.00000000000 0.00000000000 0.00000000000 0.00000000000 0.00000000000 0.00000000000 0.00000000000 0.00000000000 0.00000000000 0.00000000000 0.00000000000 0.00000000000 0.00000000000 0.00000000000 0.00000000000 0.00000000000 0.00000000000 0.00000000000 0.00000000000 0.00000000000 0.00000000000 0.00000000000 0.00000000000 0.00000000000 0.00000000000
# SelPars50:
2.28899391353
# SelPars95:
4.18224742789
# SelPars_dev50:
 0.00000000000 0.00000000000 0.00000000000 0.00000000000 0.00000000000 0.00000000000 0.00000000000 0.00000000000 0.00000000000 0.00000000000 0.00000000000 0.00000000000 0.00000000000 0.00000000000 0.00000000000 0.00000000000 0.00000000000 0.00000000000 0.00000000000 0.00000000000 0.00000000000 0.00000000000 0.00000000000 0.00000000000 0.00000000000 0.00000000000 0.00000000000 0.00000000000 0.00000000000 0.00000000000 0.00000000000 0.00000000000 0.00000000000 0.00000000000 0.00000000000 0.00000000000 0.00000000000 0.00000000000 0.00000000000 0.00000000000 0.00000000000 0.00000000000 0.00000000000 0.00000000000 0.00000000000 0.00000000000 0.00000000000 0.00000000000
# SelPars_dev95:
 0.00000000000 0.00000000000 0.00000000000 0.00000000000 0.00000000000 0.00000000000 0.00000000000 0.00000000000 0.00000000000 0.00000000000 0.00000000000 0.00000000000 0.00000000000 0.00000000000 0.00000000000 0.00000000000 0.00000000000 0.00000000000 0.00000000000 0.00000000000 0.00000000000 0.00000000000 0.00000000000 0.00000000000 0.00000000000 0.00000000000 0.00000000000 0.00000000000 0.00000000000 0.00000000000 0.00000000000 0.00000000000 0.00000000000 0.00000000000 0.00000000000 0.00000000000 0.00000000000 0.00000000000 0.00000000000 0.00000000000 0.00000000000 0.00000000000 0.00000000000 0.00000000000 0.00000000000 0.00000000000 0.00000000000 0.00000000000
