# Number of parameters = 151 Objective function value = 71892.7  Maximum gradient component = 0.00294827
# srv_sel50:
1.66902174333
# srv_sel95:
2.97293478204
# stNatLen:
 11.8652993483 11.6829696204 11.4184389569 11.1953937565 11.0162316943 10.8433377482 10.6450906541 10.4112717711 10.1499225628 9.87646609436 9.60526563816 9.34638827132 9.10568064714 8.88593100698 8.68800346016 8.51169429387 8.35625864647 8.22077763855 8.10431367487 8.00600072329 7.92509394831 7.86101960572 7.81331213457 7.78168622057 7.76591117575
# log_avg_fmort_dir:
-1.61717060279
# fmort_dir_dev:
 -1.99416392714 -1.92819388148 -1.44102757186 -1.22628674526 -0.844057017096 -0.624443398888 -0.328285551673 -0.189761024975 -0.0580171514213 -0.0199666326404 0.0876428507037 0.257374222398 0.262419996940 0.452563087535 0.302894805684 0.497335607515 0.443466125597 0.370558696516 0.337517520454 0.367251731096 0.327538637087 0.334383784222 0.291417022975 0.208790453276 0.338405857127 0.229249144641 0.157426315050 0.200122049579 0.218758108003 0.110173924176 0.112821271597 0.114633065033 0.108279550949 0.153021998418 0.214916665807 0.0941691525123 0.152186469627 0.0324597913944 0.0369934978352 0.109352996609 0.138470620349 -0.00842089231624 0.0490498193779 0.163450997605 0.0288531623965 0.0558966798202 0.0482357658183 0.0347032366133 0.0817913648958 0.121774833019 0.296391325919 0.343205289581 0.0638426365173 0.211152438451 0.0515430080761 -0.00846764961542 0.0903353923415 0.0910994577242 -0.175389074136 0.0525600896393
# mean_log_rec:
11.3701256722
# rec_dev:
 0.541172434788 0.508348236676 0.501564001050 0.490116633784 0.470369700805 0.442994809775 0.404718969962 0.370124247406 0.349521880643 0.321791880493 0.280221016097 0.235991647736 0.202837005849 0.185479225057 0.136916400170 0.0698282975246 0.0191048704773 -0.00632002740676 -0.0242355159688 -0.0438338634687 -0.0687817672200 -0.0807983377114 -0.0776957761283 -0.0905259444565 -0.111022062475 -0.122111678230 -0.137412221028 -0.146802770184 -0.159705542242 -0.191381407414 -0.217318085543 -0.241529614051 -0.297664955474 -0.329341728546 -0.245244102311 -0.177346750764 -0.174842703582 -0.183972780223 -0.198109598123 -0.200820509173 -0.190646538696 -0.205714050550 -0.227413674718 -0.224185501299 -0.220292821851 -0.215972539524 -0.202374377503 -0.185496135012 -0.188987455075 -0.181827493077 -0.171553373494 -0.143322690837 -0.116024144800 -0.0926199977339 -0.0510105089880 0.0282810531265 0.106714655144 0.160423155177 0.158869480902 0.158869442239
# log_avg_NatM:
-1.47890400000
# m_dev:
 0.00000000000 0.00000000000 0.00000000000 0.00000000000 0.00000000000 0.00000000000 0.00000000000 0.00000000000 0.00000000000 0.00000000000 0.00000000000 0.00000000000 0.00000000000 0.00000000000 0.00000000000 0.00000000000 0.00000000000 0.00000000000 0.00000000000 0.00000000000 0.00000000000 0.00000000000 0.00000000000 0.00000000000 0.00000000000 0.00000000000 0.00000000000 0.00000000000 0.00000000000 0.00000000000 0.00000000000 0.00000000000 0.00000000000 0.00000000000 0.00000000000 0.00000000000 0.00000000000 0.00000000000 0.00000000000 0.00000000000 0.00000000000 0.00000000000 0.00000000000 0.00000000000 0.00000000000 0.00000000000 0.00000000000 0.00000000000 0.00000000000 0.00000000000 0.00000000000 0.00000000000 0.00000000000 0.00000000000 0.00000000000 0.00000000000 0.00000000000 0.00000000000 0.00000000000 0.00000000000
# log_avg_GrowthK:
-1.60943800000
# log_avg_Linf:
4.88280200000
# GrowthK_dev:
 0.00000000000 0.00000000000 0.00000000000 0.00000000000 0.00000000000 0.00000000000 0.00000000000 0.00000000000 0.00000000000 0.00000000000 0.00000000000 0.00000000000 0.00000000000 0.00000000000 0.00000000000 0.00000000000 0.00000000000 0.00000000000 0.00000000000 0.00000000000 0.00000000000 0.00000000000 0.00000000000 0.00000000000 0.00000000000 0.00000000000 0.00000000000 0.00000000000 0.00000000000 0.00000000000 0.00000000000 0.00000000000 0.00000000000 0.00000000000 0.00000000000 0.00000000000 0.00000000000 0.00000000000 0.00000000000 0.00000000000 0.00000000000 0.00000000000 0.00000000000 0.00000000000 0.00000000000 0.00000000000 0.00000000000 0.00000000000 0.00000000000 0.00000000000 0.00000000000 0.00000000000 0.00000000000 0.00000000000 0.00000000000 0.00000000000 0.00000000000 0.00000000000 0.00000000000 0.00000000000
# Linf_dev:
 0.00000000000 0.00000000000 0.00000000000 0.00000000000 0.00000000000 0.00000000000 0.00000000000 0.00000000000 0.00000000000 0.00000000000 0.00000000000 0.00000000000 0.00000000000 0.00000000000 0.00000000000 0.00000000000 0.00000000000 0.00000000000 0.00000000000 0.00000000000 0.00000000000 0.00000000000 0.00000000000 0.00000000000 0.00000000000 0.00000000000 0.00000000000 0.00000000000 0.00000000000 0.00000000000 0.00000000000 0.00000000000 0.00000000000 0.00000000000 0.00000000000 0.00000000000 0.00000000000 0.00000000000 0.00000000000 0.00000000000 0.00000000000 0.00000000000 0.00000000000 0.00000000000 0.00000000000 0.00000000000 0.00000000000 0.00000000000 0.00000000000 0.00000000000 0.00000000000 0.00000000000 0.00000000000 0.00000000000 0.00000000000 0.00000000000 0.00000000000 0.00000000000 0.00000000000 0.00000000000
# SelPars50:
2.28586538136
# SelPars95:
4.19220359636
# SelPars_dev50:
 0.00000000000 0.00000000000 0.00000000000 0.00000000000 0.00000000000 0.00000000000 0.00000000000 0.00000000000 0.00000000000 0.00000000000 0.00000000000 0.00000000000 0.00000000000 0.00000000000 0.00000000000 0.00000000000 0.00000000000 0.00000000000 0.00000000000 0.00000000000 0.00000000000 0.00000000000 0.00000000000 0.00000000000 0.00000000000 0.00000000000 0.00000000000 0.00000000000 0.00000000000 0.00000000000 0.00000000000 0.00000000000 0.00000000000 0.00000000000 0.00000000000 0.00000000000 0.00000000000 0.00000000000 0.00000000000 0.00000000000 0.00000000000 0.00000000000 0.00000000000 0.00000000000 0.00000000000 0.00000000000 0.00000000000 0.00000000000 0.00000000000 0.00000000000 0.00000000000 0.00000000000 0.00000000000 0.00000000000 0.00000000000 0.00000000000 0.00000000000 0.00000000000 0.00000000000 0.00000000000
# SelPars_dev95:
 0.00000000000 0.00000000000 0.00000000000 0.00000000000 0.00000000000 0.00000000000 0.00000000000 0.00000000000 0.00000000000 0.00000000000 0.00000000000 0.00000000000 0.00000000000 0.00000000000 0.00000000000 0.00000000000 0.00000000000 0.00000000000 0.00000000000 0.00000000000 0.00000000000 0.00000000000 0.00000000000 0.00000000000 0.00000000000 0.00000000000 0.00000000000 0.00000000000 0.00000000000 0.00000000000 0.00000000000 0.00000000000 0.00000000000 0.00000000000 0.00000000000 0.00000000000 0.00000000000 0.00000000000 0.00000000000 0.00000000000 0.00000000000 0.00000000000 0.00000000000 0.00000000000 0.00000000000 0.00000000000 0.00000000000 0.00000000000 0.00000000000 0.00000000000 0.00000000000 0.00000000000 0.00000000000 0.00000000000 0.00000000000 0.00000000000 0.00000000000 0.00000000000 0.00000000000 0.00000000000
