# Number of parameters = 239 Objective function value = 82741.5656735969  Maximum gradient component = 0.000335777624906489
# srv_sel50:
1.47640872703
# srv_sel95:
2.44243022653
# stNatLen:
 11.3117620640 11.1802547330 10.9816589129 10.7911148770 10.6066384692 10.4078779101 10.1865285734 9.94839024194 9.70492115237 9.46657494877 9.24049721319 9.03069357285 8.83894942930 8.66566834052 8.51050626359 8.37273807926 8.25151223283 8.14601830081 8.05544804418 7.97908656159 7.91629083525 7.86658298677 7.82955574826 7.80486879785 7.79248328335
# log_avg_fmort_dir:
-1.61304777167
# fmort_dir_dev:
 -1.94610385316 -1.87712384968 -1.33502592859 -0.906108694427 -0.578398650100 -0.388454559472 -0.249362597596 -0.0293681878504 -0.0840444128930 0.0833206919378 0.163029450998 0.309102503477 0.282356767201 0.408461769941 0.521259607178 0.613124565088 0.512974961432 0.480406687344 0.445168747051 0.361610010118 0.481662653006 0.349328912194 0.332161694762 0.343781965678 0.278042992503 0.313837256770 0.215843604672 0.212587903694 0.189830984680 0.166725401940 0.0694341060018 -0.0270242109159 -0.0578273322015 0.103645675657 0.0979955516288 0.0154316225932 0.0356558724323 0.161792103002 -0.0279499833795 0.0188407052244 -0.0870324499657 0.0185989017615 0.0569136258589 -0.0153482792295 -0.0490786518519 0.00698832080747 -0.000613362143187 0.0772329745566 -0.0200262612862 -0.0924522143034 0.305659240980 0.186297530588 -0.225173651682 0.170130942034 -0.0859417791310 -0.441918228753 0.158628313728 0.167970967304 0.275064455728 -0.107459244442 -0.845066617234 0.322286406426 0.0836587316714 -0.408047211884 -0.0603848641205 0.0293632445424 -0.0600243529119 0.258653339317 0.320497665699
# mean_log_rec:
11.1341062831
# rec_dev:
 0.354591648622 0.352958806235 0.324915325882 0.259681853061 0.209470154230 0.173137956034 0.162987683586 0.183064382135 0.209473033430 0.194047599077 0.140789820267 0.0974927678012 0.0538166719575 0.000657786988736 -0.0693222832521 -0.121504431670 -0.154341815099 -0.162954446723 -0.162950811765 -0.216877791019 -0.260119651393 -0.257895319265 -0.249919793353 -0.248213585008 -0.267910464227 -0.265285527656 -0.247106271425 -0.239160185460 -0.237751133258 -0.198637398606 -0.148448650536 -0.125071881773 -0.139855117743 -0.176406491913 -0.0795831485772 0.00223476859044 0.0171307864560 0.0104544132970 0.0532547018527 0.0860542503306 0.0199635250992 -0.0161066474805 0.0193112523757 0.0594656502654 0.0469240343119 -0.000735541748189 -0.000725198666032 0.0353358777797 0.0772123063199 0.0641086224093 0.0365246543302 0.0123436801913 0.00372964753659 0.0381429552357 0.0985154343046 0.163832274411 0.182564850704 0.123049651011 0.0548386026961 0.0231001525063 -0.0184123043531 -0.0364882998118 -0.0477309812521 -0.0175712018974 0.0414916010492 0.0782874961611 0.0572199890982 0.0224548142199 0.0224548930807
# log_avg_NatM:
-1.55532877712
# m_dev:
 -0.645386636013 -0.357231056910 0.140711012862 0.166508731004 0.0259160803034 -0.00431733590811 -0.240814897524 -0.404437451617 -0.478162481550 -0.211757515810 -0.0427693136502 -0.111529352397 -0.132314123984 -0.232406146156 -0.180642293675 -0.206486397079 -0.299347684704 -0.530599836987 -0.415082225356 0.0425015528095 -0.0889856717171 -0.274080477534 -0.339389164407 -0.181512099201 -0.0670313653504 -0.195874571738 -0.200325938575 -0.133844539478 -0.112893667012 -0.248196941974 -0.182416813889 -0.134858380712 -0.00691350532772 0.172650140579 0.0742138584234 0.174174879159 0.0393199102795 0.198752209662 -0.102008421278 0.0645101658833 0.517994028004 0.270361094764 -0.00307326322827 0.0361266643654 0.248878344115 0.394444711509 0.122468729121 0.0520424121693 -0.00300788371253 0.236350513108 0.273209035647 0.184442240874 0.238705131583 0.0405822758324 -0.156539291079 0.0518785114703 0.251090372642 0.419317620581 0.342912057894 0.123080820535 0.450853223034 0.341287979098 0.128791480422 0.0418852363013 0.0653730981589 0.000200405955537 0.186185235201 0.408161389162 0.398355593020
# log_avg_GrowthK:
-1.60943800000
# log_avg_Linf:
4.88280200000
# GrowthK_dev:
 0.00000000000 0.00000000000 0.00000000000 0.00000000000 0.00000000000 0.00000000000 0.00000000000 0.00000000000 0.00000000000 0.00000000000 0.00000000000 0.00000000000 0.00000000000 0.00000000000 0.00000000000 0.00000000000 0.00000000000 0.00000000000 0.00000000000 0.00000000000 0.00000000000 0.00000000000 0.00000000000 0.00000000000 0.00000000000 0.00000000000 0.00000000000 0.00000000000 0.00000000000 0.00000000000 0.00000000000 0.00000000000 0.00000000000 0.00000000000 0.00000000000 0.00000000000 0.00000000000 0.00000000000 0.00000000000 0.00000000000 0.00000000000 0.00000000000 0.00000000000 0.00000000000 0.00000000000 0.00000000000 0.00000000000 0.00000000000 0.00000000000 0.00000000000 0.00000000000 0.00000000000 0.00000000000 0.00000000000 0.00000000000 0.00000000000 0.00000000000 0.00000000000 0.00000000000 0.00000000000 0.00000000000 0.00000000000 0.00000000000 0.00000000000 0.00000000000 0.00000000000 0.00000000000 0.00000000000 0.00000000000
# Linf_dev:
 0.00000000000 0.00000000000 0.00000000000 0.00000000000 0.00000000000 0.00000000000 0.00000000000 0.00000000000 0.00000000000 0.00000000000 0.00000000000 0.00000000000 0.00000000000 0.00000000000 0.00000000000 0.00000000000 0.00000000000 0.00000000000 0.00000000000 0.00000000000 0.00000000000 0.00000000000 0.00000000000 0.00000000000 0.00000000000 0.00000000000 0.00000000000 0.00000000000 0.00000000000 0.00000000000 0.00000000000 0.00000000000 0.00000000000 0.00000000000 0.00000000000 0.00000000000 0.00000000000 0.00000000000 0.00000000000 0.00000000000 0.00000000000 0.00000000000 0.00000000000 0.00000000000 0.00000000000 0.00000000000 0.00000000000 0.00000000000 0.00000000000 0.00000000000 0.00000000000 0.00000000000 0.00000000000 0.00000000000 0.00000000000 0.00000000000 0.00000000000 0.00000000000 0.00000000000 0.00000000000 0.00000000000 0.00000000000 0.00000000000 0.00000000000 0.00000000000 0.00000000000 0.00000000000 0.00000000000 0.00000000000
# SelPars50:
2.00430304808
# SelPars95:
3.54268771891
# SelPars_dev50:
 0.00000000000 0.00000000000 0.00000000000 0.00000000000 0.00000000000 0.00000000000 0.00000000000 0.00000000000 0.00000000000 0.00000000000 0.00000000000 0.00000000000 0.00000000000 0.00000000000 0.00000000000 0.00000000000 0.00000000000 0.00000000000 0.00000000000 0.00000000000 0.00000000000 0.00000000000 0.00000000000 0.00000000000 0.00000000000 0.00000000000 0.00000000000 0.00000000000 0.00000000000 0.00000000000 0.00000000000 0.00000000000 0.00000000000 0.00000000000 0.00000000000 0.00000000000 0.00000000000 0.00000000000 0.00000000000 0.00000000000 0.00000000000 0.00000000000 0.00000000000 0.00000000000 0.00000000000 0.00000000000 0.00000000000 0.00000000000 0.00000000000 0.00000000000 0.00000000000 0.00000000000 0.00000000000 0.00000000000 0.00000000000 0.00000000000 0.00000000000 0.00000000000 0.00000000000 0.00000000000 0.00000000000 0.00000000000 0.00000000000 0.00000000000 0.00000000000 0.00000000000 0.00000000000 0.00000000000 0.00000000000
# SelPars_dev95:
 0.00000000000 0.00000000000 0.00000000000 0.00000000000 0.00000000000 0.00000000000 0.00000000000 0.00000000000 0.00000000000 0.00000000000 0.00000000000 0.00000000000 0.00000000000 0.00000000000 0.00000000000 0.00000000000 0.00000000000 0.00000000000 0.00000000000 0.00000000000 0.00000000000 0.00000000000 0.00000000000 0.00000000000 0.00000000000 0.00000000000 0.00000000000 0.00000000000 0.00000000000 0.00000000000 0.00000000000 0.00000000000 0.00000000000 0.00000000000 0.00000000000 0.00000000000 0.00000000000 0.00000000000 0.00000000000 0.00000000000 0.00000000000 0.00000000000 0.00000000000 0.00000000000 0.00000000000 0.00000000000 0.00000000000 0.00000000000 0.00000000000 0.00000000000 0.00000000000 0.00000000000 0.00000000000 0.00000000000 0.00000000000 0.00000000000 0.00000000000 0.00000000000 0.00000000000 0.00000000000 0.00000000000 0.00000000000 0.00000000000 0.00000000000 0.00000000000 0.00000000000 0.00000000000 0.00000000000 0.00000000000
