# Number of parameters = 173 Objective function value = 55987.5  Maximum gradient component = 0.00171831
# srv_sel50:
1.46379271587
# srv_sel95:
2.40040657635
# stNatLen:
 11.3264870086 11.1758068202 10.9486386940 10.7208793369 10.4968040215 10.2635761766 10.0178826197 9.76654147188 9.51918851576 9.28352529396 9.06417995475 8.86327757186 8.68132570170 8.51793871843 8.37228389211 8.24337645683 8.13022562919 8.03191609580 7.94760357835 7.87657920872 7.81824793187 7.77208656193 7.73778808881 7.71509479922 7.70384497230
# log_avg_fmort_dir:
-1.48993775877
# fmort_dir_dev:
 -0.477157471323 -0.596159240754 -0.532402100663 -0.295999149172 -0.164328798335 -0.188989196606 -0.0329270981322 0.0960091181948 0.213232709327 0.212264778916 0.215050720491 0.269288827442 0.369236517059 0.339735087942 0.336138422204 0.344055711766 0.263124422859 0.237248269834 0.189184672093 0.147361121856 0.162458032427 0.0720716191267 0.0728861018414 0.0388441903041 0.0962706123389 0.117200201650 0.0838674506508 0.117185300801 0.0888529045976 0.0956881180809 -0.0174662235670 -0.0588745516817 -0.147626683834 -0.102534063343 -0.138758359753 -0.137116133466 -0.0429608384018 -0.0614651313951 -0.0851878716086 -0.105899811907 -0.0552609225393 -0.100498124433 -0.142564604148 -0.200832861079 -0.118159399446 -0.210931159889 -0.163155116325
# mean_log_rec:
11.1230016705
# rec_dev:
 0.258285232799 0.259005717937 0.281131954038 0.288282117986 0.262415347470 0.224195419613 0.194567663110 0.165502809859 0.149674182832 0.130503603222 0.0695758805830 -0.0280427574978 -0.0912687275190 -0.131531977565 -0.159113330225 -0.169780846282 -0.174188789484 -0.196143445852 -0.197392340045 -0.170355008725 -0.143262672244 -0.121957154742 -0.138816916570 -0.171614070134 -0.235219089001 -0.298177020542 -0.314165350743 -0.307316958450 -0.294070435173 -0.260430268465 -0.106688904625 0.0595550672804 0.115968727365 0.101199134009 0.0749975130966 0.0306825716248 0.00982849508647 0.0260351010914 0.0459799984475 0.0787812490706 0.0995987232045 0.0928721723282 0.0808941124669 0.101329522143 0.151086671896 0.178793521870 0.178793553454
# log_avg_NatM:
-1.60652105133
# m_dev:
 -0.115483284091 -0.238889420250 -0.255809518733 -0.208073107468 0.0792603614355 0.0203723476413 -0.0441960185979 -0.0614638828485 -0.202868749641 -0.0915318316572 0.0719841982356 0.157375301495 -0.0616132028040 -0.0849971892865 -0.224470977438 -0.241691880287 -0.163500672263 0.0507312851052 -0.117668668416 -0.218399060479 -0.273298581006 -0.133326445093 0.0380321888819 0.0657054570010 0.235918599601 0.201746281833 -0.113836862917 -0.185232140848 -0.202506271911 -0.0964141663487 -0.211924790792 -0.181771357621 0.0194136989657 0.274650599574 0.344248750180 0.390501189669 0.247984839694 0.190084047393 0.166881421343 -0.000126836465738 0.188666011141 0.266234753303 0.340634103567 0.165394354175 0.0607099374042 0.0786425733885 0.0739226162393
# log_avg_GrowthK:
-1.60943800000
# log_avg_Linf:
4.88280200000
# GrowthK_dev:
 0.00000000000 0.00000000000 0.00000000000 0.00000000000 0.00000000000 0.00000000000 0.00000000000 0.00000000000 0.00000000000 0.00000000000 0.00000000000 0.00000000000 0.00000000000 0.00000000000 0.00000000000 0.00000000000 0.00000000000 0.00000000000 0.00000000000 0.00000000000 0.00000000000 0.00000000000 0.00000000000 0.00000000000 0.00000000000 0.00000000000 0.00000000000 0.00000000000 0.00000000000 0.00000000000 0.00000000000 0.00000000000 0.00000000000 0.00000000000 0.00000000000 0.00000000000 0.00000000000 0.00000000000 0.00000000000 0.00000000000 0.00000000000 0.00000000000 0.00000000000 0.00000000000 0.00000000000 0.00000000000 0.00000000000
# Linf_dev:
 0.00000000000 0.00000000000 0.00000000000 0.00000000000 0.00000000000 0.00000000000 0.00000000000 0.00000000000 0.00000000000 0.00000000000 0.00000000000 0.00000000000 0.00000000000 0.00000000000 0.00000000000 0.00000000000 0.00000000000 0.00000000000 0.00000000000 0.00000000000 0.00000000000 0.00000000000 0.00000000000 0.00000000000 0.00000000000 0.00000000000 0.00000000000 0.00000000000 0.00000000000 0.00000000000 0.00000000000 0.00000000000 0.00000000000 0.00000000000 0.00000000000 0.00000000000 0.00000000000 0.00000000000 0.00000000000 0.00000000000 0.00000000000 0.00000000000 0.00000000000 0.00000000000 0.00000000000 0.00000000000 0.00000000000
# SelPars50:
2.03762606467
# SelPars95:
3.64577891025
# SelPars_dev50:
 0.00000000000 0.00000000000 0.00000000000 0.00000000000 0.00000000000 0.00000000000 0.00000000000 0.00000000000 0.00000000000 0.00000000000 0.00000000000 0.00000000000 0.00000000000 0.00000000000 0.00000000000 0.00000000000 0.00000000000 0.00000000000 0.00000000000 0.00000000000 0.00000000000 0.00000000000 0.00000000000 0.00000000000 0.00000000000 0.00000000000 0.00000000000 0.00000000000 0.00000000000 0.00000000000 0.00000000000 0.00000000000 0.00000000000 0.00000000000 0.00000000000 0.00000000000 0.00000000000 0.00000000000 0.00000000000 0.00000000000 0.00000000000 0.00000000000 0.00000000000 0.00000000000 0.00000000000 0.00000000000 0.00000000000
# SelPars_dev95:
 0.00000000000 0.00000000000 0.00000000000 0.00000000000 0.00000000000 0.00000000000 0.00000000000 0.00000000000 0.00000000000 0.00000000000 0.00000000000 0.00000000000 0.00000000000 0.00000000000 0.00000000000 0.00000000000 0.00000000000 0.00000000000 0.00000000000 0.00000000000 0.00000000000 0.00000000000 0.00000000000 0.00000000000 0.00000000000 0.00000000000 0.00000000000 0.00000000000 0.00000000000 0.00000000000 0.00000000000 0.00000000000 0.00000000000 0.00000000000 0.00000000000 0.00000000000 0.00000000000 0.00000000000 0.00000000000 0.00000000000 0.00000000000 0.00000000000 0.00000000000 0.00000000000 0.00000000000 0.00000000000 0.00000000000
