# Number of parameters = 169 Objective function value = 82724.8988659693  Maximum gradient component = 0.000251249964181198
# srv_sel50:
1.63587019409
# srv_sel95:
2.88516884763
# stNatLen:
 11.8860442828 11.7114422160 11.4574688180 11.2403074681 11.0635588204 10.8918423309 10.6932585053 10.4566227887 10.1899704579 9.90957668404 9.63081392449 9.36450011776 9.11690500799 8.89100902502 8.68771418338 8.50678342804 8.34744487273 8.20870461739 8.08955351420 7.98904316937 7.90638979341 7.84093424258 7.79221028902 7.75986221842 7.74371494214
# log_avg_fmort_dir:
-1.61450848206
# fmort_dir_dev:
 -2.07777723484 -1.99951133290 -1.48070607464 -1.14185409469 -0.931376227875 -0.594426424644 -0.415225859142 -0.340571272618 -0.166212668513 -0.0620268736952 0.0957725277343 0.117878502371 0.263507923933 0.328358972557 0.416733301806 0.352944455881 0.374432466519 0.398110300554 0.255264823398 0.271126857414 0.329344731193 0.219507217230 0.237694086572 0.177190110961 0.230931814644 0.168401332310 0.136326476223 0.213582640240 0.117793636104 0.156455389555 0.100479664503 0.200338563025 0.0324491845467 0.115446043668 0.0628854773166 0.139765743514 0.178039074232 0.0910669753551 0.104727316006 -0.0146114297535 0.0750090193146 0.121117110151 0.0301000655493 0.0954864036178 0.0799907737370 0.111155126918 0.0627991311248 0.145024702901 -0.0118036396009 0.0878163644578 0.0477830791803 0.161111427096 0.0631309734292 0.194138142275 0.348014379089 0.352627092060 0.328908352509 0.480477556163 0.0788113896830 0.176972822777 0.354185891552 0.00408069588234 0.0800474314854 -0.132042792821 -0.0373980320960 0.0785570851582 0.111886708420 -0.0372493911627 -0.112993984897
# mean_log_rec:
11.3285819655
# rec_dev:
 0.607915704439 0.579165886902 0.568507383484 0.561903081554 0.542475711628 0.522351716202 0.504290341075 0.477309644023 0.442682414097 0.408569054571 0.374463527113 0.315124269298 0.261207903801 0.219177898148 0.186122977340 0.165733106680 0.113089032171 0.0640873947603 0.0234790680039 -0.0227514522661 -0.0503273020016 -0.0488027798108 -0.0591411673834 -0.0567809557057 -0.0726150738533 -0.105057587299 -0.117846102881 -0.134020627218 -0.169678147937 -0.199935816563 -0.243710105275 -0.287716321794 -0.327261694204 -0.355720292855 -0.282543790535 -0.196102557327 -0.192379977294 -0.214629595933 -0.204230464250 -0.191502833328 -0.178602707878 -0.148440461605 -0.157159655689 -0.159412840216 -0.145272972661 -0.145598620054 -0.138032604017 -0.137068962860 -0.142602341775 -0.140405285846 -0.136741016026 -0.151590040034 -0.163000779273 -0.158290654847 -0.156494019296 -0.166778920662 -0.193619233596 -0.210758658084 -0.211361887647 -0.199444306952 -0.181334610087 -0.158368347688 -0.125826102323 -0.0819050464238 -0.0138736487643 0.0622698730234 0.116309268056 0.109251559457 0.109251554190
# log_avg_NatM:
-1.47890400000
# m_dev:
 0.00000000000 0.00000000000 0.00000000000 0.00000000000 0.00000000000 0.00000000000 0.00000000000 0.00000000000 0.00000000000 0.00000000000 0.00000000000 0.00000000000 0.00000000000 0.00000000000 0.00000000000 0.00000000000 0.00000000000 0.00000000000 0.00000000000 0.00000000000 0.00000000000 0.00000000000 0.00000000000 0.00000000000 0.00000000000 0.00000000000 0.00000000000 0.00000000000 0.00000000000 0.00000000000 0.00000000000 0.00000000000 0.00000000000 0.00000000000 0.00000000000 0.00000000000 0.00000000000 0.00000000000 0.00000000000 0.00000000000 0.00000000000 0.00000000000 0.00000000000 0.00000000000 0.00000000000 0.00000000000 0.00000000000 0.00000000000 0.00000000000 0.00000000000 0.00000000000 0.00000000000 0.00000000000 0.00000000000 0.00000000000 0.00000000000 0.00000000000 0.00000000000 0.00000000000 0.00000000000 0.00000000000 0.00000000000 0.00000000000 0.00000000000 0.00000000000 0.00000000000 0.00000000000 0.00000000000 0.00000000000
# log_avg_GrowthK:
-1.60943800000
# log_avg_Linf:
4.88280200000
# GrowthK_dev:
 0.00000000000 0.00000000000 0.00000000000 0.00000000000 0.00000000000 0.00000000000 0.00000000000 0.00000000000 0.00000000000 0.00000000000 0.00000000000 0.00000000000 0.00000000000 0.00000000000 0.00000000000 0.00000000000 0.00000000000 0.00000000000 0.00000000000 0.00000000000 0.00000000000 0.00000000000 0.00000000000 0.00000000000 0.00000000000 0.00000000000 0.00000000000 0.00000000000 0.00000000000 0.00000000000 0.00000000000 0.00000000000 0.00000000000 0.00000000000 0.00000000000 0.00000000000 0.00000000000 0.00000000000 0.00000000000 0.00000000000 0.00000000000 0.00000000000 0.00000000000 0.00000000000 0.00000000000 0.00000000000 0.00000000000 0.00000000000 0.00000000000 0.00000000000 0.00000000000 0.00000000000 0.00000000000 0.00000000000 0.00000000000 0.00000000000 0.00000000000 0.00000000000 0.00000000000 0.00000000000 0.00000000000 0.00000000000 0.00000000000 0.00000000000 0.00000000000 0.00000000000 0.00000000000 0.00000000000 0.00000000000
# Linf_dev:
 0.00000000000 0.00000000000 0.00000000000 0.00000000000 0.00000000000 0.00000000000 0.00000000000 0.00000000000 0.00000000000 0.00000000000 0.00000000000 0.00000000000 0.00000000000 0.00000000000 0.00000000000 0.00000000000 0.00000000000 0.00000000000 0.00000000000 0.00000000000 0.00000000000 0.00000000000 0.00000000000 0.00000000000 0.00000000000 0.00000000000 0.00000000000 0.00000000000 0.00000000000 0.00000000000 0.00000000000 0.00000000000 0.00000000000 0.00000000000 0.00000000000 0.00000000000 0.00000000000 0.00000000000 0.00000000000 0.00000000000 0.00000000000 0.00000000000 0.00000000000 0.00000000000 0.00000000000 0.00000000000 0.00000000000 0.00000000000 0.00000000000 0.00000000000 0.00000000000 0.00000000000 0.00000000000 0.00000000000 0.00000000000 0.00000000000 0.00000000000 0.00000000000 0.00000000000 0.00000000000 0.00000000000 0.00000000000 0.00000000000 0.00000000000 0.00000000000 0.00000000000 0.00000000000 0.00000000000 0.00000000000
# SelPars50:
2.18942745965
# SelPars95:
3.95292935168
# SelPars_dev50:
 0.00000000000 0.00000000000 0.00000000000 0.00000000000 0.00000000000 0.00000000000 0.00000000000 0.00000000000 0.00000000000 0.00000000000 0.00000000000 0.00000000000 0.00000000000 0.00000000000 0.00000000000 0.00000000000 0.00000000000 0.00000000000 0.00000000000 0.00000000000 0.00000000000 0.00000000000 0.00000000000 0.00000000000 0.00000000000 0.00000000000 0.00000000000 0.00000000000 0.00000000000 0.00000000000 0.00000000000 0.00000000000 0.00000000000 0.00000000000 0.00000000000 0.00000000000 0.00000000000 0.00000000000 0.00000000000 0.00000000000 0.00000000000 0.00000000000 0.00000000000 0.00000000000 0.00000000000 0.00000000000 0.00000000000 0.00000000000 0.00000000000 0.00000000000 0.00000000000 0.00000000000 0.00000000000 0.00000000000 0.00000000000 0.00000000000 0.00000000000 0.00000000000 0.00000000000 0.00000000000 0.00000000000 0.00000000000 0.00000000000 0.00000000000 0.00000000000 0.00000000000 0.00000000000 0.00000000000 0.00000000000
# SelPars_dev95:
 0.00000000000 0.00000000000 0.00000000000 0.00000000000 0.00000000000 0.00000000000 0.00000000000 0.00000000000 0.00000000000 0.00000000000 0.00000000000 0.00000000000 0.00000000000 0.00000000000 0.00000000000 0.00000000000 0.00000000000 0.00000000000 0.00000000000 0.00000000000 0.00000000000 0.00000000000 0.00000000000 0.00000000000 0.00000000000 0.00000000000 0.00000000000 0.00000000000 0.00000000000 0.00000000000 0.00000000000 0.00000000000 0.00000000000 0.00000000000 0.00000000000 0.00000000000 0.00000000000 0.00000000000 0.00000000000 0.00000000000 0.00000000000 0.00000000000 0.00000000000 0.00000000000 0.00000000000 0.00000000000 0.00000000000 0.00000000000 0.00000000000 0.00000000000 0.00000000000 0.00000000000 0.00000000000 0.00000000000 0.00000000000 0.00000000000 0.00000000000 0.00000000000 0.00000000000 0.00000000000 0.00000000000 0.00000000000 0.00000000000 0.00000000000 0.00000000000 0.00000000000 0.00000000000 0.00000000000 0.00000000000
