# Number of parameters = 159 Objective function value = 77006.4  Maximum gradient component = 0.00109825
# srv_sel50:
1.50025570809
# srv_sel95:
2.49825363572
# stNatLen:
 11.4529530045 11.3072390212 11.0992257548 10.9072738081 10.7236050365 10.5246935093 10.3025697350 10.0642977246 9.82201441510 9.58616234927 9.36353495334 9.15772677394 8.97021454937 8.80120323934 8.65017637091 8.51631523811 8.39870224881 8.29641144881 8.20855961974 8.13434481274 8.07315639153 8.02455697001 7.98828288283 7.96419115251 7.95214819159
# log_avg_fmort_dir:
-1.70332561010
# fmort_dir_dev:
 -1.81318184885 -1.77446923225 -1.28091230647 -1.00192550101 -0.679933167585 -0.417215982986 -0.284712481388 -0.0891659698997 -0.00656979501106 0.0931948501406 0.174004607900 0.305402725923 0.419237056660 0.454740269816 0.521881492237 0.523029009591 0.616952851521 0.562203339926 0.379770563685 0.454555314749 0.462538294524 0.372140097715 0.413427400330 0.458825514963 0.325552502976 0.331298140962 0.287571284423 0.275697348415 0.154795863091 0.249868025604 0.179626173345 0.109557971929 0.111358788152 0.0769068765351 0.147113928351 0.0879579434115 0.117582950543 0.0842165442591 0.143178241463 0.137405622637 0.0396060673222 0.0809508703096 0.174447788123 0.0698945209004 0.100918170925 0.0619463500197 0.0402065351330 0.0213983784585 0.115860768706 0.0882683998096 -0.108237685519 -0.200009525419 -0.168764332078 -0.230244515617 0.0303133087908 -0.0156115391786 -0.258172326376 -0.331969382989 -0.284320890681 -0.137583889236 -0.379933551431 -0.299077397236 -0.0311131021502 -0.0622783309066
# mean_log_rec:
11.1438233983
# rec_dev:
 0.370372726053 0.347734161331 0.348268568728 0.343796499342 0.333322190170 0.324768348223 0.316254293482 0.307196319264 0.289315986651 0.272567377724 0.252901160972 0.209499911538 0.161721030019 0.137086654383 0.109960466586 0.0603880413251 0.00341833917028 -0.0299716850402 -0.0610777284261 -0.0877351694612 -0.103608122750 -0.118090811501 -0.141033536060 -0.149768436221 -0.166891225909 -0.186442426136 -0.193283427737 -0.201360637077 -0.221229611868 -0.228261605687 -0.212154298395 -0.201189153185 -0.183562692182 -0.168071448736 -0.160775766943 -0.151330932359 -0.145152573397 -0.141265435476 -0.125104459173 -0.110814559313 -0.113181790568 -0.115108403943 -0.121927900759 -0.133487833051 -0.119493617652 -0.104785949056 -0.107536154714 -0.104842866936 -0.0993545494634 -0.0978336901172 -0.0974514952791 -0.0811514356027 -0.0539363243058 -0.0231209134677 0.0102343514363 0.0298329019066 0.0408470211743 0.0677102269652 0.0907510151047 0.0840223123286 0.0795898747688 0.0906926982648 0.0895681841452 0.0895680068901
# log_avg_NatM:
-1.60943800000
# m_dev:
 0.00000000000 0.00000000000 0.00000000000 0.00000000000 0.00000000000 0.00000000000 0.00000000000 0.00000000000 0.00000000000 0.00000000000 0.00000000000 0.00000000000 0.00000000000 0.00000000000 0.00000000000 0.00000000000 0.00000000000 0.00000000000 0.00000000000 0.00000000000 0.00000000000 0.00000000000 0.00000000000 0.00000000000 0.00000000000 0.00000000000 0.00000000000 0.00000000000 0.00000000000 0.00000000000 0.00000000000 0.00000000000 0.00000000000 0.00000000000 0.00000000000 0.00000000000 0.00000000000 0.00000000000 0.00000000000 0.00000000000 0.00000000000 0.00000000000 0.00000000000 0.00000000000 0.00000000000 0.00000000000 0.00000000000 0.00000000000 0.00000000000 0.00000000000 0.00000000000 0.00000000000 0.00000000000 0.00000000000 0.00000000000 0.00000000000 0.00000000000 0.00000000000 0.00000000000 0.00000000000 0.00000000000 0.00000000000 0.00000000000 0.00000000000
# log_avg_GrowthK:
-1.60943800000
# log_avg_Linf:
4.88280200000
# GrowthK_dev:
 0.00000000000 0.00000000000 0.00000000000 0.00000000000 0.00000000000 0.00000000000 0.00000000000 0.00000000000 0.00000000000 0.00000000000 0.00000000000 0.00000000000 0.00000000000 0.00000000000 0.00000000000 0.00000000000 0.00000000000 0.00000000000 0.00000000000 0.00000000000 0.00000000000 0.00000000000 0.00000000000 0.00000000000 0.00000000000 0.00000000000 0.00000000000 0.00000000000 0.00000000000 0.00000000000 0.00000000000 0.00000000000 0.00000000000 0.00000000000 0.00000000000 0.00000000000 0.00000000000 0.00000000000 0.00000000000 0.00000000000 0.00000000000 0.00000000000 0.00000000000 0.00000000000 0.00000000000 0.00000000000 0.00000000000 0.00000000000 0.00000000000 0.00000000000 0.00000000000 0.00000000000 0.00000000000 0.00000000000 0.00000000000 0.00000000000 0.00000000000 0.00000000000 0.00000000000 0.00000000000 0.00000000000 0.00000000000 0.00000000000 0.00000000000
# Linf_dev:
 0.00000000000 0.00000000000 0.00000000000 0.00000000000 0.00000000000 0.00000000000 0.00000000000 0.00000000000 0.00000000000 0.00000000000 0.00000000000 0.00000000000 0.00000000000 0.00000000000 0.00000000000 0.00000000000 0.00000000000 0.00000000000 0.00000000000 0.00000000000 0.00000000000 0.00000000000 0.00000000000 0.00000000000 0.00000000000 0.00000000000 0.00000000000 0.00000000000 0.00000000000 0.00000000000 0.00000000000 0.00000000000 0.00000000000 0.00000000000 0.00000000000 0.00000000000 0.00000000000 0.00000000000 0.00000000000 0.00000000000 0.00000000000 0.00000000000 0.00000000000 0.00000000000 0.00000000000 0.00000000000 0.00000000000 0.00000000000 0.00000000000 0.00000000000 0.00000000000 0.00000000000 0.00000000000 0.00000000000 0.00000000000 0.00000000000 0.00000000000 0.00000000000 0.00000000000 0.00000000000 0.00000000000 0.00000000000 0.00000000000 0.00000000000
# SelPars50:
2.05856362392
# SelPars95:
3.68390823700
# SelPars_dev50:
 0.00000000000 0.00000000000 0.00000000000 0.00000000000 0.00000000000 0.00000000000 0.00000000000 0.00000000000 0.00000000000 0.00000000000 0.00000000000 0.00000000000 0.00000000000 0.00000000000 0.00000000000 0.00000000000 0.00000000000 0.00000000000 0.00000000000 0.00000000000 0.00000000000 0.00000000000 0.00000000000 0.00000000000 0.00000000000 0.00000000000 0.00000000000 0.00000000000 0.00000000000 0.00000000000 0.00000000000 0.00000000000 0.00000000000 0.00000000000 0.00000000000 0.00000000000 0.00000000000 0.00000000000 0.00000000000 0.00000000000 0.00000000000 0.00000000000 0.00000000000 0.00000000000 0.00000000000 0.00000000000 0.00000000000 0.00000000000 0.00000000000 0.00000000000 0.00000000000 0.00000000000 0.00000000000 0.00000000000 0.00000000000 0.00000000000 0.00000000000 0.00000000000 0.00000000000 0.00000000000 0.00000000000 0.00000000000 0.00000000000 0.00000000000
# SelPars_dev95:
 0.00000000000 0.00000000000 0.00000000000 0.00000000000 0.00000000000 0.00000000000 0.00000000000 0.00000000000 0.00000000000 0.00000000000 0.00000000000 0.00000000000 0.00000000000 0.00000000000 0.00000000000 0.00000000000 0.00000000000 0.00000000000 0.00000000000 0.00000000000 0.00000000000 0.00000000000 0.00000000000 0.00000000000 0.00000000000 0.00000000000 0.00000000000 0.00000000000 0.00000000000 0.00000000000 0.00000000000 0.00000000000 0.00000000000 0.00000000000 0.00000000000 0.00000000000 0.00000000000 0.00000000000 0.00000000000 0.00000000000 0.00000000000 0.00000000000 0.00000000000 0.00000000000 0.00000000000 0.00000000000 0.00000000000 0.00000000000 0.00000000000 0.00000000000 0.00000000000 0.00000000000 0.00000000000 0.00000000000 0.00000000000 0.00000000000 0.00000000000 0.00000000000 0.00000000000 0.00000000000 0.00000000000 0.00000000000 0.00000000000 0.00000000000
