#Simulated generalized assessment 
# 
#start/end year 
5 66 
#number of ages 
25 
#ages 
1 2 3 4 5 6 7 8 9 10 11 12 13 14 15 16 17 18 19 20 21 22 23 24 25 
#Number of length bins 
25 
#CPUE years 
62 
#years for CPUE 
5 6 7 8 9 10 11 12 13 14 15 16 17 18 19 20 21 22 23 24 25 26 27 28 29 30 31 32 33 34 35 36 37 38 39 40 41 42 43 44 45 46 47 48 49 50 51 52 53 54 55 56 57 58 59 60 61 62 63 64 65 66 
#survey years 
62 
#years for survey 
5 6 7 8 9 10 11 12 13 14 15 16 17 18 19 20 21 22 23 24 25 26 27 28 29 30 31 32 33 34 35 36 37 38 39 40 41 42 43 44 45 46 47 48 49 50 51 52 53 54 55 56 57 58 59 60 61 62 63 64 65 66 
#length freq from catch years 
62 
#years for length freq catch 
5 6 7 8 9 10 11 12 13 14 15 16 17 18 19 20 21 22 23 24 25 26 27 28 29 30 31 32 33 34 35 36 37 38 39 40 41 42 43 44 45 46 47 48 49 50 51 52 53 54 55 56 57 58 59 60 61 62 63 64 65 66 
#catch length sample sizes 
200 200 200 200 200 200 200 200 200 200 200 200 200 200 200 200 200 200 200 200 200 200 200 200 200 200 200 200 200 200 200 200 200 200 200 200 200 200 200 200 200 200 200 200 200 200 200 200 200 200 200 200 200 200 200 200 200 200 200 200 200 200 
#length freq from survey years 
62 
#years for length freq survey 
5 6 7 8 9 10 11 12 13 14 15 16 17 18 19 20 21 22 23 24 25 26 27 28 29 30 31 32 33 34 35 36 37 38 39 40 41 42 43 44 45 46 47 48 49 50 51 52 53 54 55 56 57 58 59 60 61 62 63 64 65 66 
#survey sample sizes 
200 200 200 200 200 200 200 200 200 200 200 200 200 200 200 200 200 200 200 200 200 200 200 200 200 200 200 200 200 200 200 200 200 200 200 200 200 200 200 200 200 200 200 200 200 200 200 200 200 200 200 200 200 200 200 200 200 200 200 200 200 200 
#total survey biomass 
3500339 1985595 2808537 2286703 2396762 1450973 1483457 1522258 1289036 657331.5 882450.1 691522.8 620693 596073.7 914632.5 475017.8 469366.5 639866.4 524715.8 579713.7 514115 669209.3 363628.5 689433.8 733704.6 669719.6 469889.1 435082.8 515439.5 520121.9 639564.7 523599.8 426711.2 366894.7 693726.7 526684.2 668854.2 574755.4 722593.8 490580.9 534089 503054.1 550339.3 555936 512288.5 699196.4 497906.3 580086.1 495436.2 718172.9 552910.2 388961.7 476063.6 670015.7 877862.2 730063.4 515973.9 621725 567326.7 425066.7 433517.5 551136.4 
#survey CV 
0.2 0.2 0.2 0.2 0.2 0.2 0.2 0.2 0.2 0.2 0.2 0.2 0.2 0.2 0.2 0.2 0.2 0.2 0.2 0.2 0.2 0.2 0.2 0.2 0.2 0.2 0.2 0.2 0.2 0.2 0.2 0.2 0.2 0.2 0.2 0.2 0.2 0.2 0.2 0.2 0.2 0.2 0.2 0.2 0.2 0.2 0.2 0.2 0.2 0.2 0.2 0.2 0.2 0.2 0.2 0.2 0.2 0.2 0.2 0.2 0.2 0.2 
#total CPUE 
2964022 2359618 3644244 1962921 1410053 1450000 1522785 735170.5 1297798 1439513 699422.9 705749.7 733558.9 667669.5 811531.8 504576 439179 720509.4 548118.3 654256.1 462685.3 324591 646920.9 903464.4 777160.1 461829.2 452625.3 606156.1 421775.4 553460.8 596429.6 598089.6 488008.5 414839.3 480692.7 450646.6 663404.5 592426.1 392014.6 525886.5 499901.7 603100.8 574222.4 672766.4 450400.2 534964 635478.7 409782.8 424736.2 668382.8 631202.1 582533.3 497981.7 464097.7 397497 412544.5 554002.8 611603.9 467412.5 483425.3 443951.3 577123.5 
#CPUE CV 
0.2 0.2 0.2 0.2 0.2 0.2 0.2 0.2 0.2 0.2 0.2 0.2 0.2 0.2 0.2 0.2 0.2 0.2 0.2 0.2 0.2 0.2 0.2 0.2 0.2 0.2 0.2 0.2 0.2 0.2 0.2 0.2 0.2 0.2 0.2 0.2 0.2 0.2 0.2 0.2 0.2 0.2 0.2 0.2 0.2 0.2 0.2 0.2 0.2 0.2 0.2 0.2 0.2 0.2 0.2 0.2 0.2 0.2 0.2 0.2 0.2 0.2 
#total catch biomass 
245196.9 277199.8 275947.5 294088.3 311650.8 331964.3 292157.6 277809.6 279114.8 240467.8 216278.2 214976.4 190627.6 158252.3 155369.9 145973.9 133874.6 126661.6 123807.4 121792.8 111649.3 93814.38 96744.51 93562.9 102954 100979.3 96837.37 95249.29 88349.81 99158.12 96488.99 89952.81 88983.53 80312.37 97542.14 86254.82 90473.28 89184.81 81746.2 93863.7 87588.37 86796.11 90972.19 82080.09 92629.24 96901.57 115095 94834.37 90546.84 79168.42 108566 114873.7 88815.72 79077.46 89347.89 100212.9 93468.66 93714.79 103823 106700.6 74780.37 77361.22 
#catch CV 
0.05 0.05 0.05 0.05 0.05 0.05 0.05 0.05 0.05 0.05 0.05 0.05 0.05 0.05 0.05 0.05 0.05 0.05 0.05 0.05 0.05 0.05 0.05 0.05 0.05 0.05 0.05 0.05 0.05 0.05 0.05 0.05 0.05 0.05 0.05 0.05 0.05 0.05 0.05 0.05 0.05 0.05 0.05 0.05 0.05 0.05 0.05 0.05 0.05 0.05 0.05 0.05 0.05 0.05 0.05 0.05 0.05 0.05 0.05 0.05 0.05 0.05 
#Length Bins 
2.752644 8.257932 13.76322 19.26851 24.7738 30.27908 35.78437 41.28966 46.79495 52.30024 57.80552 63.31081 68.8161 74.32139 79.82667 85.33196 90.83725 96.34254 101.8478 107.3531 112.8584 118.3637 123.869 129.3743 134.8796 
#catch length counts 
105.0849 171.2317 259.3575 370.7393 505.6532 661.5605 831.459 1004.555 1169.116 1315.281 1436.403 1529.439 1595.105 1637.545 1663.141 1678.776 1690.011 1699.063 1702.404 1688.728 1639.496 1534.45 1361.78 1127.987 860.1469 
124.3938 202.65 306.8317 438.3396 597.3089 780.4471 979.1012 1180.112 1369.269 1534.685 1668.393 1766.79 1830.84 1865.751 1879.623 1881.405 1878.653 1875.08 1867.728 1844.662 1785.614 1668.135 1478.827 1224.198 933.2023 
148.3113 241.4919 365.3872 521.5176 709.8485 926.2126 1160.003 1395.207 1614.556 1803.607 1952.687 2057.436 2119.032 2143.791 2141.606 2123.598 2099.598 2075.351 2049.241 2009.545 1934.944 1801.135 1593.086 1316.97 1003.118 
166.5244 270.9973 409.7086 584.1649 794.0574 1034.379 1292.869 1551.23 1789.865 1992.498 2148.323 2252.526 2306.459 2317.17 2295.695 2254.565 2205.2 2155.105 2104.52 2043.464 1951.93 1806.222 1591.105 1311.87 997.5931 
184.8503 300.6882 454.3075 647.184 878.6924 1142.906 1425.791 1706.631 1963.394 2177.939 2338.416 2439.752 2483.712 2478.239 2435.504 2369.215 2292.003 2212.78 2133.589 2046.675 1934.385 1774.915 1553.794 1275.556 967.1753 
206.7345 336.2215 507.8276 723.0386 980.8684 1274.261 1586.984 1895.334 2174.281 2403.409 2569.614 2667.581 2699.711 2675.239 2607.916 2512.961 2404.312 2292.155 2180.125 2062.631 1924.644 1746.834 1516.148 1236.771 933.5588 
217.064 352.8175 532.4769 757.376 1026.206 1331.249 1655.126 1972.596 2257.065 2486.901 2648.355 2736.083 2753.02 2709.32 2619.753 2500.378 2365.727 2226.579 2087.716 1945.823 1789.385 1603 1376.29 1113.202 834.9799 
231.1115 375.6207 566.7876 805.8817 1091.221 1414.14 1755.586 2088.177 2383.295 2617.899 2777.575 2856.957 2859.49 2796.254 2683.181 2537.494 2374.721 2206.558 2038.992 1870.706 1693.176 1494.431 1266.595 1013.697 754.0828 
241.7432 392.6691 592.046 840.9682 1137.414 1472.052 1824.678 2166.369 2466.938 2702.154 2857.021 2926.255 2913.945 2832.16 2697.878 2529.184 2342.251 2149.387 1957.57 1767.316 1572.965 1365.899 1140.731 901.5856 663.881 
248.6504 403.9008 608.9511 864.7916 1169.044 1511.623 1871.14 2217.31 2518.821 2750.857 2898.397 2956.521 2929.917 2831.389 2678.681 2490.542 2283.641 2070.739 1859.577 1652.206 1445.466 1233.724 1013.823 789.9294 574.7156 
258.9805 420.3636 633.1482 898.0915 1212.459 1565.549 1934.936 2288.927 2594.75 2826.467 2968.543 3016.247 2975.067 2858.982 2686.94 2478.661 2251.471 2018.635 1788.582 1564.629 1345.636 1128.374 911.4864 699.1602 501.7924 
255.4866 414.6939 624.5537 885.6577 1194.983 1541.457 1902.346 2245.892 2539.62 2758.225 2886.968 2921.845 2868.837 2742.178 2560.9 2344.696 2110.776 1872.307 1637.894 1411.651 1194.002 983.68 780.708 588.9749 416.452 
243.0134 394.5188 594.2969 842.9363 1137.529 1467.395 1810.61 2136.501 2413.609 2617.342 2733.401 2758.089 2697.613 2566.256 2382.852 2166.676 1934.433 1698.885 1468.569 1248.083 1038.957 841.2997 656.0125 486.502 338.5972 
226.2997 367.4584 553.6838 785.6018 1060.587 1368.757 1689.694 1994.713 2254.221 2444.813 2552.535 2573.333 2512.609 2383.673 2204.48 1993.667 1767.559 1538.753 1315.872 1103.96 905.3638 721.1365 552.6873 402.8999 275.882 
214.4552 348.0076 523.9812 742.8786 1002.248 1292.952 1596.028 1884.693 2131.132 2313.098 2416.98 2438.299 2381.431 2258.307 2085.523 1880.724 1659.786 1435.381 1216.609 1009.272 816.6332 640.5885 482.9512 346.2131 233.232 
200.9835 326.1609 491.1008 696.2474 939.2398 1211.425 1494.971 1764.831 1995.166 2165.482 2263.335 2284.582 2232.987 2119.062 1957.567 1764.394 1554.151 1338.928 1127.931 927.6123 742.1727 574.4045 426.595 301.0127 199.5959 
197.8761 320.8573 482.6316 683.4927 921.0828 1187.023 1464.042 1727.794 1953.06 2119.77 2215.73 2236.938 2187.154 2076.622 1919.494 1730.791 1524.222 1311.257 1100.995 900.3527 714.4235 546.9926 401.0543 279.0065 182.2965 
187.6642 304.2107 457.4025 647.4015 871.8248 1122.58 1383.204 1630.669 1841.325 1996.58 2085.354 2104.204 2056.819 1952.821 1805.372 1628.328 1434.195 1233.342 1034.064 842.9532 665.3046 505.4428 366.8928 252.2463 162.6971 
180.2804 292.2511 439.4384 622.0008 837.6414 1078.556 1328.863 1566.342 1768.16 1916.391 2000.438 2017.19 1970.487 1869.853 1728.076 1558.403 1372.589 1180.222 988.9201 804.8503 633.2326 478.6373 344.96 235.0337 150.012 
174.9688 283.5477 426.1825 602.9856 811.7363 1044.943 1287.33 1517.464 1713.233 1857.171 1938.837 1955.046 1909.446 1811.336 1673.294 1508.359 1328.023 1141.516 956.0263 777.3365 610.4515 459.955 329.916 223.3413 141.4233 
165.9444 268.8571 403.975 571.3578 768.8716 989.426 1218.604 1436.195 1621.374 1757.702 1835.333 1851.188 1808.555 1716.046 1585.44 1429.08 1257.95 1080.909 904.823 735.1489 576.5995 433.5587 310.0098 208.9469 131.5621 
164.2247 266.043 399.6938 565.218 760.4958 978.5214 1205.061 1420.169 1603.305 1738.273 1815.39 1831.628 1790.193 1699.475 1570.95 1416.665 1247.402 1071.944 897.1729 728.5967 570.9737 428.733 305.9161 205.577 128.9346 
161.0817 260.8395 391.6643 553.5252 744.3101 957.1832 1178.288 1388.199 1566.904 1698.625 1773.936 1789.917 1749.718 1661.526 1536.486 1386.254 1221.229 1049.885 878.9129 713.7353 559.1014 419.4627 298.8886 200.4535 125.3848 
153.7266 249.0512 374.1879 529.1673 711.9756 916.0018 1127.865 1328.872 1499.842 1625.742 1697.667 1712.927 1674.59 1590.485 1471.236 1327.925 1170.415 1006.72 843.1633 684.9075 536.5349 402.3989 286.5104 191.9115 119.8294 
151.113 244.7488 367.6145 519.7491 699.2578 899.8168 1108.487 1307.032 1476.556 1602.037 1674.386 1690.676 1653.808 1571.512 1454.34 1313.291 1158.115 996.6977 835.2393 678.8065 531.9331 398.9793 284.0034 190.1103 118.5794 
145.43 235.536 353.7589 500.127 672.8114 865.7394 1066.512 1257.694 1421.262 1542.91 1613.93 1631.365 1597.701 1520.033 1408.274 1272.937 1123.478 967.6122 811.4205 659.8576 517.3518 388.1788 276.3476 184.9533 115.3053 
146.4484 237.1863 356.2428 503.6559 677.603 871.9984 1074.393 1267.265 1432.501 1555.732 1628.23 1647.045 1614.648 1538.044 1426.973 1291.758 1141.735 984.6225 826.6183 672.8548 527.9513 396.3687 282.2906 188.9633 117.7958 
142.9784 231.4774 347.5025 491.0418 660.3059 849.4074 1046.307 1234.035 1395.025 1515.317 1586.42 1605.457 1574.829 1501.335 1394.391 1263.91 1118.786 966.3508 812.5241 662.3037 520.2895 390.9894 278.6596 186.6232 116.3667 
142.3237 230.4964 346.1732 489.3773 658.3211 847.0799 1043.568 1230.812 1391.319 1511.271 1582.333 1601.731 1571.875 1499.495 1393.891 1264.844 1121.101 969.8274 816.7896 666.8832 524.6998 394.8387 281.7158 188.8306 117.8136 
140.6503 227.7629 342.0346 483.5018 650.4474 837.1042 1031.624 1217.279 1376.727 1496.169 1567.204 1587.001 1557.962 1486.832 1382.895 1255.844 1114.279 965.1757 814.1045 665.7922 524.7265 395.4944 282.5891 189.6443 118.4343 
134.3736 217.6159 326.8323 462.0775 621.737 800.3351 986.598 1164.599 1317.817 1433.072 1502.266 1522.54 1495.997 1428.929 1330.154 1208.979 1073.706 931.0593 786.3589 644.072 508.442 383.8634 274.7198 184.6318 115.448 
128.3662 208.0093 312.6436 442.4208 595.8802 767.8259 947.4664 1119.519 1268.101 1380.5 1448.842 1470.243 1446.56 1383.661 1289.86 1174.006 1044.069 906.58 766.7429 628.9275 497.2657 376.0408 269.5635 181.451 113.6217 
154.7652 244.8368 356.8117 487.2722 633.0795 790.391 952.1936 1107.487 1243.339 1347.992 1413.029 1434.421 1412.912 1353.498 1263.854 1152.352 1026.623 892.9826 756.5241 621.5781 492.2676 372.8771 267.735 180.5081 113.2019 
158.1893 254.8311 379.6112 530.2788 701.6207 883.3712 1059.354 1211.034 1324.123 1392.948 1419.44 1408.948 1366.992 1298.46 1208.094 1100.834 981.6647 855.2927 725.9731 597.6334 474.1997 359.8447 258.8271 174.7913 109.7877 
155.4387 250.8607 375.0159 527.1102 704.2789 899.0052 1096.694 1276.932 1418.73 1506.49 1533.717 1503.857 1428.508 1323.238 1202.472 1075.992 948.5438 821.7249 696.2572 573.4387 455.6788 346.4248 249.6406 168.8884 106.2561 
156.3329 252.0817 376.457 528.6511 706.0852 902.084 1103.611 1292.327 1448.946 1557.652 1608.402 1597.945 1530.638 1418.193 1277.032 1123.78 971.1067 825.9175 690.2574 563.8057 446.3337 339.0373 244.4979 165.6433 104.3818 
157.848 254.4131 379.7043 532.7791 710.9017 907.2685 1108.868 1297.762 1455.674 1568.342 1627.191 1629.171 1576.502 1476.499 1340.722 1183.134 1017.631 855.5616 704.1268 566.4132 442.958 333.7947 239.7129 162.1626 102.2017 
160.4827 258.7108 386.2024 541.9953 723.2436 922.8853 1127.492 1318.671 1477.894 1591.112 1650.545 1654.346 1605.76 1512.102 1383.301 1230.424 1064.646 896.4423 734.6203 585.4136 452.3024 336.7894 239.5373 160.9805 101.0778 
158.4067 255.2257 380.7436 533.9394 711.9942 908.0159 1108.886 1296.557 1452.75 1563.535 1621.25 1624.362 1576.71 1486.27 1363.2 1217.849 1059.649 896.9905 737.358 587.1761 451.4128 333.3674 234.8347 156.3925 97.47999 
160.0965 258.0687 385.1994 540.4956 721.0698 919.8136 1123.262 1313.009 1470.55 1581.919 1639.551 1642.051 1593.451 1502.043 1378.426 1233.292 1075.989 914.2294 754.5105 602.5708 463.4885 341.4218 239.2333 158.1983 97.86626 
159.2078 256.6066 382.9728 537.3316 716.8626 914.5849 1117.191 1306.384 1463.638 1574.842 1632.261 1634.438 1585.503 1493.973 1370.71 1226.623 1071.123 911.7067 754.3493 604.144 465.7408 343.3395 240.2597 158.334 97.45885 
159.4203 256.955 383.5014 538.0818 717.8654 915.856 1118.738 1308.227 1465.84 1577.5 1635.442 1638.094 1589.423 1497.84 1374.253 1229.774 1074.066 914.7807 757.8253 608.0147 469.6663 346.8067 242.8535 159.9303 98.22333 
160.8823 259.2927 386.9554 542.873 724.1856 923.8411 1128.419 1319.492 1478.426 1591.043 1649.544 1652.37 1603.52 1511.426 1387.013 1241.439 1084.483 923.9526 765.8755 615.0691 475.7424 351.8028 246.6509 162.5247 99.78078 
161.8811 260.9194 389.4124 546.3592 728.8706 929.821 1135.666 1327.832 1487.566 1600.634 1659.247 1661.897 1612.658 1520.035 1395.007 1248.764 1091.101 929.8525 771.0805 619.6231 479.6689 355.0767 249.2194 164.3681 100.9622 
163.0371 262.7777 392.1776 550.2278 734.0212 936.3862 1143.684 1337.199 1498.021 1611.785 1670.627 1673.046 1623.192 1529.702 1403.692 1256.458 1097.855 935.7368 776.1649 623.9667 483.3135 358.0434 251.5197 166.0308 102.0592 
162.8903 262.5624 391.8953 549.8915 733.646 935.9782 1143.233 1336.682 1497.412 1611.063 1669.775 1672.049 1622.033 1528.378 1402.231 1254.932 1096.376 934.4267 775.1284 623.2636 482.9465 357.9593 251.6255 166.2224 102.2515 
192.9426 310.8478 463.6567 650.0566 866.4954 1104.417 1347.683 1574.234 1761.881 1893.891 1961.249 1962.418 1902.44 1791.553 1642.858 1469.644 1283.489 1093.59 906.9966 729.2655 565.1491 419.0044 294.6629 194.7584 119.8783 
181.3899 292.0529 435.2481 609.5514 811.4144 1032.604 1257.823 1466.327 1637.431 1755.798 1813.534 1809.846 1750.047 1644.124 1504.486 1343.464 1171.612 997.1702 826.3715 664.0911 514.4978 381.4288 268.2743 177.3692 109.22 
160.5109 258.9785 386.9836 543.5913 725.7773 926.0066 1130.131 1319.001 1473.579 1579.798 1630.471 1625.007 1568.5 1470.39 1342.331 1195.809 1040.525 883.8951 731.3611 587.0556 454.4534 336.7543 236.8044 156.5648 96.42642 
138.6913 223.8156 334.5866 470.3982 629.0027 804.3984 984.8501 1153.983 1294.92 1394.427 1444.884 1444.535 1397.132 1310.887 1196.482 1064.726 924.8904 784.0897 647.4669 518.7733 401.0059 296.8294 208.5818 137.8512 84.8888 
193.9713 312.5043 466.1758 653.8018 872.0985 1112.923 1360.593 1593.34 1788.832 1929.576 2005.198 2012.487 1954.993 1842.172 1687.374 1505.112 1308.75 1109.243 914.9025 731.8351 564.6952 417.3199 292.8694 193.3745 119.0077 
199.5308 320.8347 477.3216 667.135 886.2209 1125.654 1369.08 1594.45 1779.924 1909.472 1974.889 1975.12 1915.056 1804.171 1654.582 1478.906 1288.745 1094.04 902.9545 722.0356 556.5247 410.6669 287.7506 189.7298 116.6347 
157.4862 253.9645 379.195 532.0641 709.3367 903.3177 1099.886 1280.236 1426.059 1524.357 1569.169 1560.946 1505.277 1411.331 1289.759 1150.656 1002.419 851.6862 703.8132 563.3657 434.3886 320.431 224.3224 147.7336 90.70707 
145.4899 234.9408 351.4948 494.5702 661.7563 846.5368 1036.219 1213.177 1359.343 1460.725 1509.577 1504.693 1450.9 1357.697 1236.819 1099.561 955.055 809.9185 668.8499 535.5029 413.1524 304.912 213.4739 140.5356 86.22493 
165.7393 267.1043 398.6352 559.4367 746.8496 954.0543 1167.699 1369.025 1538.503 1660.488 1725.386 1730.016 1677.525 1576.694 1439.982 1280.786 1111.08 940.1825 774.6956 619.2232 477.3303 352.1886 246.5818 162.3333 99.58004 
188.0591 302.6334 450.7391 630.8656 839.4424 1068.271 1302.074 1520.074 1701.478 1830.653 1898.991 1904.399 1850.441 1745.438 1600.913 1429.577 1243.604 1053.535 867.7937 692.746 533.1821 392.8865 274.8384 180.8472 110.9052 
186.5808 300.4328 447.7436 626.9682 834.2732 1060.902 1290.821 1502.575 1675.142 1793.445 1850.313 1845.754 1785.512 1679.365 1538.943 1375.628 1199.417 1018.779 840.9206 671.9937 517.2015 380.8322 266.1382 174.9563 107.213 
184.0974 296.7035 442.7145 620.8153 827.3646 1053.687 1283.655 1495.467 1667.469 1783.773 1836.574 1825.874 1758.317 1645.345 1500.408 1336.104 1162.513 987.1058 815.5638 652.7055 503.0121 370.6439 259.0296 170.2099 104.2362 
210.7015 339.3137 505.8034 708.5425 943.3829 1200.631 1462.237 1703.655 1900.263 2033.629 2094.166 2081.027 2001.152 1867.583 1696.495 1503.727 1302.289 1101.56 907.8972 725.8789 559.4592 412.4921 288.4559 189.6097 116.1142 
194.8294 313.6658 467.3677 654.2767 870.3356 1106.321 1345.341 1564.693 1741.935 1860.642 1912.648 1897.61 1821.923 1697.227 1538.007 1358.765 1171.885 986.7027 809.6377 644.9819 495.9009 365.1688 255.2611 167.7996 102.7754 
154.6318 249.4798 372.7513 523.4979 698.712 890.9754 1086.428 1266.34 1412.097 1509.95 1552.955 1540.729 1478.592 1376.22 1245.545 1098.42 944.9895 793.0624 648.2176 514.2754 393.9135 289.1916 201.7307 132.4499 81.07733 
141.1918 227.9093 340.8121 479.3049 641.0822 819.9529 1003.821 1175.822 1318.554 1418.337 1467.225 1463.31 1410.407 1317.063 1194.552 1054.484 907.0467 760.2567 619.9858 490.3596 374.2698 273.8018 190.4004 124.7041 76.20375 
#survey length counts 
1953.034 3199.352 4866.927 6961.133 9432.171 12135.86 14825.65 17216.64 19092.33 20374.03 21109.08 21410.39 21404.23 21207.6 20922.76 20633.27 20395.64 20223.11 20060.98 19764.08 19103.61 17831.8 15800.54 13076.3 9966.358 
1928.368 3158.813 4804.854 6871.26 9307.796 11970.26 14612.49 16949.68 18764.21 19974.72 20625.11 20825.21 20699.32 20363.93 19922.41 19461.95 19046.23 18700.45 18387.44 17985.26 17291.65 16081.98 14217.34 11749.81 8948.155 
1900.023 3111.848 4732.162 6764.621 9158.055 11768.02 14349.13 16617.94 18357.88 19487.63 20050.04 20153.17 19919.06 19461.76 18882.61 18268.11 17684.5 17165.28 16690.06 16163.18 15415.18 14251.68 12547.9 10342.72 7863.605 
1867.704 3058.812 4651.066 6647.313 8995.733 11551.86 14071.2 16271.7 17937.76 18988.16 19465.27 19476.49 19143.15 18577.97 17880.1 17133.48 16403.36 15727.16 15097.46 14443.16 13628.72 12493.47 10931.16 8970.944 6800.879 
1825.971 2991.418 4550.134 6504.828 8803.65 11302.58 13758.43 15890.85 17485.37 18460.68 18858.27 18784.76 18361.08 17699.63 16898.51 16039.66 15186.31 14376.96 13612.9 12843.4 11964.19 10848.27 9410.364 7673.848 5791.393 
1781.322 2917.464 4435.978 6338.558 8573.402 10998.51 13374.79 15426.6 16942.42 17841.13 18162.36 18010.72 17506.07 16760.56 15871.9 14920.8 13968.69 13053.96 12183.66 11323 10394.59 9302.351 7981.99 6453.957 4839.944 
1729.799 2834.069 4310.789 6161.561 8334.949 10690.44 12992.06 14968.27 16411.03 17240.74 17496.6 17281.6 16713.63 15902.99 14945.89 13921.69 12890.87 11892.32 10937.92 10005.64 9039.828 7970.203 6750.868 5400.965 4016.882 
1676.492 2746.106 4175.721 5966.208 8066.875 10340.51 12557.08 14451.71 15820.81 16585.55 16783.18 16514.2 15894.74 15034.05 14027.23 12952.04 11867.26 10811.42 9799.886 8820.795 7836.2 6797.041 5672.808 4481.809 3299.415 
1615.898 2647.893 4028.074 5757.255 7785.434 9977.73 12108.72 13919.49 15211.75 15909.59 16050.66 15734.15 15074.22 14177.96 13138.4 12031.43 10914.14 9824.484 8780.198 7777.066 6790.903 5789.386 4754.172 3702.732 2693.272 
1556.497 2549.69 3877.023 5538.604 7485.686 9587.904 11627.62 13354.49 14576 15217.3 15313.66 14961.1 14271.6 13351.16 12291.91 11168.43 10036.26 8932.414 7875.976 6868.255 5895.355 4937.566 3985.607 3055.849 2192.632 
1492.793 2445.819 3719.711 5314.15 7181.011 9192.75 11137.46 12772.42 13912.14 14486.18 14531.21 14142.41 13429.56 12495.99 11431.28 10307.81 9179.379 8081.924 7035.145 6043.992 5101.808 4197.879 3329.153 2510.392 1774.549 
1427.578 2339.337 3558.419 5084.631 6871.744 8797.011 10656.28 12215.27 13294.08 13823.28 13836.99 13427.07 12701.04 11761.08 10695.96 9577.128 8457.231 7371.464 6340.018 5370.496 4461.316 3607.876 2811.03 2083.653 1449.753 
1364.691 2236.394 3402.07 4861.704 6571.327 8413.818 10194.08 11687.76 12721.85 13228.05 13236.54 12832.74 12117.99 11190.07 10135.63 9025.84 7914.171 6837.17 5816.887 4863.763 3980.245 3166.053 2424.466 1766.481 1209.194 
1313.619 2151.083 3269.382 4667.785 6304.145 8067.242 9771.891 11204.84 12201.06 12694.45 12711.83 12332.01 11648.81 10753.11 9726.456 8637.295 7538.974 6469.968 5455.633 4510.55 3641.658 2852.656 2148.8 1539.574 1036.806 
1267.908 2076.006 3154.766 4503.106 6079.84 7777.107 9415.974 10791.17 11744.99 12215.91 12231.88 11869.58 11218.02 10361.58 9374.887 8320.669 7248.906 6197.545 5194.064 4257.109 3398.573 2626.623 1948.983 1374.461 911.0546 
1232.949 2017.187 3062.512 4367.107 5890.923 7530.241 9113.131 10442.06 11364.86 11821.73 11839.31 11491.69 10865.18 10041.22 9090.76 8072.191 7031.284 6003.166 5014.86 4087.166 3236.046 2474.169 1812.428 1260.152 823.0528 
1203.959 1968.887 2987.426 4256.924 5737.381 7326.881 8857.492 10137.21 11019.37 11448.34 11452.84 11107.08 10495.71 9697.384 8779.655 7797.31 6792.475 5796.952 4835.508 3928.58 3093.877 2347.164 1702.232 1169.641 754.1281 
1178.411 1926.986 2923.608 4165.569 5613.585 7167.745 8663.452 9912.456 10770.89 11184.22 11181.04 10835.08 10230.72 9446.243 8548.352 7590.181 6611.555 5641.683 4703.042 3814.776 2994.806 2260.486 1627.693 1108.362 707.1532 
1158.105 1893.004 2870.639 4087.982 5506.454 7028.489 8493.421 9717.325 10559.33 10965.51 10963.04 10623.37 10028.87 9256.667 8373.056 7431.131 6470.422 5519.241 4598.676 3726.532 2920.098 2197.11 1574.521 1065.276 674.2944 
1143.545 1868.352 2831.641 4029.844 5424.556 6919.651 8357.289 9557.091 10381.3 10777.81 10774.01 10440.23 9856.864 9098.741 8230.28 7303.493 6357.603 5420.934 4514.425 3655.433 2860.771 2148.048 1534.542 1033.679 650.6025 
1132.735 1850.482 2804.168 3990.135 5370.305 6849.571 8271.858 9458.871 10274.57 10667.68 10665.61 10338.04 9764.282 9017.768 8161.376 7245.788 6309.428 5380.446 4480.039 3625.941 2835.285 2125.963 1515.579 1017.883 638.1576 
1126.813 1839.861 2786.31 3961.961 5328.735 6792.448 8198.843 9371.793 10177.01 10564.12 10560.63 10235.86 9668.519 8931.243 8085.904 7182.028 6256.91 5337.84 4445.587 3597.903 2812.229 2106.891 1499.913 1005.35 628.6136 
1119.561 1828.609 2770.305 3940.656 5301.612 6758.842 8157.989 9323.162 10120.78 10501.55 10494.06 10168.34 9603.251 8871.001 8032.715 7137.041 6220.388 5309.229 4423.695 3581.208 2799.246 2096.463 1491.343 998.3544 623.1344 
1116.708 1823.268 2761.063 3926.021 5280.681 6732.166 8128.119 9294.256 10097.25 10486.45 10488.19 10170.55 9611.437 8883.173 8047.464 7153.499 6237.924 5327.155 4441.124 3597.096 2812.608 2106.64 1498.205 1002.305 624.9405 
1116.974 1823.325 2760.415 3923.878 5276.054 6724.134 8116.242 9279.065 10080.61 10471.48 10478.6 10169.47 9620.279 8901.278 8072.582 7182.772 6268.727 5357.455 4469.425 3622.249 2833.732 2123.204 1510.158 1010.126 629.5025 
1118.867 1826.458 2765.266 3931.004 5286.085 6737.726 8133.983 9301.409 10107.89 10504.07 10517.02 10214.45 9672.513 8960.832 8138.384 7252.451 6338.997 5424.837 4530.906 3675.647 2877.778 2157.513 1535.182 1027.043 639.995 
1125.234 1835.88 2777.729 3945.926 5302.538 6754.799 8151.074 9318.32 10124.8 10521.44 10535.62 10235.27 9696.732 8989.628 8172.584 7292.093 6383.012 5471.074 4576.556 3717.877 2914.315 2187.002 1557.287 1042.339 649.6928 
1130.833 1845.605 2793.495 3969.847 5336.419 6799.388 8205.47 9380.056 10190.7 10588.79 10602.9 10302.17 9763.634 9057.024 8240.747 7360.903 6451.809 5538.523 4640.652 3776.233 2964.679 2227.833 1588.133 1063.894 663.527 
1137.978 1856.907 2810.001 3992.538 5366.309 6837.544 8252.811 9436.92 10256.41 10661.51 10679.9 10380.56 9841.113 9132.364 8313.673 7431.615 6520.417 5604.621 4703.146 3833.436 3014.687 2269.069 1619.859 1086.459 678.2485 
1147.486 1872.161 2832.596 4023.878 5407.444 6888.942 8314.14 9507.096 10333.99 10745.14 10768.46 10472.85 9935.5 9226.767 8405.977 7520.125 6604.028 5682.608 4774.761 3897.639 3070.194 2314.718 1655.106 1111.717 694.884 
1155.063 1885.393 2854.273 4057.372 5456.263 6955.927 8400.634 9612.582 10456.41 10881.62 10915.93 10628.25 10095.7 9388.397 8565.368 7673.532 6748.017 5814.387 4892.277 3999.448 3155.341 2382.816 1706.6 1148.107 718.659 
1365.833 2174.646 3190.987 4379.764 5689.317 7039.264 8310.793 9367.143 10100.28 10466.71 10485.95 10213.17 9713.078 9047.08 8268.708 7421.47 6538.407 5643.914 4757.096 3895.519 3078.485 2328.651 1670.56 1125.662 705.6752 
1411.619 2291.401 3441.111 4837.314 6409.298 8016.09 9451.524 10505.85 11055.56 11111.48 10787.83 10226 9534.736 8774.772 7973.5 7144.174 6297.19 5443.86 4597.052 3771.773 2986.363 2263.098 1626.368 1097.704 689.2234 
1399.278 2274.677 3425.48 4838.761 6460.887 8170.937 9774.232 11047.17 11817.11 12022.07 11714.12 11019.72 10090.7 9064.728 8039.38 7063.535 6146.695 5278.607 4447.429 3649.872 2893.889 2196.985 1581.802 1069.531 672.6506 
1396.358 2267.882 3411.682 4814.583 6425.189 8129.287 9744.401 11062.69 11924.22 12265.95 12115.99 11555.64 10687.96 9624.146 8474.019 7330.794 6255.743 5273.454 4380.954 3564.536 2814.985 2135.064 1538.281 1041.556 656.1046 
1399.768 2272.498 3416.745 4818.366 6424.963 8121.759 9727.07 11036.61 11898 12259.13 12158.13 11677.78 10907.21 9928.897 8820.753 7658.161 6509.483 5427.157 4440.838 3558.501 2775.893 2088.456 1498.317 1012.961 638.161 
1400.484 2274.287 3420.519 4825.15 6435.343 8135.111 9741.006 11047.25 11901.49 12254.46 12150.4 11680.2 10939.34 10009.61 8957.635 7839.402 6704.988 5600.269 4564.114 3623.678 2792.884 2076.3 1475.23 990.7783 621.8397 
1407.2 2283.746 3432.084 4837.395 6446.538 8143.914 9746.843 11050.04 11900.93 12249.53 12139.98 11664.94 10924.04 10004.07 8974.209 7887.104 6783.028 5695.786 4656.789 3694.973 2833.918 2089.6 1470.495 978.6602 609.7416 
1409.964 2289.439 3442.793 4855.607 6474.316 8181.755 9792.883 11100.32 11950.77 12295.13 12179.34 11697.75 10951.39 10028.68 9000.852 7921.982 6831.208 5757.63 4726.098 3760.937 2886.134 2122.814 1485.986 982.0086 607.2425 
1413.038 2294.064 3449.152 4863.862 6484.877 8195.517 9811.139 11124.18 11980.24 12328.52 12213.46 11728.99 10977.12 10048.3 9016.095 7936.516 6849.489 5783.046 4758.987 3797.801 2920.99 2150.105 1503.129 989.9543 609.0893 
1416.587 2299.875 3457.962 4876.356 6501.547 8216.485 9836.085 11152.5 12011.39 12362.26 12249.59 11766.88 11015.3 10084.69 9048.983 7965.472 6875.724 5808.762 4785.992 3826.168 2948.719 2174.122 1520.98 1001.01 614.5314 
1420.743 2306.503 3467.712 4889.783 6519.062 8238.259 9861.912 11181.72 12043 12395.19 12283 11800.28 11048.42 10117.19 9080.231 7994.713 6902.523 5833.353 4809.113 3848.385 2969.758 2192.814 1535.923 1011.432 620.7081 
1423.761 2311.601 3475.725 4901.575 6535.308 8259.125 9886.789 11209.23 12071.38 12422.77 12308.65 11823.55 11069.4 10136.3 9097.959 8011.402 6918.335 5848.376 4823.479 3862.219 2982.951 2204.858 1546.055 1019.042 625.6881 
1426.419 2315.915 3482.22 4910.773 6547.671 8274.946 9906.024 11231.36 12095.38 12447.26 12332.16 11844.8 11087.62 10151.37 9110.284 8021.718 6927.416 5856.843 4831.733 3870.428 2991.039 2212.5 1552.762 1024.362 629.4217 
1427.958 2318.592 3486.569 4917.387 6557.067 8287.347 9921.182 11248.54 12113.54 12465.31 12349.15 11859.98 11100.44 10161.49 9117.694 8026.781 6930.8 5859.348 4834.081 3873.102 2994.199 2215.997 1556.235 1027.406 631.7533 
1427.159 2317.741 3486.134 4918.132 6559.918 8293.155 9930.474 11261.37 12129.47 12483.51 12368.51 11879.33 11118.69 10177.79 9131.489 8037.869 6939.325 5865.753 4838.984 3877.118 2997.774 2219.32 1559.263 1029.976 633.7238 
1427.159 2317.741 3486.134 4918.132 6559.918 8293.155 9930.474 11261.37 12129.47 12483.51 12368.51 11879.33 11118.69 10177.79 9131.489 8037.869 6939.325 5865.753 4838.984 3877.118 2997.774 2219.32 1559.263 1029.976 633.7238 
1428.47 2317.782 3482.087 4905.404 6532.349 8243.715 9852.23 11148.53 11978.45 12293.96 12144.02 11627.35 10849.61 9903.367 8863.214 7785.598 6710.536 5665.362 4669.554 3739.21 2890.245 2139.55 1503.406 993.3668 611.4492 
1414.618 2299.272 3461.589 4887.738 6522.934 8246.154 9866.316 11169.81 11999.46 12306.35 12140.48 11602.97 10802.57 9835.127 8778.157 7690.151 6611.921 5570.347 4583.536 3665.764 2831.076 2094.689 1471.554 972.3224 598.5991 
1406.439 2285.141 3439.237 4855.788 6482.785 8204.128 9834.527 11164.06 12034.07 12388.26 12265.94 11758.69 10970.32 9997.101 8920.926 7806.291 6699.741 5632.425 4624.817 3691.813 2846.866 2104.032 1477.04 975.5509 600.4959 
1409.657 2289.417 3444.027 4860.354 6487.013 8209.827 9846.787 11192.02 12090.42 12486.92 12418.13 11968.3 11230.86 10291.99 9227.328 8101.003 6964.385 5856.171 4804.328 3829.376 2947.973 2175.353 1525.168 1006.408 619.1201 
1420.974 2303.481 3456.606 4863.248 6468.061 8153.89 9737.657 11015.42 11838.13 12161 12033.31 11550.54 10811.72 9900.814 8884.553 7815.026 6732.975 5670.942 4655.707 3709.855 2852.925 2102.099 1471.516 969.6513 595.8436 
1410.663 2291.54 3447.202 4862.274 6480.213 8178.46 9765.323 11028.35 11813.99 12079.41 11881.98 11329.18 10532.77 9586.937 8563.196 7511.777 6465.986 5448.565 4477.794 3571.301 2747.243 2023.474 1415.183 931.4186 571.6458 
1394.201 2267.253 3415.946 4828.319 6452.53 8171.379 9797.397 11118.13 11973.01 12305.28 12156.03 11620.96 10809.57 9823.659 8748.155 7646.746 6561.561 5517.787 4531.055 3614.312 2781.875 2049.923 1433.778 943.2957 578.5144 
1397.093 2268.271 3410.928 4811.854 6420.439 8124.429 9744.497 11076.91 11966.67 12356.38 12279.18 11816.94 11063.51 10108.47 9032.589 7904.474 6777.328 5688.256 4661.169 3712.12 2854.71 2103.078 1471.013 967.8081 593.4383 
1409.34 2285.964 3432.992 4834.676 6437.293 8125.5 9718.099 11012.6 11860.04 12213.54 12117.88 11662.47 10940.46 10032.24 9004.669 7913.771 6806.389 5720.787 4687.084 3728.378 2862.953 2106.462 1472.121 968.0681 593.4288 
1410.704 2289.59 3440.718 4848.136 6456.176 8145.218 9728.087 10996.77 11800.12 12094.58 11933.97 11420.45 10659.88 9740.803 8730.502 7677.572 6616.951 5575.778 4577.822 3645.361 2799.238 2058.113 1436.897 944.0108 578.2516 
1400.604 2275.249 3423.1 4829.733 6440.621 8136.304 9728.366 11005.87 11813.1 12101.23 11920.19 11372.18 10568.49 9607.514 8567.222 7503.331 6451.491 5433.465 4464.763 3560.458 2737.569 2014.187 1406.299 923.5152 565.3287 
1390.822 2259.004 3398.164 4794.234 6393.941 8080.25 9667.93 10948.63 11766.91 12070.88 11904.67 11364.03 10555.7 9577.688 8512.379 7423.309 6354.107 5331.247 4370.035 3481.418 2677.052 1970.889 1376.94 904.5479 553.7112 
1381.034 2241.734 3369.368 4748.497 6324.633 7980.272 9531.075 10771.29 11549.65 11819.27 11628.68 11075.73 10266.07 9293.973 8237.736 7158.724 6101.39 5095.042 4157.493 3299.833 2531.078 1860.981 1299.6 853.7766 522.7159 
1362.008 2213.673 3332.453 4704.702 6277.035 7931.862 9483.706 10725.13 11503.18 11769.71 11572.97 11011.7 10193.24 9213.486 8151.325 7067.767 6006.877 4998.544 4062.21 3210.609 2453.126 1798.103 1253.021 822.1552 503.0568 
1348.95 2192.767 3302.122 4665.141 6231.979 7890.482 9461.288 10740.92 11575.07 11907.87 11775.66 11265.49 10477.13 9504.449 8428.991 7316.972 6218.264 5168.083 4190.414 3301.666 2513.744 1836 1275.421 834.7868 509.8963 
