# Number of parameters = 161 Objective function value = 78268.2953228585  Maximum gradient component = 0.00515934235650487
# srv_sel50:
1.52967649133
# srv_sel95:
2.59165862285
# stNatLen:
 11.4282996032 11.2783899704 11.0678011694 10.8741618154 10.6886988247 10.4874181589 10.2628355258 10.0227335622 9.77962236754 9.54393383577 9.32226556312 9.11798463366 8.93232251384 8.76530234621 8.61633618398 8.48454549754 8.36897178473 8.26868615538 8.18280714117 8.11059093296 8.05146255749 8.00483556632 7.97029650807 7.94749661574 7.93616042014
# log_avg_fmort_dir:
-1.69340961700
# fmort_dir_dev:
 -1.70435146500 -1.70921845374 -1.21307319252 -0.902969972065 -0.685204726901 -0.353742488391 -0.289757834542 -0.190420975988 0.0573993618305 0.139823884892 0.283466815548 0.245967028892 0.409518302370 0.500836346928 0.585021688590 0.617736259712 0.492182480736 0.538777159491 0.480697355512 0.449727660987 0.452072703910 0.435466314903 0.456032033680 0.368661699643 0.318239572980 0.340874328641 0.275029468347 0.145739509159 0.149578267651 0.244475041372 0.282462196697 0.129157695032 0.171448549112 0.101166159823 0.161004312287 0.0949896511444 0.151202294553 0.117111872424 0.143600048183 0.110340913541 0.125393407880 0.0924443270467 0.0755976049216 0.104672118496 0.0785791093581 0.0716132192919 0.128878717027 0.166881914974 0.190166807270 0.0865800280030 -0.388963181311 -0.662032932649 -0.568220085197 -0.425156268442 -0.442939703453 -0.174946674882 -0.0600829008187 -0.0458994435503 -0.0599625848713 -0.0724747939341 -0.206034577366 -0.114335039924 -0.187548888101 -0.104166468711 -0.00911158047497
# mean_log_rec:
11.1398046873
# rec_dev:
 0.362414486180 0.344935673244 0.358482129824 0.368711680584 0.363971088376 0.365269847115 0.370296848575 0.362310256281 0.346781484181 0.326588792606 0.295145742372 0.259683658895 0.214914360186 0.152444582673 0.0820767382407 0.0350906438284 0.00603968199574 -0.0177890210502 -0.0469369268538 -0.0682509902997 -0.0930227958921 -0.118823781883 -0.147437288605 -0.163818693165 -0.191431166904 -0.211243953170 -0.211249351989 -0.195044698218 -0.212647139733 -0.229177346288 -0.206328022497 -0.194735584913 -0.191633988433 -0.191714892127 -0.193114769764 -0.184360458869 -0.154304997318 -0.138181680351 -0.150258225029 -0.156513144278 -0.152615734798 -0.156928120507 -0.169697872913 -0.170960852429 -0.162494259121 -0.155757265586 -0.152706735019 -0.139501518840 -0.102969791723 -0.0923314662594 -0.0828915815681 -0.0416603928410 -0.00507334029241 0.0154945829720 0.0360900636449 0.0543792237551 0.0656750116680 0.0639921444317 0.0503449456859 0.0465605512501 0.0506002990779 0.0667496565704 0.0704192362657 0.0590722177735 0.0590722212722
# log_avg_NatM:
-1.60943800000
# m_dev:
 0.00000000000 0.00000000000 0.00000000000 0.00000000000 0.00000000000 0.00000000000 0.00000000000 0.00000000000 0.00000000000 0.00000000000 0.00000000000 0.00000000000 0.00000000000 0.00000000000 0.00000000000 0.00000000000 0.00000000000 0.00000000000 0.00000000000 0.00000000000 0.00000000000 0.00000000000 0.00000000000 0.00000000000 0.00000000000 0.00000000000 0.00000000000 0.00000000000 0.00000000000 0.00000000000 0.00000000000 0.00000000000 0.00000000000 0.00000000000 0.00000000000 0.00000000000 0.00000000000 0.00000000000 0.00000000000 0.00000000000 0.00000000000 0.00000000000 0.00000000000 0.00000000000 0.00000000000 0.00000000000 0.00000000000 0.00000000000 0.00000000000 0.00000000000 0.00000000000 0.00000000000 0.00000000000 0.00000000000 0.00000000000 0.00000000000 0.00000000000 0.00000000000 0.00000000000 0.00000000000 0.00000000000 0.00000000000 0.00000000000 0.00000000000 0.00000000000
# log_avg_GrowthK:
-1.60943800000
# log_avg_Linf:
4.88280200000
# GrowthK_dev:
 0.00000000000 0.00000000000 0.00000000000 0.00000000000 0.00000000000 0.00000000000 0.00000000000 0.00000000000 0.00000000000 0.00000000000 0.00000000000 0.00000000000 0.00000000000 0.00000000000 0.00000000000 0.00000000000 0.00000000000 0.00000000000 0.00000000000 0.00000000000 0.00000000000 0.00000000000 0.00000000000 0.00000000000 0.00000000000 0.00000000000 0.00000000000 0.00000000000 0.00000000000 0.00000000000 0.00000000000 0.00000000000 0.00000000000 0.00000000000 0.00000000000 0.00000000000 0.00000000000 0.00000000000 0.00000000000 0.00000000000 0.00000000000 0.00000000000 0.00000000000 0.00000000000 0.00000000000 0.00000000000 0.00000000000 0.00000000000 0.00000000000 0.00000000000 0.00000000000 0.00000000000 0.00000000000 0.00000000000 0.00000000000 0.00000000000 0.00000000000 0.00000000000 0.00000000000 0.00000000000 0.00000000000 0.00000000000 0.00000000000 0.00000000000 0.00000000000
# Linf_dev:
 0.00000000000 0.00000000000 0.00000000000 0.00000000000 0.00000000000 0.00000000000 0.00000000000 0.00000000000 0.00000000000 0.00000000000 0.00000000000 0.00000000000 0.00000000000 0.00000000000 0.00000000000 0.00000000000 0.00000000000 0.00000000000 0.00000000000 0.00000000000 0.00000000000 0.00000000000 0.00000000000 0.00000000000 0.00000000000 0.00000000000 0.00000000000 0.00000000000 0.00000000000 0.00000000000 0.00000000000 0.00000000000 0.00000000000 0.00000000000 0.00000000000 0.00000000000 0.00000000000 0.00000000000 0.00000000000 0.00000000000 0.00000000000 0.00000000000 0.00000000000 0.00000000000 0.00000000000 0.00000000000 0.00000000000 0.00000000000 0.00000000000 0.00000000000 0.00000000000 0.00000000000 0.00000000000 0.00000000000 0.00000000000 0.00000000000 0.00000000000 0.00000000000 0.00000000000 0.00000000000 0.00000000000 0.00000000000 0.00000000000 0.00000000000 0.00000000000
# SelPars50:
2.07783034188
# SelPars95:
3.72127676870
# SelPars_dev50:
 0.00000000000 0.00000000000 0.00000000000 0.00000000000 0.00000000000 0.00000000000 0.00000000000 0.00000000000 0.00000000000 0.00000000000 0.00000000000 0.00000000000 0.00000000000 0.00000000000 0.00000000000 0.00000000000 0.00000000000 0.00000000000 0.00000000000 0.00000000000 0.00000000000 0.00000000000 0.00000000000 0.00000000000 0.00000000000 0.00000000000 0.00000000000 0.00000000000 0.00000000000 0.00000000000 0.00000000000 0.00000000000 0.00000000000 0.00000000000 0.00000000000 0.00000000000 0.00000000000 0.00000000000 0.00000000000 0.00000000000 0.00000000000 0.00000000000 0.00000000000 0.00000000000 0.00000000000 0.00000000000 0.00000000000 0.00000000000 0.00000000000 0.00000000000 0.00000000000 0.00000000000 0.00000000000 0.00000000000 0.00000000000 0.00000000000 0.00000000000 0.00000000000 0.00000000000 0.00000000000 0.00000000000 0.00000000000 0.00000000000 0.00000000000 0.00000000000
# SelPars_dev95:
 0.00000000000 0.00000000000 0.00000000000 0.00000000000 0.00000000000 0.00000000000 0.00000000000 0.00000000000 0.00000000000 0.00000000000 0.00000000000 0.00000000000 0.00000000000 0.00000000000 0.00000000000 0.00000000000 0.00000000000 0.00000000000 0.00000000000 0.00000000000 0.00000000000 0.00000000000 0.00000000000 0.00000000000 0.00000000000 0.00000000000 0.00000000000 0.00000000000 0.00000000000 0.00000000000 0.00000000000 0.00000000000 0.00000000000 0.00000000000 0.00000000000 0.00000000000 0.00000000000 0.00000000000 0.00000000000 0.00000000000 0.00000000000 0.00000000000 0.00000000000 0.00000000000 0.00000000000 0.00000000000 0.00000000000 0.00000000000 0.00000000000 0.00000000000 0.00000000000 0.00000000000 0.00000000000 0.00000000000 0.00000000000 0.00000000000 0.00000000000 0.00000000000 0.00000000000 0.00000000000 0.00000000000 0.00000000000 0.00000000000 0.00000000000 0.00000000000
