# Number of parameters = 218 Objective function value = 74204.5151704292  Maximum gradient component = 0.00419041060627452
# srv_sel50:
1.47743777725
# srv_sel95:
2.43589620084
# stNatLen:
 11.6934093912 11.5375199214 11.3347201935 11.1461826288 10.9610373983 10.7579066628 10.5314681669 10.2904305601 10.0473949759 9.81255731035 9.59219882201 9.38942601751 9.20530449246 9.03974012526 8.89205798446 8.76132063603 8.64653175895 8.54676697880 8.46125954497 8.38927223471 8.33023435143 8.28363891468 8.24904891884 8.22616676158 8.21480758836
# log_avg_fmort_dir:
-1.61315495655
# fmort_dir_dev:
 -1.87889138199 -1.89424124500 -1.32827648748 -0.815530078644 -0.535989055457 -0.504969172623 -0.388276855691 -0.245769260215 -0.0782151155847 0.0211250809610 0.291515268957 0.230193146562 0.394069060903 0.452977656778 0.505189329751 0.435715784230 0.532216371590 0.378785558337 0.395790823243 0.390749103240 0.319719846097 0.398979211331 0.357475109123 0.370475514577 0.336514762280 0.281627027290 0.277401398232 0.210572480045 0.260905951459 0.207843681183 0.183089880325 0.152939619588 -0.0159808664542 0.0169959397622 -0.163157950985 -0.0118710334444 0.114636294898 0.111077368710 0.150443366198 0.117073176948 -0.0803191662462 -0.00239543535598 -0.0214051388096 -0.0269474686220 0.0279259261531 -0.0701256228024 -0.0881409824014 -0.00850344685919 -0.106450502268 -0.108805027739 -0.00638013932289 0.0172508619245 -0.0601335630205 0.200256025917 0.432122217544 0.202744733407 -0.630834499432 -0.294476283647 0.186565962833 0.187676729156 -0.257433440631 0.472878951203
# mean_log_rec:
11.1436866656
# rec_dev:
 0.433443426960 0.330888968164 0.236738224669 0.185638881058 0.190180899866 0.232114963786 0.270557759583 0.288842811861 0.233596790656 0.108861973673 0.0223838144703 -0.00830022352859 -0.0184962565803 -0.0271372919369 -0.0352678619595 -0.0613787772080 -0.0626979374345 -0.0672333176174 -0.104292570649 -0.135358498961 -0.182112885132 -0.232938518858 -0.287183808059 -0.310806798196 -0.287412702636 -0.267426690504 -0.281253581317 -0.307804646476 -0.319614318924 -0.320703873753 -0.274084228358 -0.188728930468 -0.130455680917 -0.0688036968619 0.0274087830155 -0.0190137748044 -0.127515752559 -0.147289558707 -0.0812757188047 -6.57879965132e-05 0.0479705393204 0.0432542940642 0.00333690448015 -0.0167756028968 0.0159920004185 0.0694109278778 0.102160234888 0.104124083905 0.136409180185 0.183198453863 0.236920698989 0.276997574436 0.278509820473 0.206477423976 0.0803859512107 -0.0102074820196 -0.0180573598747 0.0202712314267 0.0387779321904 0.0254051507466 -0.0152825950693 -0.0152829711455
# log_avg_NatM:
-1.53246947007
# m_dev:
 0.479575800805 0.357184187929 0.245412362503 0.105512602849 -0.199070980040 -0.417991319111 -0.399581271002 -0.394628234710 0.0184835793428 0.294597801536 0.0475256507175 -0.292345258911 -0.448338295216 -0.449753300128 -0.347241059290 -0.359447978397 -0.469707573721 -0.278656962073 -0.103380230839 -0.144224825224 -0.0589873857770 -0.00862754399860 0.0688403110618 -0.209955847342 -0.421263980526 -0.255966866719 -0.100882117044 -0.0330013841912 -0.00582970818289 -0.157114213937 -0.450629238793 -0.458914575353 -0.330319767950 -0.253165000020 0.0936309458720 0.599926411444 0.523981121282 0.0480087027733 -0.272860973083 -0.169656734954 -0.0318920056443 0.257112237136 0.330058544399 0.275449723819 0.0614651263259 -0.0289982170215 0.0674423556829 0.261247787418 0.0954348014872 0.100988208687 0.126266250945 0.0653791411886 0.190909801750 0.525545976129 0.537274212211 0.329008971449 0.210280564098 0.243081264457 0.221413779717 0.0658894321935 0.408209599043 0.297295592948
# log_avg_GrowthK:
-1.60943800000
# log_avg_Linf:
4.88280200000
# GrowthK_dev:
 0.00000000000 0.00000000000 0.00000000000 0.00000000000 0.00000000000 0.00000000000 0.00000000000 0.00000000000 0.00000000000 0.00000000000 0.00000000000 0.00000000000 0.00000000000 0.00000000000 0.00000000000 0.00000000000 0.00000000000 0.00000000000 0.00000000000 0.00000000000 0.00000000000 0.00000000000 0.00000000000 0.00000000000 0.00000000000 0.00000000000 0.00000000000 0.00000000000 0.00000000000 0.00000000000 0.00000000000 0.00000000000 0.00000000000 0.00000000000 0.00000000000 0.00000000000 0.00000000000 0.00000000000 0.00000000000 0.00000000000 0.00000000000 0.00000000000 0.00000000000 0.00000000000 0.00000000000 0.00000000000 0.00000000000 0.00000000000 0.00000000000 0.00000000000 0.00000000000 0.00000000000 0.00000000000 0.00000000000 0.00000000000 0.00000000000 0.00000000000 0.00000000000 0.00000000000 0.00000000000 0.00000000000 0.00000000000
# Linf_dev:
 0.00000000000 0.00000000000 0.00000000000 0.00000000000 0.00000000000 0.00000000000 0.00000000000 0.00000000000 0.00000000000 0.00000000000 0.00000000000 0.00000000000 0.00000000000 0.00000000000 0.00000000000 0.00000000000 0.00000000000 0.00000000000 0.00000000000 0.00000000000 0.00000000000 0.00000000000 0.00000000000 0.00000000000 0.00000000000 0.00000000000 0.00000000000 0.00000000000 0.00000000000 0.00000000000 0.00000000000 0.00000000000 0.00000000000 0.00000000000 0.00000000000 0.00000000000 0.00000000000 0.00000000000 0.00000000000 0.00000000000 0.00000000000 0.00000000000 0.00000000000 0.00000000000 0.00000000000 0.00000000000 0.00000000000 0.00000000000 0.00000000000 0.00000000000 0.00000000000 0.00000000000 0.00000000000 0.00000000000 0.00000000000 0.00000000000 0.00000000000 0.00000000000 0.00000000000 0.00000000000 0.00000000000 0.00000000000
# SelPars50:
2.02688284856
# SelPars95:
3.60206835180
# SelPars_dev50:
 0.00000000000 0.00000000000 0.00000000000 0.00000000000 0.00000000000 0.00000000000 0.00000000000 0.00000000000 0.00000000000 0.00000000000 0.00000000000 0.00000000000 0.00000000000 0.00000000000 0.00000000000 0.00000000000 0.00000000000 0.00000000000 0.00000000000 0.00000000000 0.00000000000 0.00000000000 0.00000000000 0.00000000000 0.00000000000 0.00000000000 0.00000000000 0.00000000000 0.00000000000 0.00000000000 0.00000000000 0.00000000000 0.00000000000 0.00000000000 0.00000000000 0.00000000000 0.00000000000 0.00000000000 0.00000000000 0.00000000000 0.00000000000 0.00000000000 0.00000000000 0.00000000000 0.00000000000 0.00000000000 0.00000000000 0.00000000000 0.00000000000 0.00000000000 0.00000000000 0.00000000000 0.00000000000 0.00000000000 0.00000000000 0.00000000000 0.00000000000 0.00000000000 0.00000000000 0.00000000000 0.00000000000 0.00000000000
# SelPars_dev95:
 0.00000000000 0.00000000000 0.00000000000 0.00000000000 0.00000000000 0.00000000000 0.00000000000 0.00000000000 0.00000000000 0.00000000000 0.00000000000 0.00000000000 0.00000000000 0.00000000000 0.00000000000 0.00000000000 0.00000000000 0.00000000000 0.00000000000 0.00000000000 0.00000000000 0.00000000000 0.00000000000 0.00000000000 0.00000000000 0.00000000000 0.00000000000 0.00000000000 0.00000000000 0.00000000000 0.00000000000 0.00000000000 0.00000000000 0.00000000000 0.00000000000 0.00000000000 0.00000000000 0.00000000000 0.00000000000 0.00000000000 0.00000000000 0.00000000000 0.00000000000 0.00000000000 0.00000000000 0.00000000000 0.00000000000 0.00000000000 0.00000000000 0.00000000000 0.00000000000 0.00000000000 0.00000000000 0.00000000000 0.00000000000 0.00000000000 0.00000000000 0.00000000000 0.00000000000 0.00000000000 0.00000000000 0.00000000000
