# Number of parameters = 137 Objective function value = 63316.5  Maximum gradient component = 0.000302793
# srv_sel50:
1.67942362635
# srv_sel95:
3.02024848062
# stNatLen:
 11.8287121488 11.6194861195 11.3179694336 11.0565361771 10.8386054595 10.6305184109 10.4056248111 10.1564797641 9.89036887601 9.61981423231 9.35604178560 9.10673037889 8.87620652761 8.66638078351 8.47767750938 8.30969367613 8.16163893808 8.03257737314 7.92157549592 7.82781732161 7.75063293745 7.68950097555 7.64406782655 7.61403526404 7.59907474758
# log_avg_fmort_dir:
-1.50924430827
# fmort_dir_dev:
 -0.872621040168 -0.741750748821 -0.645410339181 -0.464831777903 -0.304468698859 -0.151782419125 0.00285880847011 0.115913602822 0.181382805021 0.203974824175 0.225490868429 0.328294797723 0.321466407379 0.335947104397 0.194374941558 0.285543613780 0.251563969857 0.104402889192 0.207151018958 0.206042094254 0.188208805915 0.0629201551036 0.181036033057 -0.0120768113474 0.116987233335 0.0136800399372 -0.0689524183644 0.0246733478459 0.00366356383177 -0.0744474256559 0.0267490859534 0.000428019783925 -0.0189317132935 -0.0700924850211 -0.0274339327381 -0.123383585275 0.0997273244473 -0.0216808202538 -0.0118828054187 -0.0553851055758 0.0570465459938 -0.0672478246513 0.0382545267258 0.00886011120315 0.128746340468 0.0637740388597 -0.345803105328 -0.122943134349 -0.0745081443869 0.136276094348 0.139826294561 -0.00896832218643 0.0293373505187
# mean_log_rec:
11.3213807124
# rec_dev:
 0.559938779234 0.529418550701 0.509875547462 0.486199908222 0.452616323872 0.409066143157 0.373600235459 0.338379801988 0.294674356082 0.261569560511 0.219195197311 0.175110773741 0.116168498991 0.0712207321548 0.0278006392997 -0.00498808459776 -0.00419513497666 -0.0211154810540 -0.0527814246014 -0.0752347839261 -0.105694420096 -0.124840328272 -0.149302861569 -0.168722204606 -0.184085855796 -0.206471146464 -0.233279914074 -0.248644653495 -0.293704687851 -0.317299552995 -0.251283938603 -0.182419191706 -0.172202440229 -0.178322645859 -0.183005639464 -0.174013293108 -0.161946937164 -0.162983185464 -0.156695316520 -0.147147629937 -0.145676505860 -0.138060788638 -0.121924490335 -0.110116788188 -0.107699717445 -0.102080953579 -0.0922903599828 -0.0673770861656 -0.0402337358272 -0.00767428149875 0.0317956591341 0.0184423734502 0.0184423791791
# log_avg_NatM:
-1.47890400000
# m_dev:
 0.00000000000 0.00000000000 0.00000000000 0.00000000000 0.00000000000 0.00000000000 0.00000000000 0.00000000000 0.00000000000 0.00000000000 0.00000000000 0.00000000000 0.00000000000 0.00000000000 0.00000000000 0.00000000000 0.00000000000 0.00000000000 0.00000000000 0.00000000000 0.00000000000 0.00000000000 0.00000000000 0.00000000000 0.00000000000 0.00000000000 0.00000000000 0.00000000000 0.00000000000 0.00000000000 0.00000000000 0.00000000000 0.00000000000 0.00000000000 0.00000000000 0.00000000000 0.00000000000 0.00000000000 0.00000000000 0.00000000000 0.00000000000 0.00000000000 0.00000000000 0.00000000000 0.00000000000 0.00000000000 0.00000000000 0.00000000000 0.00000000000 0.00000000000 0.00000000000 0.00000000000 0.00000000000
# log_avg_GrowthK:
-1.60943800000
# log_avg_Linf:
4.88280200000
# GrowthK_dev:
 0.00000000000 0.00000000000 0.00000000000 0.00000000000 0.00000000000 0.00000000000 0.00000000000 0.00000000000 0.00000000000 0.00000000000 0.00000000000 0.00000000000 0.00000000000 0.00000000000 0.00000000000 0.00000000000 0.00000000000 0.00000000000 0.00000000000 0.00000000000 0.00000000000 0.00000000000 0.00000000000 0.00000000000 0.00000000000 0.00000000000 0.00000000000 0.00000000000 0.00000000000 0.00000000000 0.00000000000 0.00000000000 0.00000000000 0.00000000000 0.00000000000 0.00000000000 0.00000000000 0.00000000000 0.00000000000 0.00000000000 0.00000000000 0.00000000000 0.00000000000 0.00000000000 0.00000000000 0.00000000000 0.00000000000 0.00000000000 0.00000000000 0.00000000000 0.00000000000 0.00000000000 0.00000000000
# Linf_dev:
 0.00000000000 0.00000000000 0.00000000000 0.00000000000 0.00000000000 0.00000000000 0.00000000000 0.00000000000 0.00000000000 0.00000000000 0.00000000000 0.00000000000 0.00000000000 0.00000000000 0.00000000000 0.00000000000 0.00000000000 0.00000000000 0.00000000000 0.00000000000 0.00000000000 0.00000000000 0.00000000000 0.00000000000 0.00000000000 0.00000000000 0.00000000000 0.00000000000 0.00000000000 0.00000000000 0.00000000000 0.00000000000 0.00000000000 0.00000000000 0.00000000000 0.00000000000 0.00000000000 0.00000000000 0.00000000000 0.00000000000 0.00000000000 0.00000000000 0.00000000000 0.00000000000 0.00000000000 0.00000000000 0.00000000000 0.00000000000 0.00000000000 0.00000000000 0.00000000000 0.00000000000 0.00000000000
# SelPars50:
2.24066585408
# SelPars95:
4.06384802390
# SelPars_dev50:
 0.00000000000 0.00000000000 0.00000000000 0.00000000000 0.00000000000 0.00000000000 0.00000000000 0.00000000000 0.00000000000 0.00000000000 0.00000000000 0.00000000000 0.00000000000 0.00000000000 0.00000000000 0.00000000000 0.00000000000 0.00000000000 0.00000000000 0.00000000000 0.00000000000 0.00000000000 0.00000000000 0.00000000000 0.00000000000 0.00000000000 0.00000000000 0.00000000000 0.00000000000 0.00000000000 0.00000000000 0.00000000000 0.00000000000 0.00000000000 0.00000000000 0.00000000000 0.00000000000 0.00000000000 0.00000000000 0.00000000000 0.00000000000 0.00000000000 0.00000000000 0.00000000000 0.00000000000 0.00000000000 0.00000000000 0.00000000000 0.00000000000 0.00000000000 0.00000000000 0.00000000000 0.00000000000
# SelPars_dev95:
 0.00000000000 0.00000000000 0.00000000000 0.00000000000 0.00000000000 0.00000000000 0.00000000000 0.00000000000 0.00000000000 0.00000000000 0.00000000000 0.00000000000 0.00000000000 0.00000000000 0.00000000000 0.00000000000 0.00000000000 0.00000000000 0.00000000000 0.00000000000 0.00000000000 0.00000000000 0.00000000000 0.00000000000 0.00000000000 0.00000000000 0.00000000000 0.00000000000 0.00000000000 0.00000000000 0.00000000000 0.00000000000 0.00000000000 0.00000000000 0.00000000000 0.00000000000 0.00000000000 0.00000000000 0.00000000000 0.00000000000 0.00000000000 0.00000000000 0.00000000000 0.00000000000 0.00000000000 0.00000000000 0.00000000000 0.00000000000 0.00000000000 0.00000000000 0.00000000000 0.00000000000 0.00000000000
