# Number of parameters = 155 Objective function value = 74320.3685723123  Maximum gradient component = 3.77840890812714e-05
# srv_sel50:
1.64636038530
# srv_sel95:
2.91397595554
# stNatLen:
 11.8814613211 11.7055277130 11.4459864025 11.2255780022 11.0453900544 10.8690618580 10.6682394603 10.4353079785 10.1787567509 9.91292920174 9.65075849661 9.40121512184 9.16949572865 8.95803134647 8.76758767478 8.59793261622 8.44836622988 8.31801802834 8.20598625068 8.11144804564 8.03363973119 7.97201269378 7.92617825064 7.89573390515 7.88051788909
# log_avg_fmort_dir:
-1.61782986807
# fmort_dir_dev:
 -2.21096883903 -2.14724783277 -1.48940392130 -1.16460791159 -0.852706087122 -0.569321874496 -0.389512247393 -0.246378536503 -0.184476427417 0.0176348775269 0.141805958771 0.110215381308 0.313297190590 0.394965048261 0.452955625635 0.436961865883 0.393447799246 0.417649215213 0.358140660700 0.280978883238 0.290448065013 0.360343746058 0.240701218424 0.179042285532 0.179606377564 0.239367946476 0.221089983442 0.176121209145 0.170306691664 0.0571390070718 0.201837313473 0.136781578105 0.148919962109 -0.00673347514852 0.162209444959 0.129651757099 0.0931387850781 0.0468006758589 0.232719923099 0.0665632705250 0.0803998972518 0.0798964129240 0.0436283180320 0.0151578232036 0.0312114632351 0.103081177813 0.0600054647061 0.00340124794313 0.165110809670 0.148413652321 0.311684474606 0.210332286882 0.134090009030 -0.0914025822806 0.0458018731646 0.182812684968 0.371793971970 0.356873604782 0.373859057063 -0.0207367185769 0.00433087771507 0.000769599275700
# mean_log_rec:
11.3395968070
# rec_dev:
 0.582983258947 0.556964159076 0.537418365319 0.519537098173 0.510070158884 0.491426808603 0.473043724844 0.458641217691 0.441046057740 0.417549873573 0.380075809927 0.355572509161 0.293751841717 0.226059030331 0.175472331988 0.117925405478 0.0664378767773 0.0121098613863 -0.0292502601646 -0.0463288783837 -0.0512296129540 -0.0701715961875 -0.0763402520791 -0.0874868782489 -0.103969482818 -0.102313420027 -0.101057091798 -0.109517033166 -0.106216927234 -0.132702739493 -0.187105443064 -0.226571201088 -0.285490022467 -0.324012130643 -0.247253663344 -0.170014263336 -0.183293879092 -0.206214437836 -0.209342727921 -0.211565179061 -0.217710272737 -0.205217650205 -0.191387974611 -0.182935282653 -0.177974608519 -0.155360402158 -0.155446565770 -0.170466103740 -0.163776934671 -0.141556468033 -0.136135340902 -0.162925305732 -0.181008874864 -0.189151914851 -0.177311174746 -0.162875463463 -0.141379007135 -0.125578905361 -0.103225909091 -0.0674711811874 -0.0698714642665 -0.0698714645153
# log_avg_NatM:
-1.47890400000
# m_dev:
 0.00000000000 0.00000000000 0.00000000000 0.00000000000 0.00000000000 0.00000000000 0.00000000000 0.00000000000 0.00000000000 0.00000000000 0.00000000000 0.00000000000 0.00000000000 0.00000000000 0.00000000000 0.00000000000 0.00000000000 0.00000000000 0.00000000000 0.00000000000 0.00000000000 0.00000000000 0.00000000000 0.00000000000 0.00000000000 0.00000000000 0.00000000000 0.00000000000 0.00000000000 0.00000000000 0.00000000000 0.00000000000 0.00000000000 0.00000000000 0.00000000000 0.00000000000 0.00000000000 0.00000000000 0.00000000000 0.00000000000 0.00000000000 0.00000000000 0.00000000000 0.00000000000 0.00000000000 0.00000000000 0.00000000000 0.00000000000 0.00000000000 0.00000000000 0.00000000000 0.00000000000 0.00000000000 0.00000000000 0.00000000000 0.00000000000 0.00000000000 0.00000000000 0.00000000000 0.00000000000 0.00000000000 0.00000000000
# log_avg_GrowthK:
-1.60943800000
# log_avg_Linf:
4.88280200000
# GrowthK_dev:
 0.00000000000 0.00000000000 0.00000000000 0.00000000000 0.00000000000 0.00000000000 0.00000000000 0.00000000000 0.00000000000 0.00000000000 0.00000000000 0.00000000000 0.00000000000 0.00000000000 0.00000000000 0.00000000000 0.00000000000 0.00000000000 0.00000000000 0.00000000000 0.00000000000 0.00000000000 0.00000000000 0.00000000000 0.00000000000 0.00000000000 0.00000000000 0.00000000000 0.00000000000 0.00000000000 0.00000000000 0.00000000000 0.00000000000 0.00000000000 0.00000000000 0.00000000000 0.00000000000 0.00000000000 0.00000000000 0.00000000000 0.00000000000 0.00000000000 0.00000000000 0.00000000000 0.00000000000 0.00000000000 0.00000000000 0.00000000000 0.00000000000 0.00000000000 0.00000000000 0.00000000000 0.00000000000 0.00000000000 0.00000000000 0.00000000000 0.00000000000 0.00000000000 0.00000000000 0.00000000000 0.00000000000 0.00000000000
# Linf_dev:
 0.00000000000 0.00000000000 0.00000000000 0.00000000000 0.00000000000 0.00000000000 0.00000000000 0.00000000000 0.00000000000 0.00000000000 0.00000000000 0.00000000000 0.00000000000 0.00000000000 0.00000000000 0.00000000000 0.00000000000 0.00000000000 0.00000000000 0.00000000000 0.00000000000 0.00000000000 0.00000000000 0.00000000000 0.00000000000 0.00000000000 0.00000000000 0.00000000000 0.00000000000 0.00000000000 0.00000000000 0.00000000000 0.00000000000 0.00000000000 0.00000000000 0.00000000000 0.00000000000 0.00000000000 0.00000000000 0.00000000000 0.00000000000 0.00000000000 0.00000000000 0.00000000000 0.00000000000 0.00000000000 0.00000000000 0.00000000000 0.00000000000 0.00000000000 0.00000000000 0.00000000000 0.00000000000 0.00000000000 0.00000000000 0.00000000000 0.00000000000 0.00000000000 0.00000000000 0.00000000000 0.00000000000 0.00000000000
# SelPars50:
2.24981221004
# SelPars95:
4.11230235870
# SelPars_dev50:
 0.00000000000 0.00000000000 0.00000000000 0.00000000000 0.00000000000 0.00000000000 0.00000000000 0.00000000000 0.00000000000 0.00000000000 0.00000000000 0.00000000000 0.00000000000 0.00000000000 0.00000000000 0.00000000000 0.00000000000 0.00000000000 0.00000000000 0.00000000000 0.00000000000 0.00000000000 0.00000000000 0.00000000000 0.00000000000 0.00000000000 0.00000000000 0.00000000000 0.00000000000 0.00000000000 0.00000000000 0.00000000000 0.00000000000 0.00000000000 0.00000000000 0.00000000000 0.00000000000 0.00000000000 0.00000000000 0.00000000000 0.00000000000 0.00000000000 0.00000000000 0.00000000000 0.00000000000 0.00000000000 0.00000000000 0.00000000000 0.00000000000 0.00000000000 0.00000000000 0.00000000000 0.00000000000 0.00000000000 0.00000000000 0.00000000000 0.00000000000 0.00000000000 0.00000000000 0.00000000000 0.00000000000 0.00000000000
# SelPars_dev95:
 0.00000000000 0.00000000000 0.00000000000 0.00000000000 0.00000000000 0.00000000000 0.00000000000 0.00000000000 0.00000000000 0.00000000000 0.00000000000 0.00000000000 0.00000000000 0.00000000000 0.00000000000 0.00000000000 0.00000000000 0.00000000000 0.00000000000 0.00000000000 0.00000000000 0.00000000000 0.00000000000 0.00000000000 0.00000000000 0.00000000000 0.00000000000 0.00000000000 0.00000000000 0.00000000000 0.00000000000 0.00000000000 0.00000000000 0.00000000000 0.00000000000 0.00000000000 0.00000000000 0.00000000000 0.00000000000 0.00000000000 0.00000000000 0.00000000000 0.00000000000 0.00000000000 0.00000000000 0.00000000000 0.00000000000 0.00000000000 0.00000000000 0.00000000000 0.00000000000 0.00000000000 0.00000000000 0.00000000000 0.00000000000 0.00000000000 0.00000000000 0.00000000000 0.00000000000 0.00000000000 0.00000000000 0.00000000000
