# Number of parameters = 139 Objective function value = 64645.1  Maximum gradient component = 0.000229812
# srv_sel50:
1.68198907891
# srv_sel95:
3.02215705859
# stNatLen:
 11.8643575949 11.6781683639 11.4117002522 11.1882850733 11.0072339312 10.8307432412 10.6294134488 10.3951936786 10.1366795376 9.86853449494 9.60397791505 9.35215128984 9.11830054175 8.90489529501 8.71268201394 8.54142414444 8.39044392078 8.25885205874 8.14575950180 8.05035565415 7.97192355681 7.90992301140 7.86388229526 7.83345568633 7.81832810938
# log_avg_fmort_dir:
-1.62480668133
# fmort_dir_dev:
 -2.00396779964 -1.98660681699 -1.50858664578 -1.14255060580 -0.846963512533 -0.657850557994 -0.403352134796 -0.253589810976 -0.151370135488 -0.0960444640342 0.143383745546 0.169183554432 0.272965840524 0.272047896543 0.395230085218 0.449333601639 0.482378017392 0.456626429171 0.455772348111 0.382699820443 0.361094082738 0.363569256149 0.330215015049 0.291642226445 0.295579338483 0.200821489468 0.189793665476 0.152328085695 0.278654738521 0.142828164650 0.157082207210 0.241647229327 0.0821599696325 0.125205206041 0.183541281806 -0.0227261414926 0.119485244931 0.158020415343 0.0465739234246 0.146316710849 0.0417293348358 0.0830199755667 0.0518435318309 0.0594270524042 0.0524602367265 0.0689093533650 -0.0117109048555 0.0345769283954 0.0515179334915 0.120146906319 0.397438532191 0.286760319720 0.411505882277 0.0798039529925
# mean_log_rec:
11.3778736012
# rec_dev:
 0.539507834438 0.513910607059 0.509478993487 0.499709272698 0.490802940776 0.472188625987 0.451966399437 0.429807543638 0.394788533079 0.358362357477 0.307822486587 0.266362942967 0.239057614961 0.191950128233 0.146352519844 0.100762706474 0.0474587073603 0.00146432981960 -0.0368920487322 -0.0587446189404 -0.0671354605977 -0.0874170967455 -0.0922026999671 -0.107603701389 -0.125278777888 -0.145323921512 -0.172121052721 -0.187505796999 -0.206955960541 -0.229641328553 -0.251238326190 -0.275196136440 -0.309886624005 -0.331001378259 -0.246590762350 -0.168015043843 -0.186574894635 -0.214591349117 -0.206001839470 -0.203488686564 -0.200498722873 -0.199779778563 -0.201626654022 -0.202840115180 -0.198322786218 -0.189978779672 -0.184294137730 -0.170166427865 -0.166640326942 -0.148897354782 -0.0805326188021 -0.0258438072185 -0.0414627497750 -0.0414627792190
# log_avg_NatM:
-1.51134800000
# m_dev:
 0.00000000000 0.00000000000 0.00000000000 0.00000000000 0.00000000000 0.00000000000 0.00000000000 0.00000000000 0.00000000000 0.00000000000 0.00000000000 0.00000000000 0.00000000000 0.00000000000 0.00000000000 0.00000000000 0.00000000000 0.00000000000 0.00000000000 0.00000000000 0.00000000000 0.00000000000 0.00000000000 0.00000000000 0.00000000000 0.00000000000 0.00000000000 0.00000000000 0.00000000000 0.00000000000 0.00000000000 0.00000000000 0.00000000000 0.00000000000 0.00000000000 0.00000000000 0.00000000000 0.00000000000 0.00000000000 0.00000000000 0.00000000000 0.00000000000 0.00000000000 0.00000000000 0.00000000000 0.00000000000 0.00000000000 0.00000000000 0.00000000000 0.00000000000 0.00000000000 0.00000000000 0.00000000000 0.00000000000
# log_avg_GrowthK:
-1.60303100000
# log_avg_Linf:
5.05467700000
# GrowthK_dev:
 0.00000000000 0.00000000000 0.00000000000 0.00000000000 0.00000000000 0.00000000000 0.00000000000 0.00000000000 0.00000000000 0.00000000000 0.00000000000 0.00000000000 0.00000000000 0.00000000000 0.00000000000 0.00000000000 0.00000000000 0.00000000000 0.00000000000 0.00000000000 0.00000000000 0.00000000000 0.00000000000 0.00000000000 0.00000000000 0.00000000000 0.00000000000 0.00000000000 0.00000000000 0.00000000000 0.00000000000 0.00000000000 0.00000000000 0.00000000000 0.00000000000 0.00000000000 0.00000000000 0.00000000000 0.00000000000 0.00000000000 0.00000000000 0.00000000000 0.00000000000 0.00000000000 0.00000000000 0.00000000000 0.00000000000 0.00000000000 0.00000000000 0.00000000000 0.00000000000 0.00000000000 0.00000000000 0.00000000000
# Linf_dev:
 0.00000000000 0.00000000000 0.00000000000 0.00000000000 0.00000000000 0.00000000000 0.00000000000 0.00000000000 0.00000000000 0.00000000000 0.00000000000 0.00000000000 0.00000000000 0.00000000000 0.00000000000 0.00000000000 0.00000000000 0.00000000000 0.00000000000 0.00000000000 0.00000000000 0.00000000000 0.00000000000 0.00000000000 0.00000000000 0.00000000000 0.00000000000 0.00000000000 0.00000000000 0.00000000000 0.00000000000 0.00000000000 0.00000000000 0.00000000000 0.00000000000 0.00000000000 0.00000000000 0.00000000000 0.00000000000 0.00000000000 0.00000000000 0.00000000000 0.00000000000 0.00000000000 0.00000000000 0.00000000000 0.00000000000 0.00000000000 0.00000000000 0.00000000000 0.00000000000 0.00000000000 0.00000000000 0.00000000000
# SelPars50:
2.27344563257
# SelPars95:
4.15222658239
# SelPars_dev50:
 0.00000000000 0.00000000000 0.00000000000 0.00000000000 0.00000000000 0.00000000000 0.00000000000 0.00000000000 0.00000000000 0.00000000000 0.00000000000 0.00000000000 0.00000000000 0.00000000000 0.00000000000 0.00000000000 0.00000000000 0.00000000000 0.00000000000 0.00000000000 0.00000000000 0.00000000000 0.00000000000 0.00000000000 0.00000000000 0.00000000000 0.00000000000 0.00000000000 0.00000000000 0.00000000000 0.00000000000 0.00000000000 0.00000000000 0.00000000000 0.00000000000 0.00000000000 0.00000000000 0.00000000000 0.00000000000 0.00000000000 0.00000000000 0.00000000000 0.00000000000 0.00000000000 0.00000000000 0.00000000000 0.00000000000 0.00000000000 0.00000000000 0.00000000000 0.00000000000 0.00000000000 0.00000000000 0.00000000000
# SelPars_dev95:
 0.00000000000 0.00000000000 0.00000000000 0.00000000000 0.00000000000 0.00000000000 0.00000000000 0.00000000000 0.00000000000 0.00000000000 0.00000000000 0.00000000000 0.00000000000 0.00000000000 0.00000000000 0.00000000000 0.00000000000 0.00000000000 0.00000000000 0.00000000000 0.00000000000 0.00000000000 0.00000000000 0.00000000000 0.00000000000 0.00000000000 0.00000000000 0.00000000000 0.00000000000 0.00000000000 0.00000000000 0.00000000000 0.00000000000 0.00000000000 0.00000000000 0.00000000000 0.00000000000 0.00000000000 0.00000000000 0.00000000000 0.00000000000 0.00000000000 0.00000000000 0.00000000000 0.00000000000 0.00000000000 0.00000000000 0.00000000000 0.00000000000 0.00000000000 0.00000000000 0.00000000000 0.00000000000 0.00000000000
