# Number of parameters = 179 Objective function value = 58417.8  Maximum gradient component = 0.00122086
# srv_sel50:
1.46361676122
# srv_sel95:
2.41230435668
# stNatLen:
 11.6240467254 11.4675941539 11.2509950473 11.0312832717 10.8097310825 10.5760408827 10.3290054072 10.0763938100 9.82811073268 9.59184815933 9.37215305962 9.17106721510 8.98904250671 8.82564917018 8.68003189711 8.55118107012 8.43809670629 8.33984059629 8.25556888281 8.18455852581 8.12621456883 8.08006833486 8.04578395551 8.02311136302 8.01190450982
# log_avg_fmort_dir:
-1.46103831529
# fmort_dir_dev:
 -0.329743895243 -0.584842909929 -0.505276903066 -0.262119238340 -0.146200219096 -0.0767200187836 0.00403650607890 0.160698737745 0.151907250604 0.303112670121 0.422268876086 0.328682138836 0.238940931199 0.394907948679 0.275595343361 0.201988464291 0.202018533663 0.207667291253 0.244695620948 0.0341723998700 0.228474671720 0.198669656761 0.237132711924 0.135407102913 0.0359310598561 0.161050984383 0.0116854364149 -0.00853299707644 -0.155729364924 -0.208881211443 -0.0943178494128 -0.0400685208550 0.0282730698976 0.00205238778810 -0.0615667770224 -0.195618012675 -0.167588238478 -0.130094516798 -0.137519706074 -0.138203865193 -0.125933057785 -0.177506396927 -0.122114569103 -0.0828827937401 -0.0983344628342 -0.123260712107 0.0480285218368 -0.168439396897 -0.115902682430
# mean_log_rec:
11.0657565240
# rec_dev:
 0.303208205142 0.241218710234 0.221466093661 0.223084375759 0.223128751521 0.208806105465 0.171422673616 0.141308392651 0.107814763638 0.0702257138750 0.0416009873533 0.00990211126176 -0.0324349239352 -0.0715156619753 -0.107500977981 -0.132472208303 -0.160451774032 -0.181902848938 -0.195498397325 -0.211263359597 -0.230250459494 -0.246366990330 -0.263653918830 -0.239065570235 -0.225803460761 -0.198290036734 -0.140932955681 -0.0763864769028 -0.0354542435977 -0.0653417102627 -0.0786449018757 -0.0602995627009 -0.0549483720745 -0.00434303177203 0.0709245672711 0.107627461068 0.0775405014416 0.0368200501922 0.0551354435830 0.0821305611445 0.0845074377813 0.0836318420606 0.110934791062 0.114599988251 0.0965300969833 0.0601060883660 0.0316834705255 0.0187313499532 0.0187313094769
# log_avg_NatM:
-1.60532034305
# m_dev:
 0.801138596532 0.183071467962 -0.123606744105 -0.272424626314 -0.233554056223 -0.147633398477 -0.0978118953366 -0.139108254330 -0.248035019016 -0.303324525318 -0.206505072093 -0.200130775349 -0.209604479155 -0.152491238524 -0.0245010165448 -0.0823260802592 -0.127826333536 -0.0682940751967 -0.0346582801085 -0.144749795311 -0.159931664153 -0.153405200787 -0.0958760528552 -0.293717652491 -0.136605958732 -0.276320831553 -0.344827735211 -0.348022464908 -0.270760611635 0.206883364961 0.555484052109 0.351347482708 0.126283757699 -0.152383174606 -0.127569461202 0.0389013407708 0.386233411936 0.415499292967 0.0611329856000 0.138945854463 0.245625175358 0.240200144267 0.0454315194820 0.140868430759 0.261994573580 0.338630146742 0.238271533939 0.203261756105 0.196801585388
# log_avg_GrowthK:
-1.60943800000
# log_avg_Linf:
4.88280200000
# GrowthK_dev:
 0.00000000000 0.00000000000 0.00000000000 0.00000000000 0.00000000000 0.00000000000 0.00000000000 0.00000000000 0.00000000000 0.00000000000 0.00000000000 0.00000000000 0.00000000000 0.00000000000 0.00000000000 0.00000000000 0.00000000000 0.00000000000 0.00000000000 0.00000000000 0.00000000000 0.00000000000 0.00000000000 0.00000000000 0.00000000000 0.00000000000 0.00000000000 0.00000000000 0.00000000000 0.00000000000 0.00000000000 0.00000000000 0.00000000000 0.00000000000 0.00000000000 0.00000000000 0.00000000000 0.00000000000 0.00000000000 0.00000000000 0.00000000000 0.00000000000 0.00000000000 0.00000000000 0.00000000000 0.00000000000 0.00000000000 0.00000000000 0.00000000000
# Linf_dev:
 0.00000000000 0.00000000000 0.00000000000 0.00000000000 0.00000000000 0.00000000000 0.00000000000 0.00000000000 0.00000000000 0.00000000000 0.00000000000 0.00000000000 0.00000000000 0.00000000000 0.00000000000 0.00000000000 0.00000000000 0.00000000000 0.00000000000 0.00000000000 0.00000000000 0.00000000000 0.00000000000 0.00000000000 0.00000000000 0.00000000000 0.00000000000 0.00000000000 0.00000000000 0.00000000000 0.00000000000 0.00000000000 0.00000000000 0.00000000000 0.00000000000 0.00000000000 0.00000000000 0.00000000000 0.00000000000 0.00000000000 0.00000000000 0.00000000000 0.00000000000 0.00000000000 0.00000000000 0.00000000000 0.00000000000 0.00000000000 0.00000000000
# SelPars50:
2.01528826114
# SelPars95:
3.58423168093
# SelPars_dev50:
 0.00000000000 0.00000000000 0.00000000000 0.00000000000 0.00000000000 0.00000000000 0.00000000000 0.00000000000 0.00000000000 0.00000000000 0.00000000000 0.00000000000 0.00000000000 0.00000000000 0.00000000000 0.00000000000 0.00000000000 0.00000000000 0.00000000000 0.00000000000 0.00000000000 0.00000000000 0.00000000000 0.00000000000 0.00000000000 0.00000000000 0.00000000000 0.00000000000 0.00000000000 0.00000000000 0.00000000000 0.00000000000 0.00000000000 0.00000000000 0.00000000000 0.00000000000 0.00000000000 0.00000000000 0.00000000000 0.00000000000 0.00000000000 0.00000000000 0.00000000000 0.00000000000 0.00000000000 0.00000000000 0.00000000000 0.00000000000 0.00000000000
# SelPars_dev95:
 0.00000000000 0.00000000000 0.00000000000 0.00000000000 0.00000000000 0.00000000000 0.00000000000 0.00000000000 0.00000000000 0.00000000000 0.00000000000 0.00000000000 0.00000000000 0.00000000000 0.00000000000 0.00000000000 0.00000000000 0.00000000000 0.00000000000 0.00000000000 0.00000000000 0.00000000000 0.00000000000 0.00000000000 0.00000000000 0.00000000000 0.00000000000 0.00000000000 0.00000000000 0.00000000000 0.00000000000 0.00000000000 0.00000000000 0.00000000000 0.00000000000 0.00000000000 0.00000000000 0.00000000000 0.00000000000 0.00000000000 0.00000000000 0.00000000000 0.00000000000 0.00000000000 0.00000000000 0.00000000000 0.00000000000 0.00000000000 0.00000000000
