# Number of parameters = 139 Objective function value = 64663.4  Maximum gradient component = 0.000639697
# srv_sel50:
1.48272782922
# srv_sel95:
2.44750726812
# stNatLen:
 11.4866632024 11.3252990178 11.0836876558 10.8477356335 10.6243266107 10.3973070057 10.1574999607 9.90754529419 9.65597623496 9.41141066038 9.18005513076 8.96550668752 8.76939355267 8.59209306357 8.43328057007 8.29225111613 8.16814084159 8.06008452436 7.96728005151 7.88906676278 7.82482800321 7.77405807358 7.73637302080 7.71143188073 7.69897205088
# log_avg_fmort_dir:
-1.55269287614
# fmort_dir_dev:
 -0.637746593323 -0.487040392697 -0.467156351608 -0.164032768094 -0.189233081068 0.0106167182722 0.0842532045252 0.135078913997 0.196429079215 0.318516132355 0.342665904210 0.407544099584 0.378222365739 0.353335544804 0.379892525494 0.290122577806 0.302450680835 0.220423382388 0.213027852708 0.161522511141 0.0950336426728 0.210234335662 0.244534184539 0.0935502193086 0.118206762315 0.0752412179063 0.113317803723 -0.0153964473499 -0.00390911083027 -0.0913896865379 -0.0373115618815 -0.00450943311741 -0.0325924246044 -0.143549709386 -0.106341608316 -0.130501602961 -0.0430697292697 -0.0860841574342 0.0103088861593 -0.0965245729292 -0.0742983988905 -0.00473284219368 -0.0791001072135 -0.0653072323979 0.00306401257299 -0.0697283401829 -0.243556099777 -0.211423730477 -0.146548247113 -0.340993009928 -0.178164060233 -0.176500664228 -0.104085307759 -0.326765286134
# mean_log_rec:
11.0938196383
# rec_dev:
 0.437140153065 0.412798039837 0.402095943336 0.393295336597 0.377681038027 0.345896617280 0.318420738329 0.297411446484 0.276204487620 0.233603511101 0.149070519855 0.0627437557852 0.00398432726759 -0.0398075344104 -0.0604586776950 -0.0717071619080 -0.0880261971806 -0.0858772349663 -0.0653736003645 -0.0700150355427 -0.0992312842317 -0.132427627102 -0.141393894734 -0.154331601158 -0.170212330698 -0.173397662881 -0.163549799723 -0.154838875758 -0.140106336530 -0.133604591082 -0.129955530604 -0.124850447124 -0.107644632868 -0.0905225489800 -0.0895765818596 -0.0860139813359 -0.0670535026256 -0.0524973129271 -0.0390000979159 -0.0360848793939 -0.0471382371184 -0.0476791863822 -0.0557294628793 -0.0724464945539 -0.0789121965916 -0.0771443490405 -0.0734706896924 -0.0785799117214 -0.0826179238989 -0.0729352725169 -0.0586565590481 -0.0580613842454 -0.0697078127865 -0.0697074725102
# log_avg_NatM:
-1.60943800000
# m_dev:
 0.00000000000 0.00000000000 0.00000000000 0.00000000000 0.00000000000 0.00000000000 0.00000000000 0.00000000000 0.00000000000 0.00000000000 0.00000000000 0.00000000000 0.00000000000 0.00000000000 0.00000000000 0.00000000000 0.00000000000 0.00000000000 0.00000000000 0.00000000000 0.00000000000 0.00000000000 0.00000000000 0.00000000000 0.00000000000 0.00000000000 0.00000000000 0.00000000000 0.00000000000 0.00000000000 0.00000000000 0.00000000000 0.00000000000 0.00000000000 0.00000000000 0.00000000000 0.00000000000 0.00000000000 0.00000000000 0.00000000000 0.00000000000 0.00000000000 0.00000000000 0.00000000000 0.00000000000 0.00000000000 0.00000000000 0.00000000000 0.00000000000 0.00000000000 0.00000000000 0.00000000000 0.00000000000 0.00000000000
# log_avg_GrowthK:
-1.60943800000
# log_avg_Linf:
4.88280200000
# GrowthK_dev:
 0.00000000000 0.00000000000 0.00000000000 0.00000000000 0.00000000000 0.00000000000 0.00000000000 0.00000000000 0.00000000000 0.00000000000 0.00000000000 0.00000000000 0.00000000000 0.00000000000 0.00000000000 0.00000000000 0.00000000000 0.00000000000 0.00000000000 0.00000000000 0.00000000000 0.00000000000 0.00000000000 0.00000000000 0.00000000000 0.00000000000 0.00000000000 0.00000000000 0.00000000000 0.00000000000 0.00000000000 0.00000000000 0.00000000000 0.00000000000 0.00000000000 0.00000000000 0.00000000000 0.00000000000 0.00000000000 0.00000000000 0.00000000000 0.00000000000 0.00000000000 0.00000000000 0.00000000000 0.00000000000 0.00000000000 0.00000000000 0.00000000000 0.00000000000 0.00000000000 0.00000000000 0.00000000000 0.00000000000
# Linf_dev:
 0.00000000000 0.00000000000 0.00000000000 0.00000000000 0.00000000000 0.00000000000 0.00000000000 0.00000000000 0.00000000000 0.00000000000 0.00000000000 0.00000000000 0.00000000000 0.00000000000 0.00000000000 0.00000000000 0.00000000000 0.00000000000 0.00000000000 0.00000000000 0.00000000000 0.00000000000 0.00000000000 0.00000000000 0.00000000000 0.00000000000 0.00000000000 0.00000000000 0.00000000000 0.00000000000 0.00000000000 0.00000000000 0.00000000000 0.00000000000 0.00000000000 0.00000000000 0.00000000000 0.00000000000 0.00000000000 0.00000000000 0.00000000000 0.00000000000 0.00000000000 0.00000000000 0.00000000000 0.00000000000 0.00000000000 0.00000000000 0.00000000000 0.00000000000 0.00000000000 0.00000000000 0.00000000000 0.00000000000
# SelPars50:
2.05176652712
# SelPars95:
3.68095505954
# SelPars_dev50:
 0.00000000000 0.00000000000 0.00000000000 0.00000000000 0.00000000000 0.00000000000 0.00000000000 0.00000000000 0.00000000000 0.00000000000 0.00000000000 0.00000000000 0.00000000000 0.00000000000 0.00000000000 0.00000000000 0.00000000000 0.00000000000 0.00000000000 0.00000000000 0.00000000000 0.00000000000 0.00000000000 0.00000000000 0.00000000000 0.00000000000 0.00000000000 0.00000000000 0.00000000000 0.00000000000 0.00000000000 0.00000000000 0.00000000000 0.00000000000 0.00000000000 0.00000000000 0.00000000000 0.00000000000 0.00000000000 0.00000000000 0.00000000000 0.00000000000 0.00000000000 0.00000000000 0.00000000000 0.00000000000 0.00000000000 0.00000000000 0.00000000000 0.00000000000 0.00000000000 0.00000000000 0.00000000000 0.00000000000
# SelPars_dev95:
 0.00000000000 0.00000000000 0.00000000000 0.00000000000 0.00000000000 0.00000000000 0.00000000000 0.00000000000 0.00000000000 0.00000000000 0.00000000000 0.00000000000 0.00000000000 0.00000000000 0.00000000000 0.00000000000 0.00000000000 0.00000000000 0.00000000000 0.00000000000 0.00000000000 0.00000000000 0.00000000000 0.00000000000 0.00000000000 0.00000000000 0.00000000000 0.00000000000 0.00000000000 0.00000000000 0.00000000000 0.00000000000 0.00000000000 0.00000000000 0.00000000000 0.00000000000 0.00000000000 0.00000000000 0.00000000000 0.00000000000 0.00000000000 0.00000000000 0.00000000000 0.00000000000 0.00000000000 0.00000000000 0.00000000000 0.00000000000 0.00000000000 0.00000000000 0.00000000000 0.00000000000 0.00000000000 0.00000000000
