# Number of parameters = 161 Objective function value = 77773.6  Maximum gradient component = 0.000372352
# srv_sel50:
1.62185859111
# srv_sel95:
2.84536747448
# stNatLen:
 11.8155409765 11.6149538193 11.3247711422 11.0690373078 10.8527413425 10.6447838623 10.4196968240 10.1703193808 9.90393594095 9.63304781784 9.36890096240 9.11921131478 8.88833451091 8.67821040798 8.48927413203 8.32114344972 8.17304350215 8.04405497755 7.93326486177 7.83983059595 7.76301014345 7.70217064712 7.65684657532 7.62670958026 7.61167815922
# log_avg_fmort_dir:
-1.49041320792
# fmort_dir_dev:
 -0.864706152029 -0.674796958390 -0.579311500744 -0.469905981460 -0.228036409916 -0.270710948355 -0.110529150012 0.0585853155859 0.177720945088 0.230816545140 0.275729001453 0.248040783748 0.369030267470 0.242643921467 0.188328654135 0.145708464369 0.0854108293463 0.145189582123 0.116075014961 0.0805409855620 0.0212036714181 0.127148113866 -0.0160878024478 -0.0254818631139 -0.000520375275263 -0.0244170222324 -0.0647744683158 -0.0119724816814 -0.100329122503 0.0456552464496 0.0477876123478 -0.0391229222437 0.0457107353985 0.00685727834508 -0.00135851493157 0.0749325181964 -0.00841233238022 -0.0399897079833 -0.0498206312845 -0.0247129789651 -0.0755240327131 -0.0493378223048 -0.117318058506 -0.0696004155822 -0.0965671142195 -0.0748199382161 0.310777367358 0.0820646406758 0.156632633728 -0.0876585853733 0.144496200360 0.129642044307 0.0881316137797 -0.0241425446218 0.0977519032416 0.328340265753 0.231514137960 0.251021384990 0.0585192618122 -0.0366779148988 0.104076649729 0.0788066335050 -0.393525756099 0.0391376332486 -0.203858350120
# mean_log_rec:
11.2759702867
# rec_dev:
 0.558042106868 0.526960003084 0.514820838143 0.509257513119 0.501215030323 0.486196749816 0.457925205787 0.413390198517 0.358455218230 0.307859471103 0.270712832218 0.213869107227 0.159153642674 0.108488417465 0.0718118313938 0.0611362370400 0.0266507266361 -0.00454048262632 -0.0147298229262 -0.0476630570788 -0.0594706367749 -0.0506832281258 -0.0671391538967 -0.0905426494813 -0.117796845832 -0.135478534137 -0.158279978300 -0.190231356371 -0.240019070210 -0.264654774961 -0.165250730308 -0.0716064978761 -0.0660053042658 -0.0762716276646 -0.0765433799287 -0.0790842657065 -0.0821691767014 -0.100947005321 -0.108977171030 -0.0957307647945 -0.0868313763496 -0.0913543591219 -0.102741483244 -0.0919916720960 -0.0757214053548 -0.0759142629252 -0.0740702921559 -0.0976718725420 -0.117006758383 -0.114991108288 -0.114508279626 -0.141362418768 -0.156702901338 -0.160099571280 -0.167609731016 -0.182251043848 -0.187279706495 -0.192577553629 -0.193357132439 -0.174635507285 -0.166079430166 -0.138936607023 -0.0969067318547 -0.0907642028097 -0.0907642072886
# log_avg_NatM:
-1.47890400000
# m_dev:
 0.00000000000 0.00000000000 0.00000000000 0.00000000000 0.00000000000 0.00000000000 0.00000000000 0.00000000000 0.00000000000 0.00000000000 0.00000000000 0.00000000000 0.00000000000 0.00000000000 0.00000000000 0.00000000000 0.00000000000 0.00000000000 0.00000000000 0.00000000000 0.00000000000 0.00000000000 0.00000000000 0.00000000000 0.00000000000 0.00000000000 0.00000000000 0.00000000000 0.00000000000 0.00000000000 0.00000000000 0.00000000000 0.00000000000 0.00000000000 0.00000000000 0.00000000000 0.00000000000 0.00000000000 0.00000000000 0.00000000000 0.00000000000 0.00000000000 0.00000000000 0.00000000000 0.00000000000 0.00000000000 0.00000000000 0.00000000000 0.00000000000 0.00000000000 0.00000000000 0.00000000000 0.00000000000 0.00000000000 0.00000000000 0.00000000000 0.00000000000 0.00000000000 0.00000000000 0.00000000000 0.00000000000 0.00000000000 0.00000000000 0.00000000000 0.00000000000
# log_avg_GrowthK:
-1.60943800000
# log_avg_Linf:
4.88280200000
# GrowthK_dev:
 0.00000000000 0.00000000000 0.00000000000 0.00000000000 0.00000000000 0.00000000000 0.00000000000 0.00000000000 0.00000000000 0.00000000000 0.00000000000 0.00000000000 0.00000000000 0.00000000000 0.00000000000 0.00000000000 0.00000000000 0.00000000000 0.00000000000 0.00000000000 0.00000000000 0.00000000000 0.00000000000 0.00000000000 0.00000000000 0.00000000000 0.00000000000 0.00000000000 0.00000000000 0.00000000000 0.00000000000 0.00000000000 0.00000000000 0.00000000000 0.00000000000 0.00000000000 0.00000000000 0.00000000000 0.00000000000 0.00000000000 0.00000000000 0.00000000000 0.00000000000 0.00000000000 0.00000000000 0.00000000000 0.00000000000 0.00000000000 0.00000000000 0.00000000000 0.00000000000 0.00000000000 0.00000000000 0.00000000000 0.00000000000 0.00000000000 0.00000000000 0.00000000000 0.00000000000 0.00000000000 0.00000000000 0.00000000000 0.00000000000 0.00000000000 0.00000000000
# Linf_dev:
 0.00000000000 0.00000000000 0.00000000000 0.00000000000 0.00000000000 0.00000000000 0.00000000000 0.00000000000 0.00000000000 0.00000000000 0.00000000000 0.00000000000 0.00000000000 0.00000000000 0.00000000000 0.00000000000 0.00000000000 0.00000000000 0.00000000000 0.00000000000 0.00000000000 0.00000000000 0.00000000000 0.00000000000 0.00000000000 0.00000000000 0.00000000000 0.00000000000 0.00000000000 0.00000000000 0.00000000000 0.00000000000 0.00000000000 0.00000000000 0.00000000000 0.00000000000 0.00000000000 0.00000000000 0.00000000000 0.00000000000 0.00000000000 0.00000000000 0.00000000000 0.00000000000 0.00000000000 0.00000000000 0.00000000000 0.00000000000 0.00000000000 0.00000000000 0.00000000000 0.00000000000 0.00000000000 0.00000000000 0.00000000000 0.00000000000 0.00000000000 0.00000000000 0.00000000000 0.00000000000 0.00000000000 0.00000000000 0.00000000000 0.00000000000 0.00000000000
# SelPars50:
2.20052499456
# SelPars95:
3.99458149200
# SelPars_dev50:
 0.00000000000 0.00000000000 0.00000000000 0.00000000000 0.00000000000 0.00000000000 0.00000000000 0.00000000000 0.00000000000 0.00000000000 0.00000000000 0.00000000000 0.00000000000 0.00000000000 0.00000000000 0.00000000000 0.00000000000 0.00000000000 0.00000000000 0.00000000000 0.00000000000 0.00000000000 0.00000000000 0.00000000000 0.00000000000 0.00000000000 0.00000000000 0.00000000000 0.00000000000 0.00000000000 0.00000000000 0.00000000000 0.00000000000 0.00000000000 0.00000000000 0.00000000000 0.00000000000 0.00000000000 0.00000000000 0.00000000000 0.00000000000 0.00000000000 0.00000000000 0.00000000000 0.00000000000 0.00000000000 0.00000000000 0.00000000000 0.00000000000 0.00000000000 0.00000000000 0.00000000000 0.00000000000 0.00000000000 0.00000000000 0.00000000000 0.00000000000 0.00000000000 0.00000000000 0.00000000000 0.00000000000 0.00000000000 0.00000000000 0.00000000000 0.00000000000
# SelPars_dev95:
 0.00000000000 0.00000000000 0.00000000000 0.00000000000 0.00000000000 0.00000000000 0.00000000000 0.00000000000 0.00000000000 0.00000000000 0.00000000000 0.00000000000 0.00000000000 0.00000000000 0.00000000000 0.00000000000 0.00000000000 0.00000000000 0.00000000000 0.00000000000 0.00000000000 0.00000000000 0.00000000000 0.00000000000 0.00000000000 0.00000000000 0.00000000000 0.00000000000 0.00000000000 0.00000000000 0.00000000000 0.00000000000 0.00000000000 0.00000000000 0.00000000000 0.00000000000 0.00000000000 0.00000000000 0.00000000000 0.00000000000 0.00000000000 0.00000000000 0.00000000000 0.00000000000 0.00000000000 0.00000000000 0.00000000000 0.00000000000 0.00000000000 0.00000000000 0.00000000000 0.00000000000 0.00000000000 0.00000000000 0.00000000000 0.00000000000 0.00000000000 0.00000000000 0.00000000000 0.00000000000 0.00000000000 0.00000000000 0.00000000000 0.00000000000 0.00000000000
