# Number of parameters = 151 Objective function value = 72122.9  Maximum gradient component = 0.000705636
# srv_sel50:
1.55917247405
# srv_sel95:
2.67815899064
# stNatLen:
 11.4270840008 11.2722030383 11.0527814516 10.8565295071 10.6739875077 10.4782979350 10.2591042350 10.0223233803 9.77992778254 9.54268627341 9.31782964381 9.10934853052 8.91898828141 8.74708562480 8.59326874521 8.45679395668 8.33677465208 8.23235288528 8.14268433339 8.06711290871 8.00504333505 7.95592533521 7.91931907273 7.89497783180 7.88276888473
# log_avg_fmort_dir:
-1.65633167498
# fmort_dir_dev:
 -1.83496049043 -1.76681621039 -1.24092719871 -1.03246801823 -0.644915525057 -0.411010579031 -0.363167770197 -0.0515264761391 -0.0328823674027 0.111702251199 0.153980940924 0.306424869049 0.451913093078 0.413912213624 0.551219686350 0.489501156552 0.458198794082 0.463059985305 0.459304101248 0.455636270534 0.414566622529 0.474655672625 0.356139785677 0.350572063862 0.293880305360 0.458647620587 0.400297136886 0.254268059095 0.210398014905 0.247435632433 0.260503206145 0.110936571141 0.125199753305 0.180317751681 0.145552838163 0.180216193740 0.155134496435 0.0496951424930 0.0950335226968 0.0944119173474 0.0689317208364 0.187986407297 0.121214593756 0.102601522232 0.124819936461 0.118926569594 0.106949179094 0.163337183211 0.161045787017 0.0137061471465 -0.682079399331 -0.632265741591 -0.339932838426 -0.323983313062 -0.246495045731 -0.159658939368 -0.209803669962 -0.0904002033586 -0.0730313320789 -0.205909597204
# mean_log_rec:
11.1546292351
# rec_dev:
 0.336936949361 0.318612152909 0.328422887636 0.333112114567 0.326434483041 0.314135003044 0.306781130637 0.290487987475 0.278271249409 0.265828127846 0.237352145539 0.211064354887 0.170630321081 0.127416638700 0.0998902438056 0.0643916525109 0.000280640159439 -0.0456996819180 -0.0748130316488 -0.114296767785 -0.155163277019 -0.164883284451 -0.152396878552 -0.179473398640 -0.221014532378 -0.236453763581 -0.233535606682 -0.239298164154 -0.237447008769 -0.230793918072 -0.216470473221 -0.197422911122 -0.184221645301 -0.179151616926 -0.172889074991 -0.172185285601 -0.163358562447 -0.152989732122 -0.137577910974 -0.117296796394 -0.122969652422 -0.137139221225 -0.146335117281 -0.150684227905 -0.141017288163 -0.115981686621 -0.103416093973 -0.102294169507 -0.0718716483585 -0.0530306560997 -0.0389983070268 0.00839819642427 0.0589105871821 0.0949345291810 0.114028783471 0.138921402911 0.167640357756 0.192394484993 0.188647493313 0.188647473492
# log_avg_NatM:
-1.60943800000
# m_dev:
 0.00000000000 0.00000000000 0.00000000000 0.00000000000 0.00000000000 0.00000000000 0.00000000000 0.00000000000 0.00000000000 0.00000000000 0.00000000000 0.00000000000 0.00000000000 0.00000000000 0.00000000000 0.00000000000 0.00000000000 0.00000000000 0.00000000000 0.00000000000 0.00000000000 0.00000000000 0.00000000000 0.00000000000 0.00000000000 0.00000000000 0.00000000000 0.00000000000 0.00000000000 0.00000000000 0.00000000000 0.00000000000 0.00000000000 0.00000000000 0.00000000000 0.00000000000 0.00000000000 0.00000000000 0.00000000000 0.00000000000 0.00000000000 0.00000000000 0.00000000000 0.00000000000 0.00000000000 0.00000000000 0.00000000000 0.00000000000 0.00000000000 0.00000000000 0.00000000000 0.00000000000 0.00000000000 0.00000000000 0.00000000000 0.00000000000 0.00000000000 0.00000000000 0.00000000000 0.00000000000
# log_avg_GrowthK:
-1.60943800000
# log_avg_Linf:
4.88280200000
# GrowthK_dev:
 0.00000000000 0.00000000000 0.00000000000 0.00000000000 0.00000000000 0.00000000000 0.00000000000 0.00000000000 0.00000000000 0.00000000000 0.00000000000 0.00000000000 0.00000000000 0.00000000000 0.00000000000 0.00000000000 0.00000000000 0.00000000000 0.00000000000 0.00000000000 0.00000000000 0.00000000000 0.00000000000 0.00000000000 0.00000000000 0.00000000000 0.00000000000 0.00000000000 0.00000000000 0.00000000000 0.00000000000 0.00000000000 0.00000000000 0.00000000000 0.00000000000 0.00000000000 0.00000000000 0.00000000000 0.00000000000 0.00000000000 0.00000000000 0.00000000000 0.00000000000 0.00000000000 0.00000000000 0.00000000000 0.00000000000 0.00000000000 0.00000000000 0.00000000000 0.00000000000 0.00000000000 0.00000000000 0.00000000000 0.00000000000 0.00000000000 0.00000000000 0.00000000000 0.00000000000 0.00000000000
# Linf_dev:
 0.00000000000 0.00000000000 0.00000000000 0.00000000000 0.00000000000 0.00000000000 0.00000000000 0.00000000000 0.00000000000 0.00000000000 0.00000000000 0.00000000000 0.00000000000 0.00000000000 0.00000000000 0.00000000000 0.00000000000 0.00000000000 0.00000000000 0.00000000000 0.00000000000 0.00000000000 0.00000000000 0.00000000000 0.00000000000 0.00000000000 0.00000000000 0.00000000000 0.00000000000 0.00000000000 0.00000000000 0.00000000000 0.00000000000 0.00000000000 0.00000000000 0.00000000000 0.00000000000 0.00000000000 0.00000000000 0.00000000000 0.00000000000 0.00000000000 0.00000000000 0.00000000000 0.00000000000 0.00000000000 0.00000000000 0.00000000000 0.00000000000 0.00000000000 0.00000000000 0.00000000000 0.00000000000 0.00000000000 0.00000000000 0.00000000000 0.00000000000 0.00000000000 0.00000000000 0.00000000000
# SelPars50:
2.11219333804
# SelPars95:
3.79560263993
# SelPars_dev50:
 0.00000000000 0.00000000000 0.00000000000 0.00000000000 0.00000000000 0.00000000000 0.00000000000 0.00000000000 0.00000000000 0.00000000000 0.00000000000 0.00000000000 0.00000000000 0.00000000000 0.00000000000 0.00000000000 0.00000000000 0.00000000000 0.00000000000 0.00000000000 0.00000000000 0.00000000000 0.00000000000 0.00000000000 0.00000000000 0.00000000000 0.00000000000 0.00000000000 0.00000000000 0.00000000000 0.00000000000 0.00000000000 0.00000000000 0.00000000000 0.00000000000 0.00000000000 0.00000000000 0.00000000000 0.00000000000 0.00000000000 0.00000000000 0.00000000000 0.00000000000 0.00000000000 0.00000000000 0.00000000000 0.00000000000 0.00000000000 0.00000000000 0.00000000000 0.00000000000 0.00000000000 0.00000000000 0.00000000000 0.00000000000 0.00000000000 0.00000000000 0.00000000000 0.00000000000 0.00000000000
# SelPars_dev95:
 0.00000000000 0.00000000000 0.00000000000 0.00000000000 0.00000000000 0.00000000000 0.00000000000 0.00000000000 0.00000000000 0.00000000000 0.00000000000 0.00000000000 0.00000000000 0.00000000000 0.00000000000 0.00000000000 0.00000000000 0.00000000000 0.00000000000 0.00000000000 0.00000000000 0.00000000000 0.00000000000 0.00000000000 0.00000000000 0.00000000000 0.00000000000 0.00000000000 0.00000000000 0.00000000000 0.00000000000 0.00000000000 0.00000000000 0.00000000000 0.00000000000 0.00000000000 0.00000000000 0.00000000000 0.00000000000 0.00000000000 0.00000000000 0.00000000000 0.00000000000 0.00000000000 0.00000000000 0.00000000000 0.00000000000 0.00000000000 0.00000000000 0.00000000000 0.00000000000 0.00000000000 0.00000000000 0.00000000000 0.00000000000 0.00000000000 0.00000000000 0.00000000000 0.00000000000 0.00000000000
