# Number of parameters = 227 Objective function value = 77778.3  Maximum gradient component = 0.00163340
# srv_sel50:
1.47992613858
# srv_sel95:
2.44406991426
# stNatLen:
 11.2521195110 11.0970344104 10.8655018466 10.6354549894 10.4115250910 10.1801127116 9.93645191332 9.68623925731 9.43871435380 9.20170089532 8.98015245439 8.77652457117 8.59160694273 8.42520478549 8.27663272740 8.14498874976 8.02932137187 7.92871308290 7.84237338803 7.76958039616 7.70977496630 7.66251236092 7.62732874938 7.60398451330 7.59230894095
# log_avg_fmort_dir:
-1.54218226756
# fmort_dir_dev:
 -0.635177969672 -0.483680328197 -0.299141508043 -0.244534581602 -0.0979647575376 -0.0889360936276 0.0460957426535 0.133263962043 0.258864983952 0.323367024529 0.322052626206 0.447720128689 0.476542151723 0.276033250628 0.413905678123 0.328771203953 0.382052049532 0.297650609825 0.311184300150 0.128683900778 0.206303294751 0.0579535921366 0.150586647418 0.136477378483 0.140688437806 0.223705057692 0.00634386702474 -0.0539267406094 -0.107048349534 -0.164386224371 -0.0660548415499 -0.0366170908455 0.0173707149516 -0.0499192759669 -0.0170711036402 -0.0557149234030 -0.0760507549746 -0.0416563274345 -0.0894133220108 0.132440984282 0.119876129582 0.0354817617463 0.0785362879926 -0.100492995546 -0.0211176602620 -0.156789569426 0.203586511086 0.146536039709 -0.481874374833 -1.27809557901 -0.262120271232 0.00658877051906 -0.0212786723465 0.175220441071 0.252781601030 -1.12077124354 0.0488916448185 -0.182696077695 0.0108120298929 0.0277148750701 -0.358889993692 0.0153433630988 0.0402971788328 0.0761194695736 0.135576939253
# mean_log_rec:
11.1412963582
# rec_dev:
 0.226965117873 0.223234802564 0.230930201196 0.210204387826 0.212992981410 0.229481640433 0.214905754301 0.180387593871 0.119142272590 0.0683656089983 0.0210000179744 -0.0226087654222 -0.0613417885736 -0.120220534674 -0.196914556115 -0.245370640023 -0.237647309271 -0.232926360506 -0.215034900919 -0.209833430947 -0.224417922134 -0.225943677615 -0.241708792724 -0.256524113462 -0.259628230327 -0.228260059837 -0.175062273659 -0.105334665900 -0.0691301436584 -0.0748467565403 -0.0573897134583 -0.0636896641688 -0.0687031060857 -0.0453022049836 -0.00190415955825 0.00897740259968 -0.00591215422078 -0.0338487903797 -0.0896111479213 -0.151114191364 -0.163543712423 -0.100052260849 0.00734673546070 0.0919735936629 0.130857071462 0.0742019783324 -0.0477530301632 -0.131138708028 -0.100228842629 0.0215876121638 0.152580289439 0.225040835827 0.211957816196 0.143955004055 0.108387528101 0.0945541982482 0.152020596395 0.193170248297 0.196079307979 0.190991302860 0.175174656166 0.160086048716 0.0996345405494 0.0433797428946 0.0433797201001
# log_avg_NatM:
-1.54005254581
# m_dev:
 -0.587486536704 -0.404934469877 -0.247179573222 -0.0360897646587 -0.319385679453 -0.337654130406 -0.176701973239 -0.183354111054 0.0176540259352 -0.0921686603762 -0.233100190584 -0.298330616789 -0.152391906921 -0.0917551196090 0.107776061940 -0.158144038779 -0.354271807548 -0.304479641244 -0.335712709476 -0.0965615466321 -0.00581021444654 -0.148551804056 -0.0454785183185 -0.0655374092893 -0.148098271081 -0.246316859105 -0.267717716452 -0.347367268043 -0.179656312375 0.0144503817761 0.437003350105 0.460174652064 0.167486834760 -0.0328254514481 -0.0845103969971 0.141225050100 0.229208812140 0.228369837912 0.272553694575 0.374448331920 0.134323652252 -0.245945095885 -0.398816589127 -0.326406136943 0.0401456936878 0.402783616048 0.571107992992 0.397475710623 -0.0915239461001 -0.238921184733 -0.278796899149 -0.0717876585357 0.233057107800 0.456906713181 0.126589972359 0.295461290762 0.0294905873435 0.173710929621 0.258167910621 0.183637739827 0.295272385574 0.333366539631 0.392364565172 0.434709185225 0.424847582708
# log_avg_GrowthK:
-1.60943800000
# log_avg_Linf:
4.88280200000
# GrowthK_dev:
 0.00000000000 0.00000000000 0.00000000000 0.00000000000 0.00000000000 0.00000000000 0.00000000000 0.00000000000 0.00000000000 0.00000000000 0.00000000000 0.00000000000 0.00000000000 0.00000000000 0.00000000000 0.00000000000 0.00000000000 0.00000000000 0.00000000000 0.00000000000 0.00000000000 0.00000000000 0.00000000000 0.00000000000 0.00000000000 0.00000000000 0.00000000000 0.00000000000 0.00000000000 0.00000000000 0.00000000000 0.00000000000 0.00000000000 0.00000000000 0.00000000000 0.00000000000 0.00000000000 0.00000000000 0.00000000000 0.00000000000 0.00000000000 0.00000000000 0.00000000000 0.00000000000 0.00000000000 0.00000000000 0.00000000000 0.00000000000 0.00000000000 0.00000000000 0.00000000000 0.00000000000 0.00000000000 0.00000000000 0.00000000000 0.00000000000 0.00000000000 0.00000000000 0.00000000000 0.00000000000 0.00000000000 0.00000000000 0.00000000000 0.00000000000 0.00000000000
# Linf_dev:
 0.00000000000 0.00000000000 0.00000000000 0.00000000000 0.00000000000 0.00000000000 0.00000000000 0.00000000000 0.00000000000 0.00000000000 0.00000000000 0.00000000000 0.00000000000 0.00000000000 0.00000000000 0.00000000000 0.00000000000 0.00000000000 0.00000000000 0.00000000000 0.00000000000 0.00000000000 0.00000000000 0.00000000000 0.00000000000 0.00000000000 0.00000000000 0.00000000000 0.00000000000 0.00000000000 0.00000000000 0.00000000000 0.00000000000 0.00000000000 0.00000000000 0.00000000000 0.00000000000 0.00000000000 0.00000000000 0.00000000000 0.00000000000 0.00000000000 0.00000000000 0.00000000000 0.00000000000 0.00000000000 0.00000000000 0.00000000000 0.00000000000 0.00000000000 0.00000000000 0.00000000000 0.00000000000 0.00000000000 0.00000000000 0.00000000000 0.00000000000 0.00000000000 0.00000000000 0.00000000000 0.00000000000 0.00000000000 0.00000000000 0.00000000000 0.00000000000
# SelPars50:
2.01964131308
# SelPars95:
3.58350130720
# SelPars_dev50:
 0.00000000000 0.00000000000 0.00000000000 0.00000000000 0.00000000000 0.00000000000 0.00000000000 0.00000000000 0.00000000000 0.00000000000 0.00000000000 0.00000000000 0.00000000000 0.00000000000 0.00000000000 0.00000000000 0.00000000000 0.00000000000 0.00000000000 0.00000000000 0.00000000000 0.00000000000 0.00000000000 0.00000000000 0.00000000000 0.00000000000 0.00000000000 0.00000000000 0.00000000000 0.00000000000 0.00000000000 0.00000000000 0.00000000000 0.00000000000 0.00000000000 0.00000000000 0.00000000000 0.00000000000 0.00000000000 0.00000000000 0.00000000000 0.00000000000 0.00000000000 0.00000000000 0.00000000000 0.00000000000 0.00000000000 0.00000000000 0.00000000000 0.00000000000 0.00000000000 0.00000000000 0.00000000000 0.00000000000 0.00000000000 0.00000000000 0.00000000000 0.00000000000 0.00000000000 0.00000000000 0.00000000000 0.00000000000 0.00000000000 0.00000000000 0.00000000000
# SelPars_dev95:
 0.00000000000 0.00000000000 0.00000000000 0.00000000000 0.00000000000 0.00000000000 0.00000000000 0.00000000000 0.00000000000 0.00000000000 0.00000000000 0.00000000000 0.00000000000 0.00000000000 0.00000000000 0.00000000000 0.00000000000 0.00000000000 0.00000000000 0.00000000000 0.00000000000 0.00000000000 0.00000000000 0.00000000000 0.00000000000 0.00000000000 0.00000000000 0.00000000000 0.00000000000 0.00000000000 0.00000000000 0.00000000000 0.00000000000 0.00000000000 0.00000000000 0.00000000000 0.00000000000 0.00000000000 0.00000000000 0.00000000000 0.00000000000 0.00000000000 0.00000000000 0.00000000000 0.00000000000 0.00000000000 0.00000000000 0.00000000000 0.00000000000 0.00000000000 0.00000000000 0.00000000000 0.00000000000 0.00000000000 0.00000000000 0.00000000000 0.00000000000 0.00000000000 0.00000000000 0.00000000000 0.00000000000 0.00000000000 0.00000000000 0.00000000000 0.00000000000
