# Number of parameters = 145 Objective function value = 68277.9  Maximum gradient component = 0.000754338
# srv_sel50:
1.67178561803
# srv_sel95:
2.98583690777
# stNatLen:
 11.8659758112 11.6832191181 11.4175086871 11.1936680811 11.0142412670 10.8413608591 10.6432639233 10.4096895612 10.1486505149 9.87553461867 9.60467076616 9.34610554612 9.10567717588 8.88617141034 8.68845225167 8.51231952307 8.35703137788 8.22167257608 8.10530803926 8.00707473032 7.92623039619 7.86220359681 7.81452976930 7.78292586856 7.76716181050
# log_avg_fmort_dir:
-1.61687681955
# fmort_dir_dev:
 -1.99299531163 -1.92717785265 -1.43998124982 -1.22523128462 -0.842994827184 -0.623375210446 -0.327193687540 -0.188642612951 -0.0568645872418 -0.0187865315703 0.0888541859252 0.258646363075 0.263732869626 0.453962213290 0.304315310636 0.498820719321 0.444994772326 0.372098070170 0.339049585267 0.368777136128 0.329048732343 0.335889663237 0.292916493441 0.210267526188 0.339891478514 0.230713506468 0.158863787816 0.201551607770 0.220197049459 0.111592694749 0.114222562415 0.116022312953 0.109645051297 0.154370177181 0.216254186280 0.0954505284073 0.153434596187 0.0337099403269 0.0382622166168 0.110621165512 0.139716293474 -0.00724916878520 0.0501519023877 0.164483353990 0.0297458920244 0.0566038189659 0.0486826857122 0.0347879177654 0.0813653051814 0.120616530735 0.294097435002 0.339147866679 0.0573688486345 0.201309855682 0.0369348206063 -0.0298026882155 0.0591059828851
# mean_log_rec:
11.3619912470
# rec_dev:
 0.548745158629 0.516391325183 0.509550309153 0.498039248521 0.478258532285 0.450802911044 0.412464446335 0.377943210771 0.357284488319 0.329514426330 0.287863368204 0.243625179889 0.210576224741 0.193069652063 0.144482420163 0.0773953828413 0.0267428618616 0.00135997646490 -0.0165944356818 -0.0362567881440 -0.0612085257847 -0.0730865246590 -0.0700735058418 -0.0829351067207 -0.103472660587 -0.114618749959 -0.129801408060 -0.139151177946 -0.152148841637 -0.183765289869 -0.209666144963 -0.233854761493 -0.289980472453 -0.321495886297 -0.237670835533 -0.169596448066 -0.167213471789 -0.176329514597 -0.190353914142 -0.192872629177 -0.182687378016 -0.197684724474 -0.218953455407 -0.215448986659 -0.211069569047 -0.206138510827 -0.191511071135 -0.173456497152 -0.174978576715 -0.164958752736 -0.150364759610 -0.116085758728 -0.0802638606789 -0.0383594566177 0.00717600865928 0.00141174702765 0.00141157271656
# log_avg_NatM:
-1.47890400000
# m_dev:
 0.00000000000 0.00000000000 0.00000000000 0.00000000000 0.00000000000 0.00000000000 0.00000000000 0.00000000000 0.00000000000 0.00000000000 0.00000000000 0.00000000000 0.00000000000 0.00000000000 0.00000000000 0.00000000000 0.00000000000 0.00000000000 0.00000000000 0.00000000000 0.00000000000 0.00000000000 0.00000000000 0.00000000000 0.00000000000 0.00000000000 0.00000000000 0.00000000000 0.00000000000 0.00000000000 0.00000000000 0.00000000000 0.00000000000 0.00000000000 0.00000000000 0.00000000000 0.00000000000 0.00000000000 0.00000000000 0.00000000000 0.00000000000 0.00000000000 0.00000000000 0.00000000000 0.00000000000 0.00000000000 0.00000000000 0.00000000000 0.00000000000 0.00000000000 0.00000000000 0.00000000000 0.00000000000 0.00000000000 0.00000000000 0.00000000000 0.00000000000
# log_avg_GrowthK:
-1.60943800000
# log_avg_Linf:
4.88280200000
# GrowthK_dev:
 0.00000000000 0.00000000000 0.00000000000 0.00000000000 0.00000000000 0.00000000000 0.00000000000 0.00000000000 0.00000000000 0.00000000000 0.00000000000 0.00000000000 0.00000000000 0.00000000000 0.00000000000 0.00000000000 0.00000000000 0.00000000000 0.00000000000 0.00000000000 0.00000000000 0.00000000000 0.00000000000 0.00000000000 0.00000000000 0.00000000000 0.00000000000 0.00000000000 0.00000000000 0.00000000000 0.00000000000 0.00000000000 0.00000000000 0.00000000000 0.00000000000 0.00000000000 0.00000000000 0.00000000000 0.00000000000 0.00000000000 0.00000000000 0.00000000000 0.00000000000 0.00000000000 0.00000000000 0.00000000000 0.00000000000 0.00000000000 0.00000000000 0.00000000000 0.00000000000 0.00000000000 0.00000000000 0.00000000000 0.00000000000 0.00000000000 0.00000000000
# Linf_dev:
 0.00000000000 0.00000000000 0.00000000000 0.00000000000 0.00000000000 0.00000000000 0.00000000000 0.00000000000 0.00000000000 0.00000000000 0.00000000000 0.00000000000 0.00000000000 0.00000000000 0.00000000000 0.00000000000 0.00000000000 0.00000000000 0.00000000000 0.00000000000 0.00000000000 0.00000000000 0.00000000000 0.00000000000 0.00000000000 0.00000000000 0.00000000000 0.00000000000 0.00000000000 0.00000000000 0.00000000000 0.00000000000 0.00000000000 0.00000000000 0.00000000000 0.00000000000 0.00000000000 0.00000000000 0.00000000000 0.00000000000 0.00000000000 0.00000000000 0.00000000000 0.00000000000 0.00000000000 0.00000000000 0.00000000000 0.00000000000 0.00000000000 0.00000000000 0.00000000000 0.00000000000 0.00000000000 0.00000000000 0.00000000000 0.00000000000 0.00000000000
# SelPars50:
2.29357829722
# SelPars95:
4.21329220869
# SelPars_dev50:
 0.00000000000 0.00000000000 0.00000000000 0.00000000000 0.00000000000 0.00000000000 0.00000000000 0.00000000000 0.00000000000 0.00000000000 0.00000000000 0.00000000000 0.00000000000 0.00000000000 0.00000000000 0.00000000000 0.00000000000 0.00000000000 0.00000000000 0.00000000000 0.00000000000 0.00000000000 0.00000000000 0.00000000000 0.00000000000 0.00000000000 0.00000000000 0.00000000000 0.00000000000 0.00000000000 0.00000000000 0.00000000000 0.00000000000 0.00000000000 0.00000000000 0.00000000000 0.00000000000 0.00000000000 0.00000000000 0.00000000000 0.00000000000 0.00000000000 0.00000000000 0.00000000000 0.00000000000 0.00000000000 0.00000000000 0.00000000000 0.00000000000 0.00000000000 0.00000000000 0.00000000000 0.00000000000 0.00000000000 0.00000000000 0.00000000000 0.00000000000
# SelPars_dev95:
 0.00000000000 0.00000000000 0.00000000000 0.00000000000 0.00000000000 0.00000000000 0.00000000000 0.00000000000 0.00000000000 0.00000000000 0.00000000000 0.00000000000 0.00000000000 0.00000000000 0.00000000000 0.00000000000 0.00000000000 0.00000000000 0.00000000000 0.00000000000 0.00000000000 0.00000000000 0.00000000000 0.00000000000 0.00000000000 0.00000000000 0.00000000000 0.00000000000 0.00000000000 0.00000000000 0.00000000000 0.00000000000 0.00000000000 0.00000000000 0.00000000000 0.00000000000 0.00000000000 0.00000000000 0.00000000000 0.00000000000 0.00000000000 0.00000000000 0.00000000000 0.00000000000 0.00000000000 0.00000000000 0.00000000000 0.00000000000 0.00000000000 0.00000000000 0.00000000000 0.00000000000 0.00000000000 0.00000000000 0.00000000000 0.00000000000 0.00000000000
