# Number of parameters = 167 Objective function value = 81580.1407976517  Maximum gradient component = 0.000825850177410181
# srv_sel50:
1.64712984343
# srv_sel95:
2.91806479801
# stNatLen:
 11.8214100988 11.6425502480 11.3917751596 11.1764181759 10.9919313997 10.8051681392 10.5950569923 10.3597705714 10.1092443919 9.85604255582 9.61035669847 9.37881437373 9.16501621667 8.97049990626 8.79557666567 8.63989381065 8.50277461873 8.38340375644 8.28101920011 8.19489496897 8.12443020773 8.06895522992 8.02789982928 8.00074271557 7.98724364236
# log_avg_fmort_dir:
-1.60009499337
# fmort_dir_dev:
 -2.07335292164 -2.07039193080 -1.43857858940 -1.13400013033 -0.849979856060 -0.705859782957 -0.372663059018 -0.400836818261 -0.162092519338 -0.00246870269916 0.135174794032 0.195993587363 0.346826177339 0.322318030457 0.357887764750 0.416336709012 0.414257882200 0.391410692171 0.424771462821 0.273787172703 0.252465025451 0.286797238191 0.277528337025 0.217212926436 0.236592707958 0.182846281832 0.147536662432 0.132853713095 0.155621790426 0.0600931311677 0.111162713139 0.126510092329 0.0510900567688 0.0874629116801 0.0469374377597 0.170100142604 0.0412715685786 0.0982173801595 0.0226665305212 0.0798979327737 0.0667889827219 0.0131978598675 0.000578966414664 0.125556712830 0.0920724654314 0.114516442231 0.130909493480 0.0560585795274 0.0567042273059 -0.00347697632058 0.187908996174 0.191260727586 0.0529156542842 0.335889368880 0.220328424099 0.0823435090152 0.196761604817 0.205558635157 0.123699002899 0.232034277810 -0.239559057328 0.0791897853598 0.0994405297302 0.316648228620 0.182103245749 0.0195122171673 0.0856691645182 0.121984389302
# mean_log_rec:
11.3190185795
# rec_dev:
 0.548789159507 0.525726688264 0.530509607792 0.537271845310 0.527517898440 0.513022847479 0.498252420566 0.487010323888 0.456640062524 0.406471371432 0.356468843480 0.314565128145 0.282368444422 0.255623899003 0.232427042616 0.184992639541 0.119285078432 0.0567991265407 0.0273815503964 0.00195151372489 -0.0319060061722 -0.0512922361400 -0.0711692809491 -0.0901863755015 -0.106468120796 -0.116138041320 -0.131693712019 -0.152077626790 -0.157248241323 -0.169255027406 -0.207324446879 -0.236333803611 -0.280542938602 -0.314199080064 -0.237551756306 -0.160819778557 -0.162293978448 -0.181987700866 -0.213726850342 -0.216569417465 -0.183352957608 -0.166886253015 -0.159363881855 -0.154749119088 -0.154146725980 -0.153574327412 -0.163719992092 -0.152252544874 -0.131265147647 -0.134647742925 -0.161313391958 -0.170109096562 -0.166027498997 -0.165503065209 -0.166627555628 -0.161841419355 -0.160618251125 -0.148017015017 -0.138029358384 -0.138742197795 -0.133210690366 -0.110099025854 -0.0969899750804 -0.0883343913106 -0.0420893686044 0.0126766334908 0.00727161654545 0.00727167175782
# log_avg_NatM:
-1.47890400000
# m_dev:
 0.00000000000 0.00000000000 0.00000000000 0.00000000000 0.00000000000 0.00000000000 0.00000000000 0.00000000000 0.00000000000 0.00000000000 0.00000000000 0.00000000000 0.00000000000 0.00000000000 0.00000000000 0.00000000000 0.00000000000 0.00000000000 0.00000000000 0.00000000000 0.00000000000 0.00000000000 0.00000000000 0.00000000000 0.00000000000 0.00000000000 0.00000000000 0.00000000000 0.00000000000 0.00000000000 0.00000000000 0.00000000000 0.00000000000 0.00000000000 0.00000000000 0.00000000000 0.00000000000 0.00000000000 0.00000000000 0.00000000000 0.00000000000 0.00000000000 0.00000000000 0.00000000000 0.00000000000 0.00000000000 0.00000000000 0.00000000000 0.00000000000 0.00000000000 0.00000000000 0.00000000000 0.00000000000 0.00000000000 0.00000000000 0.00000000000 0.00000000000 0.00000000000 0.00000000000 0.00000000000 0.00000000000 0.00000000000 0.00000000000 0.00000000000 0.00000000000 0.00000000000 0.00000000000 0.00000000000
# log_avg_GrowthK:
-1.60943800000
# log_avg_Linf:
4.88280200000
# GrowthK_dev:
 0.00000000000 0.00000000000 0.00000000000 0.00000000000 0.00000000000 0.00000000000 0.00000000000 0.00000000000 0.00000000000 0.00000000000 0.00000000000 0.00000000000 0.00000000000 0.00000000000 0.00000000000 0.00000000000 0.00000000000 0.00000000000 0.00000000000 0.00000000000 0.00000000000 0.00000000000 0.00000000000 0.00000000000 0.00000000000 0.00000000000 0.00000000000 0.00000000000 0.00000000000 0.00000000000 0.00000000000 0.00000000000 0.00000000000 0.00000000000 0.00000000000 0.00000000000 0.00000000000 0.00000000000 0.00000000000 0.00000000000 0.00000000000 0.00000000000 0.00000000000 0.00000000000 0.00000000000 0.00000000000 0.00000000000 0.00000000000 0.00000000000 0.00000000000 0.00000000000 0.00000000000 0.00000000000 0.00000000000 0.00000000000 0.00000000000 0.00000000000 0.00000000000 0.00000000000 0.00000000000 0.00000000000 0.00000000000 0.00000000000 0.00000000000 0.00000000000 0.00000000000 0.00000000000 0.00000000000
# Linf_dev:
 0.00000000000 0.00000000000 0.00000000000 0.00000000000 0.00000000000 0.00000000000 0.00000000000 0.00000000000 0.00000000000 0.00000000000 0.00000000000 0.00000000000 0.00000000000 0.00000000000 0.00000000000 0.00000000000 0.00000000000 0.00000000000 0.00000000000 0.00000000000 0.00000000000 0.00000000000 0.00000000000 0.00000000000 0.00000000000 0.00000000000 0.00000000000 0.00000000000 0.00000000000 0.00000000000 0.00000000000 0.00000000000 0.00000000000 0.00000000000 0.00000000000 0.00000000000 0.00000000000 0.00000000000 0.00000000000 0.00000000000 0.00000000000 0.00000000000 0.00000000000 0.00000000000 0.00000000000 0.00000000000 0.00000000000 0.00000000000 0.00000000000 0.00000000000 0.00000000000 0.00000000000 0.00000000000 0.00000000000 0.00000000000 0.00000000000 0.00000000000 0.00000000000 0.00000000000 0.00000000000 0.00000000000 0.00000000000 0.00000000000 0.00000000000 0.00000000000 0.00000000000 0.00000000000 0.00000000000
# SelPars50:
2.24010391060
# SelPars95:
4.08711302801
# SelPars_dev50:
 0.00000000000 0.00000000000 0.00000000000 0.00000000000 0.00000000000 0.00000000000 0.00000000000 0.00000000000 0.00000000000 0.00000000000 0.00000000000 0.00000000000 0.00000000000 0.00000000000 0.00000000000 0.00000000000 0.00000000000 0.00000000000 0.00000000000 0.00000000000 0.00000000000 0.00000000000 0.00000000000 0.00000000000 0.00000000000 0.00000000000 0.00000000000 0.00000000000 0.00000000000 0.00000000000 0.00000000000 0.00000000000 0.00000000000 0.00000000000 0.00000000000 0.00000000000 0.00000000000 0.00000000000 0.00000000000 0.00000000000 0.00000000000 0.00000000000 0.00000000000 0.00000000000 0.00000000000 0.00000000000 0.00000000000 0.00000000000 0.00000000000 0.00000000000 0.00000000000 0.00000000000 0.00000000000 0.00000000000 0.00000000000 0.00000000000 0.00000000000 0.00000000000 0.00000000000 0.00000000000 0.00000000000 0.00000000000 0.00000000000 0.00000000000 0.00000000000 0.00000000000 0.00000000000 0.00000000000
# SelPars_dev95:
 0.00000000000 0.00000000000 0.00000000000 0.00000000000 0.00000000000 0.00000000000 0.00000000000 0.00000000000 0.00000000000 0.00000000000 0.00000000000 0.00000000000 0.00000000000 0.00000000000 0.00000000000 0.00000000000 0.00000000000 0.00000000000 0.00000000000 0.00000000000 0.00000000000 0.00000000000 0.00000000000 0.00000000000 0.00000000000 0.00000000000 0.00000000000 0.00000000000 0.00000000000 0.00000000000 0.00000000000 0.00000000000 0.00000000000 0.00000000000 0.00000000000 0.00000000000 0.00000000000 0.00000000000 0.00000000000 0.00000000000 0.00000000000 0.00000000000 0.00000000000 0.00000000000 0.00000000000 0.00000000000 0.00000000000 0.00000000000 0.00000000000 0.00000000000 0.00000000000 0.00000000000 0.00000000000 0.00000000000 0.00000000000 0.00000000000 0.00000000000 0.00000000000 0.00000000000 0.00000000000 0.00000000000 0.00000000000 0.00000000000 0.00000000000 0.00000000000 0.00000000000 0.00000000000 0.00000000000
