# Number of parameters = 233 Objective function value = 80308.3  Maximum gradient component = 0.00437796
# srv_sel50:
1.46419581932
# srv_sel95:
2.41253097969
# stNatLen:
 11.1608425038 11.0345438420 10.8367546555 10.6451664323 10.4589946260 10.2580665709 10.0347971540 9.79572711481 9.55258291590 9.31566914061 9.09181473219 8.88469974130 8.69583811831 8.52546788473 8.37311109294 8.23798332045 8.11919842158 8.01585793963 7.92712300343 7.85231383810 7.79079885338 7.74210110842 7.70585338645 7.68173327589 7.66972121400
# log_avg_fmort_dir:
-1.57777609043
# fmort_dir_dev:
 -1.86746707513 -1.85552331144 -1.30305617925 -1.01615721161 -0.824397227011 -0.515274377257 -0.459469711882 -0.236477335407 -0.0132410873577 0.0570341185739 0.271524795621 0.288758518631 0.369929164076 0.358502751445 0.412185827435 0.431054414227 0.482936394621 0.427736110253 0.511430877968 0.526712203642 0.377081464498 0.262055765392 0.293775077311 0.343721661180 0.350413665346 0.263912131178 0.309283160268 0.246871449308 0.239948693222 0.357108658109 0.272145691931 0.188003433389 0.162402355207 0.0420843712907 -0.0286989612473 0.104823434102 0.122918659749 0.108076481240 0.0377481909137 0.0787075657458 0.00833361461969 -0.0171293726919 0.0821702229091 0.0186157493032 0.00859073648493 -0.0673491917868 -0.0253089868787 -0.0195523207200 -0.0201182937148 -0.00561650331857 -0.141714060413 -0.0859578412934 0.0416626311690 -0.177729122354 0.154256429557 0.0443227417614 -0.0606046775395 0.0223912424177 -0.421209363084 0.178279172423 0.167279097680 0.0749439873355 -0.135570555519 -0.346642923125 -0.0131335967138 0.162518279200 0.395148296016
# mean_log_rec:
11.0954983179
# rec_dev:
 0.252562138239 0.290775380557 0.349048232042 0.374026111225 0.365102134811 0.333295624623 0.287093003561 0.212998550739 0.151230005212 0.117291226540 0.104709583515 0.0960303443796 0.103258793889 0.108915182415 0.0836236158812 0.0331421927274 -0.0592151671102 -0.151365393119 -0.207541984965 -0.223593585592 -0.192889052623 -0.167675625543 -0.185477197029 -0.229395241360 -0.292597949331 -0.340024909402 -0.350276847887 -0.357022969270 -0.376227304855 -0.372142885188 -0.338307572541 -0.276623389431 -0.213626905852 -0.153202505699 -0.0610564864813 -0.0301966803120 -0.0501677363262 -0.0351881444240 -0.0105038916664 0.0129563195189 0.00993063851051 -0.0216934594285 -0.0124188173005 0.0463680863203 0.0974535655113 0.0940835130842 0.0487560800760 0.0372463875261 0.0434208356159 0.0393145041234 0.0393943336844 0.0487175403893 0.0711393739252 0.0579150308206 0.0400099064527 0.0397945986941 0.0454053997222 0.0825477708767 0.108701240348 0.102988351455 0.0767404132172 0.0654499895732 0.0868294849924 0.103983428971 0.0643076622428 -0.00906239627259 -0.00906247699670
# log_avg_NatM:
-1.60612679961
# m_dev:
 -0.648626281728 -0.593409037572 -0.290508632099 -0.170761021462 -0.0323404144208 0.110268730213 0.0505898661031 0.205920103841 0.0365788017469 -0.202874343330 -0.312676209792 -0.350785865413 -0.467090308985 -0.364997304294 -0.292607697406 -0.156856133289 0.104302540723 -0.0246221897621 -0.117799358065 -0.281689789051 -0.418021439239 -0.371408872284 -0.182888581594 0.00353477987902 0.157356280476 -0.00918249103327 -0.116506798289 -0.188851208585 -0.131257178567 -0.192396910723 -0.382227011333 -0.553699626436 -0.533488478569 -0.274866372138 0.128210248863 0.349572442532 0.238159446820 0.00609606738465 0.0476719074570 0.0728421935516 0.230514905385 0.392990591697 0.144100305907 -0.0941334341513 -0.0175780008910 0.280377599252 0.413904774051 0.176713735808 0.263405309197 0.263265985964 0.204322694791 0.167983760512 0.119382650324 0.280645131069 0.260587794851 0.209305857989 0.183236361439 -0.0290108549195 0.165773515033 0.252340339392 0.279092793256 0.230549986314 0.114141788700 0.157429321559 0.397745578887 0.572748587833 0.531499066620
# log_avg_GrowthK:
-1.56983300000
# log_avg_Linf:
4.62255300000
# GrowthK_dev:
 0.00000000000 0.00000000000 0.00000000000 0.00000000000 0.00000000000 0.00000000000 0.00000000000 0.00000000000 0.00000000000 0.00000000000 0.00000000000 0.00000000000 0.00000000000 0.00000000000 0.00000000000 0.00000000000 0.00000000000 0.00000000000 0.00000000000 0.00000000000 0.00000000000 0.00000000000 0.00000000000 0.00000000000 0.00000000000 0.00000000000 0.00000000000 0.00000000000 0.00000000000 0.00000000000 0.00000000000 0.00000000000 0.00000000000 0.00000000000 0.00000000000 0.00000000000 0.00000000000 0.00000000000 0.00000000000 0.00000000000 0.00000000000 0.00000000000 0.00000000000 0.00000000000 0.00000000000 0.00000000000 0.00000000000 0.00000000000 0.00000000000 0.00000000000 0.00000000000 0.00000000000 0.00000000000 0.00000000000 0.00000000000 0.00000000000 0.00000000000 0.00000000000 0.00000000000 0.00000000000 0.00000000000 0.00000000000 0.00000000000 0.00000000000 0.00000000000 0.00000000000 0.00000000000
# Linf_dev:
 0.00000000000 0.00000000000 0.00000000000 0.00000000000 0.00000000000 0.00000000000 0.00000000000 0.00000000000 0.00000000000 0.00000000000 0.00000000000 0.00000000000 0.00000000000 0.00000000000 0.00000000000 0.00000000000 0.00000000000 0.00000000000 0.00000000000 0.00000000000 0.00000000000 0.00000000000 0.00000000000 0.00000000000 0.00000000000 0.00000000000 0.00000000000 0.00000000000 0.00000000000 0.00000000000 0.00000000000 0.00000000000 0.00000000000 0.00000000000 0.00000000000 0.00000000000 0.00000000000 0.00000000000 0.00000000000 0.00000000000 0.00000000000 0.00000000000 0.00000000000 0.00000000000 0.00000000000 0.00000000000 0.00000000000 0.00000000000 0.00000000000 0.00000000000 0.00000000000 0.00000000000 0.00000000000 0.00000000000 0.00000000000 0.00000000000 0.00000000000 0.00000000000 0.00000000000 0.00000000000 0.00000000000 0.00000000000 0.00000000000 0.00000000000 0.00000000000 0.00000000000 0.00000000000
# SelPars50:
2.01538451504
# SelPars95:
3.58686269397
# SelPars_dev50:
 0.00000000000 0.00000000000 0.00000000000 0.00000000000 0.00000000000 0.00000000000 0.00000000000 0.00000000000 0.00000000000 0.00000000000 0.00000000000 0.00000000000 0.00000000000 0.00000000000 0.00000000000 0.00000000000 0.00000000000 0.00000000000 0.00000000000 0.00000000000 0.00000000000 0.00000000000 0.00000000000 0.00000000000 0.00000000000 0.00000000000 0.00000000000 0.00000000000 0.00000000000 0.00000000000 0.00000000000 0.00000000000 0.00000000000 0.00000000000 0.00000000000 0.00000000000 0.00000000000 0.00000000000 0.00000000000 0.00000000000 0.00000000000 0.00000000000 0.00000000000 0.00000000000 0.00000000000 0.00000000000 0.00000000000 0.00000000000 0.00000000000 0.00000000000 0.00000000000 0.00000000000 0.00000000000 0.00000000000 0.00000000000 0.00000000000 0.00000000000 0.00000000000 0.00000000000 0.00000000000 0.00000000000 0.00000000000 0.00000000000 0.00000000000 0.00000000000 0.00000000000 0.00000000000
# SelPars_dev95:
 0.00000000000 0.00000000000 0.00000000000 0.00000000000 0.00000000000 0.00000000000 0.00000000000 0.00000000000 0.00000000000 0.00000000000 0.00000000000 0.00000000000 0.00000000000 0.00000000000 0.00000000000 0.00000000000 0.00000000000 0.00000000000 0.00000000000 0.00000000000 0.00000000000 0.00000000000 0.00000000000 0.00000000000 0.00000000000 0.00000000000 0.00000000000 0.00000000000 0.00000000000 0.00000000000 0.00000000000 0.00000000000 0.00000000000 0.00000000000 0.00000000000 0.00000000000 0.00000000000 0.00000000000 0.00000000000 0.00000000000 0.00000000000 0.00000000000 0.00000000000 0.00000000000 0.00000000000 0.00000000000 0.00000000000 0.00000000000 0.00000000000 0.00000000000 0.00000000000 0.00000000000 0.00000000000 0.00000000000 0.00000000000 0.00000000000 0.00000000000 0.00000000000 0.00000000000 0.00000000000 0.00000000000 0.00000000000 0.00000000000 0.00000000000 0.00000000000 0.00000000000 0.00000000000
