# Number of parameters = 135 Objective function value = 62274.3  Maximum gradient component = 0.000238267
# srv_sel50:
1.68210942333
# srv_sel95:
3.02139089999
# stNatLen:
 11.8497546281 11.6670980002 11.3961887685 11.1691024586 10.9893979691 10.8176907184 10.6208580329 10.3879237297 10.1267689653 9.85296846751 9.58111132325 9.32146985026 9.08001317824 8.85959347117 8.66109292420 8.48430884223 8.32851475269 8.19278102973 8.07617357070 7.97783260263 7.89699672315 7.83303415379 7.78540681111 7.75377984302 7.73797484209
# log_avg_fmort_dir:
-1.63002117455
# fmort_dir_dev:
 -2.07721373372 -1.99501202446 -1.33856015294 -1.15555188452 -0.791828882415 -0.541414182244 -0.315476622111 -0.225665294376 -0.0221818033516 0.0197130164172 0.176280856696 0.254947488865 0.312012305239 0.374350003002 0.444728823322 0.486129711378 0.377978358631 0.360071159752 0.414844031892 0.354428730149 0.262239813569 0.246117323092 0.336045210468 0.233301395080 0.192569314262 0.257214956296 0.153632493904 0.172507896459 0.176870146952 0.191633897653 0.125938680080 0.122731148967 0.0770714321883 0.105143992823 0.105738823768 0.0911201815690 0.155644090666 0.111682886283 0.0597377607279 0.141138011081 0.114278944430 0.187734385146 0.142947270696 0.0346980710046 0.117198942048 0.100826826674 0.0813007256709 0.0793240706895 0.131752466463 0.206325835768 0.190185510070 0.182767590241
# mean_log_rec:
11.3663358124
# rec_dev:
 0.522872311523 0.498884048308 0.498837305266 0.493017406030 0.476199777102 0.454692665634 0.428856208831 0.401584668192 0.379319458610 0.369569145681 0.349242512585 0.315798706445 0.285646733474 0.218377762353 0.161503620325 0.116025295639 0.0632644815478 0.0178590636352 -0.0184474925023 -0.0474971152511 -0.0913917775740 -0.114901687175 -0.104361258864 -0.109353670358 -0.110876172218 -0.117222766704 -0.144642774790 -0.163890050998 -0.177371708050 -0.206841049506 -0.240414723189 -0.267753207232 -0.314778366377 -0.355280308898 -0.273445592389 -0.193466742602 -0.199051050372 -0.217569863394 -0.218204719683 -0.219103922800 -0.229781230726 -0.244854593531 -0.230309985745 -0.219377847963 -0.217490006969 -0.205236095980 -0.183372284297 -0.162536741090 -0.132488354578 -0.0949473757980 -0.112645303108 -0.112645330470
# log_avg_NatM:
-1.47890400000
# m_dev:
 0.00000000000 0.00000000000 0.00000000000 0.00000000000 0.00000000000 0.00000000000 0.00000000000 0.00000000000 0.00000000000 0.00000000000 0.00000000000 0.00000000000 0.00000000000 0.00000000000 0.00000000000 0.00000000000 0.00000000000 0.00000000000 0.00000000000 0.00000000000 0.00000000000 0.00000000000 0.00000000000 0.00000000000 0.00000000000 0.00000000000 0.00000000000 0.00000000000 0.00000000000 0.00000000000 0.00000000000 0.00000000000 0.00000000000 0.00000000000 0.00000000000 0.00000000000 0.00000000000 0.00000000000 0.00000000000 0.00000000000 0.00000000000 0.00000000000 0.00000000000 0.00000000000 0.00000000000 0.00000000000 0.00000000000 0.00000000000 0.00000000000 0.00000000000 0.00000000000 0.00000000000
# log_avg_GrowthK:
-1.60943800000
# log_avg_Linf:
4.88280200000
# GrowthK_dev:
 0.00000000000 0.00000000000 0.00000000000 0.00000000000 0.00000000000 0.00000000000 0.00000000000 0.00000000000 0.00000000000 0.00000000000 0.00000000000 0.00000000000 0.00000000000 0.00000000000 0.00000000000 0.00000000000 0.00000000000 0.00000000000 0.00000000000 0.00000000000 0.00000000000 0.00000000000 0.00000000000 0.00000000000 0.00000000000 0.00000000000 0.00000000000 0.00000000000 0.00000000000 0.00000000000 0.00000000000 0.00000000000 0.00000000000 0.00000000000 0.00000000000 0.00000000000 0.00000000000 0.00000000000 0.00000000000 0.00000000000 0.00000000000 0.00000000000 0.00000000000 0.00000000000 0.00000000000 0.00000000000 0.00000000000 0.00000000000 0.00000000000 0.00000000000 0.00000000000 0.00000000000
# Linf_dev:
 0.00000000000 0.00000000000 0.00000000000 0.00000000000 0.00000000000 0.00000000000 0.00000000000 0.00000000000 0.00000000000 0.00000000000 0.00000000000 0.00000000000 0.00000000000 0.00000000000 0.00000000000 0.00000000000 0.00000000000 0.00000000000 0.00000000000 0.00000000000 0.00000000000 0.00000000000 0.00000000000 0.00000000000 0.00000000000 0.00000000000 0.00000000000 0.00000000000 0.00000000000 0.00000000000 0.00000000000 0.00000000000 0.00000000000 0.00000000000 0.00000000000 0.00000000000 0.00000000000 0.00000000000 0.00000000000 0.00000000000 0.00000000000 0.00000000000 0.00000000000 0.00000000000 0.00000000000 0.00000000000 0.00000000000 0.00000000000 0.00000000000 0.00000000000 0.00000000000 0.00000000000
# SelPars50:
2.30870617837
# SelPars95:
4.25034944119
# SelPars_dev50:
 0.00000000000 0.00000000000 0.00000000000 0.00000000000 0.00000000000 0.00000000000 0.00000000000 0.00000000000 0.00000000000 0.00000000000 0.00000000000 0.00000000000 0.00000000000 0.00000000000 0.00000000000 0.00000000000 0.00000000000 0.00000000000 0.00000000000 0.00000000000 0.00000000000 0.00000000000 0.00000000000 0.00000000000 0.00000000000 0.00000000000 0.00000000000 0.00000000000 0.00000000000 0.00000000000 0.00000000000 0.00000000000 0.00000000000 0.00000000000 0.00000000000 0.00000000000 0.00000000000 0.00000000000 0.00000000000 0.00000000000 0.00000000000 0.00000000000 0.00000000000 0.00000000000 0.00000000000 0.00000000000 0.00000000000 0.00000000000 0.00000000000 0.00000000000 0.00000000000 0.00000000000
# SelPars_dev95:
 0.00000000000 0.00000000000 0.00000000000 0.00000000000 0.00000000000 0.00000000000 0.00000000000 0.00000000000 0.00000000000 0.00000000000 0.00000000000 0.00000000000 0.00000000000 0.00000000000 0.00000000000 0.00000000000 0.00000000000 0.00000000000 0.00000000000 0.00000000000 0.00000000000 0.00000000000 0.00000000000 0.00000000000 0.00000000000 0.00000000000 0.00000000000 0.00000000000 0.00000000000 0.00000000000 0.00000000000 0.00000000000 0.00000000000 0.00000000000 0.00000000000 0.00000000000 0.00000000000 0.00000000000 0.00000000000 0.00000000000 0.00000000000 0.00000000000 0.00000000000 0.00000000000 0.00000000000 0.00000000000 0.00000000000 0.00000000000 0.00000000000 0.00000000000 0.00000000000 0.00000000000
