# Number of parameters = 151 Objective function value = 71915.7048751587  Maximum gradient component = 6.41690069931133e-05
# srv_sel50:
1.65094486150
# srv_sel95:
2.92483371007
# stNatLen:
 11.8818233298 11.7050808765 11.4436532368 11.2220091753 11.0414084619 10.8650725167 10.6644595326 10.4319291420 10.1759405390 9.91077079641 9.64928299310 9.40039649543 9.16927876309 8.95834876474 8.76836983783 8.59911311548 8.44988380409 8.31981736628 8.20801788188 8.11366781366 8.03600813454 7.97449465288 7.92874252502 7.89835154772 7.88316187617
# log_avg_fmort_dir:
-1.61952374863
# fmort_dir_dev:
 -2.20637383754 -2.14286715528 -1.48490701458 -1.16004551088 -0.848097852903 -0.564656917415 -0.384794533311 -0.241594993228 -0.179645117538 0.0225715523544 0.146864772924 0.115323004776 0.318562406193 0.400365615872 0.458527428621 0.442654072034 0.399191276426 0.423471505537 0.363979604680 0.286788967209 0.296241142737 0.366168231777 0.246473631695 0.184761663216 0.185264377083 0.245030640741 0.226760501948 0.181764928994 0.175933403240 0.0627031703582 0.207412631420 0.142320688663 0.154440780602 -0.00132880720365 0.167601140924 0.135004192360 0.0984692019618 0.0521683485902 0.238252600692 0.0720669325993 0.0858350535929 0.0852584314141 0.0488966988370 0.0202977389001 0.0362198918293 0.107946845748 0.0646166559120 0.00762580777171 0.168872793451 0.151422563152 0.313577754132 0.210483843896 0.131785198843 -0.0969923638281 0.0356818962386 0.165970469347 0.344571021398 0.314491311152 0.310224007852 -0.109612295987
# mean_log_rec:
11.3508939635
# rec_dev:
 0.571258042882 0.545226067303 0.525483163705 0.507721306576 0.498162882572 0.479400832030 0.460911089551 0.446553764731 0.428903982803 0.405184764521 0.367683739675 0.343141895631 0.281104070427 0.213536638659 0.162769699242 0.105356325659 0.0538577142887 -0.000464224901083 -0.0417543500098 -0.0586893324209 -0.0637283554001 -0.0826230076800 -0.0889959785374 -0.100125023143 -0.116530000481 -0.114779709773 -0.113679070338 -0.122050760398 -0.118672180886 -0.145538509176 -0.199696627203 -0.239074275989 -0.298132575137 -0.336447840137 -0.259491262201 -0.182588325952 -0.195959318064 -0.218641681039 -0.221762451110 -0.223887930275 -0.229878346266 -0.217219220579 -0.203216547814 -0.194383411796 -0.188901948452 -0.165750358972 -0.164963918668 -0.178377583220 -0.169632272499 -0.144299914638 -0.134610293042 -0.155748987650 -0.166790952207 -0.165317442183 -0.139345534558 -0.105036447735 -0.0504722253655 -0.0101807732872 -0.0344085033351 -0.0344085077373
# log_avg_NatM:
-1.47890400000
# m_dev:
 0.00000000000 0.00000000000 0.00000000000 0.00000000000 0.00000000000 0.00000000000 0.00000000000 0.00000000000 0.00000000000 0.00000000000 0.00000000000 0.00000000000 0.00000000000 0.00000000000 0.00000000000 0.00000000000 0.00000000000 0.00000000000 0.00000000000 0.00000000000 0.00000000000 0.00000000000 0.00000000000 0.00000000000 0.00000000000 0.00000000000 0.00000000000 0.00000000000 0.00000000000 0.00000000000 0.00000000000 0.00000000000 0.00000000000 0.00000000000 0.00000000000 0.00000000000 0.00000000000 0.00000000000 0.00000000000 0.00000000000 0.00000000000 0.00000000000 0.00000000000 0.00000000000 0.00000000000 0.00000000000 0.00000000000 0.00000000000 0.00000000000 0.00000000000 0.00000000000 0.00000000000 0.00000000000 0.00000000000 0.00000000000 0.00000000000 0.00000000000 0.00000000000 0.00000000000 0.00000000000
# log_avg_GrowthK:
-1.60943800000
# log_avg_Linf:
4.88280200000
# GrowthK_dev:
 0.00000000000 0.00000000000 0.00000000000 0.00000000000 0.00000000000 0.00000000000 0.00000000000 0.00000000000 0.00000000000 0.00000000000 0.00000000000 0.00000000000 0.00000000000 0.00000000000 0.00000000000 0.00000000000 0.00000000000 0.00000000000 0.00000000000 0.00000000000 0.00000000000 0.00000000000 0.00000000000 0.00000000000 0.00000000000 0.00000000000 0.00000000000 0.00000000000 0.00000000000 0.00000000000 0.00000000000 0.00000000000 0.00000000000 0.00000000000 0.00000000000 0.00000000000 0.00000000000 0.00000000000 0.00000000000 0.00000000000 0.00000000000 0.00000000000 0.00000000000 0.00000000000 0.00000000000 0.00000000000 0.00000000000 0.00000000000 0.00000000000 0.00000000000 0.00000000000 0.00000000000 0.00000000000 0.00000000000 0.00000000000 0.00000000000 0.00000000000 0.00000000000 0.00000000000 0.00000000000
# Linf_dev:
 0.00000000000 0.00000000000 0.00000000000 0.00000000000 0.00000000000 0.00000000000 0.00000000000 0.00000000000 0.00000000000 0.00000000000 0.00000000000 0.00000000000 0.00000000000 0.00000000000 0.00000000000 0.00000000000 0.00000000000 0.00000000000 0.00000000000 0.00000000000 0.00000000000 0.00000000000 0.00000000000 0.00000000000 0.00000000000 0.00000000000 0.00000000000 0.00000000000 0.00000000000 0.00000000000 0.00000000000 0.00000000000 0.00000000000 0.00000000000 0.00000000000 0.00000000000 0.00000000000 0.00000000000 0.00000000000 0.00000000000 0.00000000000 0.00000000000 0.00000000000 0.00000000000 0.00000000000 0.00000000000 0.00000000000 0.00000000000 0.00000000000 0.00000000000 0.00000000000 0.00000000000 0.00000000000 0.00000000000 0.00000000000 0.00000000000 0.00000000000 0.00000000000 0.00000000000 0.00000000000
# SelPars50:
2.26613017770
# SelPars95:
4.15299406013
# SelPars_dev50:
 0.00000000000 0.00000000000 0.00000000000 0.00000000000 0.00000000000 0.00000000000 0.00000000000 0.00000000000 0.00000000000 0.00000000000 0.00000000000 0.00000000000 0.00000000000 0.00000000000 0.00000000000 0.00000000000 0.00000000000 0.00000000000 0.00000000000 0.00000000000 0.00000000000 0.00000000000 0.00000000000 0.00000000000 0.00000000000 0.00000000000 0.00000000000 0.00000000000 0.00000000000 0.00000000000 0.00000000000 0.00000000000 0.00000000000 0.00000000000 0.00000000000 0.00000000000 0.00000000000 0.00000000000 0.00000000000 0.00000000000 0.00000000000 0.00000000000 0.00000000000 0.00000000000 0.00000000000 0.00000000000 0.00000000000 0.00000000000 0.00000000000 0.00000000000 0.00000000000 0.00000000000 0.00000000000 0.00000000000 0.00000000000 0.00000000000 0.00000000000 0.00000000000 0.00000000000 0.00000000000
# SelPars_dev95:
 0.00000000000 0.00000000000 0.00000000000 0.00000000000 0.00000000000 0.00000000000 0.00000000000 0.00000000000 0.00000000000 0.00000000000 0.00000000000 0.00000000000 0.00000000000 0.00000000000 0.00000000000 0.00000000000 0.00000000000 0.00000000000 0.00000000000 0.00000000000 0.00000000000 0.00000000000 0.00000000000 0.00000000000 0.00000000000 0.00000000000 0.00000000000 0.00000000000 0.00000000000 0.00000000000 0.00000000000 0.00000000000 0.00000000000 0.00000000000 0.00000000000 0.00000000000 0.00000000000 0.00000000000 0.00000000000 0.00000000000 0.00000000000 0.00000000000 0.00000000000 0.00000000000 0.00000000000 0.00000000000 0.00000000000 0.00000000000 0.00000000000 0.00000000000 0.00000000000 0.00000000000 0.00000000000 0.00000000000 0.00000000000 0.00000000000 0.00000000000 0.00000000000 0.00000000000 0.00000000000
