# Number of parameters = 224 Objective function value = 76561.5  Maximum gradient component = 0.00194278
# srv_sel50:
1.46655223495
# srv_sel95:
2.41536621805
# stNatLen:
 11.5338041684 11.3713081918 11.1392983996 10.9091815405 10.6838580988 10.4502344471 10.2046227747 9.95345724230 9.70615300437 9.47034489160 9.25068033948 9.04934203753 8.86688476903 8.70295456066 8.55675873225 8.42733140895 8.31371243454 8.21496347107 8.13027094099 8.05895372395 8.00040888061 7.95418033981 7.91985352416 7.89707506241 7.88573029480
# log_avg_fmort_dir:
-1.50826190785
# fmort_dir_dev:
 -0.620730923453 -0.592015259992 -0.481101364288 -0.328042000912 -0.0309436532171 0.102262384768 0.222078878003 0.211386319421 0.268913128756 0.385650923593 0.450696107767 0.277919343170 0.319111833379 0.307695363001 0.394051004453 0.317420614856 0.140495285536 0.286736527123 0.259443141841 0.302532954645 0.235083176417 0.293167580018 0.153430532520 0.180998724100 0.142833980977 0.0332027552784 0.0376720120237 0.103891925703 0.0816309573564 -0.0824178171311 -0.108307934181 -0.0830779697535 -0.0603636007429 0.0350282227641 0.0130788289130 -0.0479787863294 0.0286365155432 -0.0632515731495 -0.109965619856 -0.212604625896 -0.172077537694 -0.169351805798 -0.0890546467688 -0.0635281282819 -0.0757991807540 -0.0409316479061 0.0443472173100 -0.630089763700 -0.259731006193 0.0645317066856 0.0245146171564 0.0484643553302 0.0106425876442 -0.261560169404 0.0173122623597 -0.233561621676 0.0671156796257 -0.144181041723 -0.239370059595 -0.0650790846003 0.0716499072826 0.123110625665 -0.265289693258 -0.526331464732
# mean_log_rec:
11.0725909730
# rec_dev:
 0.459818927192 0.377001774012 0.244306413317 0.130754192824 0.0925579605951 0.0798329107051 0.0866028370065 0.100585660664 0.0779582094009 0.0578961965492 0.0398324187394 -0.00480726156341 -0.0591983162657 -0.111991094994 -0.113717167201 -0.105853709963 -0.143015663515 -0.211282108181 -0.274699908145 -0.294425880767 -0.307445741614 -0.303173344862 -0.283225394943 -0.255179584712 -0.221988220142 -0.208861241224 -0.191666187249 -0.177964875962 -0.150795447701 -0.104665742253 0.0303438933794 0.0876243811653 -0.0159310197544 -0.0902319796966 -0.0934003300338 -0.0649439648737 -0.00980587264897 0.0445538288170 0.125595387772 0.180857704966 0.169463853263 0.106808897442 0.0648918468715 0.0736839441328 0.0726059805225 0.0548296088674 0.0756235691333 0.129345061235 0.177339774249 0.189266437965 0.148340422108 0.0863597954680 0.0325071870221 -0.00677095790863 -0.0258428383405 -0.0509235589266 -0.0453788740650 -0.0155606186731 0.0195037518534 0.0340231564018 0.0415405201429 0.0634448278132 0.0935227170787 0.0935228575012
# log_avg_NatM:
-1.57749139412
# m_dev:
 0.0707064234938 0.164692577325 0.481799942352 0.202245390178 -0.218077209055 -0.390085497696 -0.539981308824 -0.475153068991 -0.372816324180 -0.441636427850 -0.202609827277 -0.0646272579668 0.00194963202320 -0.177748732964 -0.444265278444 -0.219803888550 -0.0489345109341 0.106261202027 -0.0184600363122 -0.146548047333 -0.160022120145 -0.201097439104 -0.325287530313 -0.307720660553 -0.224191745270 -0.165957521551 -0.225301155372 -0.161829828001 -0.206088108581 -0.196535895890 -0.0709280847273 0.260306221592 0.564235498667 0.334134455609 0.159697202254 -0.0185126355576 -0.0162097889031 0.0103549325591 -0.147914374719 0.00347415512235 0.296001158137 0.454584667038 0.348977244442 0.0836912790631 0.221979772332 0.285564159907 0.0409193508734 -0.0140405779498 0.112824067565 0.135706835042 0.389680654101 0.389796476464 0.258384249197 0.323197399870 0.215132251463 0.270856122112 0.109350613047 -0.00204449382970 -0.0326832709145 0.0756622661338 0.231427617776 0.0288373075860 -0.209042639882 -0.186275837711
# log_avg_GrowthK:
-1.60943800000
# log_avg_Linf:
4.88280200000
# GrowthK_dev:
 0.00000000000 0.00000000000 0.00000000000 0.00000000000 0.00000000000 0.00000000000 0.00000000000 0.00000000000 0.00000000000 0.00000000000 0.00000000000 0.00000000000 0.00000000000 0.00000000000 0.00000000000 0.00000000000 0.00000000000 0.00000000000 0.00000000000 0.00000000000 0.00000000000 0.00000000000 0.00000000000 0.00000000000 0.00000000000 0.00000000000 0.00000000000 0.00000000000 0.00000000000 0.00000000000 0.00000000000 0.00000000000 0.00000000000 0.00000000000 0.00000000000 0.00000000000 0.00000000000 0.00000000000 0.00000000000 0.00000000000 0.00000000000 0.00000000000 0.00000000000 0.00000000000 0.00000000000 0.00000000000 0.00000000000 0.00000000000 0.00000000000 0.00000000000 0.00000000000 0.00000000000 0.00000000000 0.00000000000 0.00000000000 0.00000000000 0.00000000000 0.00000000000 0.00000000000 0.00000000000 0.00000000000 0.00000000000 0.00000000000 0.00000000000
# Linf_dev:
 0.00000000000 0.00000000000 0.00000000000 0.00000000000 0.00000000000 0.00000000000 0.00000000000 0.00000000000 0.00000000000 0.00000000000 0.00000000000 0.00000000000 0.00000000000 0.00000000000 0.00000000000 0.00000000000 0.00000000000 0.00000000000 0.00000000000 0.00000000000 0.00000000000 0.00000000000 0.00000000000 0.00000000000 0.00000000000 0.00000000000 0.00000000000 0.00000000000 0.00000000000 0.00000000000 0.00000000000 0.00000000000 0.00000000000 0.00000000000 0.00000000000 0.00000000000 0.00000000000 0.00000000000 0.00000000000 0.00000000000 0.00000000000 0.00000000000 0.00000000000 0.00000000000 0.00000000000 0.00000000000 0.00000000000 0.00000000000 0.00000000000 0.00000000000 0.00000000000 0.00000000000 0.00000000000 0.00000000000 0.00000000000 0.00000000000 0.00000000000 0.00000000000 0.00000000000 0.00000000000 0.00000000000 0.00000000000 0.00000000000 0.00000000000
# SelPars50:
2.02304500679
# SelPars95:
3.60912435044
# SelPars_dev50:
 0.00000000000 0.00000000000 0.00000000000 0.00000000000 0.00000000000 0.00000000000 0.00000000000 0.00000000000 0.00000000000 0.00000000000 0.00000000000 0.00000000000 0.00000000000 0.00000000000 0.00000000000 0.00000000000 0.00000000000 0.00000000000 0.00000000000 0.00000000000 0.00000000000 0.00000000000 0.00000000000 0.00000000000 0.00000000000 0.00000000000 0.00000000000 0.00000000000 0.00000000000 0.00000000000 0.00000000000 0.00000000000 0.00000000000 0.00000000000 0.00000000000 0.00000000000 0.00000000000 0.00000000000 0.00000000000 0.00000000000 0.00000000000 0.00000000000 0.00000000000 0.00000000000 0.00000000000 0.00000000000 0.00000000000 0.00000000000 0.00000000000 0.00000000000 0.00000000000 0.00000000000 0.00000000000 0.00000000000 0.00000000000 0.00000000000 0.00000000000 0.00000000000 0.00000000000 0.00000000000 0.00000000000 0.00000000000 0.00000000000 0.00000000000
# SelPars_dev95:
 0.00000000000 0.00000000000 0.00000000000 0.00000000000 0.00000000000 0.00000000000 0.00000000000 0.00000000000 0.00000000000 0.00000000000 0.00000000000 0.00000000000 0.00000000000 0.00000000000 0.00000000000 0.00000000000 0.00000000000 0.00000000000 0.00000000000 0.00000000000 0.00000000000 0.00000000000 0.00000000000 0.00000000000 0.00000000000 0.00000000000 0.00000000000 0.00000000000 0.00000000000 0.00000000000 0.00000000000 0.00000000000 0.00000000000 0.00000000000 0.00000000000 0.00000000000 0.00000000000 0.00000000000 0.00000000000 0.00000000000 0.00000000000 0.00000000000 0.00000000000 0.00000000000 0.00000000000 0.00000000000 0.00000000000 0.00000000000 0.00000000000 0.00000000000 0.00000000000 0.00000000000 0.00000000000 0.00000000000 0.00000000000 0.00000000000 0.00000000000 0.00000000000 0.00000000000 0.00000000000 0.00000000000 0.00000000000 0.00000000000 0.00000000000
