# Number of parameters = 143 Objective function value = 67087.4308379183  Maximum gradient component = 0.000192775803367851
# srv_sel50:
1.68020993149
# srv_sel95:
3.01399308100
# stNatLen:
 11.8900338769 11.7069526357 11.4412734324 11.2189166405 11.0416768389 10.8710424713 10.6741683759 10.4399563349 10.1764191571 9.89953034849 9.62431018744 9.36132730645 9.11672365860 8.89343779037 8.69237827331 8.51333651154 8.35557646812 8.21814038886 8.10005268806 8.00039464156 7.91840902332 7.85345902056 7.80509785595 7.77298397922 7.75695224339
# log_avg_fmort_dir:
-1.63478938506
# fmort_dir_dev:
 -2.04232850322 -1.96549588506 -1.44599091230 -1.10676577425 -0.896154197361 -0.559071879234 -0.379695527543 -0.305003595487 -0.130460909363 -0.0260562451553 0.132227840419 0.154630569018 0.300760691044 0.366288928189 0.455451523102 0.392135375989 0.414132781843 0.438081872448 0.295045390197 0.310688800674 0.368949787361 0.258901327032 0.277088933179 0.216386445320 0.270234955423 0.207499277221 0.175156810346 0.252513331120 0.156523034785 0.195144848747 0.139064750673 0.239023175736 0.0707078719897 0.153599188354 0.100686088957 0.177487861603 0.215936196336 0.129070558132 0.142851121827 0.0230470066571 0.112261967403 0.157970146686 0.0662227173963 0.130744476537 0.113987570472 0.143312061366 0.0920997116998 0.170422783716 0.00769145371960 0.0992670284476 0.0477853513700 0.144904560962 0.0243562023287 0.123032819441 0.228353991667 0.165294242036
# mean_log_rec:
11.3738407367
# rec_dev:
 0.560192517378 0.532105442219 0.521608920422 0.514739140829 0.494643417868 0.474775720769 0.456012880241 0.428730056450 0.393928027939 0.360106294465 0.324985594899 0.265009447838 0.211148352217 0.168954715387 0.136891984777 0.115774856776 0.0624206458930 0.0133898734624 -0.0272715230089 -0.0741523061693 -0.100325968716 -0.0994025229923 -0.109533838622 -0.106472025064 -0.124673993248 -0.156377711579 -0.168336156560 -0.185493861141 -0.220267151597 -0.250412338350 -0.294864214598 -0.337880893810 -0.377183535789 -0.405858012546 -0.332431780408 -0.245416909928 -0.243869410698 -0.264260183102 -0.253349931265 -0.240610959080 -0.224809651897 -0.194019014956 -0.201103645109 -0.198239450977 -0.179798490584 -0.172213653053 -0.154396504953 -0.140214763409 -0.126663159024 -0.0972894856325 -0.0585325069327 -0.0273008937498 0.0305899300993 0.106598369934 0.110210121385 0.110210137302
# log_avg_NatM:
-1.47890400000
# m_dev:
 0.00000000000 0.00000000000 0.00000000000 0.00000000000 0.00000000000 0.00000000000 0.00000000000 0.00000000000 0.00000000000 0.00000000000 0.00000000000 0.00000000000 0.00000000000 0.00000000000 0.00000000000 0.00000000000 0.00000000000 0.00000000000 0.00000000000 0.00000000000 0.00000000000 0.00000000000 0.00000000000 0.00000000000 0.00000000000 0.00000000000 0.00000000000 0.00000000000 0.00000000000 0.00000000000 0.00000000000 0.00000000000 0.00000000000 0.00000000000 0.00000000000 0.00000000000 0.00000000000 0.00000000000 0.00000000000 0.00000000000 0.00000000000 0.00000000000 0.00000000000 0.00000000000 0.00000000000 0.00000000000 0.00000000000 0.00000000000 0.00000000000 0.00000000000 0.00000000000 0.00000000000 0.00000000000 0.00000000000 0.00000000000 0.00000000000
# log_avg_GrowthK:
-1.60943800000
# log_avg_Linf:
4.88280200000
# GrowthK_dev:
 0.00000000000 0.00000000000 0.00000000000 0.00000000000 0.00000000000 0.00000000000 0.00000000000 0.00000000000 0.00000000000 0.00000000000 0.00000000000 0.00000000000 0.00000000000 0.00000000000 0.00000000000 0.00000000000 0.00000000000 0.00000000000 0.00000000000 0.00000000000 0.00000000000 0.00000000000 0.00000000000 0.00000000000 0.00000000000 0.00000000000 0.00000000000 0.00000000000 0.00000000000 0.00000000000 0.00000000000 0.00000000000 0.00000000000 0.00000000000 0.00000000000 0.00000000000 0.00000000000 0.00000000000 0.00000000000 0.00000000000 0.00000000000 0.00000000000 0.00000000000 0.00000000000 0.00000000000 0.00000000000 0.00000000000 0.00000000000 0.00000000000 0.00000000000 0.00000000000 0.00000000000 0.00000000000 0.00000000000 0.00000000000 0.00000000000
# Linf_dev:
 0.00000000000 0.00000000000 0.00000000000 0.00000000000 0.00000000000 0.00000000000 0.00000000000 0.00000000000 0.00000000000 0.00000000000 0.00000000000 0.00000000000 0.00000000000 0.00000000000 0.00000000000 0.00000000000 0.00000000000 0.00000000000 0.00000000000 0.00000000000 0.00000000000 0.00000000000 0.00000000000 0.00000000000 0.00000000000 0.00000000000 0.00000000000 0.00000000000 0.00000000000 0.00000000000 0.00000000000 0.00000000000 0.00000000000 0.00000000000 0.00000000000 0.00000000000 0.00000000000 0.00000000000 0.00000000000 0.00000000000 0.00000000000 0.00000000000 0.00000000000 0.00000000000 0.00000000000 0.00000000000 0.00000000000 0.00000000000 0.00000000000 0.00000000000 0.00000000000 0.00000000000 0.00000000000 0.00000000000 0.00000000000 0.00000000000
# SelPars50:
2.25673391502
# SelPars95:
4.10536713502
# SelPars_dev50:
 0.00000000000 0.00000000000 0.00000000000 0.00000000000 0.00000000000 0.00000000000 0.00000000000 0.00000000000 0.00000000000 0.00000000000 0.00000000000 0.00000000000 0.00000000000 0.00000000000 0.00000000000 0.00000000000 0.00000000000 0.00000000000 0.00000000000 0.00000000000 0.00000000000 0.00000000000 0.00000000000 0.00000000000 0.00000000000 0.00000000000 0.00000000000 0.00000000000 0.00000000000 0.00000000000 0.00000000000 0.00000000000 0.00000000000 0.00000000000 0.00000000000 0.00000000000 0.00000000000 0.00000000000 0.00000000000 0.00000000000 0.00000000000 0.00000000000 0.00000000000 0.00000000000 0.00000000000 0.00000000000 0.00000000000 0.00000000000 0.00000000000 0.00000000000 0.00000000000 0.00000000000 0.00000000000 0.00000000000 0.00000000000 0.00000000000
# SelPars_dev95:
 0.00000000000 0.00000000000 0.00000000000 0.00000000000 0.00000000000 0.00000000000 0.00000000000 0.00000000000 0.00000000000 0.00000000000 0.00000000000 0.00000000000 0.00000000000 0.00000000000 0.00000000000 0.00000000000 0.00000000000 0.00000000000 0.00000000000 0.00000000000 0.00000000000 0.00000000000 0.00000000000 0.00000000000 0.00000000000 0.00000000000 0.00000000000 0.00000000000 0.00000000000 0.00000000000 0.00000000000 0.00000000000 0.00000000000 0.00000000000 0.00000000000 0.00000000000 0.00000000000 0.00000000000 0.00000000000 0.00000000000 0.00000000000 0.00000000000 0.00000000000 0.00000000000 0.00000000000 0.00000000000 0.00000000000 0.00000000000 0.00000000000 0.00000000000 0.00000000000 0.00000000000 0.00000000000 0.00000000000 0.00000000000 0.00000000000
