# Number of parameters = 230 Objective function value = 79134.5  Maximum gradient component = 0.000978041
# srv_sel50:
1.46884731623
# srv_sel95:
2.41798184972
# stNatLen:
 11.6205663470 11.4765493292 11.2733850681 11.0814213241 10.8948562106 10.6924556182 10.4675236029 10.2276384223 9.98493652825 9.74960525954 9.52813528002 9.32386934150 9.13805562807 8.97073058584 8.82129977326 8.68893185005 8.57269686215 8.47165186812 8.38492903575 8.31186876876 8.25189879115 8.20454866082 8.16937925001 8.14603209184 8.13441345935
# log_avg_fmort_dir:
-1.62316125281
# fmort_dir_dev:
 -1.99740612893 -1.99443909225 -1.42119857609 -0.922641062324 -0.489749278884 -0.477705413791 -0.215249069000 -0.135338093568 0.0468758186601 0.324495835453 0.289468772040 0.261119558534 0.320495071788 0.394769918471 0.450140711766 0.429106402654 0.489869589116 0.381902402133 0.410673811984 0.457492202732 0.468246088109 0.507430773277 0.484622769458 0.471917937525 0.416714912048 0.257813512294 0.286200639508 0.230872189344 0.240603855025 0.160354821968 0.0241381528908 0.133868025765 0.129894288642 0.0751318153115 0.106421095729 0.0291360781627 -0.0305061826652 0.158973406411 0.00810113918529 0.00692132086763 -0.0159577933519 0.0118336592101 -0.0538326439787 -0.0764155069104 -0.0501405956313 -0.0251024623511 0.0348523921883 0.0401973729690 -0.0367681839676 -0.0605900132453 0.259355877576 -0.00803422396958 0.0233766078745 0.202677106236 0.273383797938 0.0790613023661 -0.625628789650 -0.132727045834 -0.0610348681104 0.279251123987 0.424509994582 0.0625288016432 -0.603981568951 -0.779775469668 -0.108603432096 0.178024541794
# mean_log_rec:
11.1195317200
# rec_dev:
 0.528745197244 0.449247797983 0.316936127737 0.208589492029 0.180338987544 0.185432040964 0.172706377564 0.100201676358 0.0233026721270 0.0196616011153 0.0602669885204 0.0975634218841 0.124967719161 0.133475802086 0.117122612397 0.0539224549551 -0.0360823326965 -0.106315096397 -0.170506255973 -0.258471468341 -0.334716009654 -0.361601275596 -0.355348684847 -0.335460359055 -0.292361038026 -0.251942319618 -0.231287119446 -0.209934104478 -0.192437711054 -0.182056314274 -0.196827379465 -0.213638552603 -0.246340056524 -0.228537437238 -0.0630535583576 0.0715939958902 0.0370301539852 -0.0128032943074 0.0166232816494 0.0660147659271 0.0804413711224 0.0718180636677 0.0722167228141 0.0904046269666 0.109170010816 0.0574251488785 0.0395398292554 0.0740012821734 0.0804942245105 0.0331049632366 -0.0157724698265 -0.0390843752811 -0.0646378144716 -0.109935939242 -0.133017124020 -0.0853197374745 0.0249801070109 0.149189233749 0.192300139771 0.125113312451 0.0149188929391 -0.0362983088870 0.0234793167551 0.145318613228 0.208063540294 0.208063570392
# log_avg_NatM:
-1.58229165048
# m_dev:
 0.136997612324 0.200287859923 0.537311281228 0.333084713670 -0.0841529340315 -0.228653367511 -0.182035660196 0.175354804361 -0.0358775164764 -0.466503282299 -0.657641720437 -0.558054346452 -0.507448019286 -0.412726706732 -0.252824399722 -0.000919868377262 0.162095792220 -0.0129965989137 -0.0124986359985 0.145914778824 -0.0463064960177 -0.336899136347 -0.430613054082 -0.427480805133 -0.487971976845 -0.337779728447 -0.227050993594 -0.214488230390 -0.155549971961 -0.0691760478516 0.0747293818042 0.0716655509753 0.129363491213 -0.0945435336490 -0.277492665609 -0.0653831104209 0.412012813642 0.311250996239 0.0252096708836 0.0391085622220 0.188060201140 0.323757926608 0.247013266511 0.199004563295 0.0977546847468 0.498885213384 0.202324355452 0.0684443685124 0.235152349399 0.408610830064 0.246750113709 0.201886197349 0.210684030753 0.352679424291 0.221166713438 -0.159493718635 -0.317180088384 -0.270129546338 0.0892933631686 0.447048928624 0.502898938650 0.274527626072 -0.103356873300 -0.178805345567 -0.0654918510086 -0.0928041746840
# log_avg_GrowthK:
-1.60943800000
# log_avg_Linf:
4.88280200000
# GrowthK_dev:
 0.00000000000 0.00000000000 0.00000000000 0.00000000000 0.00000000000 0.00000000000 0.00000000000 0.00000000000 0.00000000000 0.00000000000 0.00000000000 0.00000000000 0.00000000000 0.00000000000 0.00000000000 0.00000000000 0.00000000000 0.00000000000 0.00000000000 0.00000000000 0.00000000000 0.00000000000 0.00000000000 0.00000000000 0.00000000000 0.00000000000 0.00000000000 0.00000000000 0.00000000000 0.00000000000 0.00000000000 0.00000000000 0.00000000000 0.00000000000 0.00000000000 0.00000000000 0.00000000000 0.00000000000 0.00000000000 0.00000000000 0.00000000000 0.00000000000 0.00000000000 0.00000000000 0.00000000000 0.00000000000 0.00000000000 0.00000000000 0.00000000000 0.00000000000 0.00000000000 0.00000000000 0.00000000000 0.00000000000 0.00000000000 0.00000000000 0.00000000000 0.00000000000 0.00000000000 0.00000000000 0.00000000000 0.00000000000 0.00000000000 0.00000000000 0.00000000000 0.00000000000
# Linf_dev:
 0.00000000000 0.00000000000 0.00000000000 0.00000000000 0.00000000000 0.00000000000 0.00000000000 0.00000000000 0.00000000000 0.00000000000 0.00000000000 0.00000000000 0.00000000000 0.00000000000 0.00000000000 0.00000000000 0.00000000000 0.00000000000 0.00000000000 0.00000000000 0.00000000000 0.00000000000 0.00000000000 0.00000000000 0.00000000000 0.00000000000 0.00000000000 0.00000000000 0.00000000000 0.00000000000 0.00000000000 0.00000000000 0.00000000000 0.00000000000 0.00000000000 0.00000000000 0.00000000000 0.00000000000 0.00000000000 0.00000000000 0.00000000000 0.00000000000 0.00000000000 0.00000000000 0.00000000000 0.00000000000 0.00000000000 0.00000000000 0.00000000000 0.00000000000 0.00000000000 0.00000000000 0.00000000000 0.00000000000 0.00000000000 0.00000000000 0.00000000000 0.00000000000 0.00000000000 0.00000000000 0.00000000000 0.00000000000 0.00000000000 0.00000000000 0.00000000000 0.00000000000
# SelPars50:
2.03604979775
# SelPars95:
3.64192979688
# SelPars_dev50:
 0.00000000000 0.00000000000 0.00000000000 0.00000000000 0.00000000000 0.00000000000 0.00000000000 0.00000000000 0.00000000000 0.00000000000 0.00000000000 0.00000000000 0.00000000000 0.00000000000 0.00000000000 0.00000000000 0.00000000000 0.00000000000 0.00000000000 0.00000000000 0.00000000000 0.00000000000 0.00000000000 0.00000000000 0.00000000000 0.00000000000 0.00000000000 0.00000000000 0.00000000000 0.00000000000 0.00000000000 0.00000000000 0.00000000000 0.00000000000 0.00000000000 0.00000000000 0.00000000000 0.00000000000 0.00000000000 0.00000000000 0.00000000000 0.00000000000 0.00000000000 0.00000000000 0.00000000000 0.00000000000 0.00000000000 0.00000000000 0.00000000000 0.00000000000 0.00000000000 0.00000000000 0.00000000000 0.00000000000 0.00000000000 0.00000000000 0.00000000000 0.00000000000 0.00000000000 0.00000000000 0.00000000000 0.00000000000 0.00000000000 0.00000000000 0.00000000000 0.00000000000
# SelPars_dev95:
 0.00000000000 0.00000000000 0.00000000000 0.00000000000 0.00000000000 0.00000000000 0.00000000000 0.00000000000 0.00000000000 0.00000000000 0.00000000000 0.00000000000 0.00000000000 0.00000000000 0.00000000000 0.00000000000 0.00000000000 0.00000000000 0.00000000000 0.00000000000 0.00000000000 0.00000000000 0.00000000000 0.00000000000 0.00000000000 0.00000000000 0.00000000000 0.00000000000 0.00000000000 0.00000000000 0.00000000000 0.00000000000 0.00000000000 0.00000000000 0.00000000000 0.00000000000 0.00000000000 0.00000000000 0.00000000000 0.00000000000 0.00000000000 0.00000000000 0.00000000000 0.00000000000 0.00000000000 0.00000000000 0.00000000000 0.00000000000 0.00000000000 0.00000000000 0.00000000000 0.00000000000 0.00000000000 0.00000000000 0.00000000000 0.00000000000 0.00000000000 0.00000000000 0.00000000000 0.00000000000 0.00000000000 0.00000000000 0.00000000000 0.00000000000 0.00000000000 0.00000000000
