# Number of parameters = 129 Objective function value = 58579.9  Maximum gradient component = 0.000186135
# srv_sel50:
1.50133003478
# srv_sel95:
2.50568592077
# stNatLen:
 11.4573615355 11.2931055228 11.0533888689 10.8203963972 10.5952217489 10.3620905485 10.1166886604 9.86579143226 9.61914728932 9.38447600959 9.16634222444 8.96678956766 8.78625048379 8.62427863451 8.48001137306 8.35245600399 8.24060727627 8.14351675409 8.06032882468 7.99031738181 7.93294617052 7.88775305173 7.85432323994 7.83223896808 7.82122222350
# log_avg_fmort_dir:
-1.52063785945
# fmort_dir_dev:
 -0.639336978183 -0.577177305121 -0.522433195782 -0.214717305507 -0.206467419347 -0.0566278754886 0.00442837036691 0.0297773359757 0.210578716482 0.365771944556 0.342752012358 0.430095715978 0.406564202109 0.163048222427 0.286202514069 0.313019210143 0.226016565325 0.250876109082 0.245012026649 0.246926764764 0.171728600894 0.108253112866 0.138033812578 0.0733381019923 0.111679395738 0.155142137105 0.00743114203673 -0.0339078400034 -0.000802647463960 0.0792830015853 -0.107207184812 -0.140354415287 -0.0336988921663 -0.0820996596569 -0.0604359287106 -0.0418435202772 -0.0289019576723 -0.0770681369218 -0.101138383543 -0.0174413966504 -0.129121323140 -0.140243454426 -0.0237218828681 -0.0747513695736 0.0618991242662 -0.0604564837076 -0.269388418298 -0.201379354910 -0.587135809833
# mean_log_rec:
11.0798009855
# rec_dev:
 0.418743337678 0.397614942195 0.385928243461 0.363600760010 0.337480565952 0.324208964802 0.313226977759 0.283605361433 0.235152053704 0.178528174843 0.121820510838 0.0736624037980 0.0647988948426 0.0462597346550 0.0206772164693 -0.00296845643234 -0.0311506026031 -0.0624100475720 -0.0875363568192 -0.106038213212 -0.123401558203 -0.138072124417 -0.149038031217 -0.149423094949 -0.156206882738 -0.148977430342 -0.137358935788 -0.136073573739 -0.122171542609 -0.117358063228 -0.112170330003 -0.0894552179765 -0.0727649414955 -0.0678061094294 -0.0519019469021 -0.0438754603251 -0.0562644667486 -0.0668690202449 -0.0856128327071 -0.105801670426 -0.110936242788 -0.114270334964 -0.119297434190 -0.130000207657 -0.135624947909 -0.124726930910 -0.131794231649 -0.138975454709 -0.138975447537
# log_avg_NatM:
-1.60943800000
# m_dev:
 0.00000000000 0.00000000000 0.00000000000 0.00000000000 0.00000000000 0.00000000000 0.00000000000 0.00000000000 0.00000000000 0.00000000000 0.00000000000 0.00000000000 0.00000000000 0.00000000000 0.00000000000 0.00000000000 0.00000000000 0.00000000000 0.00000000000 0.00000000000 0.00000000000 0.00000000000 0.00000000000 0.00000000000 0.00000000000 0.00000000000 0.00000000000 0.00000000000 0.00000000000 0.00000000000 0.00000000000 0.00000000000 0.00000000000 0.00000000000 0.00000000000 0.00000000000 0.00000000000 0.00000000000 0.00000000000 0.00000000000 0.00000000000 0.00000000000 0.00000000000 0.00000000000 0.00000000000 0.00000000000 0.00000000000 0.00000000000 0.00000000000
# log_avg_GrowthK:
-1.60943800000
# log_avg_Linf:
4.88280200000
# GrowthK_dev:
 0.00000000000 0.00000000000 0.00000000000 0.00000000000 0.00000000000 0.00000000000 0.00000000000 0.00000000000 0.00000000000 0.00000000000 0.00000000000 0.00000000000 0.00000000000 0.00000000000 0.00000000000 0.00000000000 0.00000000000 0.00000000000 0.00000000000 0.00000000000 0.00000000000 0.00000000000 0.00000000000 0.00000000000 0.00000000000 0.00000000000 0.00000000000 0.00000000000 0.00000000000 0.00000000000 0.00000000000 0.00000000000 0.00000000000 0.00000000000 0.00000000000 0.00000000000 0.00000000000 0.00000000000 0.00000000000 0.00000000000 0.00000000000 0.00000000000 0.00000000000 0.00000000000 0.00000000000 0.00000000000 0.00000000000 0.00000000000 0.00000000000
# Linf_dev:
 0.00000000000 0.00000000000 0.00000000000 0.00000000000 0.00000000000 0.00000000000 0.00000000000 0.00000000000 0.00000000000 0.00000000000 0.00000000000 0.00000000000 0.00000000000 0.00000000000 0.00000000000 0.00000000000 0.00000000000 0.00000000000 0.00000000000 0.00000000000 0.00000000000 0.00000000000 0.00000000000 0.00000000000 0.00000000000 0.00000000000 0.00000000000 0.00000000000 0.00000000000 0.00000000000 0.00000000000 0.00000000000 0.00000000000 0.00000000000 0.00000000000 0.00000000000 0.00000000000 0.00000000000 0.00000000000 0.00000000000 0.00000000000 0.00000000000 0.00000000000 0.00000000000 0.00000000000 0.00000000000 0.00000000000 0.00000000000 0.00000000000
# SelPars50:
2.06802817957
# SelPars95:
3.71201218272
# SelPars_dev50:
 0.00000000000 0.00000000000 0.00000000000 0.00000000000 0.00000000000 0.00000000000 0.00000000000 0.00000000000 0.00000000000 0.00000000000 0.00000000000 0.00000000000 0.00000000000 0.00000000000 0.00000000000 0.00000000000 0.00000000000 0.00000000000 0.00000000000 0.00000000000 0.00000000000 0.00000000000 0.00000000000 0.00000000000 0.00000000000 0.00000000000 0.00000000000 0.00000000000 0.00000000000 0.00000000000 0.00000000000 0.00000000000 0.00000000000 0.00000000000 0.00000000000 0.00000000000 0.00000000000 0.00000000000 0.00000000000 0.00000000000 0.00000000000 0.00000000000 0.00000000000 0.00000000000 0.00000000000 0.00000000000 0.00000000000 0.00000000000 0.00000000000
# SelPars_dev95:
 0.00000000000 0.00000000000 0.00000000000 0.00000000000 0.00000000000 0.00000000000 0.00000000000 0.00000000000 0.00000000000 0.00000000000 0.00000000000 0.00000000000 0.00000000000 0.00000000000 0.00000000000 0.00000000000 0.00000000000 0.00000000000 0.00000000000 0.00000000000 0.00000000000 0.00000000000 0.00000000000 0.00000000000 0.00000000000 0.00000000000 0.00000000000 0.00000000000 0.00000000000 0.00000000000 0.00000000000 0.00000000000 0.00000000000 0.00000000000 0.00000000000 0.00000000000 0.00000000000 0.00000000000 0.00000000000 0.00000000000 0.00000000000 0.00000000000 0.00000000000 0.00000000000 0.00000000000 0.00000000000 0.00000000000 0.00000000000 0.00000000000
