# Number of parameters = 182 Objective function value = 59767.3598049953  Maximum gradient component = 0.000737613437197222
# srv_sel50:
1.46696478011
# srv_sel95:
2.41895146651
# stNatLen:
 11.3116871896 11.1816259132 10.9824734756 10.7910977961 10.6062346809 10.4074373273 10.1862007304 9.94820307798 9.70485443727 9.46659793374 9.24058254114 9.03082032037 8.83910248489 8.66583706531 8.51068318980 8.37291801729 8.25169161261 8.14619475750 8.05561996271 7.97925322486 7.91645195032 7.86673888474 7.82970721405 7.80501711204 7.79263001250
# log_avg_fmort_dir:
-1.61574207758
# fmort_dir_dev:
 -1.94308818630 -1.87408338475 -1.33200312708 -0.903053419138 -0.575305402040 -0.385314288726 -0.246172787045 -0.0261317187914 -0.0807723289714 0.0866405878602 0.166414279426 0.312562603027 0.285880650797 0.412053815568 0.524932406703 0.616893401617 0.516802319900 0.484242097663 0.448978427003 0.365416164660 0.485514774883 0.353194136986 0.336030821268 0.347644239670 0.281901074078 0.317696654500 0.219691081498 0.216428962405 0.193664862224 0.170546344166 0.0732323038678 -0.0232495988836 -0.0540709445237 0.107413971214 0.101759713233 0.0191751939219 0.0394177309715 0.165625536526 -0.0240851992733 0.0226852070569 -0.0832891272662 0.0222202445085 0.0606025645055 -0.0110829691818 -0.0429419008111 0.0169897233950 0.0116619897958 0.0803464127648 -0.0509843604208 -0.208631554456
# mean_log_rec:
11.1173684689
# rec_dev:
 0.370705513996 0.369399330978 0.341163474643 0.275878522707 0.225486045907 0.189101672625 0.178779734324 0.198931553747 0.225332984239 0.209748541078 0.156567930410 0.113131473976 0.0694223962038 0.0162844589024 -0.0534730526955 -0.105845313866 -0.138691926398 -0.147097484952 -0.147317371039 -0.201093258337 -0.244408839161 -0.242058095268 -0.234057080423 -0.232391181996 -0.252064517783 -0.249430874666 -0.231106336593 -0.223334135952 -0.221884676267 -0.182611302144 -0.132462646320 -0.109150158033 -0.123945901704 -0.160502773402 -0.0638973476509 0.0181399384046 0.0327206525313 0.0259498264953 0.0689779937537 0.101674131977 0.0355140001968 -0.000714921176274 0.0337749195744 0.0718917362490 0.0547186875608 0.00266721389895 0.0103794688435 0.0708819096893 0.115157552502 0.115157530416
# log_avg_NatM:
-1.64635574165
# m_dev:
 -0.554405480020 -0.266132246395 0.231898777004 0.257728018781 0.117124052651 0.0869275994917 -0.149567175169 -0.313168086848 -0.386886678951 -0.120415913465 0.0486280625708 -0.0201536086226 -0.0408882345417 -0.140926035980 -0.0890286355567 -0.114810812960 -0.207642308256 -0.439021449470 -0.323532477423 0.134219612324 0.00255458392439 -0.182663022264 -0.248020815025 -0.0901061454550 0.0244138217835 -0.104491553942 -0.108959696543 -0.0424907732590 -0.0215411325827 -0.156904620295 -0.0911602880224 -0.0436358995863 0.0843066240561 0.263876707133 0.165378408310 0.265323443095 0.130327546721 0.289651107066 -0.0111292707838 0.155267989912 0.608571029156 0.361169460744 0.0887840769942 0.130758406746 0.348453859881 0.496504641162 0.200936322376 0.0539857346664 -0.146488511290 -0.132619013843
# log_avg_GrowthK:
-1.60943800000
# log_avg_Linf:
4.88280200000
# GrowthK_dev:
 0.00000000000 0.00000000000 0.00000000000 0.00000000000 0.00000000000 0.00000000000 0.00000000000 0.00000000000 0.00000000000 0.00000000000 0.00000000000 0.00000000000 0.00000000000 0.00000000000 0.00000000000 0.00000000000 0.00000000000 0.00000000000 0.00000000000 0.00000000000 0.00000000000 0.00000000000 0.00000000000 0.00000000000 0.00000000000 0.00000000000 0.00000000000 0.00000000000 0.00000000000 0.00000000000 0.00000000000 0.00000000000 0.00000000000 0.00000000000 0.00000000000 0.00000000000 0.00000000000 0.00000000000 0.00000000000 0.00000000000 0.00000000000 0.00000000000 0.00000000000 0.00000000000 0.00000000000 0.00000000000 0.00000000000 0.00000000000 0.00000000000 0.00000000000
# Linf_dev:
 0.00000000000 0.00000000000 0.00000000000 0.00000000000 0.00000000000 0.00000000000 0.00000000000 0.00000000000 0.00000000000 0.00000000000 0.00000000000 0.00000000000 0.00000000000 0.00000000000 0.00000000000 0.00000000000 0.00000000000 0.00000000000 0.00000000000 0.00000000000 0.00000000000 0.00000000000 0.00000000000 0.00000000000 0.00000000000 0.00000000000 0.00000000000 0.00000000000 0.00000000000 0.00000000000 0.00000000000 0.00000000000 0.00000000000 0.00000000000 0.00000000000 0.00000000000 0.00000000000 0.00000000000 0.00000000000 0.00000000000 0.00000000000 0.00000000000 0.00000000000 0.00000000000 0.00000000000 0.00000000000 0.00000000000 0.00000000000 0.00000000000 0.00000000000
# SelPars50:
2.01481145181
# SelPars95:
3.57506095976
# SelPars_dev50:
 0.00000000000 0.00000000000 0.00000000000 0.00000000000 0.00000000000 0.00000000000 0.00000000000 0.00000000000 0.00000000000 0.00000000000 0.00000000000 0.00000000000 0.00000000000 0.00000000000 0.00000000000 0.00000000000 0.00000000000 0.00000000000 0.00000000000 0.00000000000 0.00000000000 0.00000000000 0.00000000000 0.00000000000 0.00000000000 0.00000000000 0.00000000000 0.00000000000 0.00000000000 0.00000000000 0.00000000000 0.00000000000 0.00000000000 0.00000000000 0.00000000000 0.00000000000 0.00000000000 0.00000000000 0.00000000000 0.00000000000 0.00000000000 0.00000000000 0.00000000000 0.00000000000 0.00000000000 0.00000000000 0.00000000000 0.00000000000 0.00000000000 0.00000000000
# SelPars_dev95:
 0.00000000000 0.00000000000 0.00000000000 0.00000000000 0.00000000000 0.00000000000 0.00000000000 0.00000000000 0.00000000000 0.00000000000 0.00000000000 0.00000000000 0.00000000000 0.00000000000 0.00000000000 0.00000000000 0.00000000000 0.00000000000 0.00000000000 0.00000000000 0.00000000000 0.00000000000 0.00000000000 0.00000000000 0.00000000000 0.00000000000 0.00000000000 0.00000000000 0.00000000000 0.00000000000 0.00000000000 0.00000000000 0.00000000000 0.00000000000 0.00000000000 0.00000000000 0.00000000000 0.00000000000 0.00000000000 0.00000000000 0.00000000000 0.00000000000 0.00000000000 0.00000000000 0.00000000000 0.00000000000 0.00000000000 0.00000000000 0.00000000000 0.00000000000
