# Number of parameters = 157 Objective function value = 75739.3  Maximum gradient component = 0.000393449
# srv_sel50:
1.49564627291
# srv_sel95:
2.48741004122
# stNatLen:
 11.4432908422 11.3008374689 11.0946505631 10.9010915033 10.7181277464 10.5235844796 10.3059733767 10.0686710816 9.82252089327 9.57861617423 9.34513883308 9.12703248938 8.92676590827 8.74520464055 8.58226425444 8.43738901437 8.30981089253 8.19866835511 8.10311694090 8.02241400397 7.95596768425 7.90325484236 7.86391658661 7.83777836676 7.82473711907
# log_avg_fmort_dir:
-1.68649294584
# fmort_dir_dev:
 -1.79505060138 -1.75915970621 -1.19851648587 -0.915984019573 -0.732999760327 -0.512997475060 -0.342967531162 -0.135120859790 -0.0626188450096 0.108576715903 0.174741269027 0.281091497294 0.314507149884 0.529136933154 0.607435514967 0.514605485388 0.511607943477 0.460670013704 0.409399928732 0.502532487149 0.446529867385 0.367691035969 0.310198907950 0.363574754201 0.296966342941 0.348891434926 0.207315725448 0.269952440609 0.223543919786 0.170581159213 0.128209390637 0.176490993618 0.141451474024 0.0498335982189 0.0894906200969 0.0604049497815 0.0227122739423 0.149516583739 0.0696471423708 0.109290095078 0.0596565641186 -0.0264244586694 0.104340913448 0.112030098656 0.103932939074 0.00482925144352 0.0352003049297 0.0282709584453 -0.0188574335718 0.0151290422679 -0.0417050828773 -0.0947673519703 -0.116592069287 -0.0461297433098 -0.144468732371 -0.197592218228 -0.0398725937073 -0.325003610231 -0.152000937536 -0.00896400310951 -0.0254782947188 0.0463895773267 -0.233105484352
# mean_log_rec:
11.1436999878
# rec_dev:
 0.372816193644 0.351174882187 0.354626897782 0.360005232116 0.360566778172 0.357836355131 0.354068063818 0.347940292110 0.329962299743 0.300154481297 0.273195971131 0.242038082738 0.188267181986 0.129124276127 0.0831647071354 0.0380006024367 -0.0182998033579 -0.0593936085044 -0.109688776309 -0.148978290027 -0.158871980145 -0.151428154344 -0.149196712787 -0.141544217178 -0.140940066931 -0.134611569766 -0.140242658864 -0.161193595586 -0.182538036286 -0.186795955447 -0.189153428997 -0.183488559669 -0.163297835858 -0.145869368037 -0.138361068614 -0.128520874304 -0.131397140427 -0.126906606434 -0.107989213792 -0.0949619189154 -0.0894384605961 -0.0901153076319 -0.100330378893 -0.108463077360 -0.109143705093 -0.103536107614 -0.0979975734821 -0.0864887497986 -0.0763105760178 -0.0796126177909 -0.0818888538284 -0.0702677574977 -0.0575834536367 -0.0523128948708 -0.0370948028557 -0.0277865689410 -0.0162133758783 0.00196430645471 0.0205249795424 0.0308455203346 0.0346890159971 0.0236437804179 0.0236438020619
# log_avg_NatM:
-1.57402600000
# m_dev:
 0.00000000000 0.00000000000 0.00000000000 0.00000000000 0.00000000000 0.00000000000 0.00000000000 0.00000000000 0.00000000000 0.00000000000 0.00000000000 0.00000000000 0.00000000000 0.00000000000 0.00000000000 0.00000000000 0.00000000000 0.00000000000 0.00000000000 0.00000000000 0.00000000000 0.00000000000 0.00000000000 0.00000000000 0.00000000000 0.00000000000 0.00000000000 0.00000000000 0.00000000000 0.00000000000 0.00000000000 0.00000000000 0.00000000000 0.00000000000 0.00000000000 0.00000000000 0.00000000000 0.00000000000 0.00000000000 0.00000000000 0.00000000000 0.00000000000 0.00000000000 0.00000000000 0.00000000000 0.00000000000 0.00000000000 0.00000000000 0.00000000000 0.00000000000 0.00000000000 0.00000000000 0.00000000000 0.00000000000 0.00000000000 0.00000000000 0.00000000000 0.00000000000 0.00000000000 0.00000000000 0.00000000000 0.00000000000 0.00000000000
# log_avg_GrowthK:
-1.64046800000
# log_avg_Linf:
4.97472700000
# GrowthK_dev:
 0.00000000000 0.00000000000 0.00000000000 0.00000000000 0.00000000000 0.00000000000 0.00000000000 0.00000000000 0.00000000000 0.00000000000 0.00000000000 0.00000000000 0.00000000000 0.00000000000 0.00000000000 0.00000000000 0.00000000000 0.00000000000 0.00000000000 0.00000000000 0.00000000000 0.00000000000 0.00000000000 0.00000000000 0.00000000000 0.00000000000 0.00000000000 0.00000000000 0.00000000000 0.00000000000 0.00000000000 0.00000000000 0.00000000000 0.00000000000 0.00000000000 0.00000000000 0.00000000000 0.00000000000 0.00000000000 0.00000000000 0.00000000000 0.00000000000 0.00000000000 0.00000000000 0.00000000000 0.00000000000 0.00000000000 0.00000000000 0.00000000000 0.00000000000 0.00000000000 0.00000000000 0.00000000000 0.00000000000 0.00000000000 0.00000000000 0.00000000000 0.00000000000 0.00000000000 0.00000000000 0.00000000000 0.00000000000 0.00000000000
# Linf_dev:
 0.00000000000 0.00000000000 0.00000000000 0.00000000000 0.00000000000 0.00000000000 0.00000000000 0.00000000000 0.00000000000 0.00000000000 0.00000000000 0.00000000000 0.00000000000 0.00000000000 0.00000000000 0.00000000000 0.00000000000 0.00000000000 0.00000000000 0.00000000000 0.00000000000 0.00000000000 0.00000000000 0.00000000000 0.00000000000 0.00000000000 0.00000000000 0.00000000000 0.00000000000 0.00000000000 0.00000000000 0.00000000000 0.00000000000 0.00000000000 0.00000000000 0.00000000000 0.00000000000 0.00000000000 0.00000000000 0.00000000000 0.00000000000 0.00000000000 0.00000000000 0.00000000000 0.00000000000 0.00000000000 0.00000000000 0.00000000000 0.00000000000 0.00000000000 0.00000000000 0.00000000000 0.00000000000 0.00000000000 0.00000000000 0.00000000000 0.00000000000 0.00000000000 0.00000000000 0.00000000000 0.00000000000 0.00000000000 0.00000000000
# SelPars50:
2.03634718216
# SelPars95:
3.62260925548
# SelPars_dev50:
 0.00000000000 0.00000000000 0.00000000000 0.00000000000 0.00000000000 0.00000000000 0.00000000000 0.00000000000 0.00000000000 0.00000000000 0.00000000000 0.00000000000 0.00000000000 0.00000000000 0.00000000000 0.00000000000 0.00000000000 0.00000000000 0.00000000000 0.00000000000 0.00000000000 0.00000000000 0.00000000000 0.00000000000 0.00000000000 0.00000000000 0.00000000000 0.00000000000 0.00000000000 0.00000000000 0.00000000000 0.00000000000 0.00000000000 0.00000000000 0.00000000000 0.00000000000 0.00000000000 0.00000000000 0.00000000000 0.00000000000 0.00000000000 0.00000000000 0.00000000000 0.00000000000 0.00000000000 0.00000000000 0.00000000000 0.00000000000 0.00000000000 0.00000000000 0.00000000000 0.00000000000 0.00000000000 0.00000000000 0.00000000000 0.00000000000 0.00000000000 0.00000000000 0.00000000000 0.00000000000 0.00000000000 0.00000000000 0.00000000000
# SelPars_dev95:
 0.00000000000 0.00000000000 0.00000000000 0.00000000000 0.00000000000 0.00000000000 0.00000000000 0.00000000000 0.00000000000 0.00000000000 0.00000000000 0.00000000000 0.00000000000 0.00000000000 0.00000000000 0.00000000000 0.00000000000 0.00000000000 0.00000000000 0.00000000000 0.00000000000 0.00000000000 0.00000000000 0.00000000000 0.00000000000 0.00000000000 0.00000000000 0.00000000000 0.00000000000 0.00000000000 0.00000000000 0.00000000000 0.00000000000 0.00000000000 0.00000000000 0.00000000000 0.00000000000 0.00000000000 0.00000000000 0.00000000000 0.00000000000 0.00000000000 0.00000000000 0.00000000000 0.00000000000 0.00000000000 0.00000000000 0.00000000000 0.00000000000 0.00000000000 0.00000000000 0.00000000000 0.00000000000 0.00000000000 0.00000000000 0.00000000000 0.00000000000 0.00000000000 0.00000000000 0.00000000000 0.00000000000 0.00000000000 0.00000000000
