# Number of parameters = 137 Objective function value = 63543.1938090344  Maximum gradient component = 7.36157189757810e-05
# srv_sel50:
1.50455527008
# srv_sel95:
2.51583639046
# stNatLen:
 11.4360968670 11.2880908588 11.0832976139 10.8936781427 10.7061471225 10.4976971459 10.2657443483 10.0222919937 9.78128564050 9.55254932429 9.34128836488 9.14947146731 8.97723285025 8.82380632942 8.68804810942 8.56876171962 8.46480480043 8.37510039428 8.29870581881 8.23484120016 8.18278806961 8.14197756270 8.11178788341 8.09185036610 8.08194361888
# log_avg_fmort_dir:
-1.66145972351
# fmort_dir_dev:
 -1.85417233148 -1.86582147371 -1.34495219685 -0.899933680112 -0.731230789075 -0.516930265891 -0.320299430465 -0.207184345909 -0.00753725459980 0.0744047729202 0.0730266116365 0.312405002069 0.428941469206 0.364828838716 0.512469918697 0.519240360212 0.540400729784 0.494771657973 0.443389360941 0.362397232260 0.409750020950 0.384271598478 0.420031183794 0.325915674967 0.255307632061 0.282199229178 0.287198498716 0.285079680649 0.182776989425 0.177328426664 0.107908923333 0.100254649905 0.106741715058 0.0727276823129 -0.0412302575429 0.106880969104 -0.0547182886506 0.00550356986183 0.00570529066743 0.0362961474393 0.101827230208 0.146618700320 0.100128671986 0.0656307436185 0.0323474706763 0.168212033700 0.0578945306802 0.0332974154331 0.0442107950331 0.138576075770 -0.248575769453 -0.216925251646 -0.257386169018
# mean_log_rec:
11.1392827981
# rec_dev:
 0.365502867050 0.344518003765 0.356037267767 0.364463029269 0.365858355163 0.362172283811 0.358304438100 0.352152647665 0.333185564602 0.318624071600 0.289470951554 0.249619728892 0.216982119823 0.172307965406 0.119474369265 0.0594374674117 -0.00381300838206 -0.0434479649829 -0.0700809456160 -0.0876519613474 -0.110338152785 -0.137858338737 -0.152362095786 -0.167762277268 -0.175959305865 -0.190215526303 -0.203393642031 -0.216197625461 -0.212466305630 -0.185905970356 -0.179414405924 -0.170814181313 -0.161093036545 -0.138961076827 -0.128880983035 -0.129380061129 -0.126385542937 -0.126091240557 -0.120142472447 -0.118722293532 -0.106641602577 -0.0923787538390 -0.0896933425084 -0.0921949730584 -0.100433292679 -0.0997110898732 -0.0983777714167 -0.105105077026 -0.107572148026 -0.104168032461 -0.0917000919662 -0.0913982687216 -0.0913982721940
# log_avg_NatM:
-1.60943800000
# m_dev:
 0.00000000000 0.00000000000 0.00000000000 0.00000000000 0.00000000000 0.00000000000 0.00000000000 0.00000000000 0.00000000000 0.00000000000 0.00000000000 0.00000000000 0.00000000000 0.00000000000 0.00000000000 0.00000000000 0.00000000000 0.00000000000 0.00000000000 0.00000000000 0.00000000000 0.00000000000 0.00000000000 0.00000000000 0.00000000000 0.00000000000 0.00000000000 0.00000000000 0.00000000000 0.00000000000 0.00000000000 0.00000000000 0.00000000000 0.00000000000 0.00000000000 0.00000000000 0.00000000000 0.00000000000 0.00000000000 0.00000000000 0.00000000000 0.00000000000 0.00000000000 0.00000000000 0.00000000000 0.00000000000 0.00000000000 0.00000000000 0.00000000000 0.00000000000 0.00000000000 0.00000000000 0.00000000000
# log_avg_GrowthK:
-1.60943800000
# log_avg_Linf:
4.88280200000
# GrowthK_dev:
 0.00000000000 0.00000000000 0.00000000000 0.00000000000 0.00000000000 0.00000000000 0.00000000000 0.00000000000 0.00000000000 0.00000000000 0.00000000000 0.00000000000 0.00000000000 0.00000000000 0.00000000000 0.00000000000 0.00000000000 0.00000000000 0.00000000000 0.00000000000 0.00000000000 0.00000000000 0.00000000000 0.00000000000 0.00000000000 0.00000000000 0.00000000000 0.00000000000 0.00000000000 0.00000000000 0.00000000000 0.00000000000 0.00000000000 0.00000000000 0.00000000000 0.00000000000 0.00000000000 0.00000000000 0.00000000000 0.00000000000 0.00000000000 0.00000000000 0.00000000000 0.00000000000 0.00000000000 0.00000000000 0.00000000000 0.00000000000 0.00000000000 0.00000000000 0.00000000000 0.00000000000 0.00000000000
# Linf_dev:
 0.00000000000 0.00000000000 0.00000000000 0.00000000000 0.00000000000 0.00000000000 0.00000000000 0.00000000000 0.00000000000 0.00000000000 0.00000000000 0.00000000000 0.00000000000 0.00000000000 0.00000000000 0.00000000000 0.00000000000 0.00000000000 0.00000000000 0.00000000000 0.00000000000 0.00000000000 0.00000000000 0.00000000000 0.00000000000 0.00000000000 0.00000000000 0.00000000000 0.00000000000 0.00000000000 0.00000000000 0.00000000000 0.00000000000 0.00000000000 0.00000000000 0.00000000000 0.00000000000 0.00000000000 0.00000000000 0.00000000000 0.00000000000 0.00000000000 0.00000000000 0.00000000000 0.00000000000 0.00000000000 0.00000000000 0.00000000000 0.00000000000 0.00000000000 0.00000000000 0.00000000000 0.00000000000
# SelPars50:
2.05706345856
# SelPars95:
3.67413837546
# SelPars_dev50:
 0.00000000000 0.00000000000 0.00000000000 0.00000000000 0.00000000000 0.00000000000 0.00000000000 0.00000000000 0.00000000000 0.00000000000 0.00000000000 0.00000000000 0.00000000000 0.00000000000 0.00000000000 0.00000000000 0.00000000000 0.00000000000 0.00000000000 0.00000000000 0.00000000000 0.00000000000 0.00000000000 0.00000000000 0.00000000000 0.00000000000 0.00000000000 0.00000000000 0.00000000000 0.00000000000 0.00000000000 0.00000000000 0.00000000000 0.00000000000 0.00000000000 0.00000000000 0.00000000000 0.00000000000 0.00000000000 0.00000000000 0.00000000000 0.00000000000 0.00000000000 0.00000000000 0.00000000000 0.00000000000 0.00000000000 0.00000000000 0.00000000000 0.00000000000 0.00000000000 0.00000000000 0.00000000000
# SelPars_dev95:
 0.00000000000 0.00000000000 0.00000000000 0.00000000000 0.00000000000 0.00000000000 0.00000000000 0.00000000000 0.00000000000 0.00000000000 0.00000000000 0.00000000000 0.00000000000 0.00000000000 0.00000000000 0.00000000000 0.00000000000 0.00000000000 0.00000000000 0.00000000000 0.00000000000 0.00000000000 0.00000000000 0.00000000000 0.00000000000 0.00000000000 0.00000000000 0.00000000000 0.00000000000 0.00000000000 0.00000000000 0.00000000000 0.00000000000 0.00000000000 0.00000000000 0.00000000000 0.00000000000 0.00000000000 0.00000000000 0.00000000000 0.00000000000 0.00000000000 0.00000000000 0.00000000000 0.00000000000 0.00000000000 0.00000000000 0.00000000000 0.00000000000 0.00000000000 0.00000000000 0.00000000000 0.00000000000
