# Number of parameters = 163 Objective function value = 79153.4  Maximum gradient component = 0.000585557
# srv_sel50:
1.65282673785
# srv_sel95:
2.93952124190
# stNatLen:
 11.8482026922 11.6680557344 11.4044716605 11.1811465871 11.0016383396 10.8285631102 10.6292809550 10.3927311064 10.1270449892 9.84832191109 9.57162652518 9.30749772021 9.06201945501 8.83804986566 8.63644758041 8.45699061632 8.29891852635 8.16124805659 8.04300245598 7.94326044316 7.86129179164 7.79646845419 7.74827881519 7.71637342559 7.70051359450
# log_avg_fmort_dir:
-1.61167576329
# fmort_dir_dev:
 -2.04635711705 -2.02407168683 -1.40485865174 -1.05962234495 -0.809462883402 -0.635318501644 -0.498621165056 -0.245752686321 -0.114497402700 -0.0561044911799 0.0368661543128 0.155418444926 0.321052528305 0.368464554283 0.442182390558 0.410253629567 0.369503906987 0.291558902390 0.317026094703 0.421155818842 0.324885352914 0.246523848846 0.276756067695 0.170813558911 0.205035095138 0.157452332993 0.179943796593 0.117772287681 0.133665729475 0.0531058869540 0.172676126546 0.155898263334 0.100609189879 0.0426295668157 0.122648732546 0.0674988182380 0.0997568549863 0.0624570878117 0.0953232942199 0.0466773350362 0.107495852624 0.0521144775205 0.127475443176 0.0805187611725 0.0844413315698 0.0717378769556 0.0769196348501 0.128720389688 0.100652762628 0.0606179309707 0.149382581835 0.345742814573 0.280001733771 0.250688833008 -0.0932040344509 0.287418881061 0.155209305182 0.141372788566 0.0259773553867 -0.0445231473472 -0.0132728750179 0.224864736208 0.145849800021 0.137061471558 0.00889464277565 0.0368959311064
# mean_log_rec:
11.3187791601
# rec_dev:
 0.582473525544 0.558099656242 0.554081304197 0.543488397572 0.526216379968 0.514734257263 0.490785447463 0.462109110469 0.427868029848 0.389771044077 0.354974580936 0.313700461590 0.277426869375 0.249778589891 0.212270381262 0.179748920147 0.143719714289 0.103909534350 0.0606289977530 0.00946675264336 -0.0367527881671 -0.0514531572506 -0.0613164937402 -0.0793478032091 -0.0822757081631 -0.0934754440298 -0.117470318605 -0.143250523696 -0.156394765570 -0.180725418533 -0.230010177071 -0.265589226950 -0.305475430595 -0.342655946029 -0.262061326171 -0.180729908225 -0.184591090313 -0.195853791494 -0.175748959472 -0.154123884009 -0.156229223677 -0.165702746901 -0.172700740823 -0.152539172039 -0.141564805890 -0.146996051083 -0.145637027239 -0.158871365340 -0.162942605408 -0.152258360221 -0.148236902912 -0.142788146647 -0.159055858068 -0.169484514604 -0.164467561398 -0.159023222350 -0.162808914982 -0.155674465080 -0.151506832994 -0.138537216763 -0.129099724106 -0.112564951434 -0.0880037463244 -0.0615683170155 -0.0788436608569 -0.0788436594249
# log_avg_NatM:
-1.41012900000
# m_dev:
 0.00000000000 0.00000000000 0.00000000000 0.00000000000 0.00000000000 0.00000000000 0.00000000000 0.00000000000 0.00000000000 0.00000000000 0.00000000000 0.00000000000 0.00000000000 0.00000000000 0.00000000000 0.00000000000 0.00000000000 0.00000000000 0.00000000000 0.00000000000 0.00000000000 0.00000000000 0.00000000000 0.00000000000 0.00000000000 0.00000000000 0.00000000000 0.00000000000 0.00000000000 0.00000000000 0.00000000000 0.00000000000 0.00000000000 0.00000000000 0.00000000000 0.00000000000 0.00000000000 0.00000000000 0.00000000000 0.00000000000 0.00000000000 0.00000000000 0.00000000000 0.00000000000 0.00000000000 0.00000000000 0.00000000000 0.00000000000 0.00000000000 0.00000000000 0.00000000000 0.00000000000 0.00000000000 0.00000000000 0.00000000000 0.00000000000 0.00000000000 0.00000000000 0.00000000000 0.00000000000 0.00000000000 0.00000000000 0.00000000000 0.00000000000 0.00000000000 0.00000000000
# log_avg_GrowthK:
-1.61214500000
# log_avg_Linf:
4.89675200000
# GrowthK_dev:
 0.00000000000 0.00000000000 0.00000000000 0.00000000000 0.00000000000 0.00000000000 0.00000000000 0.00000000000 0.00000000000 0.00000000000 0.00000000000 0.00000000000 0.00000000000 0.00000000000 0.00000000000 0.00000000000 0.00000000000 0.00000000000 0.00000000000 0.00000000000 0.00000000000 0.00000000000 0.00000000000 0.00000000000 0.00000000000 0.00000000000 0.00000000000 0.00000000000 0.00000000000 0.00000000000 0.00000000000 0.00000000000 0.00000000000 0.00000000000 0.00000000000 0.00000000000 0.00000000000 0.00000000000 0.00000000000 0.00000000000 0.00000000000 0.00000000000 0.00000000000 0.00000000000 0.00000000000 0.00000000000 0.00000000000 0.00000000000 0.00000000000 0.00000000000 0.00000000000 0.00000000000 0.00000000000 0.00000000000 0.00000000000 0.00000000000 0.00000000000 0.00000000000 0.00000000000 0.00000000000 0.00000000000 0.00000000000 0.00000000000 0.00000000000 0.00000000000 0.00000000000
# Linf_dev:
 0.00000000000 0.00000000000 0.00000000000 0.00000000000 0.00000000000 0.00000000000 0.00000000000 0.00000000000 0.00000000000 0.00000000000 0.00000000000 0.00000000000 0.00000000000 0.00000000000 0.00000000000 0.00000000000 0.00000000000 0.00000000000 0.00000000000 0.00000000000 0.00000000000 0.00000000000 0.00000000000 0.00000000000 0.00000000000 0.00000000000 0.00000000000 0.00000000000 0.00000000000 0.00000000000 0.00000000000 0.00000000000 0.00000000000 0.00000000000 0.00000000000 0.00000000000 0.00000000000 0.00000000000 0.00000000000 0.00000000000 0.00000000000 0.00000000000 0.00000000000 0.00000000000 0.00000000000 0.00000000000 0.00000000000 0.00000000000 0.00000000000 0.00000000000 0.00000000000 0.00000000000 0.00000000000 0.00000000000 0.00000000000 0.00000000000 0.00000000000 0.00000000000 0.00000000000 0.00000000000 0.00000000000 0.00000000000 0.00000000000 0.00000000000 0.00000000000 0.00000000000
# SelPars50:
2.23857254564
# SelPars95:
4.08051386456
# SelPars_dev50:
 0.00000000000 0.00000000000 0.00000000000 0.00000000000 0.00000000000 0.00000000000 0.00000000000 0.00000000000 0.00000000000 0.00000000000 0.00000000000 0.00000000000 0.00000000000 0.00000000000 0.00000000000 0.00000000000 0.00000000000 0.00000000000 0.00000000000 0.00000000000 0.00000000000 0.00000000000 0.00000000000 0.00000000000 0.00000000000 0.00000000000 0.00000000000 0.00000000000 0.00000000000 0.00000000000 0.00000000000 0.00000000000 0.00000000000 0.00000000000 0.00000000000 0.00000000000 0.00000000000 0.00000000000 0.00000000000 0.00000000000 0.00000000000 0.00000000000 0.00000000000 0.00000000000 0.00000000000 0.00000000000 0.00000000000 0.00000000000 0.00000000000 0.00000000000 0.00000000000 0.00000000000 0.00000000000 0.00000000000 0.00000000000 0.00000000000 0.00000000000 0.00000000000 0.00000000000 0.00000000000 0.00000000000 0.00000000000 0.00000000000 0.00000000000 0.00000000000 0.00000000000
# SelPars_dev95:
 0.00000000000 0.00000000000 0.00000000000 0.00000000000 0.00000000000 0.00000000000 0.00000000000 0.00000000000 0.00000000000 0.00000000000 0.00000000000 0.00000000000 0.00000000000 0.00000000000 0.00000000000 0.00000000000 0.00000000000 0.00000000000 0.00000000000 0.00000000000 0.00000000000 0.00000000000 0.00000000000 0.00000000000 0.00000000000 0.00000000000 0.00000000000 0.00000000000 0.00000000000 0.00000000000 0.00000000000 0.00000000000 0.00000000000 0.00000000000 0.00000000000 0.00000000000 0.00000000000 0.00000000000 0.00000000000 0.00000000000 0.00000000000 0.00000000000 0.00000000000 0.00000000000 0.00000000000 0.00000000000 0.00000000000 0.00000000000 0.00000000000 0.00000000000 0.00000000000 0.00000000000 0.00000000000 0.00000000000 0.00000000000 0.00000000000 0.00000000000 0.00000000000 0.00000000000 0.00000000000 0.00000000000 0.00000000000 0.00000000000 0.00000000000 0.00000000000 0.00000000000
