# Number of parameters = 143 Objective function value = 67039.6  Maximum gradient component = 0.000277051
# srv_sel50:
1.66924878824
# srv_sel95:
2.97397647842
# stNatLen:
 11.8697371513 11.6856336810 11.4218514885 11.1997751545 11.0182469732 10.8401955490 10.6380667839 10.4052393377 10.1504723254 9.88771809841 9.62933067978 9.38377795834 9.15592373851 8.94804508963 8.76081550959 8.59402157960 8.44698752144 8.31883788268 8.20867410149 8.11570985956 8.03923190184 7.97872318048 7.93372616798 7.90391902815 7.88906605529
# log_avg_fmort_dir:
-1.62372945363
# fmort_dir_dev:
 -2.06003119083 -2.02320703300 -1.46871990747 -1.10310413653 -0.781106701249 -0.617574387947 -0.367160321059 -0.187460539237 -0.107754729233 0.0561522616158 -0.0289366453473 0.198030398101 0.265250142878 0.401448740254 0.421734346392 0.447837571711 0.399316549331 0.383438976424 0.375848680704 0.356733165539 0.362051913397 0.400620777906 0.243008696933 0.196380352599 0.182602977579 0.263512830249 0.234927103674 0.207463417965 0.136916588764 0.195743608797 0.211106428588 0.123995177887 0.137373728023 0.131854728452 0.102240633212 0.100802332587 0.119509326875 0.0626511075686 0.0547422604158 0.155992186680 -0.00655643207272 0.109124462334 0.157395951259 0.0231386745958 0.0892999600500 0.0679433231886 0.0709130963226 -0.000800865400267 0.122411708163 0.0354816367535 0.267133662224 0.308796734005 0.360062032843 0.179422437531 0.147857183345 -0.115854984342
# mean_log_rec:
11.3737743229
# rec_dev:
 0.538237809900 0.506006012527 0.493728132029 0.481608950065 0.467710173358 0.445227922295 0.430390627378 0.416736862929 0.390687683147 0.360624697016 0.323167373205 0.276910053064 0.222623860091 0.173098525483 0.121521245438 0.0883468858322 0.0458755600220 8.07261764564e-005 -0.0431917446377 -0.0822346429544 -0.116985541908 -0.127910365111 -0.124245774072 -0.113630628135 -0.126768233890 -0.159881383616 -0.159342388503 -0.152925389677 -0.166712234886 -0.206465797082 -0.239661791767 -0.282034099988 -0.344373226582 -0.366082425720 -0.279730941701 -0.207319029091 -0.216178815109 -0.235524430596 -0.233675410748 -0.223940772881 -0.219352505186 -0.209350339801 -0.190861932475 -0.189191607635 -0.181073484495 -0.160291450611 -0.145916340381 -0.138810061993 -0.131899878672 -0.104842720831 -0.0670074582663 -0.0330292815639 0.0161079696309 0.0649356374957 0.0584077122688 0.0584077112180
# log_avg_NatM:
-1.47890400000
# m_dev:
 0.00000000000 0.00000000000 0.00000000000 0.00000000000 0.00000000000 0.00000000000 0.00000000000 0.00000000000 0.00000000000 0.00000000000 0.00000000000 0.00000000000 0.00000000000 0.00000000000 0.00000000000 0.00000000000 0.00000000000 0.00000000000 0.00000000000 0.00000000000 0.00000000000 0.00000000000 0.00000000000 0.00000000000 0.00000000000 0.00000000000 0.00000000000 0.00000000000 0.00000000000 0.00000000000 0.00000000000 0.00000000000 0.00000000000 0.00000000000 0.00000000000 0.00000000000 0.00000000000 0.00000000000 0.00000000000 0.00000000000 0.00000000000 0.00000000000 0.00000000000 0.00000000000 0.00000000000 0.00000000000 0.00000000000 0.00000000000 0.00000000000 0.00000000000 0.00000000000 0.00000000000 0.00000000000 0.00000000000 0.00000000000 0.00000000000
# log_avg_GrowthK:
-1.60943800000
# log_avg_Linf:
4.88280200000
# GrowthK_dev:
 0.00000000000 0.00000000000 0.00000000000 0.00000000000 0.00000000000 0.00000000000 0.00000000000 0.00000000000 0.00000000000 0.00000000000 0.00000000000 0.00000000000 0.00000000000 0.00000000000 0.00000000000 0.00000000000 0.00000000000 0.00000000000 0.00000000000 0.00000000000 0.00000000000 0.00000000000 0.00000000000 0.00000000000 0.00000000000 0.00000000000 0.00000000000 0.00000000000 0.00000000000 0.00000000000 0.00000000000 0.00000000000 0.00000000000 0.00000000000 0.00000000000 0.00000000000 0.00000000000 0.00000000000 0.00000000000 0.00000000000 0.00000000000 0.00000000000 0.00000000000 0.00000000000 0.00000000000 0.00000000000 0.00000000000 0.00000000000 0.00000000000 0.00000000000 0.00000000000 0.00000000000 0.00000000000 0.00000000000 0.00000000000 0.00000000000
# Linf_dev:
 0.00000000000 0.00000000000 0.00000000000 0.00000000000 0.00000000000 0.00000000000 0.00000000000 0.00000000000 0.00000000000 0.00000000000 0.00000000000 0.00000000000 0.00000000000 0.00000000000 0.00000000000 0.00000000000 0.00000000000 0.00000000000 0.00000000000 0.00000000000 0.00000000000 0.00000000000 0.00000000000 0.00000000000 0.00000000000 0.00000000000 0.00000000000 0.00000000000 0.00000000000 0.00000000000 0.00000000000 0.00000000000 0.00000000000 0.00000000000 0.00000000000 0.00000000000 0.00000000000 0.00000000000 0.00000000000 0.00000000000 0.00000000000 0.00000000000 0.00000000000 0.00000000000 0.00000000000 0.00000000000 0.00000000000 0.00000000000 0.00000000000 0.00000000000 0.00000000000 0.00000000000 0.00000000000 0.00000000000 0.00000000000 0.00000000000
# SelPars50:
2.29026463367
# SelPars95:
4.20419432000
# SelPars_dev50:
 0.00000000000 0.00000000000 0.00000000000 0.00000000000 0.00000000000 0.00000000000 0.00000000000 0.00000000000 0.00000000000 0.00000000000 0.00000000000 0.00000000000 0.00000000000 0.00000000000 0.00000000000 0.00000000000 0.00000000000 0.00000000000 0.00000000000 0.00000000000 0.00000000000 0.00000000000 0.00000000000 0.00000000000 0.00000000000 0.00000000000 0.00000000000 0.00000000000 0.00000000000 0.00000000000 0.00000000000 0.00000000000 0.00000000000 0.00000000000 0.00000000000 0.00000000000 0.00000000000 0.00000000000 0.00000000000 0.00000000000 0.00000000000 0.00000000000 0.00000000000 0.00000000000 0.00000000000 0.00000000000 0.00000000000 0.00000000000 0.00000000000 0.00000000000 0.00000000000 0.00000000000 0.00000000000 0.00000000000 0.00000000000 0.00000000000
# SelPars_dev95:
 0.00000000000 0.00000000000 0.00000000000 0.00000000000 0.00000000000 0.00000000000 0.00000000000 0.00000000000 0.00000000000 0.00000000000 0.00000000000 0.00000000000 0.00000000000 0.00000000000 0.00000000000 0.00000000000 0.00000000000 0.00000000000 0.00000000000 0.00000000000 0.00000000000 0.00000000000 0.00000000000 0.00000000000 0.00000000000 0.00000000000 0.00000000000 0.00000000000 0.00000000000 0.00000000000 0.00000000000 0.00000000000 0.00000000000 0.00000000000 0.00000000000 0.00000000000 0.00000000000 0.00000000000 0.00000000000 0.00000000000 0.00000000000 0.00000000000 0.00000000000 0.00000000000 0.00000000000 0.00000000000 0.00000000000 0.00000000000 0.00000000000 0.00000000000 0.00000000000 0.00000000000 0.00000000000 0.00000000000 0.00000000000 0.00000000000
