# Number of parameters = 147 Objective function value = 69505.5  Maximum gradient component = 0.000101431
# srv_sel50:
1.63137647493
# srv_sel95:
2.86875792922
# stNatLen:
 11.9045299015 11.7252356551 11.4729608682 11.2591260124 11.0809353560 10.9036539816 10.7015814609 10.4688373883 10.2142897007 9.95181858287 9.69371601268 9.44842618150 9.22079869653 9.01309979100 8.82602062067 8.65932729872 8.51229393242 8.38405633791 8.27378730845 8.18067356027 8.10404412469 8.04321733191 7.99778037906 7.96751003313 7.95239958841
# log_avg_fmort_dir:
-1.68012325136
# fmort_dir_dev:
 -2.12917979427 -2.07825299605 -1.52053249903 -1.09616856806 -0.854471699311 -0.580646686760 -0.482290641063 -0.264685321769 -0.155662819444 0.0133071051731 0.146801746443 0.261060589017 0.310496311367 0.398779101559 0.448119983373 0.437275305839 0.477977488956 0.398631243969 0.413656255424 0.360704192966 0.407764310120 0.217648697504 0.242200239819 0.376182737893 0.231428441820 0.256270103366 0.127046033984 0.152335811914 0.194173724294 0.195450603637 0.126621338559 0.138570573100 0.0808927917602 0.0968571070503 0.159441328046 0.226619141407 0.161446652524 0.201114650556 0.0867959123008 0.0765853392953 0.133587479102 0.0795912126127 0.0622408864032 0.141780985907 0.158510364049 0.196071390991 0.106781582780 0.172421524342 0.124795982392 0.163229579062 0.279206951660 -0.00796159641923 -0.0414707644156 0.0697058864917 0.0807718477228 0.112355513240 -0.101924169679 0.00994150648296
# mean_log_rec:
11.3470560524
# rec_dev:
 0.580504362474 0.540510083733 0.523023414357 0.517355915383 0.497378556440 0.477279307309 0.449505105514 0.430452626454 0.423720530260 0.392844206176 0.351826602063 0.330318678771 0.308141231716 0.273618801631 0.216357622130 0.165232152004 0.121140118255 0.0851537229137 0.0383369876583 -0.0106767343681 -0.0306898241439 -0.0461398833284 -0.0600182486597 -0.0954949693516 -0.122847067006 -0.123220561748 -0.139264254726 -0.159592107474 -0.175525591860 -0.208277560247 -0.252056393544 -0.282708689296 -0.325168393928 -0.355941602794 -0.283591048536 -0.223721250406 -0.218011998165 -0.207545627563 -0.211259222335 -0.213857734166 -0.211174987412 -0.206327643077 -0.206570129701 -0.217509151368 -0.218071466486 -0.221002916809 -0.226898076916 -0.216845715103 -0.193179055160 -0.186582901089 -0.188292312062 -0.186413582910 -0.160776140628 -0.112219072756 -0.0707114116756 -0.0430035536894 -0.0557565723826 -0.0557565723688
# log_avg_NatM:
-1.47890400000
# m_dev:
 0.00000000000 0.00000000000 0.00000000000 0.00000000000 0.00000000000 0.00000000000 0.00000000000 0.00000000000 0.00000000000 0.00000000000 0.00000000000 0.00000000000 0.00000000000 0.00000000000 0.00000000000 0.00000000000 0.00000000000 0.00000000000 0.00000000000 0.00000000000 0.00000000000 0.00000000000 0.00000000000 0.00000000000 0.00000000000 0.00000000000 0.00000000000 0.00000000000 0.00000000000 0.00000000000 0.00000000000 0.00000000000 0.00000000000 0.00000000000 0.00000000000 0.00000000000 0.00000000000 0.00000000000 0.00000000000 0.00000000000 0.00000000000 0.00000000000 0.00000000000 0.00000000000 0.00000000000 0.00000000000 0.00000000000 0.00000000000 0.00000000000 0.00000000000 0.00000000000 0.00000000000 0.00000000000 0.00000000000 0.00000000000 0.00000000000 0.00000000000 0.00000000000
# log_avg_GrowthK:
-1.60943800000
# log_avg_Linf:
4.88280200000
# GrowthK_dev:
 0.00000000000 0.00000000000 0.00000000000 0.00000000000 0.00000000000 0.00000000000 0.00000000000 0.00000000000 0.00000000000 0.00000000000 0.00000000000 0.00000000000 0.00000000000 0.00000000000 0.00000000000 0.00000000000 0.00000000000 0.00000000000 0.00000000000 0.00000000000 0.00000000000 0.00000000000 0.00000000000 0.00000000000 0.00000000000 0.00000000000 0.00000000000 0.00000000000 0.00000000000 0.00000000000 0.00000000000 0.00000000000 0.00000000000 0.00000000000 0.00000000000 0.00000000000 0.00000000000 0.00000000000 0.00000000000 0.00000000000 0.00000000000 0.00000000000 0.00000000000 0.00000000000 0.00000000000 0.00000000000 0.00000000000 0.00000000000 0.00000000000 0.00000000000 0.00000000000 0.00000000000 0.00000000000 0.00000000000 0.00000000000 0.00000000000 0.00000000000 0.00000000000
# Linf_dev:
 0.00000000000 0.00000000000 0.00000000000 0.00000000000 0.00000000000 0.00000000000 0.00000000000 0.00000000000 0.00000000000 0.00000000000 0.00000000000 0.00000000000 0.00000000000 0.00000000000 0.00000000000 0.00000000000 0.00000000000 0.00000000000 0.00000000000 0.00000000000 0.00000000000 0.00000000000 0.00000000000 0.00000000000 0.00000000000 0.00000000000 0.00000000000 0.00000000000 0.00000000000 0.00000000000 0.00000000000 0.00000000000 0.00000000000 0.00000000000 0.00000000000 0.00000000000 0.00000000000 0.00000000000 0.00000000000 0.00000000000 0.00000000000 0.00000000000 0.00000000000 0.00000000000 0.00000000000 0.00000000000 0.00000000000 0.00000000000 0.00000000000 0.00000000000 0.00000000000 0.00000000000 0.00000000000 0.00000000000 0.00000000000 0.00000000000 0.00000000000 0.00000000000
# SelPars50:
2.21089480606
# SelPars95:
4.01014899071
# SelPars_dev50:
 0.00000000000 0.00000000000 0.00000000000 0.00000000000 0.00000000000 0.00000000000 0.00000000000 0.00000000000 0.00000000000 0.00000000000 0.00000000000 0.00000000000 0.00000000000 0.00000000000 0.00000000000 0.00000000000 0.00000000000 0.00000000000 0.00000000000 0.00000000000 0.00000000000 0.00000000000 0.00000000000 0.00000000000 0.00000000000 0.00000000000 0.00000000000 0.00000000000 0.00000000000 0.00000000000 0.00000000000 0.00000000000 0.00000000000 0.00000000000 0.00000000000 0.00000000000 0.00000000000 0.00000000000 0.00000000000 0.00000000000 0.00000000000 0.00000000000 0.00000000000 0.00000000000 0.00000000000 0.00000000000 0.00000000000 0.00000000000 0.00000000000 0.00000000000 0.00000000000 0.00000000000 0.00000000000 0.00000000000 0.00000000000 0.00000000000 0.00000000000 0.00000000000
# SelPars_dev95:
 0.00000000000 0.00000000000 0.00000000000 0.00000000000 0.00000000000 0.00000000000 0.00000000000 0.00000000000 0.00000000000 0.00000000000 0.00000000000 0.00000000000 0.00000000000 0.00000000000 0.00000000000 0.00000000000 0.00000000000 0.00000000000 0.00000000000 0.00000000000 0.00000000000 0.00000000000 0.00000000000 0.00000000000 0.00000000000 0.00000000000 0.00000000000 0.00000000000 0.00000000000 0.00000000000 0.00000000000 0.00000000000 0.00000000000 0.00000000000 0.00000000000 0.00000000000 0.00000000000 0.00000000000 0.00000000000 0.00000000000 0.00000000000 0.00000000000 0.00000000000 0.00000000000 0.00000000000 0.00000000000 0.00000000000 0.00000000000 0.00000000000 0.00000000000 0.00000000000 0.00000000000 0.00000000000 0.00000000000 0.00000000000 0.00000000000 0.00000000000 0.00000000000
