# Number of parameters = 139 Objective function value = 64531.3  Maximum gradient component = 0.000141763
# srv_sel50:
1.67058829411
# srv_sel95:
2.99053783548
# stNatLen:
 11.8280504957 11.6199809294 11.3190830450 11.0575458803 10.8393817991 10.6311514601 10.4061932155 10.1570009668 9.89082452400 9.62018040436 9.35630310586 9.10688192498 8.87625117036 8.66632595197 8.47753283696 8.30946959817 8.16134580991 8.03222506822 7.92117328181 7.82737377603 7.75015598219 7.68899791647 7.64354543505 7.61350000751 7.59853302960
# log_avg_fmort_dir:
-1.50877729435
# fmort_dir_dev:
 -0.873761355167 -0.742461778760 -0.646176867245 -0.465603844030 -0.305222283744 -0.152503163245 0.00217445803193 0.115261251286 0.180765430490 0.203394763538 0.224939782443 0.327766058977 0.320952034074 0.335446599097 0.193890035215 0.285063609529 0.251087736122 0.103952755994 0.206718232173 0.205620948859 0.187795663342 0.0625205148467 0.180615826382 -0.0125043311870 0.116541992005 0.0132345616682 -0.0693961204246 0.0242160769886 0.00319316060111 -0.0749023126866 0.0262966768839 -2.16856564223e-005 -0.0193789412877 -0.0705082471589 -0.0278048304101 -0.123716379229 0.0993854067918 -0.0220034383046 -0.0121547622167 -0.0555668468914 0.0569819141992 -0.0671276664469 0.0386318697507 0.00961638881828 0.130067633846 0.0659379231597 -0.342567348684 -0.118243046564 -0.0676386617968 0.146518260299 0.155127495974 0.0134921706037 0.0607654542047 -0.0787087750596
# mean_log_rec:
11.3183491904
# rec_dev:
 0.562454401159 0.531998784946 0.512358613678 0.488647773842 0.455117180126 0.411524669892 0.376040285283 0.340970562852 0.297168137719 0.264068874531 0.221817257644 0.177655237948 0.118783534004 0.0737960994954 0.0303700386583 -0.00231558633604 -0.00143207512425 -0.0184696928091 -0.0500690715285 -0.0724491311146 -0.102786827001 -0.122182028298 -0.146543104313 -0.165914001418 -0.181216952429 -0.203698783620 -0.230603227933 -0.246010059470 -0.290847656598 -0.314676171469 -0.248317136737 -0.179653569272 -0.169408334379 -0.175522248084 -0.180262313974 -0.171507356094 -0.159490552208 -0.160669704643 -0.154621275713 -0.145437005486 -0.144358151548 -0.137543262798 -0.122450607360 -0.112053586470 -0.111578915907 -0.108772127599 -0.102796836856 -0.0833222499866 -0.0643211234722 -0.0495122900675 -0.00518386750474 0.0375117829229 0.0178568246419 0.0178568262735
# log_avg_NatM:
-1.47890400000
# m_dev:
 0.00000000000 0.00000000000 0.00000000000 0.00000000000 0.00000000000 0.00000000000 0.00000000000 0.00000000000 0.00000000000 0.00000000000 0.00000000000 0.00000000000 0.00000000000 0.00000000000 0.00000000000 0.00000000000 0.00000000000 0.00000000000 0.00000000000 0.00000000000 0.00000000000 0.00000000000 0.00000000000 0.00000000000 0.00000000000 0.00000000000 0.00000000000 0.00000000000 0.00000000000 0.00000000000 0.00000000000 0.00000000000 0.00000000000 0.00000000000 0.00000000000 0.00000000000 0.00000000000 0.00000000000 0.00000000000 0.00000000000 0.00000000000 0.00000000000 0.00000000000 0.00000000000 0.00000000000 0.00000000000 0.00000000000 0.00000000000 0.00000000000 0.00000000000 0.00000000000 0.00000000000 0.00000000000 0.00000000000
# log_avg_GrowthK:
-1.60943800000
# log_avg_Linf:
4.88280200000
# GrowthK_dev:
 0.00000000000 0.00000000000 0.00000000000 0.00000000000 0.00000000000 0.00000000000 0.00000000000 0.00000000000 0.00000000000 0.00000000000 0.00000000000 0.00000000000 0.00000000000 0.00000000000 0.00000000000 0.00000000000 0.00000000000 0.00000000000 0.00000000000 0.00000000000 0.00000000000 0.00000000000 0.00000000000 0.00000000000 0.00000000000 0.00000000000 0.00000000000 0.00000000000 0.00000000000 0.00000000000 0.00000000000 0.00000000000 0.00000000000 0.00000000000 0.00000000000 0.00000000000 0.00000000000 0.00000000000 0.00000000000 0.00000000000 0.00000000000 0.00000000000 0.00000000000 0.00000000000 0.00000000000 0.00000000000 0.00000000000 0.00000000000 0.00000000000 0.00000000000 0.00000000000 0.00000000000 0.00000000000 0.00000000000
# Linf_dev:
 0.00000000000 0.00000000000 0.00000000000 0.00000000000 0.00000000000 0.00000000000 0.00000000000 0.00000000000 0.00000000000 0.00000000000 0.00000000000 0.00000000000 0.00000000000 0.00000000000 0.00000000000 0.00000000000 0.00000000000 0.00000000000 0.00000000000 0.00000000000 0.00000000000 0.00000000000 0.00000000000 0.00000000000 0.00000000000 0.00000000000 0.00000000000 0.00000000000 0.00000000000 0.00000000000 0.00000000000 0.00000000000 0.00000000000 0.00000000000 0.00000000000 0.00000000000 0.00000000000 0.00000000000 0.00000000000 0.00000000000 0.00000000000 0.00000000000 0.00000000000 0.00000000000 0.00000000000 0.00000000000 0.00000000000 0.00000000000 0.00000000000 0.00000000000 0.00000000000 0.00000000000 0.00000000000 0.00000000000
# SelPars50:
2.24463612113
# SelPars95:
4.07971673975
# SelPars_dev50:
 0.00000000000 0.00000000000 0.00000000000 0.00000000000 0.00000000000 0.00000000000 0.00000000000 0.00000000000 0.00000000000 0.00000000000 0.00000000000 0.00000000000 0.00000000000 0.00000000000 0.00000000000 0.00000000000 0.00000000000 0.00000000000 0.00000000000 0.00000000000 0.00000000000 0.00000000000 0.00000000000 0.00000000000 0.00000000000 0.00000000000 0.00000000000 0.00000000000 0.00000000000 0.00000000000 0.00000000000 0.00000000000 0.00000000000 0.00000000000 0.00000000000 0.00000000000 0.00000000000 0.00000000000 0.00000000000 0.00000000000 0.00000000000 0.00000000000 0.00000000000 0.00000000000 0.00000000000 0.00000000000 0.00000000000 0.00000000000 0.00000000000 0.00000000000 0.00000000000 0.00000000000 0.00000000000 0.00000000000
# SelPars_dev95:
 0.00000000000 0.00000000000 0.00000000000 0.00000000000 0.00000000000 0.00000000000 0.00000000000 0.00000000000 0.00000000000 0.00000000000 0.00000000000 0.00000000000 0.00000000000 0.00000000000 0.00000000000 0.00000000000 0.00000000000 0.00000000000 0.00000000000 0.00000000000 0.00000000000 0.00000000000 0.00000000000 0.00000000000 0.00000000000 0.00000000000 0.00000000000 0.00000000000 0.00000000000 0.00000000000 0.00000000000 0.00000000000 0.00000000000 0.00000000000 0.00000000000 0.00000000000 0.00000000000 0.00000000000 0.00000000000 0.00000000000 0.00000000000 0.00000000000 0.00000000000 0.00000000000 0.00000000000 0.00000000000 0.00000000000 0.00000000000 0.00000000000 0.00000000000 0.00000000000 0.00000000000 0.00000000000 0.00000000000
