#Simulated generalized assessment 
# 
#start/end year 
5 68 
#number of ages 
25 
#ages 
1 2 3 4 5 6 7 8 9 10 11 12 13 14 15 16 17 18 19 20 21 22 23 24 25 
#Number of length bins 
25 
#CPUE years 
64 
#years for CPUE 
5 6 7 8 9 10 11 12 13 14 15 16 17 18 19 20 21 22 23 24 25 26 27 28 29 30 31 32 33 34 35 36 37 38 39 40 41 42 43 44 45 46 47 48 49 50 51 52 53 54 55 56 57 58 59 60 61 62 63 64 65 66 67 68 
#survey years 
64 
#years for survey 
5 6 7 8 9 10 11 12 13 14 15 16 17 18 19 20 21 22 23 24 25 26 27 28 29 30 31 32 33 34 35 36 37 38 39 40 41 42 43 44 45 46 47 48 49 50 51 52 53 54 55 56 57 58 59 60 61 62 63 64 65 66 67 68 
#length freq from catch years 
64 
#years for length freq catch 
5 6 7 8 9 10 11 12 13 14 15 16 17 18 19 20 21 22 23 24 25 26 27 28 29 30 31 32 33 34 35 36 37 38 39 40 41 42 43 44 45 46 47 48 49 50 51 52 53 54 55 56 57 58 59 60 61 62 63 64 65 66 67 68 
#catch length sample sizes 
200 200 200 200 200 200 200 200 200 200 200 200 200 200 200 200 200 200 200 200 200 200 200 200 200 200 200 200 200 200 200 200 200 200 200 200 200 200 200 200 200 200 200 200 200 200 200 200 200 200 200 200 200 200 200 200 200 200 200 200 200 200 200 200 
#length freq from survey years 
64 
#years for length freq survey 
5 6 7 8 9 10 11 12 13 14 15 16 17 18 19 20 21 22 23 24 25 26 27 28 29 30 31 32 33 34 35 36 37 38 39 40 41 42 43 44 45 46 47 48 49 50 51 52 53 54 55 56 57 58 59 60 61 62 63 64 65 66 67 68 
#survey sample sizes 
200 200 200 200 200 200 200 200 200 200 200 200 200 200 200 200 200 200 200 200 200 200 200 200 200 200 200 200 200 200 200 200 200 200 200 200 200 200 200 200 200 200 200 200 200 200 200 200 200 200 200 200 200 200 200 200 200 200 200 200 200 200 200 200 
#total survey biomass 
4125988 1653737 3245816 2681924 1870858 1496958 1164971 1100881 1058243 997522.6 793064.2 779191.2 944480.3 712107.6 628760.4 701790.4 609314.2 800473.7 469249.9 667549.7 671658.2 610352 483846.7 464998.6 618018.1 365217.5 616055.3 602473.6 592752.5 421892.4 541028.3 675118.2 663363 332973.2 581574.5 488084.1 569577 534116.6 578244.5 747327.1 605733.6 688100.8 587723.8 406321.9 554246.2 791789.4 488828.4 585404 512566 635733.7 401298.8 587048.5 497276.2 433388.5 541576.6 424573.5 567747.3 704540.3 614645.6 550722 560406.8 423692.7 617138.8 464252.1 
#survey CV 
0.2 0.2 0.2 0.2 0.2 0.2 0.2 0.2 0.2 0.2 0.2 0.2 0.2 0.2 0.2 0.2 0.2 0.2 0.2 0.2 0.2 0.2 0.2 0.2 0.2 0.2 0.2 0.2 0.2 0.2 0.2 0.2 0.2 0.2 0.2 0.2 0.2 0.2 0.2 0.2 0.2 0.2 0.2 0.2 0.2 0.2 0.2 0.2 0.2 0.2 0.2 0.2 0.2 0.2 0.2 0.2 0.2 0.2 0.2 0.2 0.2 0.2 0.2 0.2 
#total CPUE 
2675283 2102032 2261157 2348462 1811183 2118752 1820439 1572337 1165803 1251776 711152.6 641345 691768.1 637055.3 550740.2 656679.3 568642.6 534970.9 624089.3 520923.2 625257.2 519173.5 589854.1 451054.1 408166 503628.9 801444.8 655606.1 502848.1 723190 526937 508878.3 408407.9 515738.8 832389.5 522749.7 593848.1 422362 476936 385579.8 532215.9 567793.2 889427.7 545479.1 399373.9 869863 530094.2 481576.7 665869.1 448982.3 563654.5 562575.1 642449.2 558463.4 336064.3 437196 734019.2 717208.1 713328.6 569742.5 393080.5 499871.7 359460.9 513580.6 
#CPUE CV 
0.2 0.2 0.2 0.2 0.2 0.2 0.2 0.2 0.2 0.2 0.2 0.2 0.2 0.2 0.2 0.2 0.2 0.2 0.2 0.2 0.2 0.2 0.2 0.2 0.2 0.2 0.2 0.2 0.2 0.2 0.2 0.2 0.2 0.2 0.2 0.2 0.2 0.2 0.2 0.2 0.2 0.2 0.2 0.2 0.2 0.2 0.2 0.2 0.2 0.2 0.2 0.2 0.2 0.2 0.2 0.2 0.2 0.2 0.2 0.2 0.2 0.2 0.2 0.2 
#total catch biomass 
256392.6 274009.4 290535.9 300098.2 294910.8 296792.2 288400.3 303356.7 258764.4 229654.2 226303.4 191129 183163 174823.8 144287.8 145653.2 128907.8 129783.4 123189.5 120416.3 112133 101371.9 103077.1 92891.52 104870.1 97514.27 97996.23 98744.12 100788.9 94857.2 90586.61 87563.55 91866.76 85070.38 83780.19 88151.19 81842.43 91607.96 78195.39 90450.84 97809.28 93290.28 95076.5 90043.88 101626.6 96156.9 121361.9 98383.78 90615.52 98986.78 93016.84 84267.14 97733.25 98714.02 85437.02 73514.47 67221.87 100386 107633.3 114987.6 114516.1 89794.93 80433.29 83169.66 
#catch CV 
0.05 0.05 0.05 0.05 0.05 0.05 0.05 0.05 0.05 0.05 0.05 0.05 0.05 0.05 0.05 0.05 0.05 0.05 0.05 0.05 0.05 0.05 0.05 0.05 0.05 0.05 0.05 0.05 0.05 0.05 0.05 0.05 0.05 0.05 0.05 0.05 0.05 0.05 0.05 0.05 0.05 0.05 0.05 0.05 0.05 0.05 0.05 0.05 0.05 0.05 0.05 0.05 0.05 0.05 0.05 0.05 0.05 0.05 0.05 0.05 0.05 0.05 0.05 0.05 
#Length Bins 
2.752644 8.257932 13.76322 19.26851 24.7738 30.27908 35.78437 41.28966 46.79495 52.30024 57.80552 63.31081 68.8161 74.32139 79.82667 85.33196 90.83725 96.34254 101.8478 107.3531 112.8584 118.3637 123.869 129.3743 134.8796 
#catch length counts 
104.6332 170.5093 258.2853 369.2311 503.6053 658.8451 827.9343 1000.093 1163.637 1308.781 1428.957 1521.175 1586.165 1628.051 1653.182 1668.418 1679.307 1688.072 1691.22 1677.519 1628.544 1524.162 1352.632 1120.402 854.3592 
127.6026 207.9022 314.8317 449.8463 613.096 801.1981 1005.247 1211.691 1405.884 1575.563 1712.518 1813.06 1878.234 1913.457 1927.104 1928.389 1925.081 1921 1913.128 1889.249 1828.606 1708.199 1514.293 1253.533 955.5544 
148.0633 241.0317 364.5863 520.2138 707.8719 923.4302 1156.361 1390.739 1609.354 1797.767 1946.259 2050.406 2111.339 2135.364 2132.403 2113.628 2088.917 2064.053 2037.471 1997.533 1923.051 1789.858 1582.997 1308.572 996.696 
165.9082 269.9692 408.1002 581.7691 790.6271 1029.646 1286.586 1543.234 1780.139 1981.195 2135.741 2239.027 2292.359 2302.656 2280.808 2239.247 2189.37 2138.728 2087.671 2026.385 1935.08 1790.274 1576.847 1300.004 988.5178 
185.4765 301.747 455.9801 649.6745 882.197 1147.558 1431.598 1713.436 1970.894 2185.75 2346.156 2447.122 2490.526 2484.408 2440.973 2373.91 2295.818 2215.616 2135.412 2047.554 1934.491 1774.486 1553.085 1274.787 966.4993 
197.0541 320.5102 484.1678 689.4885 935.5919 1215.814 1514.724 1809.707 2076.797 2296.338 2455.621 2549.412 2579.958 2556.142 2491.217 2399.824 2295.322 2187.446 2079.679 1966.74 1834.393 1664.305 1444.091 1177.734 888.8587 
218.2007 354.7422 535.5373 762.0048 1032.914 1340.59 1667.628 1988.697 2277.047 2510.826 2675.982 2766.816 2785.924 2743.244 2653.524 2532.997 2396.484 2255.065 2113.741 1969.295 1810.201 1620.992 1391.249 1124.985 843.6376 
234.7508 381.4427 575.4038 817.8828 1107.182 1434.597 1780.944 2118.618 2418.724 2657.961 2821.689 2904.359 2909.249 2847.299 2734.343 2587.594 2422.697 2251.579 2080.496 1908.327 1726.61 1523.333 1290.599 1032.566 767.9142 
242.1945 393.3099 592.8262 841.7492 1137.963 1472.061 1823.803 2164.317 2463.584 2697.654 2851.856 2921.162 2909.747 2829.567 2697.304 2530.662 2345.434 2153.664 1962.238 1771.752 1576.742 1368.816 1142.785 902.9055 664.6533 
251.0538 407.8418 614.9519 873.378 1180.668 1526.526 1889.203 2237.978 2541.184 2773.861 2921.086 2978.245 2950.433 2850.843 2697.45 2509.022 2302.033 2088.944 1877.215 1668.73 1460.31 1246.425 1024.107 797.7474 580.2457 
261.7179 424.8632 640.032 908.0253 1226.093 1583.386 1957.151 2315.213 2624.276 2857.968 3000.513 3047.203 3003.841 2884.936 2710.029 2499.303 2270.285 2036.156 1805.062 1579.985 1359.536 1140.404 921.3157 706.6671 507.103 
251.9611 408.9807 615.9724 873.5412 1178.74 1520.689 1877.001 2216.347 2506.619 2722.704 2849.868 2883.988 2830.904 2704.756 2524.577 2310.134 2078.707 1843.421 1612.689 1390.327 1176.467 969.6464 769.8169 580.8576 410.725 
241.5483 392.2509 591.0937 838.745 1132.374 1461.38 1803.93 2129.462 2406.614 2610.821 2727.707 2753.392 2693.838 2563.096 2379.886 2163.54 1930.974 1695.211 1464.979 1244.916 1036.439 839.4829 654.8015 485.7363 338.1252 
227.3886 369.1684 556.1631 788.9971 1065.082 1374.609 1697.23 2004.266 2266.03 2458.926 2568.751 2591.213 2531.53 2402.898 2223.227 2011.195 1783.273 1552.305 1327.2 1113.233 912.8598 727.1207 557.3525 406.3847 278.3259 
214.1459 347.5826 523.4793 742.3676 1001.786 1292.543 1595.605 1884.172 2130.511 2312.542 2416.819 2438.933 2383.174 2261.265 2089.552 1885.47 1664.781 1440.165 1220.838 1012.776 819.402 642.7142 484.5506 347.3846 234.0511 
203.7145 330.4928 497.4418 704.9664 950.6794 1225.89 1512.651 1785.692 2018.866 2191.373 2290.563 2312.255 2260.338 2145.531 1982.764 1788.003 1575.852 1358.387 1144.858 941.8326 753.6768 583.3423 433.2376 305.7047 202.717 
194.011 314.6441 473.3777 670.5073 903.6844 1164.603 1436.211 1694.563 1914.958 2077.841 2171.42 2191.891 2142.983 2034.734 1880.999 1696.474 1494.534 1286.313 1080.607 884.1163 701.824 537.4988 394.1615 274.2378 179.1917 
191.3299 310.1925 466.4775 660.3914 889.5474 1145.723 1412.126 1665.217 1880.76 2039.65 2130.471 2149.688 2101.142 1994.777 1844.136 1663.415 1465.374 1260.541 1057.304 862.3117 680.9151 517.5288 375.7971 258.4331 166.7157 
179.7243 291.2452 437.7299 619.2747 833.5693 1072.883 1321.501 1557.414 1757.976 1905.364 1988.993 2005.694 1959.221 1859.034 1717.896 1549.063 1364.298 1173.157 983.1789 800.4227 629.9987 476.3998 343.4912 234.1178 149.4704 
174.1207 282.2548 424.3832 600.6429 808.7943 1041.279 1282.749 1511.754 1706.277 1849.043 1929.833 1945.615 1900.061 1802.378 1665.001 1500.855 1321.378 1135.787 951.2694 773.5732 607.6416 457.9874 328.6283 222.5545 140.9744 
167.2331 270.9363 407.0908 575.7718 774.8662 997.2832 1228.539 1448.255 1635.351 1773.104 1851.45 1867.247 1823.896 1730.225 1598.235 1440.417 1267.825 1089.352 911.8908 740.9299 581.2041 437.1084 312.6326 210.7815 132.7615 
165.8291 268.628 403.5472 570.6107 767.6582 987.601 1216.07 1432.957 1617.583 1753.661 1831.441 1847.832 1805.995 1714.337 1584.445 1428.544 1257.594 1080.506 904.2269 734.2856 575.4432 432.1297 308.3903 207.2859 130.0408 
157.3111 254.7757 382.6374 540.8894 727.4737 935.6873 1151.94 1357.191 1531.839 1660.454 1733.853 1749.233 1709.727 1623.356 1501.007 1354.051 1192.652 1025.116 858.01 696.6499 545.6644 409.3727 291.7148 195.6663 122.4122 
156.0523 252.7828 379.7319 536.9239 722.3365 929.3188 1144.37 1348.579 1522.483 1650.749 1724.228 1740.079 1701.359 1616.011 1494.856 1349.189 1189.061 1022.637 856.3674 695.5228 544.7722 408.5348 290.8664 194.8333 121.6637 
151.3567 245.0781 367.9801 520.0467 699.3348 899.4957 1107.601 1305.47 1474.307 1599.216 1671.22 1687.436 1650.725 1568.721 1451.873 1311.116 1156.18 994.9655 833.6945 677.4553 530.7941 398.0694 283.3253 189.6448 118.2881 
147.218 238.4735 358.2416 506.5556 681.5312 876.9377 1080.107 1273.286 1438.201 1560.445 1631.364 1648.157 1613.497 1534.637 1421.585 1284.891 1134.013 976.6749 818.9878 665.9583 522.0758 391.6724 278.7995 186.5749 116.3082 
144.1788 233.4475 350.5128 495.3846 666.2727 857.2328 1056.078 1245.599 1407.936 1528.852 1599.667 1617.465 1584.778 1508.677 1398.922 1265.764 1118.377 964.2682 809.4231 658.7969 516.8751 388.0142 276.3101 184.9397 115.2765 
145.2299 235.2409 353.3693 499.6589 672.2893 865.1915 1065.984 1257.288 1421.192 1543.535 1615.738 1634.891 1603.397 1528.136 1418.717 1285.329 1137.159 981.7582 825.1681 672.4267 528.1419 396.8355 282.7938 189.3721 118.0692 
140.5686 227.5823 341.6728 482.8474 649.3785 835.5182 1029.463 1214.535 1373.419 1492.315 1562.803 1582.025 1552.359 1480.524 1375.796 1247.903 1105.544 955.8619 804.6035 656.6227 516.4272 388.4995 277.1332 185.7292 115.8643 
137.2178 222.3102 334.0405 472.4969 636.0095 818.8882 1009.467 1191.342 1347.58 1464.77 1534.751 1554.707 1526.841 1457.579 1355.897 1231.286 1092.251 945.7468 797.3447 651.7561 513.4133 386.8009 276.2803 185.3602 115.7351 
133.948 216.9491 325.8859 460.8607 620.3375 798.9474 985.5248 1164.2 1318.404 1434.813 1505.148 1526.416 1500.662 1434.154 1335.674 1214.483 1078.858 935.5704 790.0452 646.8839 510.4473 385.2034 275.5609 185.1282 115.7232 
127.2594 206.1401 309.6942 438.0327 589.7066 759.6283 937.2292 1107.523 1254.912 1366.869 1435.558 1457.982 1435.784 1374.579 1282.463 1168.133 1039.475 902.9831 763.8792 626.5924 495.3374 374.4697 268.3373 180.5557 113.0204 
154.3301 244.0993 355.6354 485.4826 630.4645 786.7203 947.2661 1101.2 1235.765 1339.432 1404.009 1425.611 1404.976 1346.941 1258.922 1149.021 1024.658 892.0334 756.2205 621.5984 492.3823 372.961 267.7503 180.4699 113.1424 
157.9141 254.4704 379.2251 529.9662 701.477 883.426 1059.523 1211.118 1323.867 1392.133 1417.979 1406.943 1364.732 1296.355 1206.559 1100.158 981.9343 856.38 727.5996 599.466 475.9431 361.3009 259.9126 175.519 110.2278 
156.0887 251.8736 376.4703 529.0809 706.8622 902.3383 1100.936 1282.195 1424.981 1513.482 1541.006 1510.925 1434.931 1328.827 1207.298 1080.306 952.6263 825.7562 700.2481 577.25 459.1002 349.27 251.8145 170.4068 107.2221 
157.9551 254.7382 380.4959 534.4239 713.9017 912.1378 1115.901 1306.63 1464.867 1574.702 1626.044 1615.592 1547.664 1434.011 1291.211 1136.148 981.7484 835.0679 698.1594 570.604 452.056 343.6521 247.9988 168.1067 105.9734 
160.082 257.9841 384.9796 540.0992 720.5691 919.5088 1123.75 1315.116 1475.061 1589.098 1648.528 1650.296 1596.713 1495.247 1357.618 1197.951 1030.312 866.2078 712.9531 573.6627 448.8295 338.4217 243.1967 164.6239 103.809 
157.8977 254.5194 379.8968 533.0595 711.1848 907.3094 1108.221 1295.844 1451.989 1562.887 1620.932 1624.336 1576.309 1484.057 1357.36 1207.115 1044.306 879.2154 720.4739 574.1796 443.7156 330.5143 235.1878 158.1445 99.3521 
155.3776 250.4527 373.8266 524.5638 699.9254 893.1082 1091.134 1276.159 1430.13 1539.303 1596.135 1599.133 1552.102 1462.919 1341.608 1198.378 1042.542 882.3778 725.2641 577.5193 444.0124 327.959 231.0932 153.9618 96.0089 
159.9199 257.6683 384.396 539.0758 718.8663 916.8174 1119.7 1309.321 1467.242 1579.389 1637.962 1641.333 1593.38 1502.354 1378.885 1233.734 1076.324 914.4292 754.5927 602.5806 463.4767 341.4264 239.2692 158.2594 97.93535 
159.8119 257.585 384.4306 539.3432 719.4359 917.6253 1120.498 1309.718 1466.844 1577.964 1635.537 1638.175 1589.89 1498.969 1376.055 1231.953 1076.092 916.0685 757.9819 607.032 467.9426 344.9531 241.3959 159.0994 97.94773 
157.3671 253.638 378.5385 531.1023 708.5381 903.9429 1104.163 1291.121 1446.517 1556.427 1613.223 1615.477 1567.275 1477.03 1355.488 1213.47 1060.327 903.4739 748.7056 600.8188 464.1511 342.7446 240.0126 158.0654 97.08608 
161.7714 260.8311 389.4507 546.6915 729.7036 931.3561 1138.054 1331.141 1491.77 1605.605 1664.753 1667.625 1618.268 1525.251 1399.685 1252.892 1094.734 933.0075 773.6929 621.5857 480.9303 355.7139 249.4251 164.3659 100.918 
160.9195 259.2665 386.7611 542.3737 723.2641 922.4721 1126.718 1317.697 1476.811 1589.811 1648.765 1651.997 1603.452 1511.574 1387.333 1241.936 1085.201 924.9492 767.1915 616.6883 477.5589 353.6269 248.2664 163.7712 100.6095 
160.5489 258.848 386.4567 542.4087 723.8189 923.5403 1128.029 1318.788 1477.239 1589.379 1647.609 1650.491 1602.009 1510.481 1386.691 1241.699 1085.255 925.1889 767.5643 617.1898 478.1914 354.3536 249.0012 164.412 101.0864 
163.2722 263.1787 392.8265 551.2418 735.5636 938.6629 1146.911 1341.534 1503.488 1618.23 1677.746 1680.483 1630.655 1537.007 1410.738 1263.162 1104.122 941.4641 781.273 628.412 487.0796 361.1254 253.923 167.7863 103.2399 
218.1598 351.2129 523.3543 732.9014 975.7 1242.074 1513.947 1766.698 1975.65 2122.299 2196.776 2197.484 2130.072 2005.93 1839.647 1646.034 1437.985 1225.707 1017.009 818.0683 634.2162 470.3761 330.894 218.7684 134.6927 
186.7418 300.5367 447.5973 626.2642 832.6204 1057.885 1286.046 1495.659 1665.662 1780.871 1834.028 1825.206 1760.527 1650.545 1507.928 1344.996 1172.111 997.2536 826.3976 664.2119 514.73 381.7234 268.5694 177.6193 109.4051 
175.3467 282.9853 422.9643 594.2394 793.3806 1011.889 1233.921 1438.159 1603.545 1714.727 1764.217 1752.041 1684.624 1573.119 1430.854 1270.601 1102.784 935.0478 772.7662 619.8947 479.7642 355.5233 250.0503 165.3655 101.8751 
191.4755 308.598 460.5412 646.1305 861.966 1099.594 1342.806 1569.134 1755.534 1884.124 1944.909 1936.106 1863.604 1739.45 1578.995 1397.547 1207.947 1019.674 839.1604 670.7331 517.6564 382.838 268.9145 177.7107 109.4449 
186.3585 300.0872 447.2893 626.5293 834.1874 1061.825 1293.74 1508.605 1685.061 1807.038 1865.826 1859.791 1793.657 1677.486 1524.699 1349.482 1164.589 980.1511 803.4632 639.4562 491.5224 362.2669 253.7955 167.4085 102.9771 
164.1918 264.7106 395.151 554.4131 739.3172 942.1821 1148.682 1339.453 1495.262 1601.913 1652.15 1645.277 1586.179 1484.013 1350.261 1196.627 1033.585 869.7773 711.9386 565.0781 432.8213 317.8017 221.8636 145.9158 89.55404 
185.3486 298.7185 445.7653 625.2906 833.8908 1063.239 1297.555 1515.185 1694.208 1817.951 1877.393 1871.146 1804.651 1688.681 1536.804 1362.596 1177.812 991.8544 812.0466 644.1025 492.4987 360.6747 251.0094 164.5595 100.7038 
193.2167 310.9615 463.1751 648.2599 862.4049 1096.889 1335.531 1556.341 1737.281 1861.839 1921.254 1914.259 1846.2 1727.708 1572.398 1394.15 1205.11 1014.946 831.0438 659.0972 503.6511 368.3554 255.8397 167.3061 102.1071 
173.5483 279.5654 416.8654 584.077 777.6444 989.3288 1203.993 1401.332 1561.344 1669.489 1718.622 1708.485 1644.599 1536.85 1397.383 1238.306 1070.11 901.1436 737.8183 585.0986 446.973 326.6912 226.6484 147.9782 90.13024 
143.9665 232.2511 346.9986 487.3919 650.7875 830.5333 1014.014 1183.979 1323.054 1418.13 1462.28 1454.728 1400.157 1307.437 1187.539 1051.263 907.7369 764.0139 625.3714 495.8538 378.7341 276.7266 191.8699 125.1533 76.12892 
130.9245 211.2265 315.6659 443.6477 593.0631 758.3193 928.4721 1088.223 1221.752 1316.542 1365.166 1365.538 1320.694 1238.01 1127.492 999.6091 863.6282 726.8831 594.8291 471.504 360.0469 263.0055 182.2915 118.8407 72.23198 
183.2036 294.8964 439.4156 615.4807 819.9227 1045.153 1276.637 1494.195 1677.115 1809.168 1880.7 1888.592 1835.834 1730.744 1585.243 1412.542 1225.179 1033.9 847.3108 672.0511 513.2392 374.8491 259.7355 169.2612 102.8237 
220.8677 354.7958 527.1494 735.5608 975.255 1236.191 1500.319 1743.556 1942.354 2079.827 2147.795 2145.764 2079.348 1958.693 1796.44 1605.592 1398.147 1184.651 974.2231 774.6582 592.5067 433.0606 300.1272 195.5551 118.7563 
242.6738 390.1972 580.3329 810.3681 1074.424 1360.14 1645.84 1903.301 2105.771 2235.329 2285.256 2258.539 2165.347 2020.279 1839.144 1636.073 1422.167 1205.833 993.9101 792.6149 607.908 445.2638 309.0111 201.4887 122.3874 
241.008 387.9057 577.6687 807.8542 1072.714 1359.719 1646.595 1904.041 2103.829 2226.501 2264.376 2220.753 2107.753 1943.269 1746.827 1535.5 1321.646 1112.964 914.0614 728.3172 559.1479 410.3116 285.3139 186.3386 113.311 
194.9363 314.2716 469.0411 657.7046 875.9771 1113.866 1353.164 1569.573 1739.215 1844.879 1878.659 1841.754 1743.291 1598.315 1424.501 1238.419 1052.872 876.0501 712.2551 563.4422 430.7853 315.6257 219.5112 143.5139 87.3826 
172.9854 279.1751 417.2947 586.3737 783.1327 999.2902 1219.185 1421.409 1584.297 1691.329 1733.599 1710.039 1626.899 1496.45 1334.423 1156.804 977.2168 805.5626 647.8699 507.0626 384.2079 279.6844 193.7637 126.4604 76.97594 
172.0699 277.1556 413.2937 579.3062 772.0592 983.9725 1200.611 1401.986 1567.557 1681.225 1733.596 1722.225 1651.307 1530.814 1374.529 1197.433 1013.426 833.8859 666.9962 517.7664 388.6271 280.3379 192.755 125.1174 75.89975 
#survey length counts 
1951.761 3197.836 4865.7 6961.117 9434.54 12141.73 14835.74 17230.91 19109.83 20392.91 21126.95 21424.91 21413.66 21211.11 20920.28 20625.2 20382.58 20205.79 20040.27 19741.06 19079.62 17808.38 15779.26 13058.44 9952.642 
1929.444 3159.794 4804.916 6869.183 9302.293 11960.48 14598.43 16932.13 18744.29 19953.23 20602.01 20799.57 20669.64 20328.66 19880.51 19413.07 18990.69 18639.05 18321.41 17916.37 17222.44 16015.75 14157.75 11700.04 8910.026 
1903.475 3117.167 4739.567 6773.981 9168.76 11778.89 14358.48 16623.87 18358.89 19483.15 20040.55 20139.72 19902.49 19442.11 18859.07 18239.5 17649.84 17124.26 16643.24 16112.04 15362.11 14199.76 12500.52 10302.78 7832.825 
1869.485 3062.179 4656.998 6656.99 9010.234 11571.67 14095.76 16299.28 17965.81 19013.93 19486.56 19492.11 19152.92 18582.41 17879.74 17128.45 16393.24 15711.4 15075.85 14416.33 13598.28 12461.86 10901.14 8944.995 6780.556 
1828.44 2995.194 4555.415 6511.752 8812.418 11313.57 13772.17 15907.78 17505.4 18482.88 18880.81 18805.3 18377.42 17710.3 16902.95 16038.01 15178.93 14364.11 13594.78 12820.49 11937.67 10820.15 9383.159 7649.973 5772.481 
1783.311 2921.408 4443.32 6351.335 8594.136 11029.92 13419.46 15486.69 17019.51 17935.89 18274.16 18137.2 17643.09 16902.74 16013.59 15057.1 14096.15 13170.62 12288.65 11416.06 10475.57 9371.019 8038.086 6497.48 4871.542 
1733.485 2839.56 4318.177 6170.768 8345.988 10703.78 13008.88 14990.45 16440.85 17280.47 17548.11 17345.91 16790.58 15990.97 15041.78 14021.29 12989.65 11986.26 11024.06 10082.14 9105.746 8025.142 6794.814 5434.328 4040.614 
1682.985 2756.062 4189.532 5983.692 8087.166 10362.03 12577.65 14468.96 15833.01 16592.46 16786.48 16517.13 15901.17 15047.32 14049.21 12982.7 11904.72 10852.56 9841.198 8859.178 7869.482 6824.117 5693.508 4496.651 3309.347 
1621.199 2656.935 4042.433 5778.57 7814.941 10015.56 12153.31 13967.51 15258.88 15951.7 16085.08 15760.3 15093.69 14193.91 13154.57 12050.94 10938.66 9853.815 8812.554 7809.798 6821.344 5815.515 4774.926 3717.992 2703.638 
1558.551 2553.541 3883.791 5549.711 7502.6 9611.682 11658.38 13391.07 14615.93 15257.15 15349.68 14990.04 14291.59 13362.29 12296.21 11169.25 10037.14 8935.976 7883.272 6878.725 5907.382 4949.28 3995.561 3063.345 2197.677 
1494.493 2448.438 3723.403 5319.016 7187.156 9200.337 11146.69 12783.38 13924.57 14499.3 14543.56 14152 13434.36 12494.49 11423.14 10294.18 9162.628 8064.96 7020.476 6033.027 5094.676 4193.781 3326.966 2509.17 1773.74 
1427.533 2339.86 3560.339 5089.17 6880.337 8810.986 10676.56 12242.23 13327.64 13862.93 13881.79 13475.44 12750.69 11809.2 10739.76 9614.499 8487.357 7394.916 6358.345 5385.473 4474.245 3619.275 2820.793 2091.46 1455.446 
1366.04 2238.273 3404.378 4864.319 6574.38 8418.02 10200.89 11699.21 12739.94 13254.15 13270.9 12874.46 12165.25 11240.41 10186.24 9073.901 7957.357 6874.063 5847.192 4888.113 3999.7 3181.586 2436.705 1775.764 1215.801 
1312.689 2150.057 3268.702 4668.08 6305.967 8070.732 9776.62 11210.05 12206.26 12699.93 12718.8 12342.16 11663.49 10772.78 9750.386 8663.828 7565.971 6495.36 5477.901 4528.972 3656.251 2863.885 2157.245 1545.735 1041.089 
1269.024 2077.315 3155.839 4503.338 6078.73 7774.64 9412.824 10788.51 11743.97 12217.17 12235.44 11875.21 11225.72 10371.73 9387.935 8336.675 7267.205 6216.824 5212.752 4273.85 3412.545 2637.592 1957.15 1380.245 914.9339 
1233.137 2017.651 3063.439 4368.594 5892.738 7531.558 9112.467 10437.61 11355.15 11806.34 11819.05 11468.32 10840.79 10017.75 9069.831 8055.009 7018.553 5994.93 5010.495 4085.597 3236.104 2474.915 1813.286 1260.87 823.572 
1202.744 1967.367 2986.032 4256.478 5739.056 7332.036 8867.396 10152.68 11040.44 11474.04 11481.42 11136.47 10524.23 9724.061 8804.259 7820.074 6813.772 5817.027 4854.327 3945.802 3108.981 2359.67 1711.907 1176.588 758.7365 
1179.445 1927.914 2923.613 4163.41 5607.904 7157.549 8648.542 9893.54 10749.32 11161.5 11158.38 10813.17 10209.76 9426.19 8529.254 7572.384 6595.674 5628.386 4692.78 3807.601 2990.352 2258.104 1626.659 1108.06 707.164 
1157.431 1892.442 2870.732 4089.427 5509.752 7033.482 8499.023 9721.749 10560.78 10963 10956.77 10614.49 10018.84 9246.639 8363.643 7422.522 6462.684 5512.536 4593.268 3722.641 2917.741 2196.052 1574.354 1065.569 674.7167 
1142.512 1866.669 2829.151 4026.527 5420.683 6915.914 8354.772 9556.942 10384.17 10783.39 10781.04 10447.07 9862.212 9102.117 8231.936 7304.018 6357.553 5420.689 4514.234 3655.476 2861.157 2148.77 1535.474 1034.636 651.4223 
1131.335 1848.198 2800.703 3985.163 5363.488 6840.621 8260.662 9445.639 10259.91 10652.52 10650.88 10324.35 9751.666 9005.837 8149.668 7234.128 6298.039 5369.803 4470.64 3618.145 2829.249 2121.637 1512.745 1016.207 637.2753 
1124.321 1835.919 2780.558 3954.071 5318.385 6779.292 8182.541 9352.076 10153.78 10537.57 10531.31 10204.71 9636.714 8899.933 8055.978 7154.047 6231.219 5314.739 4425.41 3580.96 2798.691 2096.691 1492.727 1000.655 625.7879 
1118.549 1826.811 2767.357 3936.23 5295.628 6751.724 8150.815 9317.498 10118.19 10503.02 10499.6 10177.11 9613.925 8882.245 8043.479 7146.633 6228.421 5315.55 4428.356 3584.435 2801.375 2097.846 1492.263 998.992 623.5836 
1117.574 1824.192 2761.524 3925.13 5277.281 6725.063 8116.373 9277.475 10075.79 10461.47 10461.43 10143.91 9586.479 8860.763 8027.799 7136.347 6222.923 5314.011 4429.681 3587.325 2804.543 2100.306 1493.539 999.1229 622.951 
1116.085 1822.32 2759.682 3923.941 5277.296 6726.405 8118.591 9279.834 10077.92 10463.93 10465.77 10152.07 9599.903 8879.858 8051.842 7163.866 6252.167 5343.281 4457.453 3612.278 2825.621 2116.856 1505.455 1006.876 627.4341 
1120.197 1827.975 2766.372 3930.78 5283.57 6732.297 8125.588 9290.418 10094.61 10488.28 10497.93 10191.15 9644.626 8929.01 8104.252 7218.135 6306.519 5395.671 4505.848 3654.932 2861.286 2144.926 1526.053 1020.823 636.0573 
1122.45 1832.449 2774.563 3944.483 5304.356 6760.817 8161.155 9331.339 10139.23 10536.02 10549.55 10248.01 9707.574 8997.662 8177.025 7292.731 6380.395 5466.3 4570.848 3712.228 2909.336 2182.964 1554.235 1040.188 648.289 
1129.72 1843.078 2788.423 3960.887 5322.513 6780.428 8182.704 9355.786 10167.31 10567.68 10584.06 10284.56 9745.992 9038.491 8221 7340.034 6430.239 5516.975 4620.095 3757.686 2948.955 2215.355 1578.894 1057.533 659.4772 
1134.316 1851.69 2803.463 3985.238 5358.816 6830.053 8244.993 9428.237 10246.73 10651.54 10671.07 10374.27 9837.943 9131.738 8314.206 7431.772 6519.086 5601.367 4698.178 3827.417 3008.46 2263.394 1615.234 1083.06 675.9871 
1142.962 1864.96 2822.125 4009.903 5390.382 6870.164 8296.06 9492.776 10326.25 10745.64 10777.32 10488.98 9957.308 9252.562 8434.006 7548.474 6630.722 5705.947 4793.677 3911.851 3080.102 2321.141 1658.988 1113.909 696.0421 
1154.112 1883.065 2849.329 4048.189 5441.255 6934.231 8372.767 9580.692 10423.95 10852.53 10893.69 10615.12 10092.3 9393.879 8577.855 7690.671 6767.381 5833.732 4909.767 4013.867 3166.205 2390.304 1711.325 1150.84 720.1106 
1368.778 2178.855 3196.202 4385.251 5693.905 7041.514 8309.268 9360.79 10088.91 10451.4 10469.12 10198.08 9702.959 9044.178 8273.734 7433.58 6555.624 5663.733 4777.051 3913.61 3093.427 2339.945 1678.384 1130.631 708.5682 
1411.395 2291.806 3443.109 4842.184 6418.189 8029.367 9468.261 10523.84 11071.98 11123.85 10794.91 10228.16 9533.844 8773.563 7974.709 7149.693 6307.565 5458.267 4613.719 3788.606 3001.542 2275.452 1635.493 1103.831 692.9649 
1400.008 2275.541 3426.243 4839.168 6460.939 8171.194 9775.899 11051.71 11825.5 12034.06 11728.09 11033.3 10101.87 9072.676 8044.818 7068.193 6152.451 5286.653 4457.852 3661.758 2905.812 2207.59 1590.224 1075.529 676.4918 
1394.838 2265.896 3409.559 4812.852 6424.345 8129.49 9745.342 11063.8 11925.1 12266.74 12117.28 11557.96 10691.28 9627.795 8477.154 7333.035 6257.475 5275.586 4384.334 3569.442 2820.99 2141.294 1543.85 1045.899 659.0861 
1398.026 2269.526 3412.03 4811.39 6415.359 8109.508 9712.612 11020.72 11881.45 12242.38 12141.3 11660.92 10890.57 9912.945 8805.976 7644.878 6497.878 5417.443 4433.318 3553.415 2773.181 2087.669 1498.747 1013.897 639.097 
1400.023 2273.186 3418.175 4820.685 6427.685 8123.185 9723.977 11024.73 11873.68 12222.08 12114.61 11642.34 10900.75 9971.527 8921.219 7805.702 6674.875 5574.36 4542.748 3606.925 2780.535 2067.854 1469.936 987.7655 620.292 
1403.308 2278.301 3425.516 4830.634 6440.727 8139.946 9744.997 11049.92 11901.67 12250.18 12139.79 11663.47 10921.15 9999.843 8968.87 7880.97 6776.51 5689.362 4650.953 3690.143 2830.347 2087.32 1469.321 978.265 609.7743 
1411.549 2290.902 3443.022 4853.11 6467.912 8171.502 9780.678 11089.6 11945.25 12297.38 12189.81 11714.96 10972.73 10051.42 9022.809 7941.717 6847.983 5771.254 4736.764 3769.071 2892.251 2127.393 1489.394 984.4923 608.9727 
1415.369 2297.937 3455.053 4872.086 6495.229 8207.021 9822.041 11132.51 11984.85 12329.98 12214.05 11731.73 10984.3 10060.49 9032.194 7954.477 6867.216 5798.986 4772.32 3808.334 2928.945 2155.904 1507.227 992.7563 610.9242 
1419.738 2304.787 3464.974 4885.669 6513.217 8230.377 9851.733 11168.94 12027.15 12375.65 12259.34 11772.77 11018.44 10087.12 9052.702 7971.565 6884.05 5818.283 4795.415 3834.479 2955.404 2179.118 1524.498 1003.363 616.0266 
1419.574 2305.627 3468.296 4893.578 6528.008 8253.845 9884.627 11210.9 12077.14 12432.34 12321.16 11837.6 11083.41 10149.01 9108.834 8020.662 6926.492 5855.634 4829.442 3866.152 2984.397 2204.094 1544.026 1016.852 624.077 
1426.644 2315.236 3479.322 4903.932 6535.372 8256.761 9883.26 11206.94 12072.91 12429.76 12321.18 11840.26 11088.24 10155.31 9115.744 8027.365 6932.511 5861.116 4835.076 3872.687 2992.045 2212.281 1551.664 1022.938 628.1669 
1427.504 2318.302 3486.9 4918.885 6560.037 8291.474 9925.418 11251.53 12114.47 12464.72 12348.95 11862.7 11108 10174.38 9134.906 8046.349 6950.601 5877.677 4849.857 3885.804 3003.714 2222.529 1560.26 1029.582 632.7686 
1429.116 2320.473 3489.469 4921.783 6563.756 8297.535 9936.347 11269.99 12141.78 12499.68 12387.96 11901.24 11142.59 10203.71 9159.533 8067.635 6969.664 5895 4865.459 3899.562 3015.56 2232.447 1568.234 1035.614 636.9629 
1430.508 2322.74 3492.834 4926.307 6569.179 8303.148 9941.087 11272.87 12142.55 12499.1 12387.5 11902.08 11144.85 10206.42 9161.455 8068.12 6968.96 5893.9 4864.741 3899.653 3016.503 2234.027 1570.117 1037.456 638.4993 
1430.508 2322.74 3492.834 4926.307 6569.179 8303.148 9941.087 11272.87 12142.55 12499.1 12387.5 11902.08 11144.85 10206.42 9161.455 8068.12 6968.96 5893.9 4864.741 3899.653 3016.503 2234.027 1570.117 1037.456 638.4993 
1429.245 2318.322 3481.319 4901.187 6521.062 8220.002 9809.222 11078.87 11876.16 12156.55 11973.89 11431.72 10639 9689.364 8656.462 7594.49 6540.74 5519.943 4549.399 3643.533 2817.057 2086.047 1466.294 969.1484 596.7124 
1407.13 2288.58 3448.133 4872.552 6506.873 8228.744 9844.804 11138.95 11952.24 12235.49 12040.34 11471.32 10641.78 9652.178 8583.409 7495.232 6427.55 5404.781 4441.911 3550.2 2741.195 2028.273 1425.175 941.9271 580.0505 
1393.641 2264.299 3407.76 4811.091 6422.544 8126.65 9739.038 11050.49 11902.26 12237 12092.91 11561.42 10748.04 9752.441 8660.631 7540.695 6441.057 5392.528 4413.25 3514.561 2706.034 1998.241 1402.253 926.0963 570.1162 
1389.172 2254.821 3389.038 4776.846 6364.751 8036.812 9610.487 10881.38 11698.24 12012.08 11866.83 11353.86 10572 9610.463 8545.82 7441.541 6347.172 5298.474 4319.306 3424.999 2626.344 1932.709 1352.671 891.6815 548.2693 
1379.292 2240.469 3370.464 4754.97 6340.288 8009.026 9576.319 10835.63 11635.1 11927.63 11761.63 11234.25 10449.01 9496.225 8449.001 7364.392 6285.827 5246.142 4270.212 3376.815 2580.22 1891.576 1319.213 867.0573 531.9198 
1371.633 2228.375 3353.229 4732.989 6315.953 7987.584 9565.93 10845.77 11673.35 11996.2 11855.96 11344.67 10564.69 9608.961 8554.795 7462.252 6375.229 5325.238 4335.994 3426.778 2614.009 1911.398 1328.906 870.6573 532.5825 
1372.025 2226.223 3344.647 4712.127 6275.795 7921.598 9470.016 10719.82 11521.86 11827.74 11681.38 11174.46 10406.5 9466.702 8429.448 7353.598 6282.981 5248.971 4274.499 3377.872 2575.144 1880.517 1304.819 852.7398 520.2095 
1366.922 2219.113 3335.856 4701.923 6263.22 7903.054 9438.588 10666.25 11437.29 11707.16 11526.04 10992.08 10209.24 9267.836 8240.376 7182.165 6133.393 5122.643 4171.004 3295.563 2511.574 1832.874 1270.325 828.8563 504.6234 
1357.009 2204.728 3317.659 4682.276 6246.355 7894.812 9445.53 10693.9 11487.71 11777.04 11606.67 11072 10278.16 9319.86 8274.855 7202.319 6143.915 5127.722 4173.414 3296.688 2511.883 1832.45 1269.249 827.3629 503.0553 
1356.521 2203.278 3314.643 4677.781 6242.595 7897.861 9466.288 10747.06 11588.33 11935.67 11825.2 11341.84 10581.8 9635.048 8579.911 7480.532 6385.573 5329.573 4336.6 3424.566 2608.626 1902.512 1317.297 858.21 521.3968 
1372.948 2227.448 3346.408 4715.663 6284.739 7943.603 9517.689 10809.87 11672.02 12052.31 11986.78 11556.44 10849.71 9946.739 8917.209 7820.712 6706.755 5615.139 4577.16 3617.485 2756.186 2009.948 1391.335 906.1063 550.2145 
1392.318 2256.131 3383.759 4757.62 6322.721 7963.839 9501.775 10737.72 11527.57 11830.07 11696.16 11221.12 10502.02 9619.366 8635.315 7597.236 6542.08 5500.567 4500.126 3566.058 2721.438 1986.19 1375.199 895.4894 543.5888 
1386.136 2249.737 3380.4 4761.195 6334.785 7979.465 9506.453 10707.72 11434.57 11648.73 11411.7 10834.57 10031.65 9097.724 8102.467 7092.035 6094.33 5126.744 4203.617 3340.801 2556.613 1869.93 1296.527 844.884 512.9924 
1357.703 2206.061 3319.432 4682.721 6240.168 7870.874 9385.624 10574.02 11282.55 11466.63 11182.77 10542.1 9666.009 8662.301 7615.565 6583.689 5599.275 4676.278 3819.381 3032.333 2322.655 1701.912 1182.338 771.7214 469.0931 
1319.195 2144.988 3230.46 4562.144 6086.801 7687.176 9178.598 10354.56 11062.4 11253.82 10977.87 10337.25 9447.504 8415.957 7333.003 6267.032 5262.105 4340.241 3507.889 2764.188 2108.106 1542.109 1071.431 700.0427 426.0656 
1284.66 2090.061 3150.461 4454.627 5953.345 7535.55 9024.183 10219.13 10969.35 11221.31 11012.95 10433.39 9585.872 8569.724 7473.538 6370.715 5315.914 4344.11 3472.854 2707.198 2045.917 1486.826 1028.965 671.1004 408.318 
1275.728 2071.265 3114.476 4392.56 5857.664 7404.527 8865.779 10051.82 10818.83 11114.41 10971.2 10468.04 9695.207 8739.01 7677.844 6580.409 5503.562 4490.704 3571.207 2761.372 2067.263 1488.699 1022.477 663.2212 402.1447 
