# Number of parameters = 167 Objective function value = 81569.0  Maximum gradient component = 0.000539492
# srv_sel50:
1.61836742075
# srv_sel95:
2.83137447965
# stNatLen:
 11.8762230045 11.7043957975 11.4501699122 11.2308504015 11.0509191180 10.8756194648 10.6747791019 10.4387191369 10.1756193941 9.90087466704 9.62875757385 9.36924645655 9.12811718860 8.90811273724 8.71004593762 8.53368425089 8.37825016190 8.24280632628 8.12639343600 8.02821492233 7.94753510460 7.88371533430 7.83628945938 7.80486236430 7.78920509678
# log_avg_fmort_dir:
-1.62420825811
# fmort_dir_dev:
 -2.05112159607 -2.00412556769 -1.39750690145 -1.14195078049 -0.778250066946 -0.657813810292 -0.341093476602 -0.220976795923 -0.151034015837 0.0268727499699 0.0599775632786 0.188641292092 0.237032650544 0.318786692937 0.393662161263 0.426835564365 0.427928874456 0.402069921385 0.470513001394 0.344781611353 0.204983052967 0.222896336825 0.379580767222 0.262503014128 0.222242661448 0.142164361094 0.120533013963 0.146179062788 0.128269479183 0.0816177826288 0.00538820718775 0.0619828480387 0.112887665957 0.0524864665008 -0.0527269165102 0.0574987346694 0.0361581520950 0.147442828356 0.170504655981 0.0537205585255 -0.00683983367985 -0.00156308015704 -0.0210432319171 0.0755945329743 -0.0105823068470 0.0398827990911 0.0709517973784 0.0257517185068 0.0269011272237 0.100303020626 0.338292502377 0.143452265025 0.0709026378752 0.290034499439 0.177487906985 0.232733137251 0.0470453672862 -0.0835995419602 -0.148023677666 0.183614137754 0.168417017535 0.304703717812 0.411884735255 0.365473710074 0.0608584972505 0.229239581123 -0.190220164859 -0.0111946765295
# mean_log_rec:
11.3232251719
# rec_dev:
 0.605028014170 0.577429081536 0.567980597108 0.557915888620 0.534389557871 0.491504034696 0.459160988150 0.432901322766 0.408392792194 0.380756473784 0.355746734666 0.314770083133 0.282115807723 0.258228744709 0.227576096425 0.183803745694 0.128932890631 0.0712671355960 0.0303750467450 0.0228468615163 -0.00441253130977 -0.0272178984217 -0.0341819322716 -0.0591991692267 -0.0928885128932 -0.102697720620 -0.106995506810 -0.129563575027 -0.144413127823 -0.168123320474 -0.210392107146 -0.257998873328 -0.300033108699 -0.309785021080 -0.213504138767 -0.134822583725 -0.150196713158 -0.195196975869 -0.218941493684 -0.207179642836 -0.187502911781 -0.180915631679 -0.182353208445 -0.176280385995 -0.163699635113 -0.170911307466 -0.154316869423 -0.142886339041 -0.142594477362 -0.133139924984 -0.134004679388 -0.144861177643 -0.139975023974 -0.130478754903 -0.125315301955 -0.114980017807 -0.121148657519 -0.136103625299 -0.146234366903 -0.141244808916 -0.133183605704 -0.130180207176 -0.136209658163 -0.128041715340 -0.108491342455 -0.0716939074216 -0.0733152322068 -0.0733151704996
# log_avg_NatM:
-1.49137100000
# m_dev:
 0.00000000000 0.00000000000 0.00000000000 0.00000000000 0.00000000000 0.00000000000 0.00000000000 0.00000000000 0.00000000000 0.00000000000 0.00000000000 0.00000000000 0.00000000000 0.00000000000 0.00000000000 0.00000000000 0.00000000000 0.00000000000 0.00000000000 0.00000000000 0.00000000000 0.00000000000 0.00000000000 0.00000000000 0.00000000000 0.00000000000 0.00000000000 0.00000000000 0.00000000000 0.00000000000 0.00000000000 0.00000000000 0.00000000000 0.00000000000 0.00000000000 0.00000000000 0.00000000000 0.00000000000 0.00000000000 0.00000000000 0.00000000000 0.00000000000 0.00000000000 0.00000000000 0.00000000000 0.00000000000 0.00000000000 0.00000000000 0.00000000000 0.00000000000 0.00000000000 0.00000000000 0.00000000000 0.00000000000 0.00000000000 0.00000000000 0.00000000000 0.00000000000 0.00000000000 0.00000000000 0.00000000000 0.00000000000 0.00000000000 0.00000000000 0.00000000000 0.00000000000 0.00000000000 0.00000000000
# log_avg_GrowthK:
-1.59118100000
# log_avg_Linf:
4.83234300000
# GrowthK_dev:
 0.00000000000 0.00000000000 0.00000000000 0.00000000000 0.00000000000 0.00000000000 0.00000000000 0.00000000000 0.00000000000 0.00000000000 0.00000000000 0.00000000000 0.00000000000 0.00000000000 0.00000000000 0.00000000000 0.00000000000 0.00000000000 0.00000000000 0.00000000000 0.00000000000 0.00000000000 0.00000000000 0.00000000000 0.00000000000 0.00000000000 0.00000000000 0.00000000000 0.00000000000 0.00000000000 0.00000000000 0.00000000000 0.00000000000 0.00000000000 0.00000000000 0.00000000000 0.00000000000 0.00000000000 0.00000000000 0.00000000000 0.00000000000 0.00000000000 0.00000000000 0.00000000000 0.00000000000 0.00000000000 0.00000000000 0.00000000000 0.00000000000 0.00000000000 0.00000000000 0.00000000000 0.00000000000 0.00000000000 0.00000000000 0.00000000000 0.00000000000 0.00000000000 0.00000000000 0.00000000000 0.00000000000 0.00000000000 0.00000000000 0.00000000000 0.00000000000 0.00000000000 0.00000000000 0.00000000000
# Linf_dev:
 0.00000000000 0.00000000000 0.00000000000 0.00000000000 0.00000000000 0.00000000000 0.00000000000 0.00000000000 0.00000000000 0.00000000000 0.00000000000 0.00000000000 0.00000000000 0.00000000000 0.00000000000 0.00000000000 0.00000000000 0.00000000000 0.00000000000 0.00000000000 0.00000000000 0.00000000000 0.00000000000 0.00000000000 0.00000000000 0.00000000000 0.00000000000 0.00000000000 0.00000000000 0.00000000000 0.00000000000 0.00000000000 0.00000000000 0.00000000000 0.00000000000 0.00000000000 0.00000000000 0.00000000000 0.00000000000 0.00000000000 0.00000000000 0.00000000000 0.00000000000 0.00000000000 0.00000000000 0.00000000000 0.00000000000 0.00000000000 0.00000000000 0.00000000000 0.00000000000 0.00000000000 0.00000000000 0.00000000000 0.00000000000 0.00000000000 0.00000000000 0.00000000000 0.00000000000 0.00000000000 0.00000000000 0.00000000000 0.00000000000 0.00000000000 0.00000000000 0.00000000000 0.00000000000 0.00000000000
# SelPars50:
2.21482561252
# SelPars95:
4.03742153643
# SelPars_dev50:
 0.00000000000 0.00000000000 0.00000000000 0.00000000000 0.00000000000 0.00000000000 0.00000000000 0.00000000000 0.00000000000 0.00000000000 0.00000000000 0.00000000000 0.00000000000 0.00000000000 0.00000000000 0.00000000000 0.00000000000 0.00000000000 0.00000000000 0.00000000000 0.00000000000 0.00000000000 0.00000000000 0.00000000000 0.00000000000 0.00000000000 0.00000000000 0.00000000000 0.00000000000 0.00000000000 0.00000000000 0.00000000000 0.00000000000 0.00000000000 0.00000000000 0.00000000000 0.00000000000 0.00000000000 0.00000000000 0.00000000000 0.00000000000 0.00000000000 0.00000000000 0.00000000000 0.00000000000 0.00000000000 0.00000000000 0.00000000000 0.00000000000 0.00000000000 0.00000000000 0.00000000000 0.00000000000 0.00000000000 0.00000000000 0.00000000000 0.00000000000 0.00000000000 0.00000000000 0.00000000000 0.00000000000 0.00000000000 0.00000000000 0.00000000000 0.00000000000 0.00000000000 0.00000000000 0.00000000000
# SelPars_dev95:
 0.00000000000 0.00000000000 0.00000000000 0.00000000000 0.00000000000 0.00000000000 0.00000000000 0.00000000000 0.00000000000 0.00000000000 0.00000000000 0.00000000000 0.00000000000 0.00000000000 0.00000000000 0.00000000000 0.00000000000 0.00000000000 0.00000000000 0.00000000000 0.00000000000 0.00000000000 0.00000000000 0.00000000000 0.00000000000 0.00000000000 0.00000000000 0.00000000000 0.00000000000 0.00000000000 0.00000000000 0.00000000000 0.00000000000 0.00000000000 0.00000000000 0.00000000000 0.00000000000 0.00000000000 0.00000000000 0.00000000000 0.00000000000 0.00000000000 0.00000000000 0.00000000000 0.00000000000 0.00000000000 0.00000000000 0.00000000000 0.00000000000 0.00000000000 0.00000000000 0.00000000000 0.00000000000 0.00000000000 0.00000000000 0.00000000000 0.00000000000 0.00000000000 0.00000000000 0.00000000000 0.00000000000 0.00000000000 0.00000000000 0.00000000000 0.00000000000 0.00000000000 0.00000000000 0.00000000000
