#Simulated generalized assessment 
# 
#start/end year 
1 69 
#number of ages 
25 
#ages 
1 2 3 4 5 6 7 8 9 10 11 12 13 14 15 16 17 18 19 20 21 22 23 24 25 
#Number of length bins 
25 
#CPUE years 
69 
#years for CPUE 
1 2 3 4 5 6 7 8 9 10 11 12 13 14 15 16 17 18 19 20 21 22 23 24 25 26 27 28 29 30 31 32 33 34 35 36 37 38 39 40 41 42 43 44 45 46 47 48 49 50 51 52 53 54 55 56 57 58 59 60 61 62 63 64 65 66 67 68 69 
#survey years 
69 
#years for survey 
1 2 3 4 5 6 7 8 9 10 11 12 13 14 15 16 17 18 19 20 21 22 23 24 25 26 27 28 29 30 31 32 33 34 35 36 37 38 39 40 41 42 43 44 45 46 47 48 49 50 51 52 53 54 55 56 57 58 59 60 61 62 63 64 65 66 67 68 69 
#length freq from catch years 
69 
#years for length freq catch 
1 2 3 4 5 6 7 8 9 10 11 12 13 14 15 16 17 18 19 20 21 22 23 24 25 26 27 28 29 30 31 32 33 34 35 36 37 38 39 40 41 42 43 44 45 46 47 48 49 50 51 52 53 54 55 56 57 58 59 60 61 62 63 64 65 66 67 68 69 
#catch length sample sizes 
200 200 200 200 200 200 200 200 200 200 200 200 200 200 200 200 200 200 200 200 200 200 200 200 200 200 200 200 200 200 200 200 200 200 200 200 200 200 200 200 200 200 200 200 200 200 200 200 200 200 200 200 200 200 200 200 200 200 200 200 200 200 200 200 200 200 200 200 200 
#length freq from survey years 
69 
#years for length freq survey 
1 2 3 4 5 6 7 8 9 10 11 12 13 14 15 16 17 18 19 20 21 22 23 24 25 26 27 28 29 30 31 32 33 34 35 36 37 38 39 40 41 42 43 44 45 46 47 48 49 50 51 52 53 54 55 56 57 58 59 60 61 62 63 64 65 66 67 68 69 
#survey sample sizes 
200 200 200 200 200 200 200 200 200 200 200 200 200 200 200 200 200 200 200 200 200 200 200 200 200 200 200 200 200 200 200 200 200 200 200 200 200 200 200 200 200 200 200 200 200 200 200 200 200 200 200 200 200 200 200 200 200 200 200 200 200 200 200 200 200 200 200 200 200 
#total survey biomass 
2869263 3397682 1963716 4244270 2126178 2583949 2376184 2019632 1755094 1497430 1791772 1393583 1499493 1234403 870001.7 794286.9 585708.5 689039.7 605696.8 793027.6 519092.2 403731.9 475813.7 419900.6 688500.5 454072.3 486524.6 670598.6 510416.9 544986.6 489718.3 620091.1 637778.5 594915.9 535974.9 421043.1 538031.5 534559.5 732015.6 853873.3 642730 427825.7 532144 632814.3 492858.9 626703.1 574284.3 633131.6 569419.8 637527.3 488128.7 510642.2 665280.4 539129.1 690416.1 480463.8 834916 561302.9 434338.8 369219.7 898813 659782.7 764785.5 536403.7 819067.2 664738.8 568420.4 460534.6 365254.7 
#survey CV 
0.2 0.2 0.2 0.2 0.2 0.2 0.2 0.2 0.2 0.2 0.2 0.2 0.2 0.2 0.2 0.2 0.2 0.2 0.2 0.2 0.2 0.2 0.2 0.2 0.2 0.2 0.2 0.2 0.2 0.2 0.2 0.2 0.2 0.2 0.2 0.2 0.2 0.2 0.2 0.2 0.2 0.2 0.2 0.2 0.2 0.2 0.2 0.2 0.2 0.2 0.2 0.2 0.2 0.2 0.2 0.2 0.2 0.2 0.2 0.2 0.2 0.2 0.2 0.2 0.2 0.2 0.2 0.2 0.2 
#total CPUE 
2201550 4745547 2757723 3809579 2314053 2180470 1426330 1656786 2398827 1299346 1588144 1386973 859710.7 900544.1 789863 853166 736891.5 621063.1 492064.1 452502.2 504728 742200.1 649469 577415.6 497104.9 537540.7 612862.2 393210.3 540698.7 461279.9 531265.1 716770.7 490852.3 531077.8 614069.4 601553.9 443097.4 424087.1 640955.4 381783.4 528756.5 471465.2 596848 549678.1 401019.6 604174.5 564298.9 746771.8 567748.5 845548.9 504299 463519.3 632863.6 419488.3 638706.3 727944.6 966392.4 627496.4 460492.1 550399.5 627431.5 504681.5 621122.4 440449.6 549804.4 672726.7 800466.7 637538.1 376334.7 
#CPUE CV 
0.2 0.2 0.2 0.2 0.2 0.2 0.2 0.2 0.2 0.2 0.2 0.2 0.2 0.2 0.2 0.2 0.2 0.2 0.2 0.2 0.2 0.2 0.2 0.2 0.2 0.2 0.2 0.2 0.2 0.2 0.2 0.2 0.2 0.2 0.2 0.2 0.2 0.2 0.2 0.2 0.2 0.2 0.2 0.2 0.2 0.2 0.2 0.2 0.2 0.2 0.2 0.2 0.2 0.2 0.2 0.2 0.2 0.2 0.2 0.2 0.2 0.2 0.2 0.2 0.2 0.2 0.2 0.2 0.2 
#total catch biomass 
0 95598.51 163633.2 200429.7 241853.6 266882 288290.3 322980.7 303290.3 312835.7 308554.8 299658.8 262055.9 249405.2 230803.3 218696.5 175142.1 159510.5 163403.5 140347.3 139067 128759.3 111506 116454.5 105322.1 108381.3 100910.1 111018.7 97784.93 95246.93 97435.8 99836.41 96493.22 86722.52 88081.63 91106.64 98875.7 85358.79 83421.22 91689.55 87129.42 81807.07 82313.55 91721.53 88067.39 89077.63 96205.32 96721.8 90390.14 85446.3 117800.4 57923.57 60683.14 119137.4 67926.85 113869.5 104338.3 147101.2 94577.27 44059.54 65074.49 143265 100273.4 107532.1 56044.84 110049.8 112914.3 106904.9 83521.98 
#catch CV 
0.05 0.05 0.05 0.05 0.05 0.05 0.05 0.05 0.05 0.05 0.05 0.05 0.05 0.05 0.05 0.05 0.05 0.05 0.05 0.05 0.05 0.05 0.05 0.05 0.05 0.05 0.05 0.05 0.05 0.05 0.05 0.05 0.05 0.05 0.05 0.05 0.05 0.05 0.05 0.05 0.05 0.05 0.05 0.05 0.05 0.05 0.05 0.05 0.05 0.05 0.05 0.05 0.05 0.05 0.05 0.05 0.05 0.05 0.05 0.05 0.05 0.05 0.05 0.05 0.05 0.05 0.05 0.05 0.05 
#Length Bins 
2.752644 8.257932 13.76322 19.26851 24.7738 30.27908 35.78437 41.28966 46.79495 52.30024 57.80552 63.31081 68.8161 74.32139 79.82667 85.33196 90.83725 96.34254 101.8478 107.3531 112.8584 118.3637 123.869 129.3743 134.8796 
#catch length counts 
0 0 0 0 0 0 0 0 0 0 0 0 0 0 0 0 0 0 0 0 0 0 0 0 0 
35.40359 57.79636 87.77337 125.9146 172.5211 227.0002 287.288 350.0224 411.4238 468.165 517.7865 558.8458 591.034 615.1555 632.831 646.0014 656.3383 664.4885 669.0818 665.8369 647.6806 606.8529 538.8903 446.5174 340.551 
59.36708 96.80265 146.7784 210.1436 287.2622 377.0024 475.7921 577.9411 677.1564 768.0243 846.6947 911.0739 960.943 997.8613 1024.637 1044.503 1060.166 1072.623 1079.589 1074.087 1044.651 978.7223 869.0758 720.0876 549.1907 
82.67938 134.8311 204.4395 292.6149 399.6909 523.7926 659.5521 798.6603 932.1128 1052.377 1154.363 1235.637 1296.488 1339.684 1369.622 1391.099 1407.985 1421.646 1428.952 1420.484 1380.886 1293.391 1148.328 951.3939 725.5718 
104.7623 170.7279 258.6398 369.7962 504.499 660.2352 830.0155 1003.026 1167.464 1313.369 1434.011 1526.336 1591.14 1632.694 1657.501 1672.508 1683.282 1692.015 1695.166 1681.444 1632.367 1527.749 1355.819 1123.044 856.375 
126.0397 205.3217 310.861 444.0776 605.1206 790.683 992.0395 1195.898 1387.874 1555.884 1691.753 1791.684 1856.52 1891.481 1904.829 1905.774 1902.139 1897.81 1889.848 1866.173 1806.244 1687.307 1495.777 1238.21 943.8754 
146.0389 237.7939 359.7945 513.5358 698.9784 912.0113 1142.188 1373.752 1589.733 1775.956 1922.93 2026.344 2087.27 2111.787 2109.499 2091.301 2066.927 2042.183 2015.652 1975.936 1902.126 1770.319 1565.694 1294.264 985.7982 
166.2045 270.4629 408.8764 582.9448 792.3653 1032.159 1290.115 1547.995 1786.254 1988.646 2144.385 2248.666 2302.832 2313.871 2292.704 2251.711 2202.197 2151.65 2100.414 2038.704 1946.725 1800.941 1586.177 1307.665 994.3329 
182.2764 296.5339 448.0917 638.4252 866.9265 1127.743 1407.012 1684.284 1937.822 2149.744 2308.373 2408.707 2452.475 2447.485 2405.698 2340.565 2264.459 2186.1 2107.5 2021.084 1909.579 1751.621 1533.026 1258.283 953.9645 
203.7384 331.3554 500.4977 712.6539 966.8954 1256.328 1565.018 1869.636 2145.492 2372.381 2537.273 2634.825 2667.344 2643.913 2578.087 2484.856 2377.928 2267.298 2156.51 2040.052 1903.164 1726.884 1498.446 1222.063 922.3021 
215.4934 350.2168 528.4661 751.5478 1018.177 1320.756 1642.144 1957.417 2240.28 2469.306 2630.804 2719.345 2737.668 2695.681 2607.917 2490.257 2357.109 2219.175 2081.198 1939.881 1783.812 1597.756 1371.505 1109.099 831.7465 
231.4767 376.3331 568.0818 808.058 1094.589 1418.932 1761.881 2095.903 2392.308 2628.093 2788.944 2869.581 2873.445 2811.524 2699.605 2554.768 2392.446 2224.298 2056.306 1887.148 1708.291 1507.768 1277.771 1022.486 760.4948 
241.6364 392.4016 591.4797 839.942 1135.814 1469.906 1822.207 2163.949 2464.967 2700.908 2856.607 2926.684 2915.252 2834.472 2701.373 2533.988 2348.337 2156.54 1965.414 1775.379 1580.749 1372.945 1146.686 906.2541 667.2517 
249.4856 405.2162 610.8469 867.3207 1172.195 1515.306 1875.201 2221.587 2523.246 2755.525 2903.548 2962.423 2936.736 2839.142 2687.286 2499.903 2293.672 2081.323 1870.499 1663.119 1455.909 1243.196 1021.886 796.3106 579.3678 
265.7917 431.4393 649.8589 921.8153 1244.455 1606.702 1985.421 2347.985 2660.744 2897.194 3041.638 3089.529 3046.769 2927.827 2752.1 2539.65 2308.039 2070.678 1836.049 1607.406 1383.458 1160.831 938.1582 719.8487 516.7319 
260.6963 423.0956 637.0965 903.247 1218.4 1571.194 1938.374 2287.487 2585.375 2806.259 2935.237 2968.464 2912.374 2781.822 2596.469 2376.474 2139.268 1898.016 1661.179 1432.658 1212.667 999.781 793.9881 599.2891 423.892 
247.6177 401.9526 605.4041 858.5094 1158.216 1493.533 1842.012 2172.325 2452.427 2657.368 2772.767 2795.098 2730.943 2595.108 2407.022 2186.503 1950.632 1712.316 1480.013 1258.093 1047.797 848.9912 662.4451 491.5651 342.2872 
229.9693 373.3723 562.4996 797.9294 1076.916 1389.325 1714.31 2022.64 2284.21 2475.29 2581.844 2599.977 2535.449 2402.057 2218.284 2003.253 1773.651 1542.282 1317.791 1105.075 906.2237 722.0076 553.6095 403.7904 276.6374 
216.3293 351.1916 529.0334 750.4205 1012.854 1306.962 1613.346 1904.692 2152.719 2334.905 2437.586 2456.424 2396.087 2268.909 2091.942 1883.267 1659.114 1432.387 1212.275 1004.513 812.1698 636.8709 480.1554 344.2986 232.0332 
202.9615 329.3837 495.9863 703.2475 948.8267 1224.03 1510.86 1783.95 2017.016 2189.088 2287.331 2307.424 2253.233 2135.625 1969.86 1772.347 1558.148 1339.688 1126.375 924.7082 738.7909 571.203 423.9641 299.089 198.3308 
195.1097 316.3421 475.7829 673.7004 907.7566 1169.696 1442.519 1702.268 1924.122 2088.297 2182.708 2203.266 2153.506 2043.415 1886.971 1699.171 1493.829 1282.57 1074.619 876.9201 694.4733 530.8468 388.734 270.2137 176.4728 
186.3185 302.062 454.2313 643.0025 866.0078 1115.186 1374.146 1619.982 1829.193 1983.331 2071.42 2090.044 2042.813 1939.174 1792.083 1615.249 1421.165 1220.336 1021.28 830.8038 654.3104 496.0834 359.4673 246.7979 159.0241 
177.2038 287.227 431.8193 611.1257 822.9021 1059.524 1305.447 1538.881 1737.384 1883.286 1966.094 1982.687 1936.809 1837.805 1698.215 1531.012 1347.719 1157.801 968.88 787.2249 618.1616 466.2841 335.3869 228.1047 145.3757 
172.0224 278.7763 419.0166 592.8543 798.1049 1027.403 1265.739 1492.063 1684.678 1826.448 1907.115 1923.504 1879.106 1782.955 1647.325 1484.986 1307.228 1123.157 939.9293 763.3741 598.5862 450.2155 322.3153 217.7857 137.6676 
167.2083 270.7865 406.6526 574.7976 773.0497 994.3212 1224.215 1442.525 1628.401 1765.357 1843.503 1859.727 1817.3 1724.807 1593.99 1437.149 1265.238 1087.125 909.7402 738.664 578.7717 434.6089 310.2673 208.7612 131.219 
162.1117 262.68 394.742 558.3422 751.3377 966.6941 1190.208 1402.084 1582.062 1714.317 1789.527 1804.915 1763.753 1674.312 1547.828 1396.055 1229.496 1056.704 884.407 718.0479 562.3933 421.9179 300.6996 201.7898 126.3675 
159.8921 258.9795 389.0044 549.9967 739.9137 951.9917 1172.439 1381.858 1560.195 1691.572 1766.477 1781.997 1741.409 1653.072 1528.258 1378.636 1214.505 1044.183 874.2046 709.8932 555.9689 416.9132 296.8482 198.8856 124.2559 
154.7149 250.5198 376.1508 531.5747 714.7679 919.1852 1131.558 1333.285 1505.195 1632.148 1705.04 1720.952 1682.786 1598.333 1478.329 1334.054 1175.565 1010.989 846.662 687.7079 538.6701 403.9037 287.4583 192.4228 120.0478 
152.715 247.3607 371.554 525.3036 706.6168 908.98 1119.195 1318.795 1488.809 1614.329 1686.49 1702.541 1665.41 1582.73 1464.928 1322.946 1166.588 1003.867 841.1089 683.4629 535.4934 401.5704 285.768 191.214 119.2019 
147.5888 238.9773 358.8227 507.1169 681.9797 877.2426 1080.322 1273.506 1438.464 1560.657 1631.312 1647.616 1612.361 1532.982 1419.619 1282.85 1132.075 974.9356 817.4839 664.7002 521.0604 390.8827 278.2053 186.1405 116.0009 
145.9712 236.432 355.1371 502.1158 675.5152 869.1996 1070.673 1262.398 1426.299 1548.087 1619.133 1636.584 1603.009 1525.535 1414.046 1278.969 1129.652 973.7157 817.1864 665.0225 521.7069 391.6067 278.8403 186.6075 116.2931 
147.0058 237.9624 357.1713 504.5975 678.3876 872.4892 1074.53 1267.061 1431.99 1554.926 1627.115 1645.62 1612.985 1536.317 1425.435 1290.667 1141.274 984.8413 827.4235 674.0456 529.2836 397.6211 283.3128 189.6941 118.2521 
138.4842 224.2947 336.8853 476.2754 640.7026 824.3538 1015.405 1197.286 1352.952 1468.975 1537.285 1555.224 1525.178 1453.74 1350.036 1223.685 1083.315 935.9992 787.3947 642.2377 504.8956 379.6967 270.7842 181.4379 113.1679 
136.3701 220.9542 332.0467 469.7739 632.5322 814.7268 1004.789 1186.352 1342.416 1459.405 1529.004 1548.359 1519.78 1449.867 1347.741 1222.957 1084.029 937.9021 790.1335 645.4069 508.0966 382.5974 273.165 183.2112 114.3647 
136.6874 221.363 332.4731 470.1094 632.7041 814.8018 1005.061 1187.359 1344.856 1463.969 1536.179 1558.273 1532.153 1464.098 1363.083 1238.688 1099.543 952.7116 803.8239 657.6099 518.5044 391.0124 279.5526 187.7204 117.2994 
130.3673 211.0816 316.9372 447.9751 602.6553 775.7529 956.4818 1129.582 1279.208 1392.687 1462.152 1484.643 1461.847 1399.416 1305.479 1188.802 1057.402 917.968 775.9351 635.9179 502.2591 379.3821 271.6532 182.67 114.2838 
154.8862 245.0207 357.0468 487.4905 633.1088 789.9099 950.7292 1104.497 1238.38 1340.919 1404.109 1424.308 1402.473 1343.581 1255.073 1144.983 1020.618 888.0813 752.4089 618.0038 489.1219 370.1663 265.5188 178.8282 112.0383 
161.3116 259.933 387.3448 541.2857 716.4319 902.2371 1082.052 1236.775 1351.652 1420.796 1446.234 1433.659 1389.075 1317.856 1225.096 1115.859 995.0379 867.1348 736.216 606.1332 480.8702 364.7444 262.171 176.9004 111.012 
160.0495 258.1986 385.793 541.9589 723.7348 923.4377 1126.149 1310.952 1456.267 1545.969 1573.243 1541.533 1462.782 1353.172 1227.824 1097.089 966.0176 836.2318 708.2888 583.2758 463.4646 352.2855 253.7763 171.5951 107.8864 
156.6127 252.551 377.1784 529.6598 707.3424 903.4232 1104.716 1292.78 1448.351 1555.761 1605.172 1593.481 1525.086 1411.663 1269.616 1115.64 962.5531 817.4023 682.281 556.7884 440.5253 334.5013 241.1523 163.3189 102.8711 
157.0756 253.2671 378.1818 530.9439 708.8544 905.094 1106.582 1295.272 1452.77 1564.723 1622.549 1623.3 1569.379 1468.295 1331.728 1173.677 1008.032 846.1513 695.2618 558.4527 436.1972 328.397 235.6803 159.3551 100.3889 
158.6225 255.5726 381.2644 534.6901 713.0599 909.5318 1111.053 1299.641 1457.042 1569.248 1628.32 1632.179 1583.894 1490.711 1362.588 1210.666 1046.164 879.5545 719.604 572.4872 441.6091 328.3655 233.2789 156.6362 98.28379 
158.1507 254.8809 380.3435 533.5255 711.561 907.4506 1107.957 1294.996 1450.399 1560.477 1617.803 1620.931 1573.577 1483.456 1360.493 1214.942 1056.313 893.1689 733.1845 582.9165 447.3825 329.8478 232.0087 154.3144 96.08593 
159.0727 256.3671 382.5696 536.6803 715.8506 913.0776 1115.052 1303.509 1460.006 1570.555 1627.562 1629.679 1581.043 1490.019 1367.159 1222.987 1066.663 905.7915 746.8775 595.7473 457.5656 336.5172 235.4165 155.4402 96.03285 
158.3378 255.1888 380.8229 534.2495 712.6379 909.0238 1110.171 1297.915 1453.902 1564.181 1621.104 1623.205 1574.528 1483.488 1360.878 1217.568 1062.927 904.3895 747.8798 598.4823 460.8802 339.3106 237.0933 156.0126 95.89142 
156.9187 252.9508 377.5781 529.8542 706.997 902.1027 1102.025 1288.716 1443.937 1553.815 1610.724 1613.158 1565.068 1474.756 1352.951 1210.569 1057.109 900.1013 745.3737 597.6902 461.3378 340.3221 238.0328 156.5509 96.0174 
163.3176 263.1964 392.744 550.9429 734.901 937.4916 1145.136 1339.162 1500.657 1615.188 1674.773 1677.77 1628.215 1534.679 1408.278 1260.37 1100.892 937.7722 777.1286 623.8657 482.2835 356.3819 249.6364 164.3191 100.7659 
160.1734 258.0848 385.0234 539.9415 719.9465 918.0006 1120.768 1309.974 1467.18 1578.406 1636.011 1638.525 1589.94 1498.604 1375.305 1231.06 1075.532 916.4553 759.8169 610.3968 472.3382 349.4636 245.1134 161.5281 99.12541 
160.1381 258.1421 385.3232 540.6981 721.3893 920.2928 1123.928 1313.844 1471.459 1582.725 1640.032 1642.017 1592.823 1500.942 1377.248 1232.773 1077.143 918.0377 761.4024 611.9864 473.9024 350.9364 246.4036 162.5531 99.8491 
163.2314 263.1614 392.888 551.4555 735.9922 939.3196 1147.734 1342.399 1504.248 1618.749 1677.913 1680.189 1629.787 1535.484 1408.57 1260.483 1101.159 938.4661 778.4398 625.8672 484.8836 359.3033 252.4808 166.7117 102.4964 
224.5333 361.4056 538.4162 753.7982 1003.27 1276.909 1556.176 1815.79 2030.361 2180.816 2256.954 2257.127 2187.176 2058.875 1887.288 1687.713 1473.48 1255.151 1040.782 836.6939 648.2923 480.5502 337.8567 223.2332 137.3492 
110.5129 178.1662 265.9512 373.1162 497.5028 633.9188 772.7103 900.8641 1005.509 1077.229 1111.334 1107.587 1069.51 1003.438 917.0992 818.0806 712.8052 606.2434 502.1236 403.345 312.3831 231.5243 162.7976 107.6034 66.23886 
105.4017 170.6823 256.2869 362.1636 486.8491 625.7097 769.4189 904.9167 1018.724 1100.208 1143.119 1145.82 1111.046 1045.116 956.3543 853.2302 743.0349 631.4013 522.4669 419.3349 324.5611 240.4561 169.0536 111.7471 68.80772 
182.7622 294.1115 438.2397 614.1837 819.4987 1047.752 1285.697 1513.934 1711.371 1860.051 1947.773 1969.024 1925.367 1824.923 1680.329 1505.854 1314.907 1118.664 925.7414 742.612 574.3435 425.2102 298.7881 197.4445 121.5657 
112.7629 181.5486 270.5503 378.8989 504.4591 642.3085 783.3522 915.3891 1026.449 1107.761 1154.55 1165.405 1141.661 1087.057 1007.19 908.6633 798.2559 682.3086 566.3598 455.0204 352.0626 260.5821 183.0125 120.875 74.39313 
183.5216 296.227 442.9135 622.6986 832.392 1063.724 1300.911 1522.456 1706.959 1838.677 1909.684 1919.347 1872.867 1779.335 1649.311 1492.794 1318.486 1134.139 947.1331 764.6774 593.6496 440.2387 309.4435 204.4088 125.7819 
172.8666 278.1321 414.1949 579.756 771.7498 982.9528 1199.556 1402.341 1571.562 1691.925 1754.936 1759.124 1709.425 1615.663 1489.846 1343.228 1184.585 1020.194 854.923 693.4489 540.8983 402.7106 283.8679 187.839 115.6863 
272.848 439.132 654.0128 914.995 1216.221 1544.718 1877.108 2182.455 2430.828 2601.063 2683.202 2677.171 2590.984 2438.979 2239.023 2008.943 1763.627 1513.868 1267.007 1028.666 804.5269 601.1324 425.2679 282.2696 174.2391 
181.3802 291.9678 434.9115 608.5288 808.7903 1026.725 1246.138 1445.506 1603.888 1706.581 1747.316 1727.667 1655.46 1542.661 1402.618 1247.455 1086.583 926.5088 771.451 624.3231 487.7448 364.7118 258.5425 172.062 106.4937 
79.13545 128.2785 192.8246 272.7135 366.6635 470.7963 577.5467 676.5603 757.4051 812.1733 836.6532 830.418 796.5248 740.7733 670.3273 592.1111 511.6656 432.7738 357.7029 287.7556 223.8649 167.0164 118.3375 78.8215 48.86727 
101.1872 163.7005 245.6154 347.0738 467.2198 602.5511 745.2019 883.3032 1003.564 1094.182 1146.702 1157.051 1126.154 1059.686 966.6143 857.0508 740.3245 623.8005 512.5228 409.5369 316.6239 235.0589 166.008 110.397 68.42727 
216.5858 347.8503 516.9448 722.1716 960.2503 1223.667 1497.637 1761.05 1991.554 2170.489 2284.696 2326.46 2293.823 2191.26 2029.399 1823.379 1590.389 1347.131 1107.746 882.7508 679.1538 501.4004 352.3178 233.3837 144.2958 
176.7553 283.9598 421.8971 588.5529 779.862 987.4731 1196.783 1388.89 1546.144 1656.965 1716.828 1726.441 1689.645 1611.989 1499.816 1359.886 1199.588 1027.239 851.796 681.9479 525.1109 386.8564 270.7985 178.6193 110.0129 
204.068 329.2347 491.8396 690.4499 920.7264 1172.318 1426.341 1657.828 1842.78 1964.795 2017.565 2003.934 1933.559 1819.756 1675.775 1511.926 1335.012 1149.892 961.5876 776.4353 601.8188 444.9872 311.7152 205.3045 126.1076 
94.749 152.9663 228.7894 321.8318 430.5386 550.6987 674.0554 789.0511 883.7148 948.659 978.6709 973.126 935.7885 873.8109 795.7629 709.3868 620.1484 531.1069 443.8271 359.6086 280.3193 208.4772 146.6889 96.84542 59.51219 
183.3303 296.2804 443.7664 625.3684 838.488 1075.494 1321.094 1553.759 1751.049 1894.793 1973.43 1982.479 1924.781 1810.193 1653.643 1471.774 1279.49 1087.714 903.0082 728.9103 568.0078 423.4562 299.0793 198.1991 122.139 
208.2806 334.4221 496.7283 693.2524 920.2344 1169.45 1425.311 1666.034 1869.098 2016.744 2098.336 2110.313 2055.637 1942.934 1784.827 1595.768 1390.035 1180.154 975.8203 783.6584 608.0082 452.2003 319.334 211.9456 130.9124 
214.2109 344.8762 513.7875 718.8741 955.1975 1211.991 1470.263 1705.431 1894.436 2021.92 2081.732 2075.112 2008.523 1891.957 1737.17 1555.995 1359.363 1157.042 957.574 768.1078 594.3241 440.6295 310.3866 205.754 127.0971 
152.1444 245.4815 366.8043 515.1804 687.6211 876.7278 1068.651 1244.643 1386.084 1479.438 1518.476 1504.141 1443.309 1346.684 1225.956 1091.286 950.2395 808.1828 669.2764 537.2471 415.6628 307.8246 216.4475 143.2194 88.35086 
#survey length counts 
0 0 0 0 0 0 0 0 0 0 0 0 0 0 0 0 0 0 0 0 0 0 0 0 0 
1996.852 3270.028 4973.303 7114.057 9646.714 12433.86 15237.61 17782.36 19860.11 21398.05 22444.95 23109.04 23505.08 23732.44 23871.85 23984.94 24108.59 24238.58 24300.17 24118.83 23424.86 21928.54 19462.62 16121.58 12293.41 
1986.212 3254.48 4952.658 7087.877 9612.368 12383.99 15158.35 17653.52 19657.79 21098.83 22030.04 22567.34 22834.5 22939.6 22970.32 22992.37 23043.82 23120.04 23147.05 22955 22283.73 20854.78 18506.99 15328.85 11688.46 
1971.915 3230.141 4913.857 7029.374 9528.432 12268.82 15005.9 17456.06 19403.38 20769.38 21601.93 22015.21 22136.96 22084.34 21956.65 21830.69 21753.02 21724.9 21677.84 21450.28 20794.61 19445.89 17249.3 14283.87 10890.33 
1952.36 3198.18 4865.054 6958.416 9428.694 12132.15 14822.85 17216.43 19096.55 20383.93 21124.56 21429.56 21423.61 21223.11 20930.95 20632.36 20385.7 20205.61 20038.02 19737.85 19076.19 17805.14 15776.43 13056.13 9950.904 
1927.786 3157.767 4803.067 6868.343 9303.244 11963.51 14603.06 16937.38 18749.36 19958.31 20608.58 20809.96 20685.93 20351.57 19908.88 19444.39 19022.17 18668.72 18348.49 17940.96 17244.85 16036 14175.43 11714.61 8921.12 
1900.994 3113.249 4733.954 6766.701 9160.342 11770.57 14352.2 16621.95 18363.28 19494.79 20059.28 20164.78 19933.31 19478.6 18901.3 18286.99 17701.18 17177.38 16696.03 16162.82 15409.61 14242.84 12537.92 10333.37 7855.997 
1868.001 3059.499 4652.468 6649.836 8999.748 11557.53 14078.39 16280.02 17946.81 18997.8 19475.67 19488.12 19156.53 18593.48 17897.74 17152.7 16422.9 15745.23 15112.15 14453.15 13633.71 12494.23 10929.12 8967.668 6797.584 
1827.358 2993.558 4553.189 6509.003 8809.324 11310.44 13769.5 15906.31 17506.19 18487.35 18890.61 18822.07 18402.45 17744.18 16945.45 16088.17 15235.39 14425.26 13658.78 12885.18 12000.49 10878.32 9433.984 7691.423 5803.678 
1786.186 2924.887 4446.283 6351.828 8589.63 11017.83 13397.67 15453.86 16975.19 17880.63 18209.59 18066.09 17569.15 16830.12 15946.19 14997.87 14046.69 13131.14 12258.24 11393.12 10458.33 9357.921 8028.019 6489.807 4865.917 
1731.135 2837.204 4317.278 6173.428 8354.193 10718.3 13028.46 15011.88 16460.01 17293.74 17553.35 17342.77 16780.22 15975.56 15024.14 14004.41 12976.21 11978.1 11021.9 10085.53 9113.299 8034.984 6805.064 5443.5 4047.845 
1680.355 2751.69 4182.918 5974.699 8076.515 10351.81 12571.4 14470.87 15846.34 16617.9 16821.62 16557.32 15941.41 15083.89 14080.51 13009.11 11927.92 10874.67 9863.966 8883.446 7894.928 6849.434 5716.895 4516.454 3324.588 
1621.786 2657.27 4041.785 5775.856 7809.004 10005.67 12139.74 13951.92 15244.3 15941.98 16083.71 15769.22 15112.37 14219.56 13183.27 12079.23 10964.55 9877.028 8833.931 7830.405 6841.721 5835.352 4793.241 3733.628 2715.793 
1560.116 2556.105 3887.654 5555.084 7509.471 9619.665 11666.68 13398.72 14622.3 15262.58 15355.74 14999.25 14306.51 13384.37 12325.11 11202.93 10072.71 8970.846 7915.88 6908.554 5934.445 4973.522 4016.593 3080.6 2210.785 
1494.407 2448.424 3723.578 5319.47 7187.783 9200.617 11145.53 12779.18 13915.52 14483.94 14521.4 14123.95 13402.78 12462.75 11394.66 10271.41 9146.463 8054.808 7014.926 6030.611 5094.31 4194.772 3328.805 2511.376 1775.864 
1427.764 2339.669 3558.923 5085.213 6872.02 8796.112 10652.73 12207.07 13279.04 13799.42 13803 13382.5 12646.44 11698.05 10627.19 9506.163 8388.008 7307.647 6284.378 5324.543 4425.284 3580.994 2791.925 2070.729 1441.462 
1363.886 2235.025 3399.856 4858.22 6565.923 8405.526 10181.56 11669.33 12695.63 13192.23 13189.75 12774.38 12048.5 11110.98 10049.51 8936.086 7824.689 6751.954 5739.5 4796.85 3925.224 3123.082 2392.66 1744.25 1194.606 
1306.748 2140.921 3255.906 4651.468 6285.582 8046.601 9748.521 11177.26 12167.28 12652.46 12660.04 12269.54 11575.67 10670.33 9636.025 8542.119 7442.635 6376.389 5368.648 4433.419 3576.643 2800.756 2109.728 1511.972 1018.617 
1258.197 2060.378 3131.574 4471.014 6038.144 7726.15 9357.394 10727.6 11679.06 12149.11 12163.96 11798.93 11142.68 10280.28 9287.631 8228.844 7155.053 6104.985 5106.441 4177.886 3330.515 2571.372 1906.837 1344.432 891.1959 
1223.63 2001.677 3038.465 4332.014 5842.487 7467.026 9035.27 10351.58 11265.27 11717.14 11733.36 11386.79 10762.25 9939.961 8990.37 7972.226 6932.277 5906.806 4923.755 4004.319 3164.212 2415.251 1767.06 1227.593 801.427 
1194.326 1953.366 2964.292 4224.58 5694.53 7272.84 8792.588 10062.98 10938.39 11363.7 11367.63 11023.88 10416.26 9622.311 8708.528 7729.014 6725.899 5731.692 4772.275 3869.127 3040.499 2301.976 1666.519 1143.506 736.539 
1170.464 1913.626 2902.682 4134.785 5570.961 7112.299 8595.844 9835.098 10687.34 11098.2 11095.67 10752.62 10152.66 9373.462 8481.088 7528.062 6553.753 5587.312 4651.673 3766.79 2951.366 2223.098 1597.569 1085.909 691.8075 
1151.53 1882.172 2854.049 4064.071 5473.818 6986.27 8441.767 9657.655 10494.2 10898.13 10896.64 10560.64 9971.571 9205.525 8327.911 7391.191 6434.558 5486.276 4567.695 3697.184 2892.74 2172.66 1554.03 1049.431 663.118 
1141.29 1863.907 2823.512 4016.156 5403.483 6890.091 8319.46 9512.657 10332.93 10728.45 10726.3 10396.22 9817.942 9065.624 8202.975 7281.334 6339.415 5405.312 4500.071 3641.481 2846.993 2134.844 1522.687 1023.932 643.3578 
1129.032 1844.801 2796.165 3979.479 5356.427 6831.417 8247.881 9427.431 10234.65 10619.6 10611.2 10280.34 9706.723 8963.394 8112.351 7203.229 6273.475 5350.487 4455.03 3604.789 2817.176 2110.522 1502.804 1007.895 630.9373 
1120.95 1830.743 2773.392 3945.082 5308.21 6769.098 8173.922 9346.678 10152.66 10540.61 10537.16 10211.37 9642.471 8904.107 8058.988 7156.911 6234.824 5319.321 4430.468 3585.567 2801.97 2098.204 1492.604 999.4496 624.1797 
1117.981 1825.082 2763.254 3928.096 5281.725 6730.839 8122.826 9283.575 10080.5 10464.05 10461.5 10141.19 9580.534 8851.132 8014.322 7119.511 6203.89 5294.332 4410.89 3570.626 2790.673 2089.544 1485.785 993.9961 619.8937 
1114.466 1819.869 2756.311 3919.641 5272.045 6720.044 8110.71 9269.722 10064.62 10446.44 10443.31 10124.4 9567.421 8843.469 8012.732 7123.323 6211.561 5304.094 4421.225 3580.404 2799.101 2096.113 1490.303 996.6162 621.0503 
1115.414 1820.472 2755.536 3916.079 5264.445 6708.043 8095.334 9253.207 10049.56 10434.74 10435.69 10120.62 9566.972 8846.161 8018.746 7132.822 6224.231 5318.975 4436.914 3595.44 2812.293 2106.721 1498.075 1001.742 624.0391 
1116.236 1822.316 2759.231 3922.659 5274.866 6722.806 8114.294 9275.82 10075.49 10464.37 10470.08 10160.75 9613 8897.026 8072.512 7187.308 6277.478 5369.339 4482.951 3635.855 2846.067 2133.331 1517.653 1015.065 632.3447 
1122.658 1831.635 2771.243 3936.648 5290.058 6738.998 8132.202 9296.875 10101.19 10495.63 10507.03 10203.03 9660.104 8948.396 8127.302 7244.137 6334.447 5424.311 4533.874 3680.992 2884.143 2163.666 1540.273 1030.704 642.2817 
1127.331 1839.85 2784.669 3957.004 5318.483 6775.22 8174.051 9340.7 10143.24 10533.64 10540.95 10234.59 9691.645 8981.831 8163.618 7283.367 6375.804 5466.361 4574.771 3718.791 2917.143 2190.707 1560.92 1045.283 651.7258 
1131.187 1846.687 2796.155 3975.45 5346.846 6816.849 8232.094 9417.261 10238.51 10645.45 10665.05 10365.76 9824.991 9113.674 8291.539 7405.694 6491.028 5572.816 4670.621 3802.245 2986.798 2245.924 1602.099 1073.905 670.1045 
1140.022 1860.132 2814.775 3999.429 5376.367 6852.625 8275.72 9471.165 10305.48 10727.83 10763.82 10479.82 9951.059 9246.935 8426.729 7538.095 6616.928 5689.41 4775.672 3893.866 3063.535 2307.052 1647.95 1105.97 690.8203 
1153.607 1881.573 2845.805 4041.134 5428.933 6915.07 8345.792 9545.802 10381.97 10805.14 10843.17 10563.99 10042.81 9347.429 8534.78 7650.456 6729.254 5797.282 4875.254 3982.144 3138.372 2367.292 1693.576 1138.175 711.8105 
1365.15 2173.537 3189.184 4376.65 5683.586 7028.602 8291.909 9336.411 10054.99 10406.39 10413.12 10132.93 9631.809 8970.715 8201.376 7364.887 6492.096 5606.035 4725.469 3868.454 3055.15 2308.96 1654.753 1113.853 697.5871 
1406.462 2283.888 3431.412 4826.111 6397.509 8004.393 9439.874 10493.16 11039.67 11089.51 10757.04 10184.89 9484.001 8717.477 7914.267 7087.742 6247.062 5401.625 4562.567 3743.92 2963.878 2245.072 1612.311 1087.302 682.076 
1395.758 2268.282 3414.634 4821.644 6435.913 8137.447 9733.022 11000.36 11767.28 11971.05 11662.15 10965.58 10032.65 9001.691 7971.991 6994.288 6079.258 5216.634 4393.522 3605.155 2858.236 2169.562 1561.522 1055.26 663.2296 
1390.932 2259.314 3399.149 4797.186 6401.74 8098.147 9703.611 11010.51 11859.89 12190.29 12031.41 11465.41 10595.15 9530.923 8381.641 7240.287 6168.631 5191.994 4307.729 3501.718 2763.746 2095.406 1509.235 1021.527 643.2002 
1389.098 2256.107 3393.843 4788.803 6389.117 8080.304 9680.762 10986.06 11843.37 12200.03 12093.83 11607.86 10832.14 9850.143 8740.391 7578.314 6432.066 5353.988 4373.817 3499.531 2726.504 2049.385 1469.302 992.8461 625.2174 
1395.761 2265.244 3404.438 4798.793 6395.87 8081.413 9674.746 10972.75 11824.27 12179.19 12079.45 11613.45 10875.1 9945.928 8893.355 7774.545 6640.601 5538.018 4505.91 3571.408 2748.161 2040.16 1447.883 971.5481 609.3574 
1400.695 2273.867 3418.402 4819.669 6424.37 8116.391 9712.583 11007.83 11850.74 12193.22 12081.09 11607.5 10870.98 9956.264 8930.645 7845.891 6742.593 5655.593 4617.441 3657.865 2800.71 2061.704 1448.691 962.9207 599.3175 
1405.233 2281.242 3429.561 4835.663 6446.339 8145.394 9749.158 11051.37 11898.93 12242.05 12125.75 11644.06 10898.43 9977.806 8953.427 7878.629 6791.611 5720.984 4691.812 3729.096 2857.481 2098.355 1466.491 967.6639 597.5792 
1409.75 2288.566 3440.55 4851.117 6466.883 8171.31 9780.229 11086.87 11937.75 12282.85 12166.83 11683.29 10933.54 10007.32 8977.893 7901.202 6817.129 5753.531 4732.057 3773.274 2899.001 2131.117 1487.673 978.301 601.0501 
1412.789 2293.86 3449.193 4864.393 6486.058 8197.271 9813.134 11126.02 11981.79 12330.14 12215.75 11732.32 10981.14 10051.97 9018.434 7937.419 6850.185 5785.592 4765.005 3807.241 2931.877 2159.574 1509.024 991.8437 608.0767 
1417.581 2301.322 3459.864 4878.71 6504.48 8220.414 9841.755 11160.81 12023.1 12377.64 12268.4 11788.43 11038.68 10108.86 9072.775 7987.789 6895.907 5826.851 4802.552 3841.677 2962.979 2186.231 1529.936 1006.431 616.9258 
1424.215 2311.486 3473.941 4896.481 6525.003 8241.972 9861.931 11176.88 12032.74 12379.8 12263.64 11778.67 11026.41 10096.34 9061.583 7978.78 6889.431 5823.07 4801.605 3843.585 2967.367 2192.165 1536.111 1011.66 620.5765 
1427.151 2317.297 3484.606 4914.48 6552.739 8280.838 9911.469 11234.55 12094.53 12441.31 12321.16 11829.89 11070.51 10133.78 9093.511 8006.487 6913.953 5845.069 4821.452 3861.459 2983.268 2205.896 1547.348 1020.159 626.3845 
1426.938 2317.4 3485.678 4917.643 6559.615 8293.429 9931.85 11264.33 12134.18 12489.63 12375.23 11885.69 11124.04 10182.03 9135.036 8041.266 6942.869 5869.304 4842.046 3879.119 2998.356 2218.508 1557.448 1027.74 631.6126 
1428.306 2319.068 3487.169 4918.186 6558.38 8289.92 9926.252 11257.65 12128.06 12485.89 12375.29 11890.03 11131.97 10191.89 9144.864 8049.505 6948.848 5873.242 4844.697 3881.309 3000.643 2221.06 1560.108 1030.204 633.6106 
1428.306 2319.068 3487.169 4918.186 6558.38 8289.92 9926.252 11257.65 12128.06 12485.89 12375.29 11890.03 11131.97 10191.89 9144.864 8049.505 6948.848 5873.242 4844.697 3881.309 3000.643 2221.06 1560.108 1030.204 633.6106 
1424.976 2311.473 3471.105 4886.74 6501.339 8193.756 9775.148 11035.95 11824.07 12095.96 11906.49 11359.82 10565.07 9615.639 8584.744 7526.213 6477.099 5462.01 4498.143 3599.743 2781.191 2058.096 1445.724 954.9597 587.6118 
1402.986 2285.8 3451.961 4892.242 6556.001 8324.587 10006.63 11385 12295.5 12679.21 12575.4 12076.73 11288.44 10308.13 9218.767 8085.625 6955.746 5860.771 4821.985 3855.626 2976.961 2202.085 1546.635 1021.691 628.8369 
1427.856 2315.267 3476.841 4899.395 6534.844 8276.286 9950.728 11358.29 12342.21 12836.96 12863.43 12490.97 11803.63 10884.99 9813.277 8657.745 7475.425 6310.151 5194.259 4152.087 3203.896 2368.46 1662.689 1098.057 675.7972 
1456.084 2358.614 3535.859 4968.937 6600.371 8310.896 9916.234 11213.77 12059.44 12415.79 12337.34 11918.05 11247.5 10395.8 9417.266 8357.379 7256.956 6153.336 5080.123 4066.832 3139.253 2320.004 1627.781 1074.417 660.9776 
1454.878 2366.651 3566.959 5043.529 6742.105 8540.053 10242.17 11629.5 12540.67 12925.58 12835.98 12375.46 11652.52 10757.01 9754.215 8687.718 7586.892 6475.941 5380.441 4329.375 3353.736 2483.548 1744.08 1151.394 708.2235 
1469.397 2381.569 3573.471 5028.35 6691.203 8444.299 10101.59 11452.86 12340.16 12709.49 12604.1 12120.09 11364.96 10435.99 9411.487 8346.843 7275.528 6215.954 5181.403 4188.31 3259.721 2423.505 1706.759 1128.716 694.8834 
1462.705 2377.175 3578.313 5051.487 6739.756 8518.068 10189.91 11537.01 12400.97 12735.51 12594.66 12081.49 11303.43 10353.45 9307.034 8222.119 7138.828 6081.47 5064.045 4097.882 3198.213 2386.454 1686.839 1119.015 690.4957 
1444.976 2344.005 3519.927 4954.85 6589.667 8299.219 9888.732 11142.14 11902.78 12126.9 11874.65 11260.22 10404.91 9412.889 8363.846 7312.591 6292.341 5320.523 4405.397 3552.293 2768.756 2067.304 1464.141 973.8199 602.4914 
1399.111 2280.59 3445.527 4883.683 6541.244 8293.81 9942.814 11265.21 12095.25 12378.46 12163.66 11555.95 10673.45 9625.332 8503.332 7377.067 6292.371 5274.132 4332.716 3471.568 2693.861 2006.523 1420.243 945.3728 585.8619 
1388.66 2259.72 3408.68 4828.028 6473.66 8239.177 9948.138 11393.7 12409.39 12918.69 12933.04 12517.54 11759.71 10754.14 9594.734 8366.971 7140.579 5965.586 4872.852 3878.559 2991.002 2216.873 1564.018 1039.4 643.9766 
1432.301 2319.544 3477.602 4891.178 6511.034 8231.476 9884.306 11278.51 12268.98 12800.8 12898.35 12622.33 12036.17 11197.65 10164.51 8999.13 7766.971 6530.624 5342.998 4243.238 3257.169 2401.096 1685.54 1115.843 689.6204 
1463.425 2368.728 3547.211 4977.575 6599.065 8288.589 9858.48 11105.12 11888.25 12180.37 12050.7 11607.96 10950.25 10145.05 9232.68 8238.805 7187.272 6108.295 5039.514 4021.139 3089.502 2272.766 1589.406 1047.715 645.026 
1445.857 2352.197 3544.892 5009.985 6689.61 8455.411 10105.48 11415.71 12224.18 12486.99 12268.93 11691.43 10881.92 9945.354 8953.48 7944.853 6933.822 5925.491 4929.628 3967.203 3068.43 2265.681 1585.692 1043.763 640.8749 
1432.28 2325.619 3497.176 4932.409 6576.973 8311.345 9945.478 11263.95 12103.55 12406.51 12215.83 11632.87 10776.62 9760.421 8679.114 7599.854 6558.91 5567.617 4625.409 3733.572 2903.41 2156.049 1515.586 999.9845 614.2465 
1415.338 2305.371 3480.82 4932.993 6612.716 8403.893 10118.26 11541.03 12507.74 12954.75 12911.43 12457.21 11685.45 10689.24 9557.852 8371.634 7194.079 6066.325 5008.511 4028.227 3131.7 2331.267 1644.993 1089.484 671.1292 
1440.684 2332.085 3493.929 4908.707 6523.339 8226.173 9841.178 11169.3 12060.56 12462.21 12410.67 11987.77 11282.12 10373.07 9329.504 8212.054 7073.885 5959.303 4901.541 3922.506 3036.333 2254.908 1590.864 1055.237 651.5344 
1436.719 2332.947 3507.475 4943.37 6581.517 8295.936 9891.778 11156 11939.07 12206.09 12022.26 11497.63 10738.86 9829.38 8829.476 7782.676 6722.464 5677.539 4674.283 3736.53 2884.653 2135.559 1502.91 995.6687 614.7955 
1414.423 2298.547 3459.606 4883.135 6513.303 8227.351 9831.5 11108.61 11898.29 12150.97 11921.27 11320.83 10472.27 9482.951 8434.16 7378.86 6346.4 5352.176 4407.414 3525.03 2720.866 2011.934 1413.323 934.5837 576.3002 
