# Number of parameters = 218 Objective function value = 74292.0  Maximum gradient component = 0.00187688
# srv_sel50:
1.47437254697
# srv_sel95:
2.43943232541
# stNatLen:
 11.3861389379 11.2499117697 11.0523837238 10.8632419527 10.6773233220 10.4743995262 10.2486185824 10.0080576029 9.76503534362 9.52975077984 9.30860947011 9.10485505979 8.91964965647 8.75295971214 8.60416980840 8.47237417561 8.35662145265 8.25600739203 8.16975501334 8.09710305540 8.03743639274 7.99024723426 7.95518984603 7.93197450355 7.92044848458
# log_avg_fmort_dir:
-1.62754805235
# fmort_dir_dev:
 -1.68300073327 -1.69956082869 -1.31480081412 -1.00784355228 -0.735003917175 -0.569248778729 -0.232375096626 -0.242544483451 -0.0872198151217 -0.0102291043671 0.115470119700 0.424959781301 0.557646015118 0.570444654808 0.526900666442 0.616101889131 0.552013127937 0.436141057065 0.422263463720 0.308856856791 0.425779327887 0.353830494950 0.387381156600 0.366417552844 0.397168388783 0.240869199673 0.215723025259 0.217863305128 0.150259252976 0.0896661795825 0.147154287588 0.0900185635661 0.148395866795 0.0446996374031 0.0556651032737 -0.0554623058747 -0.0260811510830 -0.00264879025439 0.178843947252 0.132692063348 0.0971210469099 0.101275787542 0.0795757701695 0.0543006073760 0.0125856045702 0.122003992135 0.126469222238 0.107308451877 0.0313266852499 -0.119048343046 0.0766753623467 0.370222931926 -0.746622020852 -0.154307285179 -0.264762225937 0.0282030180908 0.157080224090 0.289841987240 0.299913118359 -0.116151457467 -1.06884153006 0.00862343853439
# mean_log_rec:
11.1330680416
# rec_dev:
 0.338890634643 0.334933974365 0.357623876524 0.363453373008 0.341603391295 0.298394811296 0.268303687282 0.267708662538 0.255360078037 0.177709343311 0.0494309550269 -0.0420761451350 -0.0973093368666 -0.111228756667 -0.109730077115 -0.100336162695 -0.0628122718275 -0.0497044948607 -0.0889845916612 -0.190212072135 -0.239735605357 -0.264597147560 -0.267982856312 -0.264822004010 -0.245835531597 -0.197603395308 -0.147656988428 -0.140521571120 -0.163883961371 -0.184372910934 -0.216237487781 -0.225480718538 -0.213447992586 -0.176503671959 -0.0368187887230 0.0864132725029 0.0632107973173 -0.0542640983704 -0.135660210899 -0.116440637703 -0.0663986236320 -0.0342554675767 -0.000955847145016 0.0316638089437 0.0252983113031 -0.0204198302307 -0.0228472650722 0.00421222354237 0.0681396824658 0.0923148808301 0.0381294868543 -0.0120637338957 -0.0437188516238 0.00789305372433 0.0864129960483 0.143563789861 0.145619449075 0.0901887934136 0.0501638878151 0.0870473202719 0.135617296495 0.135617268904
# log_avg_NatM:
-1.60801555684
# m_dev:
 -0.0772559339450 -0.134521192055 -0.0928637063426 -0.0732689904385 0.0814684983557 0.110854762071 0.0581292505107 -0.183011549592 -0.0248205416914 0.156052262567 0.222621674088 -0.0793136395165 -0.174659827333 -0.432282867666 -0.668814101632 -0.786816066861 -0.746858031551 -0.376123148067 0.0437455801720 0.294135640133 -0.00972776951899 -0.0726497370928 -0.274783356524 -0.124380908284 -0.269387752066 -0.437441040415 -0.352110164225 -0.00514340802318 0.127281215195 0.132182911702 0.163117612375 0.00221981504625 -0.0963446167433 -0.0640126914497 0.00298775046602 0.0812758790904 0.280898784278 0.585210468889 0.449374460415 0.0404015437416 -0.0379829052626 0.114792790924 0.0441907005851 0.0569836776889 0.196502101566 0.421562761287 0.169020341804 0.139923559206 -0.0553795873251 0.0594540013823 0.511872134331 0.343070047132 0.343521995397 0.00840631088175 -0.0854738751316 -0.0389638327483 0.162084209700 0.465660147742 0.347116931097 -0.0865292056863 -0.133040319169 -0.222159053467
# log_avg_GrowthK:
-1.64575700000
# log_avg_Linf:
4.88106400000
# GrowthK_dev:
 0.00000000000 0.00000000000 0.00000000000 0.00000000000 0.00000000000 0.00000000000 0.00000000000 0.00000000000 0.00000000000 0.00000000000 0.00000000000 0.00000000000 0.00000000000 0.00000000000 0.00000000000 0.00000000000 0.00000000000 0.00000000000 0.00000000000 0.00000000000 0.00000000000 0.00000000000 0.00000000000 0.00000000000 0.00000000000 0.00000000000 0.00000000000 0.00000000000 0.00000000000 0.00000000000 0.00000000000 0.00000000000 0.00000000000 0.00000000000 0.00000000000 0.00000000000 0.00000000000 0.00000000000 0.00000000000 0.00000000000 0.00000000000 0.00000000000 0.00000000000 0.00000000000 0.00000000000 0.00000000000 0.00000000000 0.00000000000 0.00000000000 0.00000000000 0.00000000000 0.00000000000 0.00000000000 0.00000000000 0.00000000000 0.00000000000 0.00000000000 0.00000000000 0.00000000000 0.00000000000 0.00000000000 0.00000000000
# Linf_dev:
 0.00000000000 0.00000000000 0.00000000000 0.00000000000 0.00000000000 0.00000000000 0.00000000000 0.00000000000 0.00000000000 0.00000000000 0.00000000000 0.00000000000 0.00000000000 0.00000000000 0.00000000000 0.00000000000 0.00000000000 0.00000000000 0.00000000000 0.00000000000 0.00000000000 0.00000000000 0.00000000000 0.00000000000 0.00000000000 0.00000000000 0.00000000000 0.00000000000 0.00000000000 0.00000000000 0.00000000000 0.00000000000 0.00000000000 0.00000000000 0.00000000000 0.00000000000 0.00000000000 0.00000000000 0.00000000000 0.00000000000 0.00000000000 0.00000000000 0.00000000000 0.00000000000 0.00000000000 0.00000000000 0.00000000000 0.00000000000 0.00000000000 0.00000000000 0.00000000000 0.00000000000 0.00000000000 0.00000000000 0.00000000000 0.00000000000 0.00000000000 0.00000000000 0.00000000000 0.00000000000 0.00000000000 0.00000000000
# SelPars50:
2.01708489529
# SelPars95:
3.58160311593
# SelPars_dev50:
 0.00000000000 0.00000000000 0.00000000000 0.00000000000 0.00000000000 0.00000000000 0.00000000000 0.00000000000 0.00000000000 0.00000000000 0.00000000000 0.00000000000 0.00000000000 0.00000000000 0.00000000000 0.00000000000 0.00000000000 0.00000000000 0.00000000000 0.00000000000 0.00000000000 0.00000000000 0.00000000000 0.00000000000 0.00000000000 0.00000000000 0.00000000000 0.00000000000 0.00000000000 0.00000000000 0.00000000000 0.00000000000 0.00000000000 0.00000000000 0.00000000000 0.00000000000 0.00000000000 0.00000000000 0.00000000000 0.00000000000 0.00000000000 0.00000000000 0.00000000000 0.00000000000 0.00000000000 0.00000000000 0.00000000000 0.00000000000 0.00000000000 0.00000000000 0.00000000000 0.00000000000 0.00000000000 0.00000000000 0.00000000000 0.00000000000 0.00000000000 0.00000000000 0.00000000000 0.00000000000 0.00000000000 0.00000000000
# SelPars_dev95:
 0.00000000000 0.00000000000 0.00000000000 0.00000000000 0.00000000000 0.00000000000 0.00000000000 0.00000000000 0.00000000000 0.00000000000 0.00000000000 0.00000000000 0.00000000000 0.00000000000 0.00000000000 0.00000000000 0.00000000000 0.00000000000 0.00000000000 0.00000000000 0.00000000000 0.00000000000 0.00000000000 0.00000000000 0.00000000000 0.00000000000 0.00000000000 0.00000000000 0.00000000000 0.00000000000 0.00000000000 0.00000000000 0.00000000000 0.00000000000 0.00000000000 0.00000000000 0.00000000000 0.00000000000 0.00000000000 0.00000000000 0.00000000000 0.00000000000 0.00000000000 0.00000000000 0.00000000000 0.00000000000 0.00000000000 0.00000000000 0.00000000000 0.00000000000 0.00000000000 0.00000000000 0.00000000000 0.00000000000 0.00000000000 0.00000000000 0.00000000000 0.00000000000 0.00000000000 0.00000000000 0.00000000000 0.00000000000
