# Number of parameters = 212 Objective function value = 71870.9  Maximum gradient component = 0.00144052
# srv_sel50:
1.47259540983
# srv_sel95:
2.43440128170
# stNatLen:
 11.3855187841 11.2496140596 11.0524018810 10.8633565433 10.6774062802 10.4744209405 10.2485888325 10.0079942523 9.76495180424 9.52965604425 9.30850941131 9.10475314028 8.91954834400 8.75286058930 8.60407388908 8.47228239793 8.35653451575 8.25592556788 8.16967837898 8.09703135629 8.03736993061 7.99018501406 7.95513088377 7.93191790502 7.92039295334
# log_avg_fmort_dir:
-1.60319481901
# fmort_dir_dev:
 -1.70737675160 -1.72393320887 -1.33917576144 -1.03221755735 -0.759378406127 -0.593630993306 -0.256766334573 -0.266929968080 -0.111585334127 -0.0345877922788 0.0910933269822 0.400557425140 0.533213318523 0.545966932666 0.502405244300 0.591625119886 0.527592302133 0.411783312705 0.397918965692 0.284453513383 0.401323449285 0.329375946766 0.362939844782 0.341976605203 0.372697528857 0.216410010332 0.191307524886 0.193467991363 0.125845263180 0.0652357266380 0.122707676867 0.0655579102935 0.123942129572 0.0202573739120 0.0312304571471 -0.0798831472308 -0.0504847100764 -0.0270698794530 0.154372676156 0.108211852151 0.0726742755911 0.0768387124212 0.0551295214604 0.0298675925502 -0.0118318442310 0.0975638419290 0.101995139659 0.0828389860271 0.00689920036676 -0.143359617448 0.0525620520032 0.346290080125 -0.771033607546 -0.180493697312 -0.294733309710 -0.00846788592431 0.112297626830 0.254869307070 0.366968715902 0.222675325949
# mean_log_rec:
11.1220805573
# rec_dev:
 0.349412861388 0.345390073593 0.368046301504 0.373820959429 0.351957152313 0.308706921322 0.278618829763 0.277937826668 0.265563545450 0.187937853239 0.0596393315080 -0.0318665962442 -0.0870928180680 -0.101003098753 -0.0995476369150 -0.0902490609983 -0.0528000366486 -0.0397611035817 -0.0789645577241 -0.180092985527 -0.229622186729 -0.254460688963 -0.257899351995 -0.254704729993 -0.235691812794 -0.187505999998 -0.137619356687 -0.130432799647 -0.153792458758 -0.174255567752 -0.206088189041 -0.215351855133 -0.203338371778 -0.166413589412 -0.0267369086712 0.0965259791871 0.0732938284630 -0.0441590449503 -0.125534108539 -0.106318381450 -0.0563322279018 -0.0241586236314 0.00914668565887 0.0417753479948 0.0353771306415 -0.0102798607850 -0.0126564991710 0.0143815596555 0.0783411452381 0.102445927375 0.0482789616523 -0.00116744730780 -0.0305897364612 0.0251517614447 0.110136395650 0.176380633960 0.176503337056 0.0419313618760 -0.0951069856682 -0.0951070343506
# log_avg_NatM:
-1.57946415318
# m_dev:
 -0.105884281880 -0.163173259082 -0.121559366328 -0.102010515352 0.0526585530444 0.0819868899725 0.0292088932375 -0.211911134296 -0.0537828330148 0.127023176583 0.193460740401 -0.108587113771 -0.204278002900 -0.462065055279 -0.698643300762 -0.816611496292 -0.776552265371 -0.405854408125 0.0140644331796 0.264533499985 -0.0391081926856 -0.102138207877 -0.304279640021 -0.154172833428 -0.299111590106 -0.466990626270 -0.381593821775 -0.0346825586219 0.0978675946166 0.102878798650 0.133774975183 -0.0271109623675 -0.125689099634 -0.0933839898622 -0.0263383933232 0.0520721004260 0.251778810972 0.556060956664 0.420175158031 0.0112071057186 -0.0672779095793 0.0853566366150 0.0148491663217 0.0277216328725 0.167268366746 0.392257617930 0.139812554400 0.110689713523 -0.0843718600374 0.0307483553819 0.483415080352 0.313852818258 0.310811559906 -0.0314832984382 -0.136906232339 -0.0977637061979 0.121670052623 0.537664332115 0.773208041240 0.805238340067
# log_avg_GrowthK:
-1.64018400000
# log_avg_Linf:
4.93370600000
# GrowthK_dev:
 0.00000000000 0.00000000000 0.00000000000 0.00000000000 0.00000000000 0.00000000000 0.00000000000 0.00000000000 0.00000000000 0.00000000000 0.00000000000 0.00000000000 0.00000000000 0.00000000000 0.00000000000 0.00000000000 0.00000000000 0.00000000000 0.00000000000 0.00000000000 0.00000000000 0.00000000000 0.00000000000 0.00000000000 0.00000000000 0.00000000000 0.00000000000 0.00000000000 0.00000000000 0.00000000000 0.00000000000 0.00000000000 0.00000000000 0.00000000000 0.00000000000 0.00000000000 0.00000000000 0.00000000000 0.00000000000 0.00000000000 0.00000000000 0.00000000000 0.00000000000 0.00000000000 0.00000000000 0.00000000000 0.00000000000 0.00000000000 0.00000000000 0.00000000000 0.00000000000 0.00000000000 0.00000000000 0.00000000000 0.00000000000 0.00000000000 0.00000000000 0.00000000000 0.00000000000 0.00000000000
# Linf_dev:
 0.00000000000 0.00000000000 0.00000000000 0.00000000000 0.00000000000 0.00000000000 0.00000000000 0.00000000000 0.00000000000 0.00000000000 0.00000000000 0.00000000000 0.00000000000 0.00000000000 0.00000000000 0.00000000000 0.00000000000 0.00000000000 0.00000000000 0.00000000000 0.00000000000 0.00000000000 0.00000000000 0.00000000000 0.00000000000 0.00000000000 0.00000000000 0.00000000000 0.00000000000 0.00000000000 0.00000000000 0.00000000000 0.00000000000 0.00000000000 0.00000000000 0.00000000000 0.00000000000 0.00000000000 0.00000000000 0.00000000000 0.00000000000 0.00000000000 0.00000000000 0.00000000000 0.00000000000 0.00000000000 0.00000000000 0.00000000000 0.00000000000 0.00000000000 0.00000000000 0.00000000000 0.00000000000 0.00000000000 0.00000000000 0.00000000000 0.00000000000 0.00000000000 0.00000000000 0.00000000000
# SelPars50:
2.01590308779
# SelPars95:
3.57757066747
# SelPars_dev50:
 0.00000000000 0.00000000000 0.00000000000 0.00000000000 0.00000000000 0.00000000000 0.00000000000 0.00000000000 0.00000000000 0.00000000000 0.00000000000 0.00000000000 0.00000000000 0.00000000000 0.00000000000 0.00000000000 0.00000000000 0.00000000000 0.00000000000 0.00000000000 0.00000000000 0.00000000000 0.00000000000 0.00000000000 0.00000000000 0.00000000000 0.00000000000 0.00000000000 0.00000000000 0.00000000000 0.00000000000 0.00000000000 0.00000000000 0.00000000000 0.00000000000 0.00000000000 0.00000000000 0.00000000000 0.00000000000 0.00000000000 0.00000000000 0.00000000000 0.00000000000 0.00000000000 0.00000000000 0.00000000000 0.00000000000 0.00000000000 0.00000000000 0.00000000000 0.00000000000 0.00000000000 0.00000000000 0.00000000000 0.00000000000 0.00000000000 0.00000000000 0.00000000000 0.00000000000 0.00000000000
# SelPars_dev95:
 0.00000000000 0.00000000000 0.00000000000 0.00000000000 0.00000000000 0.00000000000 0.00000000000 0.00000000000 0.00000000000 0.00000000000 0.00000000000 0.00000000000 0.00000000000 0.00000000000 0.00000000000 0.00000000000 0.00000000000 0.00000000000 0.00000000000 0.00000000000 0.00000000000 0.00000000000 0.00000000000 0.00000000000 0.00000000000 0.00000000000 0.00000000000 0.00000000000 0.00000000000 0.00000000000 0.00000000000 0.00000000000 0.00000000000 0.00000000000 0.00000000000 0.00000000000 0.00000000000 0.00000000000 0.00000000000 0.00000000000 0.00000000000 0.00000000000 0.00000000000 0.00000000000 0.00000000000 0.00000000000 0.00000000000 0.00000000000 0.00000000000 0.00000000000 0.00000000000 0.00000000000 0.00000000000 0.00000000000 0.00000000000 0.00000000000 0.00000000000 0.00000000000 0.00000000000 0.00000000000
