# Number of parameters = 133 Objective function value = 61108.0052063284  Maximum gradient component = 0.000442665355848218
# srv_sel50:
1.50730909252
# srv_sel95:
2.52236575829
# stNatLen:
 11.4354541683 11.2851760136 11.0751163335 10.8811769535 10.6946670483 10.4917743720 10.2657393911 10.0250252547 9.78237399086 9.54809325128 9.32849409487 9.12666499583 8.94361252171 8.77920545823 8.63271664634 8.50313626317 8.38942723251 8.29063817300 8.20590720718 8.13450399043 8.07582697645 8.02939771814 7.99485498035 7.97211773167 7.96093557058
# log_avg_fmort_dir:
-1.63364243807
# fmort_dir_dev:
 -1.73138117221 -1.82304203510 -1.29420715477 -1.01066501868 -0.818785709811 -0.543572933717 -0.302598235283 -0.201753024522 -0.0148210214063 0.00914900152321 0.231037863359 0.221353969400 0.278902722602 0.327325606053 0.520905139996 0.557811966985 0.540005791489 0.389456416098 0.517147210044 0.435461056641 0.343727672088 0.393435082804 0.508126860018 0.346448163344 0.188686393905 0.375374580195 0.190511000953 0.219622523913 0.185562131465 0.175829727287 0.110207792136 0.0731900001772 0.164359728722 0.0376007336965 0.122226131623 0.0551337223838 0.0538374572519 0.0182122640203 -0.0116917367976 0.0668807757841 0.00234755226953 0.0738644311154 0.0736744771305 0.0356636532670 0.0168157057007 0.0260190854113 -0.00776801863322 0.0661294154781 0.0328780771531 0.100179603809 -0.324815426358
# mean_log_rec:
11.1346992894
# rec_dev:
 0.372739590416 0.343578921276 0.347000098916 0.354134959862 0.350873516436 0.344538604188 0.333799230593 0.317356964217 0.312721438161 0.310744863072 0.299614948513 0.282639258202 0.263075299658 0.221399781167 0.162158302143 0.0923127061450 0.0396695538475 0.00186240453290 -0.0280710193621 -0.0530348707001 -0.0732071369614 -0.116953101376 -0.144469948642 -0.142088296103 -0.157450701694 -0.168579912765 -0.169126621178 -0.169458426501 -0.160433009561 -0.155622243010 -0.161418623855 -0.165782075398 -0.156387220975 -0.157847052947 -0.154803254517 -0.156008666220 -0.176373206333 -0.185494104700 -0.179861734176 -0.168252375567 -0.163813904978 -0.157868268329 -0.155887732274 -0.150525501607 -0.142068439377 -0.131660212791 -0.134248229354 -0.133247281153 -0.123451161203 -0.128363049288 -0.128363058448
# log_avg_NatM:
-1.60943800000
# m_dev:
 0.00000000000 0.00000000000 0.00000000000 0.00000000000 0.00000000000 0.00000000000 0.00000000000 0.00000000000 0.00000000000 0.00000000000 0.00000000000 0.00000000000 0.00000000000 0.00000000000 0.00000000000 0.00000000000 0.00000000000 0.00000000000 0.00000000000 0.00000000000 0.00000000000 0.00000000000 0.00000000000 0.00000000000 0.00000000000 0.00000000000 0.00000000000 0.00000000000 0.00000000000 0.00000000000 0.00000000000 0.00000000000 0.00000000000 0.00000000000 0.00000000000 0.00000000000 0.00000000000 0.00000000000 0.00000000000 0.00000000000 0.00000000000 0.00000000000 0.00000000000 0.00000000000 0.00000000000 0.00000000000 0.00000000000 0.00000000000 0.00000000000 0.00000000000 0.00000000000
# log_avg_GrowthK:
-1.60943800000
# log_avg_Linf:
4.88280200000
# GrowthK_dev:
 0.00000000000 0.00000000000 0.00000000000 0.00000000000 0.00000000000 0.00000000000 0.00000000000 0.00000000000 0.00000000000 0.00000000000 0.00000000000 0.00000000000 0.00000000000 0.00000000000 0.00000000000 0.00000000000 0.00000000000 0.00000000000 0.00000000000 0.00000000000 0.00000000000 0.00000000000 0.00000000000 0.00000000000 0.00000000000 0.00000000000 0.00000000000 0.00000000000 0.00000000000 0.00000000000 0.00000000000 0.00000000000 0.00000000000 0.00000000000 0.00000000000 0.00000000000 0.00000000000 0.00000000000 0.00000000000 0.00000000000 0.00000000000 0.00000000000 0.00000000000 0.00000000000 0.00000000000 0.00000000000 0.00000000000 0.00000000000 0.00000000000 0.00000000000 0.00000000000
# Linf_dev:
 0.00000000000 0.00000000000 0.00000000000 0.00000000000 0.00000000000 0.00000000000 0.00000000000 0.00000000000 0.00000000000 0.00000000000 0.00000000000 0.00000000000 0.00000000000 0.00000000000 0.00000000000 0.00000000000 0.00000000000 0.00000000000 0.00000000000 0.00000000000 0.00000000000 0.00000000000 0.00000000000 0.00000000000 0.00000000000 0.00000000000 0.00000000000 0.00000000000 0.00000000000 0.00000000000 0.00000000000 0.00000000000 0.00000000000 0.00000000000 0.00000000000 0.00000000000 0.00000000000 0.00000000000 0.00000000000 0.00000000000 0.00000000000 0.00000000000 0.00000000000 0.00000000000 0.00000000000 0.00000000000 0.00000000000 0.00000000000 0.00000000000 0.00000000000 0.00000000000
# SelPars50:
2.08976898863
# SelPars95:
3.76937233011
# SelPars_dev50:
 0.00000000000 0.00000000000 0.00000000000 0.00000000000 0.00000000000 0.00000000000 0.00000000000 0.00000000000 0.00000000000 0.00000000000 0.00000000000 0.00000000000 0.00000000000 0.00000000000 0.00000000000 0.00000000000 0.00000000000 0.00000000000 0.00000000000 0.00000000000 0.00000000000 0.00000000000 0.00000000000 0.00000000000 0.00000000000 0.00000000000 0.00000000000 0.00000000000 0.00000000000 0.00000000000 0.00000000000 0.00000000000 0.00000000000 0.00000000000 0.00000000000 0.00000000000 0.00000000000 0.00000000000 0.00000000000 0.00000000000 0.00000000000 0.00000000000 0.00000000000 0.00000000000 0.00000000000 0.00000000000 0.00000000000 0.00000000000 0.00000000000 0.00000000000 0.00000000000
# SelPars_dev95:
 0.00000000000 0.00000000000 0.00000000000 0.00000000000 0.00000000000 0.00000000000 0.00000000000 0.00000000000 0.00000000000 0.00000000000 0.00000000000 0.00000000000 0.00000000000 0.00000000000 0.00000000000 0.00000000000 0.00000000000 0.00000000000 0.00000000000 0.00000000000 0.00000000000 0.00000000000 0.00000000000 0.00000000000 0.00000000000 0.00000000000 0.00000000000 0.00000000000 0.00000000000 0.00000000000 0.00000000000 0.00000000000 0.00000000000 0.00000000000 0.00000000000 0.00000000000 0.00000000000 0.00000000000 0.00000000000 0.00000000000 0.00000000000 0.00000000000 0.00000000000 0.00000000000 0.00000000000 0.00000000000 0.00000000000 0.00000000000 0.00000000000 0.00000000000 0.00000000000
