# Number of parameters = 161 Objective function value = 77788.4  Maximum gradient component = 0.00198596
# srv_sel50:
1.63365668128
# srv_sel95:
2.87578385479
# stNatLen:
 11.8243927007 11.6233934387 11.3296871520 11.0700363910 10.8510983124 10.6416239009 10.4154411102 10.1648851244 9.89710484139 9.62468850477 9.35900565718 9.10785710867 8.87564358598 8.66430831957 8.47428340781 8.30515971929 8.15613382421 8.02625614297 7.91457790637 7.82026980530 7.74264923592 7.68118290892 7.63550640781 7.60531361817 7.59027297790
# log_avg_fmort_dir:
-1.50765279087
# fmort_dir_dev:
 -0.886011272482 -0.751286088539 -0.655825285523 -0.475747051503 -0.315661642902 -0.163118694084 -0.00862490016435 0.104225154477 0.169541006616 0.192064593209 0.213520051641 0.316139871832 0.309137852993 0.323548246827 0.182131956357 0.273298549127 0.239301344610 0.0923727687886 0.195179117729 0.194086261600 0.176263601506 0.0512272303088 0.169243387184 -0.0236219145427 0.105373145085 0.00217129191907 -0.0802440928094 0.0133755655683 -0.00764309909320 -0.0855329168455 0.0156528508854 -0.0105220511433 -0.0298443848341 -0.0810060173807 -0.0383957303079 -0.134139242293 0.0887486953405 -0.0325258338478 -0.0225302408955 -0.0657027110184 0.0469820726813 -0.0766281223429 0.0295958618276 0.00137972511884 0.122881217170 0.0605878670029 -0.345001571329 -0.117148057594 -0.0614151374845 0.160379694476 0.180737850055 0.0557777841518 0.127128486970 0.0215367143686 0.0682885517230 -0.0159761146509 0.102349549202 -0.0343298426292 0.114504367496 0.0319803857563 -0.177217674404 -0.0839098242997 0.0576571283566 0.0870520050782 0.0841877099082
# mean_log_rec:
11.3017690745
# rec_dev:
 0.579416952229 0.548732651242 0.529054851954 0.505273468348 0.472415541315 0.428912094973 0.393141832006 0.358751214220 0.315319566358 0.282034900264 0.240114522924 0.196153317449 0.137637804617 0.0926225925120 0.0495082010942 0.0160386772982 0.0173081249054 0.000711268675143 -0.0311531115051 -0.0532100769210 -0.0831510922866 -0.103269212364 -0.126847002641 -0.147010246771 -0.161813313909 -0.184108412867 -0.211627839905 -0.227396284089 -0.271709634562 -0.296078411802 -0.228779409451 -0.160363676829 -0.150122346634 -0.156091287885 -0.160758823440 -0.153314067175 -0.140751995083 -0.142305858367 -0.136947001865 -0.128636239537 -0.128074910017 -0.123494274113 -0.110632543115 -0.103882721973 -0.107848678002 -0.111763862744 -0.114610269014 -0.108284262458 -0.108990646269 -0.122528497540 -0.124544563335 -0.127321348519 -0.136839644134 -0.137189530133 -0.123047787389 -0.102549410440 -0.0913396391537 -0.0792242106765 -0.0601778016293 -0.0362527915386 0.00113315422927 0.0681682685171 0.130847368545 0.125373155608 0.125373208800
# log_avg_NatM:
-1.47890400000
# m_dev:
 0.00000000000 0.00000000000 0.00000000000 0.00000000000 0.00000000000 0.00000000000 0.00000000000 0.00000000000 0.00000000000 0.00000000000 0.00000000000 0.00000000000 0.00000000000 0.00000000000 0.00000000000 0.00000000000 0.00000000000 0.00000000000 0.00000000000 0.00000000000 0.00000000000 0.00000000000 0.00000000000 0.00000000000 0.00000000000 0.00000000000 0.00000000000 0.00000000000 0.00000000000 0.00000000000 0.00000000000 0.00000000000 0.00000000000 0.00000000000 0.00000000000 0.00000000000 0.00000000000 0.00000000000 0.00000000000 0.00000000000 0.00000000000 0.00000000000 0.00000000000 0.00000000000 0.00000000000 0.00000000000 0.00000000000 0.00000000000 0.00000000000 0.00000000000 0.00000000000 0.00000000000 0.00000000000 0.00000000000 0.00000000000 0.00000000000 0.00000000000 0.00000000000 0.00000000000 0.00000000000 0.00000000000 0.00000000000 0.00000000000 0.00000000000 0.00000000000
# log_avg_GrowthK:
-1.60943800000
# log_avg_Linf:
4.88280200000
# GrowthK_dev:
 0.00000000000 0.00000000000 0.00000000000 0.00000000000 0.00000000000 0.00000000000 0.00000000000 0.00000000000 0.00000000000 0.00000000000 0.00000000000 0.00000000000 0.00000000000 0.00000000000 0.00000000000 0.00000000000 0.00000000000 0.00000000000 0.00000000000 0.00000000000 0.00000000000 0.00000000000 0.00000000000 0.00000000000 0.00000000000 0.00000000000 0.00000000000 0.00000000000 0.00000000000 0.00000000000 0.00000000000 0.00000000000 0.00000000000 0.00000000000 0.00000000000 0.00000000000 0.00000000000 0.00000000000 0.00000000000 0.00000000000 0.00000000000 0.00000000000 0.00000000000 0.00000000000 0.00000000000 0.00000000000 0.00000000000 0.00000000000 0.00000000000 0.00000000000 0.00000000000 0.00000000000 0.00000000000 0.00000000000 0.00000000000 0.00000000000 0.00000000000 0.00000000000 0.00000000000 0.00000000000 0.00000000000 0.00000000000 0.00000000000 0.00000000000 0.00000000000
# Linf_dev:
 0.00000000000 0.00000000000 0.00000000000 0.00000000000 0.00000000000 0.00000000000 0.00000000000 0.00000000000 0.00000000000 0.00000000000 0.00000000000 0.00000000000 0.00000000000 0.00000000000 0.00000000000 0.00000000000 0.00000000000 0.00000000000 0.00000000000 0.00000000000 0.00000000000 0.00000000000 0.00000000000 0.00000000000 0.00000000000 0.00000000000 0.00000000000 0.00000000000 0.00000000000 0.00000000000 0.00000000000 0.00000000000 0.00000000000 0.00000000000 0.00000000000 0.00000000000 0.00000000000 0.00000000000 0.00000000000 0.00000000000 0.00000000000 0.00000000000 0.00000000000 0.00000000000 0.00000000000 0.00000000000 0.00000000000 0.00000000000 0.00000000000 0.00000000000 0.00000000000 0.00000000000 0.00000000000 0.00000000000 0.00000000000 0.00000000000 0.00000000000 0.00000000000 0.00000000000 0.00000000000 0.00000000000 0.00000000000 0.00000000000 0.00000000000 0.00000000000
# SelPars50:
2.21408231085
# SelPars95:
4.02173587463
# SelPars_dev50:
 0.00000000000 0.00000000000 0.00000000000 0.00000000000 0.00000000000 0.00000000000 0.00000000000 0.00000000000 0.00000000000 0.00000000000 0.00000000000 0.00000000000 0.00000000000 0.00000000000 0.00000000000 0.00000000000 0.00000000000 0.00000000000 0.00000000000 0.00000000000 0.00000000000 0.00000000000 0.00000000000 0.00000000000 0.00000000000 0.00000000000 0.00000000000 0.00000000000 0.00000000000 0.00000000000 0.00000000000 0.00000000000 0.00000000000 0.00000000000 0.00000000000 0.00000000000 0.00000000000 0.00000000000 0.00000000000 0.00000000000 0.00000000000 0.00000000000 0.00000000000 0.00000000000 0.00000000000 0.00000000000 0.00000000000 0.00000000000 0.00000000000 0.00000000000 0.00000000000 0.00000000000 0.00000000000 0.00000000000 0.00000000000 0.00000000000 0.00000000000 0.00000000000 0.00000000000 0.00000000000 0.00000000000 0.00000000000 0.00000000000 0.00000000000 0.00000000000
# SelPars_dev95:
 0.00000000000 0.00000000000 0.00000000000 0.00000000000 0.00000000000 0.00000000000 0.00000000000 0.00000000000 0.00000000000 0.00000000000 0.00000000000 0.00000000000 0.00000000000 0.00000000000 0.00000000000 0.00000000000 0.00000000000 0.00000000000 0.00000000000 0.00000000000 0.00000000000 0.00000000000 0.00000000000 0.00000000000 0.00000000000 0.00000000000 0.00000000000 0.00000000000 0.00000000000 0.00000000000 0.00000000000 0.00000000000 0.00000000000 0.00000000000 0.00000000000 0.00000000000 0.00000000000 0.00000000000 0.00000000000 0.00000000000 0.00000000000 0.00000000000 0.00000000000 0.00000000000 0.00000000000 0.00000000000 0.00000000000 0.00000000000 0.00000000000 0.00000000000 0.00000000000 0.00000000000 0.00000000000 0.00000000000 0.00000000000 0.00000000000 0.00000000000 0.00000000000 0.00000000000 0.00000000000 0.00000000000 0.00000000000 0.00000000000 0.00000000000 0.00000000000
