# Number of parameters = 151 Objective function value = 72120.3689452112  Maximum gradient component = 0.000551069971028202
# srv_sel50:
1.51952808864
# srv_sel95:
2.55608899899
# stNatLen:
 11.4393360422 11.2904104906 11.0766382457 10.8806364160 10.6961097580 10.4983913846 10.2776621618 10.0397216488 9.79635211260 9.55822075163 9.33252762059 9.12326607616 8.93217534680 8.75962299587 8.60520799604 8.46819379981 8.34771398242 8.24290494055 8.15294530311 8.07713756271 8.01483321469 7.96549348062 7.92877667241 7.90438187789 7.89225465134
# log_avg_fmort_dir:
-1.66937678426
# fmort_dir_dev:
 -1.81479649357 -1.81724552707 -1.23270205004 -0.953064494771 -0.736447295172 -0.458604515074 -0.193429597069 -0.165715233755 -0.113800384251 0.124303354244 0.271878361673 0.244976241297 0.273344580118 0.493424525177 0.438859004634 0.452826476586 0.486915135093 0.454476032678 0.417743075073 0.506208105675 0.415282326995 0.326644846387 0.330251625773 0.312138596377 0.346728950668 0.301520551180 0.315415221791 0.226412512377 0.238978390085 0.242950404125 0.226417532297 0.258383448384 0.299356407180 0.190679293151 0.131814495073 0.0993394411261 0.0811402197411 0.0946959259687 0.175093621522 0.119328005805 0.0805414226239 0.115519674723 0.0780642459711 0.0368313380414 0.0868335489887 0.106798779168 0.113701024336 0.0846151111487 0.00427581527741 0.125678180754 -0.391601736181 -0.306205429894 -0.367738320792 -0.207864997214 -0.314046731857 -0.344036109320 -0.224453562116 -0.121149768070 0.0117969786522 0.0207194182725
# mean_log_rec:
11.1370718537
# rec_dev:
 0.370802864505 0.354828141072 0.360612225153 0.365996626359 0.363198637752 0.351413474576 0.343511798606 0.335274231434 0.308594646298 0.271081047405 0.250543690644 0.223646235326 0.172071156993 0.122532557590 0.0858669296429 0.0428711201051 0.00231644380952 -0.0344293283358 -0.0934318067932 -0.139340994247 -0.164594152191 -0.168249017036 -0.169758576263 -0.179595083863 -0.188028628829 -0.192403222130 -0.181780452498 -0.163373030229 -0.154098847101 -0.152943291609 -0.164543557892 -0.178039169416 -0.182448894643 -0.158247426730 -0.148241312391 -0.155456957146 -0.161286002779 -0.169426699786 -0.169223250808 -0.152646076118 -0.136947623885 -0.124098734118 -0.120656915923 -0.124869563017 -0.114316276427 -0.103400929367 -0.0966266643648 -0.0832409583838 -0.0632941539581 -0.0510095312647 -0.0328904342280 -0.00426147777440 0.00642127096672 0.00803671324601 0.0150869304689 0.0228845673765 0.0545884200436 0.0821857573864 0.0814167825539 0.0814167722355
# log_avg_NatM:
-1.60943800000
# m_dev:
 0.00000000000 0.00000000000 0.00000000000 0.00000000000 0.00000000000 0.00000000000 0.00000000000 0.00000000000 0.00000000000 0.00000000000 0.00000000000 0.00000000000 0.00000000000 0.00000000000 0.00000000000 0.00000000000 0.00000000000 0.00000000000 0.00000000000 0.00000000000 0.00000000000 0.00000000000 0.00000000000 0.00000000000 0.00000000000 0.00000000000 0.00000000000 0.00000000000 0.00000000000 0.00000000000 0.00000000000 0.00000000000 0.00000000000 0.00000000000 0.00000000000 0.00000000000 0.00000000000 0.00000000000 0.00000000000 0.00000000000 0.00000000000 0.00000000000 0.00000000000 0.00000000000 0.00000000000 0.00000000000 0.00000000000 0.00000000000 0.00000000000 0.00000000000 0.00000000000 0.00000000000 0.00000000000 0.00000000000 0.00000000000 0.00000000000 0.00000000000 0.00000000000 0.00000000000 0.00000000000
# log_avg_GrowthK:
-1.60943800000
# log_avg_Linf:
4.88280200000
# GrowthK_dev:
 0.00000000000 0.00000000000 0.00000000000 0.00000000000 0.00000000000 0.00000000000 0.00000000000 0.00000000000 0.00000000000 0.00000000000 0.00000000000 0.00000000000 0.00000000000 0.00000000000 0.00000000000 0.00000000000 0.00000000000 0.00000000000 0.00000000000 0.00000000000 0.00000000000 0.00000000000 0.00000000000 0.00000000000 0.00000000000 0.00000000000 0.00000000000 0.00000000000 0.00000000000 0.00000000000 0.00000000000 0.00000000000 0.00000000000 0.00000000000 0.00000000000 0.00000000000 0.00000000000 0.00000000000 0.00000000000 0.00000000000 0.00000000000 0.00000000000 0.00000000000 0.00000000000 0.00000000000 0.00000000000 0.00000000000 0.00000000000 0.00000000000 0.00000000000 0.00000000000 0.00000000000 0.00000000000 0.00000000000 0.00000000000 0.00000000000 0.00000000000 0.00000000000 0.00000000000 0.00000000000
# Linf_dev:
 0.00000000000 0.00000000000 0.00000000000 0.00000000000 0.00000000000 0.00000000000 0.00000000000 0.00000000000 0.00000000000 0.00000000000 0.00000000000 0.00000000000 0.00000000000 0.00000000000 0.00000000000 0.00000000000 0.00000000000 0.00000000000 0.00000000000 0.00000000000 0.00000000000 0.00000000000 0.00000000000 0.00000000000 0.00000000000 0.00000000000 0.00000000000 0.00000000000 0.00000000000 0.00000000000 0.00000000000 0.00000000000 0.00000000000 0.00000000000 0.00000000000 0.00000000000 0.00000000000 0.00000000000 0.00000000000 0.00000000000 0.00000000000 0.00000000000 0.00000000000 0.00000000000 0.00000000000 0.00000000000 0.00000000000 0.00000000000 0.00000000000 0.00000000000 0.00000000000 0.00000000000 0.00000000000 0.00000000000 0.00000000000 0.00000000000 0.00000000000 0.00000000000 0.00000000000 0.00000000000
# SelPars50:
2.08848982217
# SelPars95:
3.75723764011
# SelPars_dev50:
 0.00000000000 0.00000000000 0.00000000000 0.00000000000 0.00000000000 0.00000000000 0.00000000000 0.00000000000 0.00000000000 0.00000000000 0.00000000000 0.00000000000 0.00000000000 0.00000000000 0.00000000000 0.00000000000 0.00000000000 0.00000000000 0.00000000000 0.00000000000 0.00000000000 0.00000000000 0.00000000000 0.00000000000 0.00000000000 0.00000000000 0.00000000000 0.00000000000 0.00000000000 0.00000000000 0.00000000000 0.00000000000 0.00000000000 0.00000000000 0.00000000000 0.00000000000 0.00000000000 0.00000000000 0.00000000000 0.00000000000 0.00000000000 0.00000000000 0.00000000000 0.00000000000 0.00000000000 0.00000000000 0.00000000000 0.00000000000 0.00000000000 0.00000000000 0.00000000000 0.00000000000 0.00000000000 0.00000000000 0.00000000000 0.00000000000 0.00000000000 0.00000000000 0.00000000000 0.00000000000
# SelPars_dev95:
 0.00000000000 0.00000000000 0.00000000000 0.00000000000 0.00000000000 0.00000000000 0.00000000000 0.00000000000 0.00000000000 0.00000000000 0.00000000000 0.00000000000 0.00000000000 0.00000000000 0.00000000000 0.00000000000 0.00000000000 0.00000000000 0.00000000000 0.00000000000 0.00000000000 0.00000000000 0.00000000000 0.00000000000 0.00000000000 0.00000000000 0.00000000000 0.00000000000 0.00000000000 0.00000000000 0.00000000000 0.00000000000 0.00000000000 0.00000000000 0.00000000000 0.00000000000 0.00000000000 0.00000000000 0.00000000000 0.00000000000 0.00000000000 0.00000000000 0.00000000000 0.00000000000 0.00000000000 0.00000000000 0.00000000000 0.00000000000 0.00000000000 0.00000000000 0.00000000000 0.00000000000 0.00000000000 0.00000000000 0.00000000000 0.00000000000 0.00000000000 0.00000000000 0.00000000000 0.00000000000
