# Number of parameters = 157 Objective function value = 75680.5  Maximum gradient component = 0.000880254
# srv_sel50:
1.52466620894
# srv_sel95:
2.57504178472
# stNatLen:
 11.4529457701 11.2757024825 11.0247855647 10.7888556308 10.5693466271 10.3467262043 10.1102209733 9.86187800419 9.61029220311 9.36447244135 9.13107841357 8.91407812789 8.71536634655 8.53548294716 8.37419026104 8.23085272662 8.10464856706 7.99473252944 7.90030220152 7.82065572168 7.75514603697 7.70318282351 7.66431242030 7.63841743911 7.62550120864
# log_avg_fmort_dir:
-1.56420371854
# fmort_dir_dev:
 -0.660116556984 -0.549496261553 -0.439269585811 -0.261498222356 -0.119868254566 -0.0685846779095 0.113101406266 0.260111497082 0.321148875872 0.323476944590 0.326629394013 0.365735925251 0.366614672779 0.399289604161 0.353068506402 0.370457693393 0.308063861612 0.257038651880 0.302991953789 0.229930832247 0.283301401751 0.182464357936 0.105784650017 0.180797899423 0.159972731181 0.168226363431 0.117156094760 0.0666920253436 0.0680813135165 0.0416125830857 0.0721905045311 -0.0215233439993 0.0659049828748 -0.0410026257290 0.0109792652516 -0.0180418227170 0.0550187555620 -0.0140002504673 0.0476780809905 -0.0413943076573 -0.115551230617 -0.0430598707061 0.0237308680916 0.0244336284665 0.00777909849490 -0.0107258945788 -0.425690894621 -0.277162091586 -0.425162469416 -0.351624528098 -0.228914747207 -0.342987373995 -0.214674593779 -0.209394630128 -0.0855299382292 -0.0379724744678 -0.157701282459 -0.0602398820009 -0.0738486986184 0.00323821236821 -0.110385709188 -0.336920991243 -0.240359425728
# mean_log_rec:
11.1036327912
# rec_dev:
 0.377392850091 0.344779935626 0.345188718938 0.345464796676 0.335778733606 0.310029249884 0.270880038928 0.228585850454 0.202211088029 0.160294267000 0.110823649371 0.0683964912593 0.0183316810869 -0.00866960820367 -0.0413465595301 -0.0775742495149 -0.0945933818537 -0.103516133865 -0.119080836080 -0.156253318805 -0.158599966192 -0.149369151896 -0.150654704325 -0.144313648477 -0.149852136738 -0.142219896482 -0.123381254954 -0.115580093848 -0.117001634306 -0.134566059988 -0.141077229851 -0.131750736450 -0.107303140115 -0.0920230970286 -0.0988773713544 -0.0978604556392 -0.0990592791257 -0.0919558747566 -0.0651585073835 -0.0455627996247 -0.0532216745671 -0.0682418994791 -0.0699382538444 -0.0721137658808 -0.0667415725614 -0.0535381296975 -0.0445383310139 -0.0151909468540 0.00951497746999 0.0186444859327 0.0249254926925 0.0320987853642 0.0255821839572 0.0145099451427 -0.00187686392912 0.00503636010244 0.0157975243195 0.0176462843076 0.0226844003865 0.0277448212713 0.0304448561755 0.0199075365101 0.0199075596335
# log_avg_NatM:
-1.60943800000
# m_dev:
 0.00000000000 0.00000000000 0.00000000000 0.00000000000 0.00000000000 0.00000000000 0.00000000000 0.00000000000 0.00000000000 0.00000000000 0.00000000000 0.00000000000 0.00000000000 0.00000000000 0.00000000000 0.00000000000 0.00000000000 0.00000000000 0.00000000000 0.00000000000 0.00000000000 0.00000000000 0.00000000000 0.00000000000 0.00000000000 0.00000000000 0.00000000000 0.00000000000 0.00000000000 0.00000000000 0.00000000000 0.00000000000 0.00000000000 0.00000000000 0.00000000000 0.00000000000 0.00000000000 0.00000000000 0.00000000000 0.00000000000 0.00000000000 0.00000000000 0.00000000000 0.00000000000 0.00000000000 0.00000000000 0.00000000000 0.00000000000 0.00000000000 0.00000000000 0.00000000000 0.00000000000 0.00000000000 0.00000000000 0.00000000000 0.00000000000 0.00000000000 0.00000000000 0.00000000000 0.00000000000 0.00000000000 0.00000000000 0.00000000000
# log_avg_GrowthK:
-1.60943800000
# log_avg_Linf:
4.88280200000
# GrowthK_dev:
 0.00000000000 0.00000000000 0.00000000000 0.00000000000 0.00000000000 0.00000000000 0.00000000000 0.00000000000 0.00000000000 0.00000000000 0.00000000000 0.00000000000 0.00000000000 0.00000000000 0.00000000000 0.00000000000 0.00000000000 0.00000000000 0.00000000000 0.00000000000 0.00000000000 0.00000000000 0.00000000000 0.00000000000 0.00000000000 0.00000000000 0.00000000000 0.00000000000 0.00000000000 0.00000000000 0.00000000000 0.00000000000 0.00000000000 0.00000000000 0.00000000000 0.00000000000 0.00000000000 0.00000000000 0.00000000000 0.00000000000 0.00000000000 0.00000000000 0.00000000000 0.00000000000 0.00000000000 0.00000000000 0.00000000000 0.00000000000 0.00000000000 0.00000000000 0.00000000000 0.00000000000 0.00000000000 0.00000000000 0.00000000000 0.00000000000 0.00000000000 0.00000000000 0.00000000000 0.00000000000 0.00000000000 0.00000000000 0.00000000000
# Linf_dev:
 0.00000000000 0.00000000000 0.00000000000 0.00000000000 0.00000000000 0.00000000000 0.00000000000 0.00000000000 0.00000000000 0.00000000000 0.00000000000 0.00000000000 0.00000000000 0.00000000000 0.00000000000 0.00000000000 0.00000000000 0.00000000000 0.00000000000 0.00000000000 0.00000000000 0.00000000000 0.00000000000 0.00000000000 0.00000000000 0.00000000000 0.00000000000 0.00000000000 0.00000000000 0.00000000000 0.00000000000 0.00000000000 0.00000000000 0.00000000000 0.00000000000 0.00000000000 0.00000000000 0.00000000000 0.00000000000 0.00000000000 0.00000000000 0.00000000000 0.00000000000 0.00000000000 0.00000000000 0.00000000000 0.00000000000 0.00000000000 0.00000000000 0.00000000000 0.00000000000 0.00000000000 0.00000000000 0.00000000000 0.00000000000 0.00000000000 0.00000000000 0.00000000000 0.00000000000 0.00000000000 0.00000000000 0.00000000000 0.00000000000
# SelPars50:
2.06946580802
# SelPars95:
3.70132900291
# SelPars_dev50:
 0.00000000000 0.00000000000 0.00000000000 0.00000000000 0.00000000000 0.00000000000 0.00000000000 0.00000000000 0.00000000000 0.00000000000 0.00000000000 0.00000000000 0.00000000000 0.00000000000 0.00000000000 0.00000000000 0.00000000000 0.00000000000 0.00000000000 0.00000000000 0.00000000000 0.00000000000 0.00000000000 0.00000000000 0.00000000000 0.00000000000 0.00000000000 0.00000000000 0.00000000000 0.00000000000 0.00000000000 0.00000000000 0.00000000000 0.00000000000 0.00000000000 0.00000000000 0.00000000000 0.00000000000 0.00000000000 0.00000000000 0.00000000000 0.00000000000 0.00000000000 0.00000000000 0.00000000000 0.00000000000 0.00000000000 0.00000000000 0.00000000000 0.00000000000 0.00000000000 0.00000000000 0.00000000000 0.00000000000 0.00000000000 0.00000000000 0.00000000000 0.00000000000 0.00000000000 0.00000000000 0.00000000000 0.00000000000 0.00000000000
# SelPars_dev95:
 0.00000000000 0.00000000000 0.00000000000 0.00000000000 0.00000000000 0.00000000000 0.00000000000 0.00000000000 0.00000000000 0.00000000000 0.00000000000 0.00000000000 0.00000000000 0.00000000000 0.00000000000 0.00000000000 0.00000000000 0.00000000000 0.00000000000 0.00000000000 0.00000000000 0.00000000000 0.00000000000 0.00000000000 0.00000000000 0.00000000000 0.00000000000 0.00000000000 0.00000000000 0.00000000000 0.00000000000 0.00000000000 0.00000000000 0.00000000000 0.00000000000 0.00000000000 0.00000000000 0.00000000000 0.00000000000 0.00000000000 0.00000000000 0.00000000000 0.00000000000 0.00000000000 0.00000000000 0.00000000000 0.00000000000 0.00000000000 0.00000000000 0.00000000000 0.00000000000 0.00000000000 0.00000000000 0.00000000000 0.00000000000 0.00000000000 0.00000000000 0.00000000000 0.00000000000 0.00000000000 0.00000000000 0.00000000000 0.00000000000
