# Number of parameters = 224 Objective function value = 76679.8  Maximum gradient component = 0.000540471
# srv_sel50:
1.46275879436
# srv_sel95:
2.40917850328
# stNatLen:
 11.1610031006 11.0350033356 10.8369712886 10.6451288868 10.4588646008 10.2579481080 10.0347259515 9.79570338133 9.55259577996 9.31570691678 9.09186838809 8.88476271001 8.69590582998 8.52553731194 8.37318026704 8.23805097415 8.11926365372 8.01592022256 7.92718208245 7.85236982420 7.79085188583 7.74215165250 7.70590190688 7.68178041932 7.66976761916
# log_avg_fmort_dir:
-1.58491631881
# fmort_dir_dev:
 -1.86024600878 -1.84829535927 -1.29583314987 -1.00892901116 -0.817163469628 -0.508031200753 -0.452217802725 -0.229212476004 -0.00595524441175 0.0643381421876 0.278848158614 0.296100471780 0.377285495871 0.365866402231 0.419556886878 0.438430877622 0.490333297565 0.435160382149 0.518874776195 0.534169743594 0.384528997432 0.269482856299 0.301189172896 0.351134657771 0.357836401951 0.271342071222 0.316709794857 0.254291872214 0.247369271417 0.364544481023 0.279592246747 0.195444551414 0.169826226843 0.0494860389966 -0.0213087813229 0.112220389448 0.130330350250 0.115506079464 0.0451861325821 0.0861388693506 0.0157542563580 -0.00970487230743 0.0896067854817 0.0260525576597 0.0160203772988 -0.0599283213916 -0.0178863414241 -0.0121283973345 -0.0126972532488 0.00180583161646 -0.134294539217 -0.0785355160733 0.0490900621955 -0.170293567777 0.161708653163 0.0517355019027 -0.0533715054261 0.0292632860843 -0.414869296498 0.184318726906 0.175230816873 0.0908624629683 -0.103615337338 -0.298056963416
# mean_log_rec:
11.0922627001
# rec_dev:
 0.255794982377 0.294121484401 0.352355825373 0.377329297691 0.368367226217 0.336546558481 0.290325929797 0.216213274289 0.154443341374 0.120525993272 0.107935948079 0.0992886914177 0.106517640729 0.112156143310 0.0869097076319 0.0364407339327 -0.0559524937501 -0.148082656431 -0.204241140530 -0.220320303009 -0.189591290477 -0.164390974124 -0.182184479720 -0.226100923445 -0.289337523048 -0.336787380668 -0.347001019708 -0.353772389487 -0.372947013697 -0.368858434059 -0.335030156037 -0.273294895825 -0.210293606688 -0.149899953068 -0.0577775858174 -0.0269841550218 -0.0469174497362 -0.0319895353992 -0.00730185952903 0.0161848429279 0.0131496522526 -0.0184599285920 -0.00916104884714 0.0496326565724 0.100717363911 0.0973302925169 0.0519900419271 0.0404741190760 0.0466889965159 0.0425683279197 0.0426092570736 0.0519330166777 0.0743012333563 0.0610327964164 0.0431732436900 0.0429780713243 0.0486487965585 0.0857942451220 0.111575887671 0.103485906295 0.0701271534135 0.0423855037926 0.0373119859216 0.0373120274069
# log_avg_NatM:
-1.62691652399
# m_dev:
 -0.627794477044 -0.572544063960 -0.269606713093 -0.149849600019 -0.0114292884474 0.131182786492 0.0714951848224 0.226863230906 0.0575534886545 -0.181858124321 -0.291596205206 -0.329639387486 -0.445943527614 -0.343814155879 -0.271434818737 -0.135696136913 0.125512209175 -0.00343683456325 -0.0965806478857 -0.260469945234 -0.396827863022 -0.350229661190 -0.161719438673 0.0246732180344 0.178482707781 0.0118973812354 -0.0954226088333 -0.167749756939 -0.110086425835 -0.171186227739 -0.361030673428 -0.532545796561 -0.512372321501 -0.253772560171 0.149286970803 0.370596149049 0.259128683505 0.0270230386009 0.0686127333962 0.0937828877726 0.251454134867 0.413946693794 0.165042255942 -0.0732088015697 0.00335165110199 0.301324731695 0.434853585062 0.197630019727 0.284334764646 0.284195965663 0.225254528965 0.188934006020 0.140339681337 0.301623937567 0.281474921301 0.229856167867 0.203101073421 -0.00981075063086 0.184524799324 0.274563905898 0.313793349346 0.290524759779 0.198645938399 0.222795270546
# log_avg_GrowthK:
-1.64167700000
# log_avg_Linf:
4.81515100000
# GrowthK_dev:
 0.00000000000 0.00000000000 0.00000000000 0.00000000000 0.00000000000 0.00000000000 0.00000000000 0.00000000000 0.00000000000 0.00000000000 0.00000000000 0.00000000000 0.00000000000 0.00000000000 0.00000000000 0.00000000000 0.00000000000 0.00000000000 0.00000000000 0.00000000000 0.00000000000 0.00000000000 0.00000000000 0.00000000000 0.00000000000 0.00000000000 0.00000000000 0.00000000000 0.00000000000 0.00000000000 0.00000000000 0.00000000000 0.00000000000 0.00000000000 0.00000000000 0.00000000000 0.00000000000 0.00000000000 0.00000000000 0.00000000000 0.00000000000 0.00000000000 0.00000000000 0.00000000000 0.00000000000 0.00000000000 0.00000000000 0.00000000000 0.00000000000 0.00000000000 0.00000000000 0.00000000000 0.00000000000 0.00000000000 0.00000000000 0.00000000000 0.00000000000 0.00000000000 0.00000000000 0.00000000000 0.00000000000 0.00000000000 0.00000000000 0.00000000000
# Linf_dev:
 0.00000000000 0.00000000000 0.00000000000 0.00000000000 0.00000000000 0.00000000000 0.00000000000 0.00000000000 0.00000000000 0.00000000000 0.00000000000 0.00000000000 0.00000000000 0.00000000000 0.00000000000 0.00000000000 0.00000000000 0.00000000000 0.00000000000 0.00000000000 0.00000000000 0.00000000000 0.00000000000 0.00000000000 0.00000000000 0.00000000000 0.00000000000 0.00000000000 0.00000000000 0.00000000000 0.00000000000 0.00000000000 0.00000000000 0.00000000000 0.00000000000 0.00000000000 0.00000000000 0.00000000000 0.00000000000 0.00000000000 0.00000000000 0.00000000000 0.00000000000 0.00000000000 0.00000000000 0.00000000000 0.00000000000 0.00000000000 0.00000000000 0.00000000000 0.00000000000 0.00000000000 0.00000000000 0.00000000000 0.00000000000 0.00000000000 0.00000000000 0.00000000000 0.00000000000 0.00000000000 0.00000000000 0.00000000000 0.00000000000 0.00000000000
# SelPars50:
2.01796861949
# SelPars95:
3.59585397161
# SelPars_dev50:
 0.00000000000 0.00000000000 0.00000000000 0.00000000000 0.00000000000 0.00000000000 0.00000000000 0.00000000000 0.00000000000 0.00000000000 0.00000000000 0.00000000000 0.00000000000 0.00000000000 0.00000000000 0.00000000000 0.00000000000 0.00000000000 0.00000000000 0.00000000000 0.00000000000 0.00000000000 0.00000000000 0.00000000000 0.00000000000 0.00000000000 0.00000000000 0.00000000000 0.00000000000 0.00000000000 0.00000000000 0.00000000000 0.00000000000 0.00000000000 0.00000000000 0.00000000000 0.00000000000 0.00000000000 0.00000000000 0.00000000000 0.00000000000 0.00000000000 0.00000000000 0.00000000000 0.00000000000 0.00000000000 0.00000000000 0.00000000000 0.00000000000 0.00000000000 0.00000000000 0.00000000000 0.00000000000 0.00000000000 0.00000000000 0.00000000000 0.00000000000 0.00000000000 0.00000000000 0.00000000000 0.00000000000 0.00000000000 0.00000000000 0.00000000000
# SelPars_dev95:
 0.00000000000 0.00000000000 0.00000000000 0.00000000000 0.00000000000 0.00000000000 0.00000000000 0.00000000000 0.00000000000 0.00000000000 0.00000000000 0.00000000000 0.00000000000 0.00000000000 0.00000000000 0.00000000000 0.00000000000 0.00000000000 0.00000000000 0.00000000000 0.00000000000 0.00000000000 0.00000000000 0.00000000000 0.00000000000 0.00000000000 0.00000000000 0.00000000000 0.00000000000 0.00000000000 0.00000000000 0.00000000000 0.00000000000 0.00000000000 0.00000000000 0.00000000000 0.00000000000 0.00000000000 0.00000000000 0.00000000000 0.00000000000 0.00000000000 0.00000000000 0.00000000000 0.00000000000 0.00000000000 0.00000000000 0.00000000000 0.00000000000 0.00000000000 0.00000000000 0.00000000000 0.00000000000 0.00000000000 0.00000000000 0.00000000000 0.00000000000 0.00000000000 0.00000000000 0.00000000000 0.00000000000 0.00000000000 0.00000000000 0.00000000000
