# Number of parameters = 165 Objective function value = 80298.3  Maximum gradient component = 0.000661811
# srv_sel50:
1.62849596691
# srv_sel95:
2.85964305410
# stNatLen:
 11.8616401722 11.6876105581 11.4330923392 11.2143192469 11.0355768059 10.8618782893 10.6623024762 10.4264800283 10.1624465383 9.88589547839 9.61151553133 9.34961250931 9.10616227980 8.88400159204 8.68399574112 8.50592091493 8.34900336467 8.21229293385 8.09482225324 7.99569930158 7.91415578412 7.84959737089 7.80154116772 7.76968850842 7.75380131002
# log_avg_fmort_dir:
-1.59051434571
# fmort_dir_dev:
 -2.03472027767 -1.96722337408 -1.48070887358 -1.26625960080 -0.884154087880 -0.664614629678 -0.368660947561 -0.230361250775 -0.0989069761331 -0.0610815306420 0.0462836787198 0.215466946155 0.220157293584 0.409462835830 0.259578355711 0.453415274171 0.399132791001 0.326152512700 0.293160390206 0.322894059196 0.283266506636 0.290124721447 0.247213938534 0.164820795387 0.294326648024 0.185359303505 0.113826992952 0.156643415886 0.175206611477 0.0668512852259 0.0697038175104 0.0716261331726 0.0654522403796 0.110252747529 0.172055014324 0.0515931740583 0.109697830402 -0.0100584404117 -0.00558570781582 0.0667496633141 0.0958452549679 -0.0506233428058 0.00710784679595 0.121516749302 -0.0126226857646 0.0149793775440 0.00809667647457 -0.00429470390951 0.0443110133186 0.0865688595780 0.264398227202 0.316519974312 0.0452715047171 0.203751452514 0.0603144494959 0.0222607417000 0.152155474846 0.197082711310 -0.0128166736217 0.297741752874 0.440097372417 0.327751440480 0.275617424276 0.178926033803 0.0828974864906 0.169750431953 0.0992558697112
# mean_log_rec:
11.3243453161
# rec_dev:
 0.588671114602 0.555658442000 0.548552992200 0.537419616027 0.517913016684 0.491166372860 0.453455284358 0.418329845357 0.397900440228 0.370642883052 0.329654448217 0.285771459974 0.251862095463 0.235162779571 0.187546374443 0.120409329817 0.0694192430229 0.0435286822234 0.0259108064762 0.00673660696172 -0.0178301249576 -0.0309749167973 -0.0272475136376 -0.0397278780248 -0.0599947333052 -0.0708073815362 -0.0865440718980 -0.0964242450330 -0.108776225826 -0.140445569023 -0.166887834048 -0.191298484805 -0.246798307637 -0.280151412722 -0.194475744592 -0.127015306888 -0.123576141422 -0.132992134307 -0.147115860570 -0.151242179934 -0.140975122540 -0.155302926486 -0.179144646895 -0.176833752733 -0.174484803516 -0.172103251042 -0.162466576400 -0.149245040459 -0.159204204654 -0.161544926853 -0.165712198104 -0.157211506181 -0.156400819453 -0.169333830077 -0.175609003003 -0.160572779362 -0.167073801883 -0.192615098628 -0.182083611620 -0.162368207136 -0.160853881273 -0.167163093789 -0.160507789483 -0.103456880172 -0.0302126362027 -0.0264526251004 -0.0264527535305
# log_avg_NatM:
-1.47890400000
# m_dev:
 0.00000000000 0.00000000000 0.00000000000 0.00000000000 0.00000000000 0.00000000000 0.00000000000 0.00000000000 0.00000000000 0.00000000000 0.00000000000 0.00000000000 0.00000000000 0.00000000000 0.00000000000 0.00000000000 0.00000000000 0.00000000000 0.00000000000 0.00000000000 0.00000000000 0.00000000000 0.00000000000 0.00000000000 0.00000000000 0.00000000000 0.00000000000 0.00000000000 0.00000000000 0.00000000000 0.00000000000 0.00000000000 0.00000000000 0.00000000000 0.00000000000 0.00000000000 0.00000000000 0.00000000000 0.00000000000 0.00000000000 0.00000000000 0.00000000000 0.00000000000 0.00000000000 0.00000000000 0.00000000000 0.00000000000 0.00000000000 0.00000000000 0.00000000000 0.00000000000 0.00000000000 0.00000000000 0.00000000000 0.00000000000 0.00000000000 0.00000000000 0.00000000000 0.00000000000 0.00000000000 0.00000000000 0.00000000000 0.00000000000 0.00000000000 0.00000000000 0.00000000000 0.00000000000
# log_avg_GrowthK:
-1.60943800000
# log_avg_Linf:
4.88280200000
# GrowthK_dev:
 0.00000000000 0.00000000000 0.00000000000 0.00000000000 0.00000000000 0.00000000000 0.00000000000 0.00000000000 0.00000000000 0.00000000000 0.00000000000 0.00000000000 0.00000000000 0.00000000000 0.00000000000 0.00000000000 0.00000000000 0.00000000000 0.00000000000 0.00000000000 0.00000000000 0.00000000000 0.00000000000 0.00000000000 0.00000000000 0.00000000000 0.00000000000 0.00000000000 0.00000000000 0.00000000000 0.00000000000 0.00000000000 0.00000000000 0.00000000000 0.00000000000 0.00000000000 0.00000000000 0.00000000000 0.00000000000 0.00000000000 0.00000000000 0.00000000000 0.00000000000 0.00000000000 0.00000000000 0.00000000000 0.00000000000 0.00000000000 0.00000000000 0.00000000000 0.00000000000 0.00000000000 0.00000000000 0.00000000000 0.00000000000 0.00000000000 0.00000000000 0.00000000000 0.00000000000 0.00000000000 0.00000000000 0.00000000000 0.00000000000 0.00000000000 0.00000000000 0.00000000000 0.00000000000
# Linf_dev:
 0.00000000000 0.00000000000 0.00000000000 0.00000000000 0.00000000000 0.00000000000 0.00000000000 0.00000000000 0.00000000000 0.00000000000 0.00000000000 0.00000000000 0.00000000000 0.00000000000 0.00000000000 0.00000000000 0.00000000000 0.00000000000 0.00000000000 0.00000000000 0.00000000000 0.00000000000 0.00000000000 0.00000000000 0.00000000000 0.00000000000 0.00000000000 0.00000000000 0.00000000000 0.00000000000 0.00000000000 0.00000000000 0.00000000000 0.00000000000 0.00000000000 0.00000000000 0.00000000000 0.00000000000 0.00000000000 0.00000000000 0.00000000000 0.00000000000 0.00000000000 0.00000000000 0.00000000000 0.00000000000 0.00000000000 0.00000000000 0.00000000000 0.00000000000 0.00000000000 0.00000000000 0.00000000000 0.00000000000 0.00000000000 0.00000000000 0.00000000000 0.00000000000 0.00000000000 0.00000000000 0.00000000000 0.00000000000 0.00000000000 0.00000000000 0.00000000000 0.00000000000 0.00000000000
# SelPars50:
2.22561042289
# SelPars95:
4.05926657269
# SelPars_dev50:
 0.00000000000 0.00000000000 0.00000000000 0.00000000000 0.00000000000 0.00000000000 0.00000000000 0.00000000000 0.00000000000 0.00000000000 0.00000000000 0.00000000000 0.00000000000 0.00000000000 0.00000000000 0.00000000000 0.00000000000 0.00000000000 0.00000000000 0.00000000000 0.00000000000 0.00000000000 0.00000000000 0.00000000000 0.00000000000 0.00000000000 0.00000000000 0.00000000000 0.00000000000 0.00000000000 0.00000000000 0.00000000000 0.00000000000 0.00000000000 0.00000000000 0.00000000000 0.00000000000 0.00000000000 0.00000000000 0.00000000000 0.00000000000 0.00000000000 0.00000000000 0.00000000000 0.00000000000 0.00000000000 0.00000000000 0.00000000000 0.00000000000 0.00000000000 0.00000000000 0.00000000000 0.00000000000 0.00000000000 0.00000000000 0.00000000000 0.00000000000 0.00000000000 0.00000000000 0.00000000000 0.00000000000 0.00000000000 0.00000000000 0.00000000000 0.00000000000 0.00000000000 0.00000000000
# SelPars_dev95:
 0.00000000000 0.00000000000 0.00000000000 0.00000000000 0.00000000000 0.00000000000 0.00000000000 0.00000000000 0.00000000000 0.00000000000 0.00000000000 0.00000000000 0.00000000000 0.00000000000 0.00000000000 0.00000000000 0.00000000000 0.00000000000 0.00000000000 0.00000000000 0.00000000000 0.00000000000 0.00000000000 0.00000000000 0.00000000000 0.00000000000 0.00000000000 0.00000000000 0.00000000000 0.00000000000 0.00000000000 0.00000000000 0.00000000000 0.00000000000 0.00000000000 0.00000000000 0.00000000000 0.00000000000 0.00000000000 0.00000000000 0.00000000000 0.00000000000 0.00000000000 0.00000000000 0.00000000000 0.00000000000 0.00000000000 0.00000000000 0.00000000000 0.00000000000 0.00000000000 0.00000000000 0.00000000000 0.00000000000 0.00000000000 0.00000000000 0.00000000000 0.00000000000 0.00000000000 0.00000000000 0.00000000000 0.00000000000 0.00000000000 0.00000000000 0.00000000000 0.00000000000 0.00000000000
