# Number of parameters = 200 Objective function value = 67028.1256053328  Maximum gradient component = 0.000550631768749226
# srv_sel50:
1.46746231158
# srv_sel95:
2.41807701596
# stNatLen:
 11.3362273602 11.1960350004 10.9986322129 10.8102128905 10.6247052252 10.4221005926 10.1965957020 9.95616262604 9.71304539863 9.47744249512 9.25579682549 9.05142301321 8.86555414739 8.69820166414 8.54878133283 8.41643122511 8.30020048059 8.19915197955 8.11250913796 8.03952879374 7.97955508133 7.93212016291 7.89690073041 7.87362871369 7.86201962384
# log_avg_fmort_dir:
-1.60268066286
# fmort_dir_dev:
 -1.77774106055 -1.75415302798 -1.26234245948 -0.911361240063 -0.687419135921 -0.422496860472 -0.181865106818 -0.0807753413817 0.0356182525689 0.186212593858 0.211311099595 0.287903904033 0.371920488821 0.349585766481 0.445672903199 0.467345732688 0.482298880117 0.393106160037 0.319231490131 0.310816964307 0.366044720845 0.380748560201 0.283983062845 0.320500062345 0.159796363846 0.213350209289 0.303349755185 0.320906406429 0.251627282003 0.208705121237 0.107076118099 0.0407829399634 0.0576803274503 -0.0192458122655 0.0566521770360 0.0527089015950 0.131160001685 -0.00457981019984 -0.0237275527738 -0.00817415683947 -0.0650815475391 -0.0895843181423 0.0381640368892 0.0353372584519 0.118917386906 0.105432586332 0.0909440784360 0.0802823225618 0.104567221250 -0.0278100542573 0.0229492122706 0.205659586596 -0.526142606674 -0.148528658590 0.0642728713929 0.00840594297032
# mean_log_rec:
11.1154239380
# rec_dev:
 0.289529172592 0.252271968539 0.258683091523 0.271285207305 0.246925862152 0.177109084360 0.125041088827 0.118886824945 0.106049239803 0.104298893542 0.123345626552 0.147110563704 0.161014608017 0.151230962178 0.0989140637086 -0.00662094069521 -0.0686680679963 -0.0900228602303 -0.117720447745 -0.174052349786 -0.205350655059 -0.208062637375 -0.190863938058 -0.168324673786 -0.180568562991 -0.231884901091 -0.301086779102 -0.316256516045 -0.291465354998 -0.247380782390 -0.204068184230 -0.167287025718 -0.138349886517 -0.143572171222 -0.0857570529905 -0.00326004021842 0.0262272612002 0.0595625433126 0.0832924671330 0.0934098346192 0.103598087777 0.0655675139782 -0.0187538886172 -0.0716921346208 -0.0857180330460 -0.0837388006148 -0.0464361670328 0.0157839710812 0.0369096510541 0.0385153099715 0.0313995832164 0.0526552562490 0.101005931680 0.158723994982 0.174307557321 0.174307630856
# log_avg_NatM:
-1.60891022768
# m_dev:
 -0.0629708266593 0.0974204891993 -0.0966036842979 -0.175743531341 -0.0127313061645 0.199736634202 -0.00638250231747 -0.276636635638 -0.204128398617 -0.370227013218 -0.522968464556 -0.543384332497 -0.392681862701 -0.321249844372 -0.0842962494289 0.227582418320 -0.0867367188156 -0.0870852192706 -0.0226517282534 0.130527714128 -0.0957273449781 -0.185700505428 -0.270788270363 -0.175543047450 -0.0162091695892 0.125345636856 0.183993635739 -0.174523249052 -0.187710558388 -0.276587471417 -0.180670219642 -0.233712996011 -0.189958033622 0.135381320924 0.283088095725 0.179087811788 0.131618888365 0.0146844382148 0.169442005826 0.205365326391 0.238293511846 0.390252003250 0.502540826629 0.375719677161 0.205398469831 0.186386546836 -0.0630383189651 -0.111227939782 0.159400421742 0.211689608097 0.321316888896 0.0791879312943 0.0450428559103 0.189061036665 0.216307182416 0.224004066583
# log_avg_GrowthK:
-1.60943800000
# log_avg_Linf:
4.88280200000
# GrowthK_dev:
 0.00000000000 0.00000000000 0.00000000000 0.00000000000 0.00000000000 0.00000000000 0.00000000000 0.00000000000 0.00000000000 0.00000000000 0.00000000000 0.00000000000 0.00000000000 0.00000000000 0.00000000000 0.00000000000 0.00000000000 0.00000000000 0.00000000000 0.00000000000 0.00000000000 0.00000000000 0.00000000000 0.00000000000 0.00000000000 0.00000000000 0.00000000000 0.00000000000 0.00000000000 0.00000000000 0.00000000000 0.00000000000 0.00000000000 0.00000000000 0.00000000000 0.00000000000 0.00000000000 0.00000000000 0.00000000000 0.00000000000 0.00000000000 0.00000000000 0.00000000000 0.00000000000 0.00000000000 0.00000000000 0.00000000000 0.00000000000 0.00000000000 0.00000000000 0.00000000000 0.00000000000 0.00000000000 0.00000000000 0.00000000000 0.00000000000
# Linf_dev:
 0.00000000000 0.00000000000 0.00000000000 0.00000000000 0.00000000000 0.00000000000 0.00000000000 0.00000000000 0.00000000000 0.00000000000 0.00000000000 0.00000000000 0.00000000000 0.00000000000 0.00000000000 0.00000000000 0.00000000000 0.00000000000 0.00000000000 0.00000000000 0.00000000000 0.00000000000 0.00000000000 0.00000000000 0.00000000000 0.00000000000 0.00000000000 0.00000000000 0.00000000000 0.00000000000 0.00000000000 0.00000000000 0.00000000000 0.00000000000 0.00000000000 0.00000000000 0.00000000000 0.00000000000 0.00000000000 0.00000000000 0.00000000000 0.00000000000 0.00000000000 0.00000000000 0.00000000000 0.00000000000 0.00000000000 0.00000000000 0.00000000000 0.00000000000 0.00000000000 0.00000000000 0.00000000000 0.00000000000 0.00000000000 0.00000000000
# SelPars50:
2.01301176645
# SelPars95:
3.57167031760
# SelPars_dev50:
 0.00000000000 0.00000000000 0.00000000000 0.00000000000 0.00000000000 0.00000000000 0.00000000000 0.00000000000 0.00000000000 0.00000000000 0.00000000000 0.00000000000 0.00000000000 0.00000000000 0.00000000000 0.00000000000 0.00000000000 0.00000000000 0.00000000000 0.00000000000 0.00000000000 0.00000000000 0.00000000000 0.00000000000 0.00000000000 0.00000000000 0.00000000000 0.00000000000 0.00000000000 0.00000000000 0.00000000000 0.00000000000 0.00000000000 0.00000000000 0.00000000000 0.00000000000 0.00000000000 0.00000000000 0.00000000000 0.00000000000 0.00000000000 0.00000000000 0.00000000000 0.00000000000 0.00000000000 0.00000000000 0.00000000000 0.00000000000 0.00000000000 0.00000000000 0.00000000000 0.00000000000 0.00000000000 0.00000000000 0.00000000000 0.00000000000
# SelPars_dev95:
 0.00000000000 0.00000000000 0.00000000000 0.00000000000 0.00000000000 0.00000000000 0.00000000000 0.00000000000 0.00000000000 0.00000000000 0.00000000000 0.00000000000 0.00000000000 0.00000000000 0.00000000000 0.00000000000 0.00000000000 0.00000000000 0.00000000000 0.00000000000 0.00000000000 0.00000000000 0.00000000000 0.00000000000 0.00000000000 0.00000000000 0.00000000000 0.00000000000 0.00000000000 0.00000000000 0.00000000000 0.00000000000 0.00000000000 0.00000000000 0.00000000000 0.00000000000 0.00000000000 0.00000000000 0.00000000000 0.00000000000 0.00000000000 0.00000000000 0.00000000000 0.00000000000 0.00000000000 0.00000000000 0.00000000000 0.00000000000 0.00000000000 0.00000000000 0.00000000000 0.00000000000 0.00000000000 0.00000000000 0.00000000000 0.00000000000
