# Number of parameters = 141 Objective function value = 65736.5  Maximum gradient component = 0.000955917
# srv_sel50:
1.66509476962
# srv_sel95:
2.97400709716
# stNatLen:
 11.8275863479 11.6204910924 11.3205164739 11.0591934075 10.8409141577 10.6325227654 10.4074116680 10.1580481612 9.89166591981 9.62079028581 9.35667437917 9.10702368737 8.87618194373 8.66606850020 8.47711073242 8.30890555288 8.16066090237 8.03143818307 7.92030170595 7.82643298563 7.74916004853 7.68795961793 7.64247630716 7.61241048559 7.59743315691
# log_avg_fmort_dir:
-1.50764637777
# fmort_dir_dev:
 -0.876345453963 -0.744576018662 -0.648402786283 -0.467893843453 -0.307548167677 -0.154848351598 -0.000190573300829 0.112869338980 0.178352939422 0.200972069745 0.222508234711 0.325310570419 0.318473867807 0.332958827746 0.191420960645 0.282593982237 0.248615421292 0.101508608280 0.204280656583 0.203184964061 0.185360768953 0.0601169051464 0.178200287429 -0.0148882579903 0.114150141630 0.0108561638480 -0.0717470294062 0.0218652980106 0.000842273587819 -0.0772250907805 0.0239730640351 -0.00232597218689 -0.0216761539622 -0.0728009082790 -0.0300964070296 -0.125971928067 0.0971189785773 -0.0242299007136 -0.0143242071174 -0.0576480158989 0.0550035926900 -0.0689209076355 0.0370782094859 0.00842754700944 0.129409290612 0.0660913831353 -0.341326364270 -0.115550258411 -0.0628139572384 0.154604149864 0.168097534440 0.0331354762957 0.0899358778342 -0.0366441368748 -0.0193226937144
# mean_log_rec:
11.3139357367
# rec_dev:
 0.566826622278 0.536394557913 0.516731290206 0.493008660982 0.459565668737 0.415980274895 0.380462636945 0.345489920852 0.301718636825 0.268603795875 0.226402175363 0.182261175780 0.123437189392 0.0784432902592 0.0350577438155 0.00228680477314 0.00322164728289 -0.0137710505731 -0.0453944569794 -0.0677276356796 -0.0980096663311 -0.117510411412 -0.141772845649 -0.161227874398 -0.176471111231 -0.198939242532 -0.225929184365 -0.241380732826 -0.286139890706 -0.310060537103 -0.243567735763 -0.174958301606 -0.164724966847 -0.170842475686 -0.175614168966 -0.167079906773 -0.155075332861 -0.156409396230 -0.150608023634 -0.141765840278 -0.141083995661 -0.135033613921 -0.120946240713 -0.112046121369 -0.113496985475 -0.113304310176 -0.110814147978 -0.0965618083469 -0.0851437557461 -0.0806287799482 -0.0565750550538 -0.0173341420311 0.0186657417665 0.00669591230603 0.00669599860060
# log_avg_NatM:
-1.47890400000
# m_dev:
 0.00000000000 0.00000000000 0.00000000000 0.00000000000 0.00000000000 0.00000000000 0.00000000000 0.00000000000 0.00000000000 0.00000000000 0.00000000000 0.00000000000 0.00000000000 0.00000000000 0.00000000000 0.00000000000 0.00000000000 0.00000000000 0.00000000000 0.00000000000 0.00000000000 0.00000000000 0.00000000000 0.00000000000 0.00000000000 0.00000000000 0.00000000000 0.00000000000 0.00000000000 0.00000000000 0.00000000000 0.00000000000 0.00000000000 0.00000000000 0.00000000000 0.00000000000 0.00000000000 0.00000000000 0.00000000000 0.00000000000 0.00000000000 0.00000000000 0.00000000000 0.00000000000 0.00000000000 0.00000000000 0.00000000000 0.00000000000 0.00000000000 0.00000000000 0.00000000000 0.00000000000 0.00000000000 0.00000000000 0.00000000000
# log_avg_GrowthK:
-1.60943800000
# log_avg_Linf:
4.88280200000
# GrowthK_dev:
 0.00000000000 0.00000000000 0.00000000000 0.00000000000 0.00000000000 0.00000000000 0.00000000000 0.00000000000 0.00000000000 0.00000000000 0.00000000000 0.00000000000 0.00000000000 0.00000000000 0.00000000000 0.00000000000 0.00000000000 0.00000000000 0.00000000000 0.00000000000 0.00000000000 0.00000000000 0.00000000000 0.00000000000 0.00000000000 0.00000000000 0.00000000000 0.00000000000 0.00000000000 0.00000000000 0.00000000000 0.00000000000 0.00000000000 0.00000000000 0.00000000000 0.00000000000 0.00000000000 0.00000000000 0.00000000000 0.00000000000 0.00000000000 0.00000000000 0.00000000000 0.00000000000 0.00000000000 0.00000000000 0.00000000000 0.00000000000 0.00000000000 0.00000000000 0.00000000000 0.00000000000 0.00000000000 0.00000000000 0.00000000000
# Linf_dev:
 0.00000000000 0.00000000000 0.00000000000 0.00000000000 0.00000000000 0.00000000000 0.00000000000 0.00000000000 0.00000000000 0.00000000000 0.00000000000 0.00000000000 0.00000000000 0.00000000000 0.00000000000 0.00000000000 0.00000000000 0.00000000000 0.00000000000 0.00000000000 0.00000000000 0.00000000000 0.00000000000 0.00000000000 0.00000000000 0.00000000000 0.00000000000 0.00000000000 0.00000000000 0.00000000000 0.00000000000 0.00000000000 0.00000000000 0.00000000000 0.00000000000 0.00000000000 0.00000000000 0.00000000000 0.00000000000 0.00000000000 0.00000000000 0.00000000000 0.00000000000 0.00000000000 0.00000000000 0.00000000000 0.00000000000 0.00000000000 0.00000000000 0.00000000000 0.00000000000 0.00000000000 0.00000000000 0.00000000000 0.00000000000
# SelPars50:
2.24124599109
# SelPars95:
4.07436329546
# SelPars_dev50:
 0.00000000000 0.00000000000 0.00000000000 0.00000000000 0.00000000000 0.00000000000 0.00000000000 0.00000000000 0.00000000000 0.00000000000 0.00000000000 0.00000000000 0.00000000000 0.00000000000 0.00000000000 0.00000000000 0.00000000000 0.00000000000 0.00000000000 0.00000000000 0.00000000000 0.00000000000 0.00000000000 0.00000000000 0.00000000000 0.00000000000 0.00000000000 0.00000000000 0.00000000000 0.00000000000 0.00000000000 0.00000000000 0.00000000000 0.00000000000 0.00000000000 0.00000000000 0.00000000000 0.00000000000 0.00000000000 0.00000000000 0.00000000000 0.00000000000 0.00000000000 0.00000000000 0.00000000000 0.00000000000 0.00000000000 0.00000000000 0.00000000000 0.00000000000 0.00000000000 0.00000000000 0.00000000000 0.00000000000 0.00000000000
# SelPars_dev95:
 0.00000000000 0.00000000000 0.00000000000 0.00000000000 0.00000000000 0.00000000000 0.00000000000 0.00000000000 0.00000000000 0.00000000000 0.00000000000 0.00000000000 0.00000000000 0.00000000000 0.00000000000 0.00000000000 0.00000000000 0.00000000000 0.00000000000 0.00000000000 0.00000000000 0.00000000000 0.00000000000 0.00000000000 0.00000000000 0.00000000000 0.00000000000 0.00000000000 0.00000000000 0.00000000000 0.00000000000 0.00000000000 0.00000000000 0.00000000000 0.00000000000 0.00000000000 0.00000000000 0.00000000000 0.00000000000 0.00000000000 0.00000000000 0.00000000000 0.00000000000 0.00000000000 0.00000000000 0.00000000000 0.00000000000 0.00000000000 0.00000000000 0.00000000000 0.00000000000 0.00000000000 0.00000000000 0.00000000000 0.00000000000
