# Number of parameters = 215 Objective function value = 73041.2  Maximum gradient component = 0.000871837
# srv_sel50:
1.47431812208
# srv_sel95:
2.43195126943
# stNatLen:
 11.5457577208 11.3998193094 11.1992286397 11.0100696877 10.8253798050 10.6244740236 10.4006534012 10.1611800256 9.91805178533 9.68157251222 9.45844154889 9.25221956195 9.06433482407 8.89493738360 8.74350882999 8.60923584827 8.49122429054 8.38857489622 8.30048344869 8.22625305005 8.16527550981 8.11705053842 8.08123908388 8.05751142654 8.04560614492
# log_avg_fmort_dir:
-1.62447708542
# fmort_dir_dev:
 -1.90389609376 -1.83903696868 -1.35903096242 -0.944797145452 -0.582776990582 -0.492076340744 -0.333869280523 -0.174727841704 -0.0410497168085 0.107544242343 0.0895781197330 0.349070993999 0.354199337335 0.476289835917 0.498689732127 0.535700709236 0.450804856943 0.346305234860 0.424694998403 0.377066442859 0.383901913345 0.413355518527 0.353120873292 0.376819332222 0.308565353440 0.291647806315 0.349758165556 0.220027221415 0.196094438206 0.200357580394 0.101868373439 0.227697351450 0.143701972368 0.0907691475922 0.0701717689074 -0.0625915392817 -0.0200748361014 -0.0212024509449 -0.0132604829532 0.0358883562468 -0.0784576899206 -0.135789693846 -0.0576378924329 -0.0396534593744 -0.0525089296078 0.0797376738454 -0.0671848123787 -0.0604196498508 -0.00553027070583 0.0285135573063 0.212413405811 0.00995222176208 0.0411350305577 0.142791535469 0.182532774546 0.208796505121 -0.125240367938 0.228337013862 -0.0987863599851 -0.183475429499 -0.214824189263
# mean_log_rec:
11.1382433344
# rec_dev:
 0.473079251826 0.393053868601 0.322944291085 0.297039333536 0.290977721286 0.286926601416 0.283742406511 0.268101015869 0.223560394080 0.172620745158 0.0978882393338 0.0300279695056 -0.0152213403086 -0.0278702972503 -0.0281851017952 -0.0410901868908 -0.0524540903330 -0.0824233668453 -0.134439564135 -0.203059056420 -0.249586523783 -0.263634785447 -0.276170710953 -0.280696945239 -0.282320455466 -0.267206246319 -0.231714593990 -0.229170061225 -0.247977125286 -0.258082050534 -0.304843730384 -0.301019615958 -0.249354287852 -0.191554573146 -0.0364726946901 0.100828986574 0.107121290109 0.0481622335096 0.0370415450385 0.0762591965950 0.118526594783 0.0991930400088 0.0793047542889 0.0695007728945 0.0332739815253 0.0171607508116 0.0562487823236 0.0793131412201 0.0553061811185 0.0383577959595 0.0523291018035 0.0897038053439 0.129479016789 0.154313599749 0.141598343195 0.0960857761169 0.00290893478020 -0.0866699476362 -0.150573451714 -0.165094332782 -0.165094326361
# log_avg_NatM:
-1.53544098005
# m_dev:
 -0.165590858450 0.271124599207 0.208341175153 -0.0621163739814 -0.0936391968900 -0.142629197644 -0.200853620183 -0.140308543481 -0.0329432544816 -0.0617816548656 0.0337811149778 -0.0190730878066 -0.227165619537 -0.471669466109 -0.481403415467 -0.365486584363 -0.323381831054 -0.137435336889 -0.0307441824634 0.105124549772 -0.125464805291 -0.217223391469 -0.219273843635 -0.173525902557 -0.178936439569 -0.391878963072 -0.379828228299 -0.0767085129292 -0.0932833181225 0.0172583625790 0.158235793215 -0.271166716101 -0.457435276859 -0.233197034966 -0.123273767334 -0.0922731170489 0.216263177100 0.361695044031 0.229926975228 0.00614413694851 0.0634548010187 0.375811133048 0.185457642766 0.284373427606 0.334061037779 0.249839865689 -0.0567650662859 0.138570501082 0.252143696801 0.229930139298 0.0558694619527 -0.0328519870320 0.0102005132342 0.140594913939 0.252981939277 0.254717523232 0.481115436986 0.439843008640 0.357268855478 0.180575070434 0.184604697766
# log_avg_GrowthK:
-1.61028000000
# log_avg_Linf:
4.88389500000
# GrowthK_dev:
 0.00000000000 0.00000000000 0.00000000000 0.00000000000 0.00000000000 0.00000000000 0.00000000000 0.00000000000 0.00000000000 0.00000000000 0.00000000000 0.00000000000 0.00000000000 0.00000000000 0.00000000000 0.00000000000 0.00000000000 0.00000000000 0.00000000000 0.00000000000 0.00000000000 0.00000000000 0.00000000000 0.00000000000 0.00000000000 0.00000000000 0.00000000000 0.00000000000 0.00000000000 0.00000000000 0.00000000000 0.00000000000 0.00000000000 0.00000000000 0.00000000000 0.00000000000 0.00000000000 0.00000000000 0.00000000000 0.00000000000 0.00000000000 0.00000000000 0.00000000000 0.00000000000 0.00000000000 0.00000000000 0.00000000000 0.00000000000 0.00000000000 0.00000000000 0.00000000000 0.00000000000 0.00000000000 0.00000000000 0.00000000000 0.00000000000 0.00000000000 0.00000000000 0.00000000000 0.00000000000 0.00000000000
# Linf_dev:
 0.00000000000 0.00000000000 0.00000000000 0.00000000000 0.00000000000 0.00000000000 0.00000000000 0.00000000000 0.00000000000 0.00000000000 0.00000000000 0.00000000000 0.00000000000 0.00000000000 0.00000000000 0.00000000000 0.00000000000 0.00000000000 0.00000000000 0.00000000000 0.00000000000 0.00000000000 0.00000000000 0.00000000000 0.00000000000 0.00000000000 0.00000000000 0.00000000000 0.00000000000 0.00000000000 0.00000000000 0.00000000000 0.00000000000 0.00000000000 0.00000000000 0.00000000000 0.00000000000 0.00000000000 0.00000000000 0.00000000000 0.00000000000 0.00000000000 0.00000000000 0.00000000000 0.00000000000 0.00000000000 0.00000000000 0.00000000000 0.00000000000 0.00000000000 0.00000000000 0.00000000000 0.00000000000 0.00000000000 0.00000000000 0.00000000000 0.00000000000 0.00000000000 0.00000000000 0.00000000000 0.00000000000
# SelPars50:
2.01660418910
# SelPars95:
3.57625381453
# SelPars_dev50:
 0.00000000000 0.00000000000 0.00000000000 0.00000000000 0.00000000000 0.00000000000 0.00000000000 0.00000000000 0.00000000000 0.00000000000 0.00000000000 0.00000000000 0.00000000000 0.00000000000 0.00000000000 0.00000000000 0.00000000000 0.00000000000 0.00000000000 0.00000000000 0.00000000000 0.00000000000 0.00000000000 0.00000000000 0.00000000000 0.00000000000 0.00000000000 0.00000000000 0.00000000000 0.00000000000 0.00000000000 0.00000000000 0.00000000000 0.00000000000 0.00000000000 0.00000000000 0.00000000000 0.00000000000 0.00000000000 0.00000000000 0.00000000000 0.00000000000 0.00000000000 0.00000000000 0.00000000000 0.00000000000 0.00000000000 0.00000000000 0.00000000000 0.00000000000 0.00000000000 0.00000000000 0.00000000000 0.00000000000 0.00000000000 0.00000000000 0.00000000000 0.00000000000 0.00000000000 0.00000000000 0.00000000000
# SelPars_dev95:
 0.00000000000 0.00000000000 0.00000000000 0.00000000000 0.00000000000 0.00000000000 0.00000000000 0.00000000000 0.00000000000 0.00000000000 0.00000000000 0.00000000000 0.00000000000 0.00000000000 0.00000000000 0.00000000000 0.00000000000 0.00000000000 0.00000000000 0.00000000000 0.00000000000 0.00000000000 0.00000000000 0.00000000000 0.00000000000 0.00000000000 0.00000000000 0.00000000000 0.00000000000 0.00000000000 0.00000000000 0.00000000000 0.00000000000 0.00000000000 0.00000000000 0.00000000000 0.00000000000 0.00000000000 0.00000000000 0.00000000000 0.00000000000 0.00000000000 0.00000000000 0.00000000000 0.00000000000 0.00000000000 0.00000000000 0.00000000000 0.00000000000 0.00000000000 0.00000000000 0.00000000000 0.00000000000 0.00000000000 0.00000000000 0.00000000000 0.00000000000 0.00000000000 0.00000000000 0.00000000000 0.00000000000
