# Number of parameters = 155 Objective function value = 74481.0  Maximum gradient component = 0.000680222
# srv_sel50:
1.50792024942
# srv_sel95:
2.52248410717
# stNatLen:
 11.4805188217 11.3110346669 11.0637973898 10.8277522464 10.6028164123 10.3710567816 10.1268684625 9.87654179298 9.62980012286 9.39451586776 9.17544692328 8.97477901107 8.79304217327 8.62985531051 8.48439420045 8.35567436086 8.24271391636 8.14463431593 8.06064351729 7.99008520095 7.93231831122 7.88679779464 7.85312777811 7.83091405128 7.81984207236
# log_avg_fmort_dir:
-1.57732730225
# fmort_dir_dev:
 -0.668149516088 -0.630215619781 -0.442817456614 -0.234565691548 -0.0589299829233 0.0428692417374 0.138917544182 0.171899125761 0.170937093980 0.326538583790 0.427261583245 0.389931893464 0.348550326641 0.414445233252 0.376147057326 0.395188668866 0.350457806040 0.324562544274 0.292740867726 0.242068533763 0.222760157468 0.291941788914 0.184611344600 0.240083423362 0.0922884891887 0.141947565287 0.128155121541 0.0463423249516 0.0793357167175 0.00302514464883 -0.0513358622276 -0.0637131380623 0.0500846087418 -0.0165010704485 -0.00970965715422 -0.0214804452542 -0.0268573977324 -0.0281246478196 0.0478698276857 -0.0123776519439 0.0415024302238 0.0614272137178 0.0544867726234 0.0175001704720 0.0192726752203 -0.0542661420213 -0.626846987227 -0.541445842873 -0.264108205106 -0.125448487420 -0.0921062910477 -0.161820959021 -0.189304210126 -0.169853126763 -0.292475643432 -0.157510552836 -0.0680720732468 -0.119727514721 -0.296084186872 -0.223120409723 -0.168872926731 -0.319309182647
# mean_log_rec:
11.0969145827
# rec_dev:
 0.437404453021 0.414968049479 0.404158784787 0.389543158773 0.372960022797 0.337143760789 0.299951656842 0.263717231637 0.218709317809 0.169883781247 0.125429979045 0.0747719583089 0.0322339731835 -0.00994682664106 -0.0654832526481 -0.100507408625 -0.107662154424 -0.115913034926 -0.122738963426 -0.132748603015 -0.137715019689 -0.137114492485 -0.130514345139 -0.137947157796 -0.154544237680 -0.160173592160 -0.149433425613 -0.157510364955 -0.153274617999 -0.141662360772 -0.138042973522 -0.129105922225 -0.113257373768 -0.101715840083 -0.0977319974875 -0.0999952918978 -0.0831294555822 -0.0699809062684 -0.0597086094018 -0.0481646554377 -0.0449861231624 -0.0375867327831 -0.0407185542786 -0.0435322617298 -0.0391341699355 -0.0543293801596 -0.0622012917410 -0.0304586069373 0.00506657204903 0.0198490794185 0.0115407660162 -0.00406397748761 -0.0229829438921 -0.0167997685914 -0.00101945809350 0.00224734460568 -0.00631555767802 -0.0242854266293 -0.0202959533967 -0.0176269659492 -0.0287599140861 -0.0287599196101
# log_avg_NatM:
-1.60943800000
# m_dev:
 0.00000000000 0.00000000000 0.00000000000 0.00000000000 0.00000000000 0.00000000000 0.00000000000 0.00000000000 0.00000000000 0.00000000000 0.00000000000 0.00000000000 0.00000000000 0.00000000000 0.00000000000 0.00000000000 0.00000000000 0.00000000000 0.00000000000 0.00000000000 0.00000000000 0.00000000000 0.00000000000 0.00000000000 0.00000000000 0.00000000000 0.00000000000 0.00000000000 0.00000000000 0.00000000000 0.00000000000 0.00000000000 0.00000000000 0.00000000000 0.00000000000 0.00000000000 0.00000000000 0.00000000000 0.00000000000 0.00000000000 0.00000000000 0.00000000000 0.00000000000 0.00000000000 0.00000000000 0.00000000000 0.00000000000 0.00000000000 0.00000000000 0.00000000000 0.00000000000 0.00000000000 0.00000000000 0.00000000000 0.00000000000 0.00000000000 0.00000000000 0.00000000000 0.00000000000 0.00000000000 0.00000000000 0.00000000000
# log_avg_GrowthK:
-1.60943800000
# log_avg_Linf:
4.88280200000
# GrowthK_dev:
 0.00000000000 0.00000000000 0.00000000000 0.00000000000 0.00000000000 0.00000000000 0.00000000000 0.00000000000 0.00000000000 0.00000000000 0.00000000000 0.00000000000 0.00000000000 0.00000000000 0.00000000000 0.00000000000 0.00000000000 0.00000000000 0.00000000000 0.00000000000 0.00000000000 0.00000000000 0.00000000000 0.00000000000 0.00000000000 0.00000000000 0.00000000000 0.00000000000 0.00000000000 0.00000000000 0.00000000000 0.00000000000 0.00000000000 0.00000000000 0.00000000000 0.00000000000 0.00000000000 0.00000000000 0.00000000000 0.00000000000 0.00000000000 0.00000000000 0.00000000000 0.00000000000 0.00000000000 0.00000000000 0.00000000000 0.00000000000 0.00000000000 0.00000000000 0.00000000000 0.00000000000 0.00000000000 0.00000000000 0.00000000000 0.00000000000 0.00000000000 0.00000000000 0.00000000000 0.00000000000 0.00000000000 0.00000000000
# Linf_dev:
 0.00000000000 0.00000000000 0.00000000000 0.00000000000 0.00000000000 0.00000000000 0.00000000000 0.00000000000 0.00000000000 0.00000000000 0.00000000000 0.00000000000 0.00000000000 0.00000000000 0.00000000000 0.00000000000 0.00000000000 0.00000000000 0.00000000000 0.00000000000 0.00000000000 0.00000000000 0.00000000000 0.00000000000 0.00000000000 0.00000000000 0.00000000000 0.00000000000 0.00000000000 0.00000000000 0.00000000000 0.00000000000 0.00000000000 0.00000000000 0.00000000000 0.00000000000 0.00000000000 0.00000000000 0.00000000000 0.00000000000 0.00000000000 0.00000000000 0.00000000000 0.00000000000 0.00000000000 0.00000000000 0.00000000000 0.00000000000 0.00000000000 0.00000000000 0.00000000000 0.00000000000 0.00000000000 0.00000000000 0.00000000000 0.00000000000 0.00000000000 0.00000000000 0.00000000000 0.00000000000 0.00000000000 0.00000000000
# SelPars50:
2.07789576734
# SelPars95:
3.73953872223
# SelPars_dev50:
 0.00000000000 0.00000000000 0.00000000000 0.00000000000 0.00000000000 0.00000000000 0.00000000000 0.00000000000 0.00000000000 0.00000000000 0.00000000000 0.00000000000 0.00000000000 0.00000000000 0.00000000000 0.00000000000 0.00000000000 0.00000000000 0.00000000000 0.00000000000 0.00000000000 0.00000000000 0.00000000000 0.00000000000 0.00000000000 0.00000000000 0.00000000000 0.00000000000 0.00000000000 0.00000000000 0.00000000000 0.00000000000 0.00000000000 0.00000000000 0.00000000000 0.00000000000 0.00000000000 0.00000000000 0.00000000000 0.00000000000 0.00000000000 0.00000000000 0.00000000000 0.00000000000 0.00000000000 0.00000000000 0.00000000000 0.00000000000 0.00000000000 0.00000000000 0.00000000000 0.00000000000 0.00000000000 0.00000000000 0.00000000000 0.00000000000 0.00000000000 0.00000000000 0.00000000000 0.00000000000 0.00000000000 0.00000000000
# SelPars_dev95:
 0.00000000000 0.00000000000 0.00000000000 0.00000000000 0.00000000000 0.00000000000 0.00000000000 0.00000000000 0.00000000000 0.00000000000 0.00000000000 0.00000000000 0.00000000000 0.00000000000 0.00000000000 0.00000000000 0.00000000000 0.00000000000 0.00000000000 0.00000000000 0.00000000000 0.00000000000 0.00000000000 0.00000000000 0.00000000000 0.00000000000 0.00000000000 0.00000000000 0.00000000000 0.00000000000 0.00000000000 0.00000000000 0.00000000000 0.00000000000 0.00000000000 0.00000000000 0.00000000000 0.00000000000 0.00000000000 0.00000000000 0.00000000000 0.00000000000 0.00000000000 0.00000000000 0.00000000000 0.00000000000 0.00000000000 0.00000000000 0.00000000000 0.00000000000 0.00000000000 0.00000000000 0.00000000000 0.00000000000 0.00000000000 0.00000000000 0.00000000000 0.00000000000 0.00000000000 0.00000000000 0.00000000000 0.00000000000
