# Number of parameters = 133 Objective function value = 61125.4  Maximum gradient component = 0.000377222
# srv_sel50:
1.50272356633
# srv_sel95:
2.51158091711
# stNatLen:
 11.4164262310 11.2722583986 11.0727197569 10.8863148175 10.6994326541 10.4901917081 10.2572557632 10.0133486444 9.77260554944 9.54473315501 9.33473254539 9.14438893978 8.97368611005 8.82175122289 8.68741858752 8.56939831745 8.46654948373 8.37784628120 8.30239582954 8.23935291869 8.18799268488 8.14773426105 8.11807250851 8.09847841632 8.08868335924
# log_avg_fmort_dir:
-1.66656335312
# fmort_dir_dev:
 -1.71320489886 -1.68955344455 -1.39766990825 -1.04054136893 -0.606925678615 -0.518965559507 -0.369362159132 -0.217516511299 -0.0944564383103 0.0408295107958 0.136591528818 0.261206746036 0.283429543658 0.455945252705 0.429558125435 0.522643679237 0.472869691573 0.365533181722 0.432678152196 0.420595892955 0.468842974704 0.428700729735 0.384574913451 0.371939789922 0.397630679633 0.259018699374 0.343842792155 0.251605681762 0.289660568031 0.222546002565 0.179383136761 0.182610950298 0.0981659721996 0.0959529864174 -0.0431340287656 -0.0638367745277 0.0194364712868 0.0726283419909 0.127092302941 0.0432835409362 -0.00589088203037 -0.0171609030599 0.0139613849920 0.0731174887817 0.0395455412656 -0.00329745059315 0.0790232842995 0.110182932590 0.0508724316941 -0.0922467826859 -0.551738113797
# mean_log_rec:
11.1359429616
# rec_dev:
 0.343672612481 0.329752202120 0.339924348139 0.335798369092 0.335578976803 0.341504694898 0.332148090923 0.313827852620 0.296359292730 0.279820646044 0.243420920777 0.208849118642 0.175857618904 0.148761435673 0.114891730866 0.0812047149423 0.0497745130302 0.0129599565445 -0.0311465501881 -0.0712880786425 -0.0868852620359 -0.102375485330 -0.102038924480 -0.115416409737 -0.122868800032 -0.160828314653 -0.182330532597 -0.171578431630 -0.173604083420 -0.178267568810 -0.177589502737 -0.165995425356 -0.164719435340 -0.168202596588 -0.166287602636 -0.156967232401 -0.158680625103 -0.168759524339 -0.151093462528 -0.136665812186 -0.137207586660 -0.133204129038 -0.132864293251 -0.124345276701 -0.112771037903 -0.107424095122 -0.109947979555 -0.0941192491133 -0.0713038590396 -0.0736649554390 -0.0736649726372
# log_avg_NatM:
-1.59367000000
# m_dev:
 0.00000000000 0.00000000000 0.00000000000 0.00000000000 0.00000000000 0.00000000000 0.00000000000 0.00000000000 0.00000000000 0.00000000000 0.00000000000 0.00000000000 0.00000000000 0.00000000000 0.00000000000 0.00000000000 0.00000000000 0.00000000000 0.00000000000 0.00000000000 0.00000000000 0.00000000000 0.00000000000 0.00000000000 0.00000000000 0.00000000000 0.00000000000 0.00000000000 0.00000000000 0.00000000000 0.00000000000 0.00000000000 0.00000000000 0.00000000000 0.00000000000 0.00000000000 0.00000000000 0.00000000000 0.00000000000 0.00000000000 0.00000000000 0.00000000000 0.00000000000 0.00000000000 0.00000000000 0.00000000000 0.00000000000 0.00000000000 0.00000000000 0.00000000000 0.00000000000
# log_avg_GrowthK:
-1.62615800000
# log_avg_Linf:
4.89218000000
# GrowthK_dev:
 0.00000000000 0.00000000000 0.00000000000 0.00000000000 0.00000000000 0.00000000000 0.00000000000 0.00000000000 0.00000000000 0.00000000000 0.00000000000 0.00000000000 0.00000000000 0.00000000000 0.00000000000 0.00000000000 0.00000000000 0.00000000000 0.00000000000 0.00000000000 0.00000000000 0.00000000000 0.00000000000 0.00000000000 0.00000000000 0.00000000000 0.00000000000 0.00000000000 0.00000000000 0.00000000000 0.00000000000 0.00000000000 0.00000000000 0.00000000000 0.00000000000 0.00000000000 0.00000000000 0.00000000000 0.00000000000 0.00000000000 0.00000000000 0.00000000000 0.00000000000 0.00000000000 0.00000000000 0.00000000000 0.00000000000 0.00000000000 0.00000000000 0.00000000000 0.00000000000
# Linf_dev:
 0.00000000000 0.00000000000 0.00000000000 0.00000000000 0.00000000000 0.00000000000 0.00000000000 0.00000000000 0.00000000000 0.00000000000 0.00000000000 0.00000000000 0.00000000000 0.00000000000 0.00000000000 0.00000000000 0.00000000000 0.00000000000 0.00000000000 0.00000000000 0.00000000000 0.00000000000 0.00000000000 0.00000000000 0.00000000000 0.00000000000 0.00000000000 0.00000000000 0.00000000000 0.00000000000 0.00000000000 0.00000000000 0.00000000000 0.00000000000 0.00000000000 0.00000000000 0.00000000000 0.00000000000 0.00000000000 0.00000000000 0.00000000000 0.00000000000 0.00000000000 0.00000000000 0.00000000000 0.00000000000 0.00000000000 0.00000000000 0.00000000000 0.00000000000 0.00000000000
# SelPars50:
2.03579567816
# SelPars95:
3.60949155431
# SelPars_dev50:
 0.00000000000 0.00000000000 0.00000000000 0.00000000000 0.00000000000 0.00000000000 0.00000000000 0.00000000000 0.00000000000 0.00000000000 0.00000000000 0.00000000000 0.00000000000 0.00000000000 0.00000000000 0.00000000000 0.00000000000 0.00000000000 0.00000000000 0.00000000000 0.00000000000 0.00000000000 0.00000000000 0.00000000000 0.00000000000 0.00000000000 0.00000000000 0.00000000000 0.00000000000 0.00000000000 0.00000000000 0.00000000000 0.00000000000 0.00000000000 0.00000000000 0.00000000000 0.00000000000 0.00000000000 0.00000000000 0.00000000000 0.00000000000 0.00000000000 0.00000000000 0.00000000000 0.00000000000 0.00000000000 0.00000000000 0.00000000000 0.00000000000 0.00000000000 0.00000000000
# SelPars_dev95:
 0.00000000000 0.00000000000 0.00000000000 0.00000000000 0.00000000000 0.00000000000 0.00000000000 0.00000000000 0.00000000000 0.00000000000 0.00000000000 0.00000000000 0.00000000000 0.00000000000 0.00000000000 0.00000000000 0.00000000000 0.00000000000 0.00000000000 0.00000000000 0.00000000000 0.00000000000 0.00000000000 0.00000000000 0.00000000000 0.00000000000 0.00000000000 0.00000000000 0.00000000000 0.00000000000 0.00000000000 0.00000000000 0.00000000000 0.00000000000 0.00000000000 0.00000000000 0.00000000000 0.00000000000 0.00000000000 0.00000000000 0.00000000000 0.00000000000 0.00000000000 0.00000000000 0.00000000000 0.00000000000 0.00000000000 0.00000000000 0.00000000000 0.00000000000 0.00000000000
