# Number of parameters = 137 Objective function value = 63498.7  Maximum gradient component = 0.000883173
# srv_sel50:
1.52200067000
# srv_sel95:
2.56745394361
# stNatLen:
 11.4834701499 11.3151415819 11.0630535061 10.8214712043 10.5994165808 10.3779533331 10.1431614486 9.89431786931 9.63914239794 9.38714986746 9.14596841564 8.92046867975 8.71319442115 8.52509477754 8.35614839159 8.20580901031 8.07330401720 7.95777657435 7.85839565710 7.77439792912 7.70513800350 7.65019807325 7.60932054873 7.58221866380 7.56867696309
# log_avg_fmort_dir:
-1.56194222040
# fmort_dir_dev:
 -0.748272092700 -0.563766412119 -0.535341160533 -0.259471406460 -0.0765347955417 0.0245474959024 0.131830829687 0.146199635878 0.225719317296 0.336649172778 0.489954841890 0.505009743461 0.371901171261 0.409678439243 0.266085986406 0.320385916488 0.378554970464 0.248597187409 0.276939667257 0.214430947940 0.232350216375 0.179500890347 0.193428048165 0.150005869603 0.148870635607 0.0561860185510 0.0553814749946 0.0661039734218 0.0221204887075 -0.0692829211681 0.0373022461699 -0.0193881533061 -0.144005688345 0.00428466775235 0.0642742435594 -0.0533435722153 0.0371333765864 -0.0900099801845 -0.0120426572764 -0.0145323255041 0.00176460269532 -0.0384307533573 -0.117470721761 -0.0158518200999 -0.0160070713572 0.0104109428697 -0.496640432583 -0.456315921049 -0.326198581187 -0.510642956393 -0.378288009872 -0.414865362448 -0.248900223307
# mean_log_rec:
11.1164357086
# rec_dev:
 0.435678044036 0.418828635182 0.406319598644 0.372841077727 0.348240578738 0.333123464441 0.317797056141 0.303285045829 0.264128580464 0.208595382799 0.150250317362 0.0874399483817 0.0321388926787 0.000448202161107 -0.0241521158922 -0.0741902219397 -0.111998571154 -0.126642022904 -0.137396873572 -0.145903244789 -0.170266935740 -0.196031971891 -0.211105012991 -0.217100710516 -0.229318051543 -0.221913753260 -0.200724183913 -0.180505517906 -0.154442637228 -0.157818262620 -0.133666909086 -0.0909274619203 -0.0758345551319 -0.0713373169901 -0.0794998389880 -0.102504750557 -0.0907048725566 -0.0894892159465 -0.112941844278 -0.132123948792 -0.112897780892 -0.0911199047948 -0.0747118468974 -0.0658944550501 -0.0606225303873 -0.0433435040482 -0.0195983770423 0.00944760744163 0.0293798944004 0.0487841405153 0.0764137020968 0.0817945136987 0.0817945184801
# log_avg_NatM:
-1.60943800000
# m_dev:
 0.00000000000 0.00000000000 0.00000000000 0.00000000000 0.00000000000 0.00000000000 0.00000000000 0.00000000000 0.00000000000 0.00000000000 0.00000000000 0.00000000000 0.00000000000 0.00000000000 0.00000000000 0.00000000000 0.00000000000 0.00000000000 0.00000000000 0.00000000000 0.00000000000 0.00000000000 0.00000000000 0.00000000000 0.00000000000 0.00000000000 0.00000000000 0.00000000000 0.00000000000 0.00000000000 0.00000000000 0.00000000000 0.00000000000 0.00000000000 0.00000000000 0.00000000000 0.00000000000 0.00000000000 0.00000000000 0.00000000000 0.00000000000 0.00000000000 0.00000000000 0.00000000000 0.00000000000 0.00000000000 0.00000000000 0.00000000000 0.00000000000 0.00000000000 0.00000000000 0.00000000000 0.00000000000
# log_avg_GrowthK:
-1.60943800000
# log_avg_Linf:
4.88280200000
# GrowthK_dev:
 0.00000000000 0.00000000000 0.00000000000 0.00000000000 0.00000000000 0.00000000000 0.00000000000 0.00000000000 0.00000000000 0.00000000000 0.00000000000 0.00000000000 0.00000000000 0.00000000000 0.00000000000 0.00000000000 0.00000000000 0.00000000000 0.00000000000 0.00000000000 0.00000000000 0.00000000000 0.00000000000 0.00000000000 0.00000000000 0.00000000000 0.00000000000 0.00000000000 0.00000000000 0.00000000000 0.00000000000 0.00000000000 0.00000000000 0.00000000000 0.00000000000 0.00000000000 0.00000000000 0.00000000000 0.00000000000 0.00000000000 0.00000000000 0.00000000000 0.00000000000 0.00000000000 0.00000000000 0.00000000000 0.00000000000 0.00000000000 0.00000000000 0.00000000000 0.00000000000 0.00000000000 0.00000000000
# Linf_dev:
 0.00000000000 0.00000000000 0.00000000000 0.00000000000 0.00000000000 0.00000000000 0.00000000000 0.00000000000 0.00000000000 0.00000000000 0.00000000000 0.00000000000 0.00000000000 0.00000000000 0.00000000000 0.00000000000 0.00000000000 0.00000000000 0.00000000000 0.00000000000 0.00000000000 0.00000000000 0.00000000000 0.00000000000 0.00000000000 0.00000000000 0.00000000000 0.00000000000 0.00000000000 0.00000000000 0.00000000000 0.00000000000 0.00000000000 0.00000000000 0.00000000000 0.00000000000 0.00000000000 0.00000000000 0.00000000000 0.00000000000 0.00000000000 0.00000000000 0.00000000000 0.00000000000 0.00000000000 0.00000000000 0.00000000000 0.00000000000 0.00000000000 0.00000000000 0.00000000000 0.00000000000 0.00000000000
# SelPars50:
2.07646718922
# SelPars95:
3.72352287175
# SelPars_dev50:
 0.00000000000 0.00000000000 0.00000000000 0.00000000000 0.00000000000 0.00000000000 0.00000000000 0.00000000000 0.00000000000 0.00000000000 0.00000000000 0.00000000000 0.00000000000 0.00000000000 0.00000000000 0.00000000000 0.00000000000 0.00000000000 0.00000000000 0.00000000000 0.00000000000 0.00000000000 0.00000000000 0.00000000000 0.00000000000 0.00000000000 0.00000000000 0.00000000000 0.00000000000 0.00000000000 0.00000000000 0.00000000000 0.00000000000 0.00000000000 0.00000000000 0.00000000000 0.00000000000 0.00000000000 0.00000000000 0.00000000000 0.00000000000 0.00000000000 0.00000000000 0.00000000000 0.00000000000 0.00000000000 0.00000000000 0.00000000000 0.00000000000 0.00000000000 0.00000000000 0.00000000000 0.00000000000
# SelPars_dev95:
 0.00000000000 0.00000000000 0.00000000000 0.00000000000 0.00000000000 0.00000000000 0.00000000000 0.00000000000 0.00000000000 0.00000000000 0.00000000000 0.00000000000 0.00000000000 0.00000000000 0.00000000000 0.00000000000 0.00000000000 0.00000000000 0.00000000000 0.00000000000 0.00000000000 0.00000000000 0.00000000000 0.00000000000 0.00000000000 0.00000000000 0.00000000000 0.00000000000 0.00000000000 0.00000000000 0.00000000000 0.00000000000 0.00000000000 0.00000000000 0.00000000000 0.00000000000 0.00000000000 0.00000000000 0.00000000000 0.00000000000 0.00000000000 0.00000000000 0.00000000000 0.00000000000 0.00000000000 0.00000000000 0.00000000000 0.00000000000 0.00000000000 0.00000000000 0.00000000000 0.00000000000 0.00000000000
