# Number of parameters = 135 Objective function value = 62257.7275467220  Maximum gradient component = 0.00146979021194795
# srv_sel50:
1.69689036291
# srv_sel95:
3.06405161506
# stNatLen:
 11.8828570248 11.6943896337 11.4266724938 11.2032511947 11.0213911703 10.8430798665 10.6408932920 10.4086021451 10.1550704357 9.89407641200 9.63770977650 9.39421886172 9.16832965897 8.96225067424 8.77661107132 8.61116452164 8.46523855097 8.33799101706 8.22858307329 8.13622812526 8.06023615913 8.00010868506 7.95543133971 7.92586279963 7.91112536983
# log_avg_fmort_dir:
-1.64118599824
# fmort_dir_dev:
 -2.03482062548 -1.99701641938 -1.53107512383 -1.13796899488 -0.838389532522 -0.526926821022 -0.444858999240 -0.363243145491 -0.198490584998 -0.0184845010434 0.236543509980 0.243452993468 0.343585985714 0.374806658937 0.459034065785 0.513348086477 0.505373467422 0.513687890393 0.473633187030 0.450568602287 0.381078242989 0.373681288567 0.235232554710 0.413294133685 0.272528720581 0.234364939257 0.128421599836 0.150997456917 0.224526386489 0.202451755791 0.141900064151 0.0868548678486 0.248692957713 0.107146322021 0.158734373008 0.148789603789 0.0394268230035 0.0383443545679 0.108068186179 0.0570346859379 0.0921587328620 0.165133698304 0.0982874206495 0.0480354105455 0.165828263084 0.0903107884162 0.114330157914 0.0923996619503 0.0768891923768 0.0572851173758 0.0110166101659 0.213995929698
# mean_log_rec:
11.4002412453
# rec_dev:
 0.525658538754 0.497597191541 0.488617574139 0.474161951523 0.461000700993 0.449829109264 0.441675345563 0.428830193548 0.402655942930 0.364574476767 0.324595758950 0.280874400987 0.231684744107 0.197880223255 0.161466604562 0.126468805065 0.0745774376471 0.0112515763366 -0.0234141979318 -0.0482847169582 -0.0721637820989 -0.100577618099 -0.119949841475 -0.131852180152 -0.142079657352 -0.136787409406 -0.151030620350 -0.176746529403 -0.193082233210 -0.217501866856 -0.251069179853 -0.304331068489 -0.371467391396 -0.398789202074 -0.321423542027 -0.223008174502 -0.221496662817 -0.247074664206 -0.244555196501 -0.250161783330 -0.260862073331 -0.258801995599 -0.254718413902 -0.241101062451 -0.205598378225 -0.144772363444 -0.105181490004 -0.0865329616867 -0.0439435142643 0.00876754193346 -0.00190415634055 -0.00190419012937
# log_avg_NatM:
-1.47890400000
# m_dev:
 0.00000000000 0.00000000000 0.00000000000 0.00000000000 0.00000000000 0.00000000000 0.00000000000 0.00000000000 0.00000000000 0.00000000000 0.00000000000 0.00000000000 0.00000000000 0.00000000000 0.00000000000 0.00000000000 0.00000000000 0.00000000000 0.00000000000 0.00000000000 0.00000000000 0.00000000000 0.00000000000 0.00000000000 0.00000000000 0.00000000000 0.00000000000 0.00000000000 0.00000000000 0.00000000000 0.00000000000 0.00000000000 0.00000000000 0.00000000000 0.00000000000 0.00000000000 0.00000000000 0.00000000000 0.00000000000 0.00000000000 0.00000000000 0.00000000000 0.00000000000 0.00000000000 0.00000000000 0.00000000000 0.00000000000 0.00000000000 0.00000000000 0.00000000000 0.00000000000 0.00000000000
# log_avg_GrowthK:
-1.60943800000
# log_avg_Linf:
4.88280200000
# GrowthK_dev:
 0.00000000000 0.00000000000 0.00000000000 0.00000000000 0.00000000000 0.00000000000 0.00000000000 0.00000000000 0.00000000000 0.00000000000 0.00000000000 0.00000000000 0.00000000000 0.00000000000 0.00000000000 0.00000000000 0.00000000000 0.00000000000 0.00000000000 0.00000000000 0.00000000000 0.00000000000 0.00000000000 0.00000000000 0.00000000000 0.00000000000 0.00000000000 0.00000000000 0.00000000000 0.00000000000 0.00000000000 0.00000000000 0.00000000000 0.00000000000 0.00000000000 0.00000000000 0.00000000000 0.00000000000 0.00000000000 0.00000000000 0.00000000000 0.00000000000 0.00000000000 0.00000000000 0.00000000000 0.00000000000 0.00000000000 0.00000000000 0.00000000000 0.00000000000 0.00000000000 0.00000000000
# Linf_dev:
 0.00000000000 0.00000000000 0.00000000000 0.00000000000 0.00000000000 0.00000000000 0.00000000000 0.00000000000 0.00000000000 0.00000000000 0.00000000000 0.00000000000 0.00000000000 0.00000000000 0.00000000000 0.00000000000 0.00000000000 0.00000000000 0.00000000000 0.00000000000 0.00000000000 0.00000000000 0.00000000000 0.00000000000 0.00000000000 0.00000000000 0.00000000000 0.00000000000 0.00000000000 0.00000000000 0.00000000000 0.00000000000 0.00000000000 0.00000000000 0.00000000000 0.00000000000 0.00000000000 0.00000000000 0.00000000000 0.00000000000 0.00000000000 0.00000000000 0.00000000000 0.00000000000 0.00000000000 0.00000000000 0.00000000000 0.00000000000 0.00000000000 0.00000000000 0.00000000000 0.00000000000
# SelPars50:
2.30776359496
# SelPars95:
4.23384673816
# SelPars_dev50:
 0.00000000000 0.00000000000 0.00000000000 0.00000000000 0.00000000000 0.00000000000 0.00000000000 0.00000000000 0.00000000000 0.00000000000 0.00000000000 0.00000000000 0.00000000000 0.00000000000 0.00000000000 0.00000000000 0.00000000000 0.00000000000 0.00000000000 0.00000000000 0.00000000000 0.00000000000 0.00000000000 0.00000000000 0.00000000000 0.00000000000 0.00000000000 0.00000000000 0.00000000000 0.00000000000 0.00000000000 0.00000000000 0.00000000000 0.00000000000 0.00000000000 0.00000000000 0.00000000000 0.00000000000 0.00000000000 0.00000000000 0.00000000000 0.00000000000 0.00000000000 0.00000000000 0.00000000000 0.00000000000 0.00000000000 0.00000000000 0.00000000000 0.00000000000 0.00000000000 0.00000000000
# SelPars_dev95:
 0.00000000000 0.00000000000 0.00000000000 0.00000000000 0.00000000000 0.00000000000 0.00000000000 0.00000000000 0.00000000000 0.00000000000 0.00000000000 0.00000000000 0.00000000000 0.00000000000 0.00000000000 0.00000000000 0.00000000000 0.00000000000 0.00000000000 0.00000000000 0.00000000000 0.00000000000 0.00000000000 0.00000000000 0.00000000000 0.00000000000 0.00000000000 0.00000000000 0.00000000000 0.00000000000 0.00000000000 0.00000000000 0.00000000000 0.00000000000 0.00000000000 0.00000000000 0.00000000000 0.00000000000 0.00000000000 0.00000000000 0.00000000000 0.00000000000 0.00000000000 0.00000000000 0.00000000000 0.00000000000 0.00000000000 0.00000000000 0.00000000000 0.00000000000 0.00000000000 0.00000000000
