# Number of parameters = 137 Objective function value = 63543.7073041681  Maximum gradient component = 0.000424758839179455
# srv_sel50:
1.51209556515
# srv_sel95:
2.53462631357
# stNatLen:
 11.4358323236 11.2844195009 11.0736793280 10.8797062179 10.6933355576 10.4905197427 10.2645034511 10.0238197819 9.78125174290 9.54711075857 9.32769324561 9.12606934142 8.94323009027 8.77903293901 8.63274323378 8.50334653392 8.38980310178 8.29116020938 8.20655557295 8.13525903767 8.07666953726 8.03030924703 7.99581756448 7.97311446373 7.96194962814
# log_avg_fmort_dir:
-1.65006010680
# fmort_dir_dev:
 -1.71380770503 -1.80579396217 -1.27688948621 -0.993300709846 -0.801397639497 -0.526164967278 -0.285164280909 -0.184298067637 0.00266590431261 0.0266586711833 0.248598706659 0.238939844474 0.296509310613 0.344950587970 0.538574305153 0.575535112412 0.557764014647 0.407208370274 0.534922897668 0.453244567333 0.361490970230 0.411196334457 0.525916342245 0.364235969214 0.206435648445 0.393127900029 0.208239462656 0.237328705459 0.203246505615 0.193489612914 0.127823592680 0.0907472205788 0.181873057132 0.0550248725203 0.139551959109 0.0723091418291 0.0708065298229 0.0348924600236 0.00459596787806 0.0826434512145 0.0174002950229 0.0879431388081 0.0863958802855 0.0465379399112 0.0251823205216 0.0310263606546 -0.00717683371416 0.0608233452342 0.0198894534185 0.0772115194235 -0.357812002026 -0.455317540212 -0.235835055507
# mean_log_rec:
11.1412922476
# rec_dev:
 0.366228244753 0.336878051736 0.340408449283 0.347533004389 0.344283240270 0.337937308074 0.327173628680 0.310737497101 0.306122562007 0.304166026789 0.293042743602 0.276019073414 0.256483761713 0.214727104365 0.155443063164 0.0855944527179 0.0329217937863 -0.00485124144599 -0.0348230217356 -0.0597643511468 -0.0800052969645 -0.123737030895 -0.151276025965 -0.148867743042 -0.164323190785 -0.175335894511 -0.175955578248 -0.176204877313 -0.167140491861 -0.162264602573 -0.168083478555 -0.172176017950 -0.162641959498 -0.163849209942 -0.160396958933 -0.161134498710 -0.180918816024 -0.189182676648 -0.182253449895 -0.169054384739 -0.162298031664 -0.153314207783 -0.147476782464 -0.137184322453 -0.122644633415 -0.105002941321 -0.0998113867614 -0.0925317155142 -0.0745609410157 -0.0621463739841 -0.0493399589320 -0.0475739601854 -0.0475739529691
# log_avg_NatM:
-1.60943800000
# m_dev:
 0.00000000000 0.00000000000 0.00000000000 0.00000000000 0.00000000000 0.00000000000 0.00000000000 0.00000000000 0.00000000000 0.00000000000 0.00000000000 0.00000000000 0.00000000000 0.00000000000 0.00000000000 0.00000000000 0.00000000000 0.00000000000 0.00000000000 0.00000000000 0.00000000000 0.00000000000 0.00000000000 0.00000000000 0.00000000000 0.00000000000 0.00000000000 0.00000000000 0.00000000000 0.00000000000 0.00000000000 0.00000000000 0.00000000000 0.00000000000 0.00000000000 0.00000000000 0.00000000000 0.00000000000 0.00000000000 0.00000000000 0.00000000000 0.00000000000 0.00000000000 0.00000000000 0.00000000000 0.00000000000 0.00000000000 0.00000000000 0.00000000000 0.00000000000 0.00000000000 0.00000000000 0.00000000000
# log_avg_GrowthK:
-1.60943800000
# log_avg_Linf:
4.88280200000
# GrowthK_dev:
 0.00000000000 0.00000000000 0.00000000000 0.00000000000 0.00000000000 0.00000000000 0.00000000000 0.00000000000 0.00000000000 0.00000000000 0.00000000000 0.00000000000 0.00000000000 0.00000000000 0.00000000000 0.00000000000 0.00000000000 0.00000000000 0.00000000000 0.00000000000 0.00000000000 0.00000000000 0.00000000000 0.00000000000 0.00000000000 0.00000000000 0.00000000000 0.00000000000 0.00000000000 0.00000000000 0.00000000000 0.00000000000 0.00000000000 0.00000000000 0.00000000000 0.00000000000 0.00000000000 0.00000000000 0.00000000000 0.00000000000 0.00000000000 0.00000000000 0.00000000000 0.00000000000 0.00000000000 0.00000000000 0.00000000000 0.00000000000 0.00000000000 0.00000000000 0.00000000000 0.00000000000 0.00000000000
# Linf_dev:
 0.00000000000 0.00000000000 0.00000000000 0.00000000000 0.00000000000 0.00000000000 0.00000000000 0.00000000000 0.00000000000 0.00000000000 0.00000000000 0.00000000000 0.00000000000 0.00000000000 0.00000000000 0.00000000000 0.00000000000 0.00000000000 0.00000000000 0.00000000000 0.00000000000 0.00000000000 0.00000000000 0.00000000000 0.00000000000 0.00000000000 0.00000000000 0.00000000000 0.00000000000 0.00000000000 0.00000000000 0.00000000000 0.00000000000 0.00000000000 0.00000000000 0.00000000000 0.00000000000 0.00000000000 0.00000000000 0.00000000000 0.00000000000 0.00000000000 0.00000000000 0.00000000000 0.00000000000 0.00000000000 0.00000000000 0.00000000000 0.00000000000 0.00000000000 0.00000000000 0.00000000000 0.00000000000
# SelPars50:
2.09312594846
# SelPars95:
3.77529470704
# SelPars_dev50:
 0.00000000000 0.00000000000 0.00000000000 0.00000000000 0.00000000000 0.00000000000 0.00000000000 0.00000000000 0.00000000000 0.00000000000 0.00000000000 0.00000000000 0.00000000000 0.00000000000 0.00000000000 0.00000000000 0.00000000000 0.00000000000 0.00000000000 0.00000000000 0.00000000000 0.00000000000 0.00000000000 0.00000000000 0.00000000000 0.00000000000 0.00000000000 0.00000000000 0.00000000000 0.00000000000 0.00000000000 0.00000000000 0.00000000000 0.00000000000 0.00000000000 0.00000000000 0.00000000000 0.00000000000 0.00000000000 0.00000000000 0.00000000000 0.00000000000 0.00000000000 0.00000000000 0.00000000000 0.00000000000 0.00000000000 0.00000000000 0.00000000000 0.00000000000 0.00000000000 0.00000000000 0.00000000000
# SelPars_dev95:
 0.00000000000 0.00000000000 0.00000000000 0.00000000000 0.00000000000 0.00000000000 0.00000000000 0.00000000000 0.00000000000 0.00000000000 0.00000000000 0.00000000000 0.00000000000 0.00000000000 0.00000000000 0.00000000000 0.00000000000 0.00000000000 0.00000000000 0.00000000000 0.00000000000 0.00000000000 0.00000000000 0.00000000000 0.00000000000 0.00000000000 0.00000000000 0.00000000000 0.00000000000 0.00000000000 0.00000000000 0.00000000000 0.00000000000 0.00000000000 0.00000000000 0.00000000000 0.00000000000 0.00000000000 0.00000000000 0.00000000000 0.00000000000 0.00000000000 0.00000000000 0.00000000000 0.00000000000 0.00000000000 0.00000000000 0.00000000000 0.00000000000 0.00000000000 0.00000000000 0.00000000000 0.00000000000
