# Number of parameters = 167 Objective function value = 81944.6766048282  Maximum gradient component = 0.000382626023060145
# srv_sel50:
1.52609904374
# srv_sel95:
2.58161085717
# stNatLen:
 11.4280291053 11.2789496059 11.0689702739 10.8753913649 10.6898141270 10.4884591820 10.2638505194 10.0237161495 9.78053187232 9.54472589191 9.32290716967 9.11845738396 8.93262067906 8.76542931342 8.61630118340 8.48436157713 8.36865388861 8.26825019651 8.18226929268 8.10996702527 8.05076787923 8.00408506313 7.96950433326 7.94667660511 7.93532652275
# log_avg_fmort_dir:
-1.69491949749
# fmort_dir_dev:
 -1.70370393916 -1.70838820790 -1.21230238205 -0.902238926714 -0.684498616807 -0.353061106147 -0.289093915493 -0.189766460511 0.0580310953064 0.140433691422 0.284046395638 0.246539146755 0.410065909293 0.501351152042 0.585496971075 0.618163177126 0.492587761326 0.539162977071 0.481072984501 0.450110361657 0.452455329141 0.435855337033 0.456416577396 0.369056550493 0.318649591591 0.341292407022 0.275456034271 0.146192015534 0.150048262685 0.244945545200 0.282914901040 0.129618239606 0.171914222264 0.101645638022 0.161486883162 0.0954864914339 0.151698974613 0.117611608699 0.144101832805 0.110856004051 0.125916607621 0.0929816488636 0.0761560547048 0.105246655422 0.0791733005356 0.0722349000050 0.129525456483 0.167560793979 0.190893740749 0.0873968812590 -0.387975518925 -0.660839359170 -0.566799948101 -0.423468806393 -0.440913210408 -0.172483269051 -0.0570019170157 -0.0419680197939 -0.0548908123614 -0.0658703432017 -0.197462658475 -0.103145018988 -0.172918812208 -0.0847766030827 0.0168968770538 -0.0314465106098 -0.0643954431029 -0.0393371802806
# mean_log_rec:
11.1352906869
# rec_dev:
 0.366901985192 0.349517627026 0.363020894861 0.373262295858 0.368517141709 0.369810942961 0.374816863664 0.366868786173 0.351310740501 0.331131891645 0.299706017300 0.264251601067 0.219522864931 0.157106868982 0.0867849539400 0.0397371117285 0.0107034920473 -0.0131208472693 -0.0422381467322 -0.0635451302869 -0.0883257246470 -0.114056026950 -0.142695003693 -0.159062800126 -0.186642224655 -0.206444030278 -0.206514539782 -0.190315777383 -0.207781871957 -0.224408477198 -0.201577235158 -0.189958715172 -0.186852041869 -0.186940725088 -0.188291772083 -0.179605452379 -0.149575350378 -0.133415172602 -0.145484357782 -0.151762678909 -0.147901346691 -0.152230602813 -0.164983197242 -0.166333149476 -0.157927865671 -0.151248691550 -0.148270402986 -0.135295962205 -0.0990268046886 -0.0886872877038 -0.0796829193257 -0.0389541056064 -0.00292130007746 0.0168379101205 0.0363212832934 0.0530703383111 0.0622521016283 0.0578235803095 0.0405241279694 0.0318893127075 0.0289565615267 0.0328313658099 0.0247192832613 0.0153297080996 0.00599774956983 0.00429490233860 -0.00587126794672 -0.00587129817247
# log_avg_NatM:
-1.60943800000
# m_dev:
 0.00000000000 0.00000000000 0.00000000000 0.00000000000 0.00000000000 0.00000000000 0.00000000000 0.00000000000 0.00000000000 0.00000000000 0.00000000000 0.00000000000 0.00000000000 0.00000000000 0.00000000000 0.00000000000 0.00000000000 0.00000000000 0.00000000000 0.00000000000 0.00000000000 0.00000000000 0.00000000000 0.00000000000 0.00000000000 0.00000000000 0.00000000000 0.00000000000 0.00000000000 0.00000000000 0.00000000000 0.00000000000 0.00000000000 0.00000000000 0.00000000000 0.00000000000 0.00000000000 0.00000000000 0.00000000000 0.00000000000 0.00000000000 0.00000000000 0.00000000000 0.00000000000 0.00000000000 0.00000000000 0.00000000000 0.00000000000 0.00000000000 0.00000000000 0.00000000000 0.00000000000 0.00000000000 0.00000000000 0.00000000000 0.00000000000 0.00000000000 0.00000000000 0.00000000000 0.00000000000 0.00000000000 0.00000000000 0.00000000000 0.00000000000 0.00000000000 0.00000000000 0.00000000000 0.00000000000
# log_avg_GrowthK:
-1.60943800000
# log_avg_Linf:
4.88280200000
# GrowthK_dev:
 0.00000000000 0.00000000000 0.00000000000 0.00000000000 0.00000000000 0.00000000000 0.00000000000 0.00000000000 0.00000000000 0.00000000000 0.00000000000 0.00000000000 0.00000000000 0.00000000000 0.00000000000 0.00000000000 0.00000000000 0.00000000000 0.00000000000 0.00000000000 0.00000000000 0.00000000000 0.00000000000 0.00000000000 0.00000000000 0.00000000000 0.00000000000 0.00000000000 0.00000000000 0.00000000000 0.00000000000 0.00000000000 0.00000000000 0.00000000000 0.00000000000 0.00000000000 0.00000000000 0.00000000000 0.00000000000 0.00000000000 0.00000000000 0.00000000000 0.00000000000 0.00000000000 0.00000000000 0.00000000000 0.00000000000 0.00000000000 0.00000000000 0.00000000000 0.00000000000 0.00000000000 0.00000000000 0.00000000000 0.00000000000 0.00000000000 0.00000000000 0.00000000000 0.00000000000 0.00000000000 0.00000000000 0.00000000000 0.00000000000 0.00000000000 0.00000000000 0.00000000000 0.00000000000 0.00000000000
# Linf_dev:
 0.00000000000 0.00000000000 0.00000000000 0.00000000000 0.00000000000 0.00000000000 0.00000000000 0.00000000000 0.00000000000 0.00000000000 0.00000000000 0.00000000000 0.00000000000 0.00000000000 0.00000000000 0.00000000000 0.00000000000 0.00000000000 0.00000000000 0.00000000000 0.00000000000 0.00000000000 0.00000000000 0.00000000000 0.00000000000 0.00000000000 0.00000000000 0.00000000000 0.00000000000 0.00000000000 0.00000000000 0.00000000000 0.00000000000 0.00000000000 0.00000000000 0.00000000000 0.00000000000 0.00000000000 0.00000000000 0.00000000000 0.00000000000 0.00000000000 0.00000000000 0.00000000000 0.00000000000 0.00000000000 0.00000000000 0.00000000000 0.00000000000 0.00000000000 0.00000000000 0.00000000000 0.00000000000 0.00000000000 0.00000000000 0.00000000000 0.00000000000 0.00000000000 0.00000000000 0.00000000000 0.00000000000 0.00000000000 0.00000000000 0.00000000000 0.00000000000 0.00000000000 0.00000000000 0.00000000000
# SelPars50:
2.07486071176
# SelPars95:
3.71648374372
# SelPars_dev50:
 0.00000000000 0.00000000000 0.00000000000 0.00000000000 0.00000000000 0.00000000000 0.00000000000 0.00000000000 0.00000000000 0.00000000000 0.00000000000 0.00000000000 0.00000000000 0.00000000000 0.00000000000 0.00000000000 0.00000000000 0.00000000000 0.00000000000 0.00000000000 0.00000000000 0.00000000000 0.00000000000 0.00000000000 0.00000000000 0.00000000000 0.00000000000 0.00000000000 0.00000000000 0.00000000000 0.00000000000 0.00000000000 0.00000000000 0.00000000000 0.00000000000 0.00000000000 0.00000000000 0.00000000000 0.00000000000 0.00000000000 0.00000000000 0.00000000000 0.00000000000 0.00000000000 0.00000000000 0.00000000000 0.00000000000 0.00000000000 0.00000000000 0.00000000000 0.00000000000 0.00000000000 0.00000000000 0.00000000000 0.00000000000 0.00000000000 0.00000000000 0.00000000000 0.00000000000 0.00000000000 0.00000000000 0.00000000000 0.00000000000 0.00000000000 0.00000000000 0.00000000000 0.00000000000 0.00000000000
# SelPars_dev95:
 0.00000000000 0.00000000000 0.00000000000 0.00000000000 0.00000000000 0.00000000000 0.00000000000 0.00000000000 0.00000000000 0.00000000000 0.00000000000 0.00000000000 0.00000000000 0.00000000000 0.00000000000 0.00000000000 0.00000000000 0.00000000000 0.00000000000 0.00000000000 0.00000000000 0.00000000000 0.00000000000 0.00000000000 0.00000000000 0.00000000000 0.00000000000 0.00000000000 0.00000000000 0.00000000000 0.00000000000 0.00000000000 0.00000000000 0.00000000000 0.00000000000 0.00000000000 0.00000000000 0.00000000000 0.00000000000 0.00000000000 0.00000000000 0.00000000000 0.00000000000 0.00000000000 0.00000000000 0.00000000000 0.00000000000 0.00000000000 0.00000000000 0.00000000000 0.00000000000 0.00000000000 0.00000000000 0.00000000000 0.00000000000 0.00000000000 0.00000000000 0.00000000000 0.00000000000 0.00000000000 0.00000000000 0.00000000000 0.00000000000 0.00000000000 0.00000000000 0.00000000000 0.00000000000 0.00000000000
