# Number of parameters = 157 Objective function value = 75819.2  Maximum gradient component = 0.000258307
# srv_sel50:
1.48949744196
# srv_sel95:
2.46276906633
# stNatLen:
 11.4487209431 11.3120749556 11.1030901456 10.9059082786 10.7211100501 10.5260951360 10.3087068439 10.0719468353 9.82646156306 9.58324090893 9.35041860960 9.13288266572 8.93308631114 8.75188570057 8.58922293637 8.44453288318 8.31703164775 8.20594544603 8.11049389069 8.02994218847 7.96367250520 7.91126216110 7.87234277808 7.84654574653 7.83360560926
# log_avg_fmort_dir:
-1.70628055278
# fmort_dir_dev:
 -1.79763615488 -1.71597491465 -1.30973315425 -0.936351312938 -0.750824957643 -0.397435898098 -0.242675427878 -0.0859332407878 -0.0895974571478 0.236449531036 0.261664145005 0.262098943563 0.410945663266 0.446801059345 0.449632254780 0.478087703536 0.520259005619 0.438466651945 0.392545586818 0.513366201843 0.362796592752 0.404753042446 0.401709113720 0.419600426239 0.343757103899 0.270662746021 0.262424589487 0.289540106358 0.269143117524 0.177702249392 0.275474094398 0.242571002043 0.246081933621 0.146417226263 0.0813610072702 0.114396349753 0.0703961738197 0.101190499023 0.103955177790 0.120545335013 0.0409943911303 0.112193163404 0.112296590602 0.177284746117 0.115661379860 0.189885671925 0.0839978592573 0.202588622237 0.152906655914 0.138860469496 -0.456420637840 -0.198543255587 -0.417436598841 -0.191375568274 -0.264907736458 -0.232085650785 -0.418008873361 -0.184089465555 -0.154416152176 -0.172532244763 -0.101620746372 -0.211887548152 -0.111977187083
# mean_log_rec:
11.1344058447
# rec_dev:
 0.398113539091 0.388688103520 0.398267830746 0.397563642598 0.393529543472 0.386848040992 0.372268641994 0.349002309720 0.314122538765 0.276095521495 0.239742617150 0.203590943418 0.166397830709 0.144077745493 0.104671844373 0.0598874365840 0.0255934282233 -0.00291014395111 -0.0576350687681 -0.0979701438335 -0.126005075874 -0.161631956642 -0.186505810517 -0.199216300277 -0.204454564631 -0.228986147162 -0.232061228873 -0.205732493213 -0.182532206498 -0.159673774098 -0.143314971165 -0.138721091876 -0.154431858680 -0.162719628821 -0.148896921713 -0.143359133766 -0.151644732267 -0.159146673858 -0.139144149850 -0.121603010742 -0.122888043389 -0.118515047279 -0.108725839873 -0.109689909253 -0.109507229715 -0.107454873357 -0.114067245676 -0.119692735237 -0.117582786939 -0.118941917552 -0.110334174150 -0.0702998276938 -0.0333213245276 -0.0101091607293 0.00252658469452 0.00884416667471 0.0175385527469 0.0237834382730 0.0367002936512 0.0450513667150 0.0463430167441 0.0400890948728 0.0400891297300
# log_avg_NatM:
-1.62245200000
# m_dev:
 0.00000000000 0.00000000000 0.00000000000 0.00000000000 0.00000000000 0.00000000000 0.00000000000 0.00000000000 0.00000000000 0.00000000000 0.00000000000 0.00000000000 0.00000000000 0.00000000000 0.00000000000 0.00000000000 0.00000000000 0.00000000000 0.00000000000 0.00000000000 0.00000000000 0.00000000000 0.00000000000 0.00000000000 0.00000000000 0.00000000000 0.00000000000 0.00000000000 0.00000000000 0.00000000000 0.00000000000 0.00000000000 0.00000000000 0.00000000000 0.00000000000 0.00000000000 0.00000000000 0.00000000000 0.00000000000 0.00000000000 0.00000000000 0.00000000000 0.00000000000 0.00000000000 0.00000000000 0.00000000000 0.00000000000 0.00000000000 0.00000000000 0.00000000000 0.00000000000 0.00000000000 0.00000000000 0.00000000000 0.00000000000 0.00000000000 0.00000000000 0.00000000000 0.00000000000 0.00000000000 0.00000000000 0.00000000000 0.00000000000
# log_avg_GrowthK:
-1.66935900000
# log_avg_Linf:
4.89056300000
# GrowthK_dev:
 0.00000000000 0.00000000000 0.00000000000 0.00000000000 0.00000000000 0.00000000000 0.00000000000 0.00000000000 0.00000000000 0.00000000000 0.00000000000 0.00000000000 0.00000000000 0.00000000000 0.00000000000 0.00000000000 0.00000000000 0.00000000000 0.00000000000 0.00000000000 0.00000000000 0.00000000000 0.00000000000 0.00000000000 0.00000000000 0.00000000000 0.00000000000 0.00000000000 0.00000000000 0.00000000000 0.00000000000 0.00000000000 0.00000000000 0.00000000000 0.00000000000 0.00000000000 0.00000000000 0.00000000000 0.00000000000 0.00000000000 0.00000000000 0.00000000000 0.00000000000 0.00000000000 0.00000000000 0.00000000000 0.00000000000 0.00000000000 0.00000000000 0.00000000000 0.00000000000 0.00000000000 0.00000000000 0.00000000000 0.00000000000 0.00000000000 0.00000000000 0.00000000000 0.00000000000 0.00000000000 0.00000000000 0.00000000000 0.00000000000
# Linf_dev:
 0.00000000000 0.00000000000 0.00000000000 0.00000000000 0.00000000000 0.00000000000 0.00000000000 0.00000000000 0.00000000000 0.00000000000 0.00000000000 0.00000000000 0.00000000000 0.00000000000 0.00000000000 0.00000000000 0.00000000000 0.00000000000 0.00000000000 0.00000000000 0.00000000000 0.00000000000 0.00000000000 0.00000000000 0.00000000000 0.00000000000 0.00000000000 0.00000000000 0.00000000000 0.00000000000 0.00000000000 0.00000000000 0.00000000000 0.00000000000 0.00000000000 0.00000000000 0.00000000000 0.00000000000 0.00000000000 0.00000000000 0.00000000000 0.00000000000 0.00000000000 0.00000000000 0.00000000000 0.00000000000 0.00000000000 0.00000000000 0.00000000000 0.00000000000 0.00000000000 0.00000000000 0.00000000000 0.00000000000 0.00000000000 0.00000000000 0.00000000000 0.00000000000 0.00000000000 0.00000000000 0.00000000000 0.00000000000 0.00000000000
# SelPars50:
2.07147983541
# SelPars95:
3.73224798195
# SelPars_dev50:
 0.00000000000 0.00000000000 0.00000000000 0.00000000000 0.00000000000 0.00000000000 0.00000000000 0.00000000000 0.00000000000 0.00000000000 0.00000000000 0.00000000000 0.00000000000 0.00000000000 0.00000000000 0.00000000000 0.00000000000 0.00000000000 0.00000000000 0.00000000000 0.00000000000 0.00000000000 0.00000000000 0.00000000000 0.00000000000 0.00000000000 0.00000000000 0.00000000000 0.00000000000 0.00000000000 0.00000000000 0.00000000000 0.00000000000 0.00000000000 0.00000000000 0.00000000000 0.00000000000 0.00000000000 0.00000000000 0.00000000000 0.00000000000 0.00000000000 0.00000000000 0.00000000000 0.00000000000 0.00000000000 0.00000000000 0.00000000000 0.00000000000 0.00000000000 0.00000000000 0.00000000000 0.00000000000 0.00000000000 0.00000000000 0.00000000000 0.00000000000 0.00000000000 0.00000000000 0.00000000000 0.00000000000 0.00000000000 0.00000000000
# SelPars_dev95:
 0.00000000000 0.00000000000 0.00000000000 0.00000000000 0.00000000000 0.00000000000 0.00000000000 0.00000000000 0.00000000000 0.00000000000 0.00000000000 0.00000000000 0.00000000000 0.00000000000 0.00000000000 0.00000000000 0.00000000000 0.00000000000 0.00000000000 0.00000000000 0.00000000000 0.00000000000 0.00000000000 0.00000000000 0.00000000000 0.00000000000 0.00000000000 0.00000000000 0.00000000000 0.00000000000 0.00000000000 0.00000000000 0.00000000000 0.00000000000 0.00000000000 0.00000000000 0.00000000000 0.00000000000 0.00000000000 0.00000000000 0.00000000000 0.00000000000 0.00000000000 0.00000000000 0.00000000000 0.00000000000 0.00000000000 0.00000000000 0.00000000000 0.00000000000 0.00000000000 0.00000000000 0.00000000000 0.00000000000 0.00000000000 0.00000000000 0.00000000000 0.00000000000 0.00000000000 0.00000000000 0.00000000000 0.00000000000 0.00000000000
