# Number of parameters = 145 Objective function value = 68282.3225336816  Maximum gradient component = 0.000998898931000132
# srv_sel50:
1.67838853834
# srv_sel95:
3.00516357569
# stNatLen:
 11.8982695949 11.7169331506 11.4376531758 11.2043708555 11.0282842703 10.8664217672 10.6753193832 10.4360077426 10.1557805478 9.85464140671 9.55226178055 9.26247071409 8.99313232960 8.74782656251 8.52757645962 8.33200828367 8.16010640547 8.01063583595 7.88240077115 7.77432571009 7.68548217257 7.61512382561 7.56274146933 7.52795368998 7.51056088444
# log_avg_fmort_dir:
-1.59528870789
# fmort_dir_dev:
 -2.12093601838 -1.98952032079 -1.38810759682 -1.05364783799 -0.804472393383 -0.601659398879 -0.510773228977 -0.260242125585 -0.114722462746 -0.0553777895818 -0.00585921354223 0.232693736525 0.155842247264 0.375328220545 0.416980102275 0.315367868967 0.420228199134 0.408230631005 0.425159832135 0.352045340077 0.292771202045 0.272576644814 0.360635570936 0.283362193737 0.234666366210 0.318128818853 0.230901792073 0.201333022239 0.299177490249 0.163891897459 0.146339005182 0.134886856154 0.0715107317714 0.106913076513 0.214049403198 0.122394591157 0.157770687323 0.120598543912 0.106818420264 0.0979577497406 0.0835887363543 0.0641246374795 -0.0577171134162 0.00942252254876 0.0686397761342 0.0481865887490 0.0610068296289 0.0258866116871 0.104908416418 0.0484032084503 0.315401358608 0.478955111336 0.458802412404 0.427912743458 -0.0667492914653 -0.0655089841413 -0.138505419315
# mean_log_rec:
11.3617771924
# rec_dev:
 0.592531151880 0.571756325727 0.560144620274 0.548116540751 0.534723050942 0.513094015487 0.478637468838 0.442367481713 0.418647973644 0.386225505026 0.333994354513 0.308554121390 0.273025101140 0.214838128427 0.161155539471 0.0977774365656 0.0225143289204 -0.0335879131690 -0.0564307327751 -0.0479852266535 -0.0638431775037 -0.0758442728724 -0.0824278535077 -0.102914431435 -0.125237900200 -0.126389193842 -0.134543343152 -0.172550920478 -0.199663829035 -0.213587304186 -0.242640498463 -0.279447927305 -0.336496721209 -0.379032526652 -0.292576330276 -0.200219056436 -0.196930861613 -0.206244155774 -0.218926503540 -0.234093723482 -0.220332290398 -0.209484402134 -0.191603233206 -0.176005669867 -0.179686397053 -0.177349902542 -0.164101348941 -0.172860300991 -0.174719293941 -0.166280859018 -0.154957133149 -0.134158137722 -0.110317292921 -0.0677336614946 -0.0347582772989 -0.0510701309434 -0.0510704095319
# log_avg_NatM:
-1.47890400000
# m_dev:
 0.00000000000 0.00000000000 0.00000000000 0.00000000000 0.00000000000 0.00000000000 0.00000000000 0.00000000000 0.00000000000 0.00000000000 0.00000000000 0.00000000000 0.00000000000 0.00000000000 0.00000000000 0.00000000000 0.00000000000 0.00000000000 0.00000000000 0.00000000000 0.00000000000 0.00000000000 0.00000000000 0.00000000000 0.00000000000 0.00000000000 0.00000000000 0.00000000000 0.00000000000 0.00000000000 0.00000000000 0.00000000000 0.00000000000 0.00000000000 0.00000000000 0.00000000000 0.00000000000 0.00000000000 0.00000000000 0.00000000000 0.00000000000 0.00000000000 0.00000000000 0.00000000000 0.00000000000 0.00000000000 0.00000000000 0.00000000000 0.00000000000 0.00000000000 0.00000000000 0.00000000000 0.00000000000 0.00000000000 0.00000000000 0.00000000000 0.00000000000
# log_avg_GrowthK:
-1.60943800000
# log_avg_Linf:
4.88280200000
# GrowthK_dev:
 0.00000000000 0.00000000000 0.00000000000 0.00000000000 0.00000000000 0.00000000000 0.00000000000 0.00000000000 0.00000000000 0.00000000000 0.00000000000 0.00000000000 0.00000000000 0.00000000000 0.00000000000 0.00000000000 0.00000000000 0.00000000000 0.00000000000 0.00000000000 0.00000000000 0.00000000000 0.00000000000 0.00000000000 0.00000000000 0.00000000000 0.00000000000 0.00000000000 0.00000000000 0.00000000000 0.00000000000 0.00000000000 0.00000000000 0.00000000000 0.00000000000 0.00000000000 0.00000000000 0.00000000000 0.00000000000 0.00000000000 0.00000000000 0.00000000000 0.00000000000 0.00000000000 0.00000000000 0.00000000000 0.00000000000 0.00000000000 0.00000000000 0.00000000000 0.00000000000 0.00000000000 0.00000000000 0.00000000000 0.00000000000 0.00000000000 0.00000000000
# Linf_dev:
 0.00000000000 0.00000000000 0.00000000000 0.00000000000 0.00000000000 0.00000000000 0.00000000000 0.00000000000 0.00000000000 0.00000000000 0.00000000000 0.00000000000 0.00000000000 0.00000000000 0.00000000000 0.00000000000 0.00000000000 0.00000000000 0.00000000000 0.00000000000 0.00000000000 0.00000000000 0.00000000000 0.00000000000 0.00000000000 0.00000000000 0.00000000000 0.00000000000 0.00000000000 0.00000000000 0.00000000000 0.00000000000 0.00000000000 0.00000000000 0.00000000000 0.00000000000 0.00000000000 0.00000000000 0.00000000000 0.00000000000 0.00000000000 0.00000000000 0.00000000000 0.00000000000 0.00000000000 0.00000000000 0.00000000000 0.00000000000 0.00000000000 0.00000000000 0.00000000000 0.00000000000 0.00000000000 0.00000000000 0.00000000000 0.00000000000 0.00000000000
# SelPars50:
2.32388934215
# SelPars95:
4.29363179554
# SelPars_dev50:
 0.00000000000 0.00000000000 0.00000000000 0.00000000000 0.00000000000 0.00000000000 0.00000000000 0.00000000000 0.00000000000 0.00000000000 0.00000000000 0.00000000000 0.00000000000 0.00000000000 0.00000000000 0.00000000000 0.00000000000 0.00000000000 0.00000000000 0.00000000000 0.00000000000 0.00000000000 0.00000000000 0.00000000000 0.00000000000 0.00000000000 0.00000000000 0.00000000000 0.00000000000 0.00000000000 0.00000000000 0.00000000000 0.00000000000 0.00000000000 0.00000000000 0.00000000000 0.00000000000 0.00000000000 0.00000000000 0.00000000000 0.00000000000 0.00000000000 0.00000000000 0.00000000000 0.00000000000 0.00000000000 0.00000000000 0.00000000000 0.00000000000 0.00000000000 0.00000000000 0.00000000000 0.00000000000 0.00000000000 0.00000000000 0.00000000000 0.00000000000
# SelPars_dev95:
 0.00000000000 0.00000000000 0.00000000000 0.00000000000 0.00000000000 0.00000000000 0.00000000000 0.00000000000 0.00000000000 0.00000000000 0.00000000000 0.00000000000 0.00000000000 0.00000000000 0.00000000000 0.00000000000 0.00000000000 0.00000000000 0.00000000000 0.00000000000 0.00000000000 0.00000000000 0.00000000000 0.00000000000 0.00000000000 0.00000000000 0.00000000000 0.00000000000 0.00000000000 0.00000000000 0.00000000000 0.00000000000 0.00000000000 0.00000000000 0.00000000000 0.00000000000 0.00000000000 0.00000000000 0.00000000000 0.00000000000 0.00000000000 0.00000000000 0.00000000000 0.00000000000 0.00000000000 0.00000000000 0.00000000000 0.00000000000 0.00000000000 0.00000000000 0.00000000000 0.00000000000 0.00000000000 0.00000000000 0.00000000000 0.00000000000 0.00000000000
