# Number of parameters = 185 Objective function value = 60943.2  Maximum gradient component = 0.000487540
# srv_sel50:
1.45102239331
# srv_sel95:
2.36896779998
# stNatLen:
 11.6869112212 11.5369700295 11.3319929269 11.1400337266 10.9533291548 10.7502186482 10.5244479470 10.2840927042 10.0414937012 9.80680176903 9.58635317130 9.38333633977 9.19887834981 9.03292795029 8.88484084450 8.75371388134 8.63857725179 8.53851285963 8.45269212718 8.38040348824 8.32105365700 8.27413518602 8.23932954517 8.21631953174 8.20487515774
# log_avg_fmort_dir:
-1.58343521727
# fmort_dir_dev:
 -1.96720615782 -1.96863541921 -1.30331077281 -1.05457128875 -0.784745917627 -0.548917546489 -0.397771971685 -0.134936453663 -0.00373087200016 0.101879229844 0.193825768757 0.291845340632 0.346791866421 0.343059869895 0.457069164845 0.553956064993 0.558617191777 0.508649937993 0.495096660152 0.525280516749 0.489196832623 0.456119497166 0.473797890847 0.315442614494 0.389260088249 0.280082083220 0.332650897966 0.200404227058 0.297075778201 0.137730621228 0.109209002222 0.0537991364978 0.0798338896776 0.0875806924145 -0.0196355471558 0.0199865966821 -0.0381374265220 -0.0106871753423 -0.0759471227211 -0.0918247812656 -0.0430178772763 -0.00573161766493 0.0249331765966 0.0114757358981 0.0593152540161 -0.100651277358 -0.0112421021659 0.0490411294136 0.0533275752634 0.169409376900 0.0949576188365
# mean_log_rec:
11.0866403602
# rec_dev:
 0.541438155506 0.451722461819 0.396325934963 0.387238543331 0.373530413738 0.346912081297 0.305113587222 0.243958391582 0.178628015202 0.117371542087 0.0691911568982 0.0550627821993 0.0478379946686 0.0191996514560 -0.0502304963612 -0.133789340618 -0.190865896544 -0.224020691975 -0.242815579360 -0.260043223270 -0.273220864260 -0.266685190354 -0.248892276278 -0.252487967699 -0.256246030180 -0.256323736568 -0.256931427157 -0.264944776612 -0.236916004574 -0.197525342201 -0.199797158839 -0.205557329276 -0.208512559636 -0.155633012265 0.000224978308600 0.125218212100 0.143872288917 0.130292280017 0.117652058463 0.101877465049 0.0538824783786 0.0100208842685 -0.00153262647035 0.0296698388022 0.0865327253030 0.138591698496 0.118661880927 0.0295073233945 -0.0470725208403 -0.0947454004995 -0.0947453725545
# log_avg_NatM:
-1.60291593825
# m_dev:
 0.376016718231 0.407847365564 0.211381017197 -0.0221610336268 0.0459996953245 0.00397474693580 0.0319871424367 0.0685451536586 0.0780950835572 0.0498358532792 -0.117343462473 -0.268655252635 -0.311634854623 -0.276370642126 -0.160851861432 -0.0319882051250 -0.215764111551 -0.383926346638 -0.407022432344 -0.321124878395 -0.439125489363 -0.501004385750 -0.362117749393 -0.211583456410 -0.255388012894 -0.194074319694 -0.0696088681117 -0.121028497732 -0.327470027585 -0.227083246264 0.0622382498347 0.00714413948279 -0.0235936385888 -0.215508750323 -0.116905046348 0.0323186454507 0.205902444894 0.281225045441 0.280656753667 0.321265377297 0.432874195248 0.387526125556 0.279511433092 0.0903902050863 -0.0389735297823 0.0143739079876 0.251796822763 0.545866711386 0.362082622975 0.390051579252 0.401401063609
# log_avg_GrowthK:
-1.60943800000
# log_avg_Linf:
4.88280200000
# GrowthK_dev:
 0.00000000000 0.00000000000 0.00000000000 0.00000000000 0.00000000000 0.00000000000 0.00000000000 0.00000000000 0.00000000000 0.00000000000 0.00000000000 0.00000000000 0.00000000000 0.00000000000 0.00000000000 0.00000000000 0.00000000000 0.00000000000 0.00000000000 0.00000000000 0.00000000000 0.00000000000 0.00000000000 0.00000000000 0.00000000000 0.00000000000 0.00000000000 0.00000000000 0.00000000000 0.00000000000 0.00000000000 0.00000000000 0.00000000000 0.00000000000 0.00000000000 0.00000000000 0.00000000000 0.00000000000 0.00000000000 0.00000000000 0.00000000000 0.00000000000 0.00000000000 0.00000000000 0.00000000000 0.00000000000 0.00000000000 0.00000000000 0.00000000000 0.00000000000 0.00000000000
# Linf_dev:
 0.00000000000 0.00000000000 0.00000000000 0.00000000000 0.00000000000 0.00000000000 0.00000000000 0.00000000000 0.00000000000 0.00000000000 0.00000000000 0.00000000000 0.00000000000 0.00000000000 0.00000000000 0.00000000000 0.00000000000 0.00000000000 0.00000000000 0.00000000000 0.00000000000 0.00000000000 0.00000000000 0.00000000000 0.00000000000 0.00000000000 0.00000000000 0.00000000000 0.00000000000 0.00000000000 0.00000000000 0.00000000000 0.00000000000 0.00000000000 0.00000000000 0.00000000000 0.00000000000 0.00000000000 0.00000000000 0.00000000000 0.00000000000 0.00000000000 0.00000000000 0.00000000000 0.00000000000 0.00000000000 0.00000000000 0.00000000000 0.00000000000 0.00000000000 0.00000000000
# SelPars50:
2.05232963421
# SelPars95:
3.70037881414
# SelPars_dev50:
 0.00000000000 0.00000000000 0.00000000000 0.00000000000 0.00000000000 0.00000000000 0.00000000000 0.00000000000 0.00000000000 0.00000000000 0.00000000000 0.00000000000 0.00000000000 0.00000000000 0.00000000000 0.00000000000 0.00000000000 0.00000000000 0.00000000000 0.00000000000 0.00000000000 0.00000000000 0.00000000000 0.00000000000 0.00000000000 0.00000000000 0.00000000000 0.00000000000 0.00000000000 0.00000000000 0.00000000000 0.00000000000 0.00000000000 0.00000000000 0.00000000000 0.00000000000 0.00000000000 0.00000000000 0.00000000000 0.00000000000 0.00000000000 0.00000000000 0.00000000000 0.00000000000 0.00000000000 0.00000000000 0.00000000000 0.00000000000 0.00000000000 0.00000000000 0.00000000000
# SelPars_dev95:
 0.00000000000 0.00000000000 0.00000000000 0.00000000000 0.00000000000 0.00000000000 0.00000000000 0.00000000000 0.00000000000 0.00000000000 0.00000000000 0.00000000000 0.00000000000 0.00000000000 0.00000000000 0.00000000000 0.00000000000 0.00000000000 0.00000000000 0.00000000000 0.00000000000 0.00000000000 0.00000000000 0.00000000000 0.00000000000 0.00000000000 0.00000000000 0.00000000000 0.00000000000 0.00000000000 0.00000000000 0.00000000000 0.00000000000 0.00000000000 0.00000000000 0.00000000000 0.00000000000 0.00000000000 0.00000000000 0.00000000000 0.00000000000 0.00000000000 0.00000000000 0.00000000000 0.00000000000 0.00000000000 0.00000000000 0.00000000000 0.00000000000 0.00000000000 0.00000000000
