# Number of parameters = 224 Objective function value = 76676.7  Maximum gradient component = 0.000676667
# srv_sel50:
1.47901935452
# srv_sel95:
2.44203498984
# stNatLen:
 11.3604701708 11.2207455512 11.0230334045 10.8340792196 10.6486052526 10.4465776704 10.2217541672 9.98172555123 9.73859381822 9.50258151134 9.28026171113 9.07504208412 8.88824573144 8.71997792575 8.56969031033 8.43653572076 8.31955533497 8.21781277163 8.13049481821 8.05690058183 7.99644790330 7.94870763929 7.91329722018 7.88979486770 7.87807648157
# log_avg_fmort_dir:
-1.62986211925
# fmort_dir_dev:
 -1.77590095032 -1.75583480894 -1.18127553441 -0.845335029012 -0.713499293232 -0.442710886508 -0.377148999334 -0.176216212869 0.00103877294330 0.156565094762 0.304906507811 0.319856395352 0.348098641907 0.319336237507 0.357659190713 0.369803181755 0.373010052315 0.440509933280 0.300165218680 0.360795405235 0.338767973040 0.237568090385 0.192316134183 0.322913443934 0.213655679872 0.232097357897 0.291845690687 0.203283360056 0.158317333046 0.128411242934 0.158550167967 0.193025163355 0.107097008850 0.111533230214 0.0970482396578 0.00454435815355 -0.0321150148349 0.0367611835526 0.00349780701417 0.0309995126833 0.0525987128027 0.0819261109438 -0.0214555848088 -0.0861526560177 -0.106326576065 -0.0994678265183 -0.113772306690 0.169992518363 0.0790223454967 0.0451726768343 -0.142000179565 0.0276063407314 0.431843717879 0.101681741288 -0.201292462540 0.331604656739 0.176496077823 0.00806464080782 -0.0457082935559 -0.505102727884 0.139893395104 0.0752211402615 0.227695650490 -0.0414819922031
# mean_log_rec:
11.1613914810
# rec_dev:
 0.290519216131 0.247472595014 0.203196541311 0.201950811765 0.239993195940 0.273167271226 0.263021003146 0.194629589689 0.0823565300158 0.0106244243861 0.0201635346508 0.0640924448607 0.119361073630 0.149809495188 0.108283408502 0.0396904547469 -0.0387143536056 -0.0742662131371 -0.0728499842939 -0.0716173428609 -0.0639271109976 -0.0567277564102 -0.106372298920 -0.188840344313 -0.234467667070 -0.243305466934 -0.243287298259 -0.223485288254 -0.221280346417 -0.246344829061 -0.255296428968 -0.267000786272 -0.272510404583 -0.235642546075 -0.0874887137171 0.0382202416271 0.0382931264351 -0.00557623241864 -0.0331353438226 -0.00531885224302 0.0341653534267 0.0509813448266 0.0696353919511 0.118472287331 0.160874902340 0.129878074917 0.0139302596399 -0.0378750822910 -0.0110455468027 0.0391778676907 0.0851510959765 0.0774138489345 0.0456765328320 -0.00697381677704 -0.0725286056230 -0.102933907695 -0.105420401520 -0.0626855661333 0.00885435725482 0.0526156543660 0.0718616511223 0.0481202800014 0.0276323272017 0.0276323473987
# log_avg_NatM:
-1.53876199670
# m_dev:
 -0.186432469108 -0.0502349368768 0.201342469284 -0.182373423685 -0.405712762984 -0.336120439728 -0.153899500152 0.0666109650494 0.260899042230 -0.0388457282009 -0.499426740583 -0.745017708309 -0.731153450339 -0.415491251298 -0.0115987224563 -0.00485928862402 0.134425244850 -0.108884720082 -0.232223084477 -0.194689277291 -0.206705255013 -0.161280390766 0.101580490488 0.258237376816 0.0578249651655 -0.114243575252 -0.0869622567088 -0.228789479219 -0.0416668803445 -0.0169939325968 -0.0595342710904 0.00908903937115 -0.112254391562 -0.173889791663 -0.132257061723 -0.0500153709228 0.237835464111 0.290888107714 0.295037883010 -0.00525702666260 -0.0167601262986 0.187855386799 0.153652572136 0.0559389274965 0.00433346598365 0.336238740935 0.549600088581 0.303687767079 0.0650208359675 -0.0681185496913 -0.0431134447512 0.290849910069 0.253586330888 0.221961069750 0.342694506756 0.218362520297 0.0912878407951 0.000709495060635 -0.121827908279 0.137797393777 0.123459025588 0.268943076195 0.190084943924 0.226798270571
# log_avg_GrowthK:
-1.60435900000
# log_avg_Linf:
4.85560600000
# GrowthK_dev:
 0.00000000000 0.00000000000 0.00000000000 0.00000000000 0.00000000000 0.00000000000 0.00000000000 0.00000000000 0.00000000000 0.00000000000 0.00000000000 0.00000000000 0.00000000000 0.00000000000 0.00000000000 0.00000000000 0.00000000000 0.00000000000 0.00000000000 0.00000000000 0.00000000000 0.00000000000 0.00000000000 0.00000000000 0.00000000000 0.00000000000 0.00000000000 0.00000000000 0.00000000000 0.00000000000 0.00000000000 0.00000000000 0.00000000000 0.00000000000 0.00000000000 0.00000000000 0.00000000000 0.00000000000 0.00000000000 0.00000000000 0.00000000000 0.00000000000 0.00000000000 0.00000000000 0.00000000000 0.00000000000 0.00000000000 0.00000000000 0.00000000000 0.00000000000 0.00000000000 0.00000000000 0.00000000000 0.00000000000 0.00000000000 0.00000000000 0.00000000000 0.00000000000 0.00000000000 0.00000000000 0.00000000000 0.00000000000 0.00000000000 0.00000000000
# Linf_dev:
 0.00000000000 0.00000000000 0.00000000000 0.00000000000 0.00000000000 0.00000000000 0.00000000000 0.00000000000 0.00000000000 0.00000000000 0.00000000000 0.00000000000 0.00000000000 0.00000000000 0.00000000000 0.00000000000 0.00000000000 0.00000000000 0.00000000000 0.00000000000 0.00000000000 0.00000000000 0.00000000000 0.00000000000 0.00000000000 0.00000000000 0.00000000000 0.00000000000 0.00000000000 0.00000000000 0.00000000000 0.00000000000 0.00000000000 0.00000000000 0.00000000000 0.00000000000 0.00000000000 0.00000000000 0.00000000000 0.00000000000 0.00000000000 0.00000000000 0.00000000000 0.00000000000 0.00000000000 0.00000000000 0.00000000000 0.00000000000 0.00000000000 0.00000000000 0.00000000000 0.00000000000 0.00000000000 0.00000000000 0.00000000000 0.00000000000 0.00000000000 0.00000000000 0.00000000000 0.00000000000 0.00000000000 0.00000000000 0.00000000000 0.00000000000
# SelPars50:
2.02008164239
# SelPars95:
3.58256050063
# SelPars_dev50:
 0.00000000000 0.00000000000 0.00000000000 0.00000000000 0.00000000000 0.00000000000 0.00000000000 0.00000000000 0.00000000000 0.00000000000 0.00000000000 0.00000000000 0.00000000000 0.00000000000 0.00000000000 0.00000000000 0.00000000000 0.00000000000 0.00000000000 0.00000000000 0.00000000000 0.00000000000 0.00000000000 0.00000000000 0.00000000000 0.00000000000 0.00000000000 0.00000000000 0.00000000000 0.00000000000 0.00000000000 0.00000000000 0.00000000000 0.00000000000 0.00000000000 0.00000000000 0.00000000000 0.00000000000 0.00000000000 0.00000000000 0.00000000000 0.00000000000 0.00000000000 0.00000000000 0.00000000000 0.00000000000 0.00000000000 0.00000000000 0.00000000000 0.00000000000 0.00000000000 0.00000000000 0.00000000000 0.00000000000 0.00000000000 0.00000000000 0.00000000000 0.00000000000 0.00000000000 0.00000000000 0.00000000000 0.00000000000 0.00000000000 0.00000000000
# SelPars_dev95:
 0.00000000000 0.00000000000 0.00000000000 0.00000000000 0.00000000000 0.00000000000 0.00000000000 0.00000000000 0.00000000000 0.00000000000 0.00000000000 0.00000000000 0.00000000000 0.00000000000 0.00000000000 0.00000000000 0.00000000000 0.00000000000 0.00000000000 0.00000000000 0.00000000000 0.00000000000 0.00000000000 0.00000000000 0.00000000000 0.00000000000 0.00000000000 0.00000000000 0.00000000000 0.00000000000 0.00000000000 0.00000000000 0.00000000000 0.00000000000 0.00000000000 0.00000000000 0.00000000000 0.00000000000 0.00000000000 0.00000000000 0.00000000000 0.00000000000 0.00000000000 0.00000000000 0.00000000000 0.00000000000 0.00000000000 0.00000000000 0.00000000000 0.00000000000 0.00000000000 0.00000000000 0.00000000000 0.00000000000 0.00000000000 0.00000000000 0.00000000000 0.00000000000 0.00000000000 0.00000000000 0.00000000000 0.00000000000 0.00000000000 0.00000000000
