# Number of parameters = 147 Objective function value = 69482.5335528117  Maximum gradient component = 0.000656221881636455
# srv_sel50:
1.66127586093
# srv_sel95:
2.95529737406
# stNatLen:
 11.8437389669 11.6610062226 11.3950963486 11.1705678387 10.9918488122 10.8209291917 10.6237129963 10.3879203688 10.1213508838 9.84047827557 9.56095220969 9.29378802430 9.04536352119 8.81868965684 8.61469426788 8.43315606886 8.27328340294 8.13408688741 8.01453066971 7.91369581834 7.83076199958 7.76506163058 7.71615646142 7.68372870064 7.66756891507
# log_avg_fmort_dir:
-1.60770691029
# fmort_dir_dev:
 -2.04672024119 -1.98789366260 -1.47844207472 -1.09283619062 -0.854391068326 -0.598544918146 -0.467854685892 -0.269058622066 -0.0939651031419 -0.00444125160865 0.104171603431 0.188724006730 0.371113671186 0.368462956688 0.476123743762 0.400306240447 0.364766332269 0.470452536287 0.413547291323 0.332722746921 0.290418286397 0.218410225952 0.253866174975 0.182210919351 0.185169406186 0.103970524695 0.237729522511 0.151773469819 0.115489372351 0.142021496503 -0.00934107509491 0.0562633260584 0.108910694969 0.118424020516 0.135896397486 0.0464911174121 0.125997371897 0.0455873711221 0.00231122259595 -0.0476106924275 0.0823183099931 0.0971006110002 -0.00198538445456 0.117785385709 0.0324168658410 0.137970958755 0.0612898680702 0.0416886292368 0.0871026758545 0.0205514182492 0.576619189338 0.543736056733 0.635719989041 0.473394691429 0.167440156645 -0.167261897560 -0.0411819059675 0.0750619180722
# mean_log_rec:
11.3649440113
# rec_dev:
 0.531350430272 0.503310240779 0.492980600110 0.489141848115 0.482621453748 0.467546776813 0.454985584488 0.428670322654 0.401451420410 0.377034149628 0.345506648274 0.307460681285 0.277601905703 0.227358762702 0.155246549259 0.109306035370 0.0715501531328 0.0328760415036 0.00138957176748 -0.0142473627974 -0.0560081175118 -0.0792931390435 -0.101438786408 -0.119462135421 -0.108707427486 -0.109174116482 -0.126825885649 -0.140256545581 -0.154307248066 -0.179410079138 -0.199875130850 -0.243122140143 -0.312682464282 -0.350227578350 -0.286083218531 -0.238511152843 -0.235385065537 -0.235345704623 -0.222384094829 -0.195013350117 -0.163278263369 -0.135321462044 -0.127748213921 -0.131323469859 -0.120570174260 -0.115513980317 -0.117073727961 -0.147732878225 -0.171851898607 -0.176884540288 -0.170422788857 -0.166899460321 -0.166614693868 -0.180059462249 -0.154259744071 -0.0785602379138 -0.0627567241156 -0.0627567120785
# log_avg_NatM:
-1.47890400000
# m_dev:
 0.00000000000 0.00000000000 0.00000000000 0.00000000000 0.00000000000 0.00000000000 0.00000000000 0.00000000000 0.00000000000 0.00000000000 0.00000000000 0.00000000000 0.00000000000 0.00000000000 0.00000000000 0.00000000000 0.00000000000 0.00000000000 0.00000000000 0.00000000000 0.00000000000 0.00000000000 0.00000000000 0.00000000000 0.00000000000 0.00000000000 0.00000000000 0.00000000000 0.00000000000 0.00000000000 0.00000000000 0.00000000000 0.00000000000 0.00000000000 0.00000000000 0.00000000000 0.00000000000 0.00000000000 0.00000000000 0.00000000000 0.00000000000 0.00000000000 0.00000000000 0.00000000000 0.00000000000 0.00000000000 0.00000000000 0.00000000000 0.00000000000 0.00000000000 0.00000000000 0.00000000000 0.00000000000 0.00000000000 0.00000000000 0.00000000000 0.00000000000 0.00000000000
# log_avg_GrowthK:
-1.60943800000
# log_avg_Linf:
4.88280200000
# GrowthK_dev:
 0.00000000000 0.00000000000 0.00000000000 0.00000000000 0.00000000000 0.00000000000 0.00000000000 0.00000000000 0.00000000000 0.00000000000 0.00000000000 0.00000000000 0.00000000000 0.00000000000 0.00000000000 0.00000000000 0.00000000000 0.00000000000 0.00000000000 0.00000000000 0.00000000000 0.00000000000 0.00000000000 0.00000000000 0.00000000000 0.00000000000 0.00000000000 0.00000000000 0.00000000000 0.00000000000 0.00000000000 0.00000000000 0.00000000000 0.00000000000 0.00000000000 0.00000000000 0.00000000000 0.00000000000 0.00000000000 0.00000000000 0.00000000000 0.00000000000 0.00000000000 0.00000000000 0.00000000000 0.00000000000 0.00000000000 0.00000000000 0.00000000000 0.00000000000 0.00000000000 0.00000000000 0.00000000000 0.00000000000 0.00000000000 0.00000000000 0.00000000000 0.00000000000
# Linf_dev:
 0.00000000000 0.00000000000 0.00000000000 0.00000000000 0.00000000000 0.00000000000 0.00000000000 0.00000000000 0.00000000000 0.00000000000 0.00000000000 0.00000000000 0.00000000000 0.00000000000 0.00000000000 0.00000000000 0.00000000000 0.00000000000 0.00000000000 0.00000000000 0.00000000000 0.00000000000 0.00000000000 0.00000000000 0.00000000000 0.00000000000 0.00000000000 0.00000000000 0.00000000000 0.00000000000 0.00000000000 0.00000000000 0.00000000000 0.00000000000 0.00000000000 0.00000000000 0.00000000000 0.00000000000 0.00000000000 0.00000000000 0.00000000000 0.00000000000 0.00000000000 0.00000000000 0.00000000000 0.00000000000 0.00000000000 0.00000000000 0.00000000000 0.00000000000 0.00000000000 0.00000000000 0.00000000000 0.00000000000 0.00000000000 0.00000000000 0.00000000000 0.00000000000
# SelPars50:
2.27774697265
# SelPars95:
4.17935084639
# SelPars_dev50:
 0.00000000000 0.00000000000 0.00000000000 0.00000000000 0.00000000000 0.00000000000 0.00000000000 0.00000000000 0.00000000000 0.00000000000 0.00000000000 0.00000000000 0.00000000000 0.00000000000 0.00000000000 0.00000000000 0.00000000000 0.00000000000 0.00000000000 0.00000000000 0.00000000000 0.00000000000 0.00000000000 0.00000000000 0.00000000000 0.00000000000 0.00000000000 0.00000000000 0.00000000000 0.00000000000 0.00000000000 0.00000000000 0.00000000000 0.00000000000 0.00000000000 0.00000000000 0.00000000000 0.00000000000 0.00000000000 0.00000000000 0.00000000000 0.00000000000 0.00000000000 0.00000000000 0.00000000000 0.00000000000 0.00000000000 0.00000000000 0.00000000000 0.00000000000 0.00000000000 0.00000000000 0.00000000000 0.00000000000 0.00000000000 0.00000000000 0.00000000000 0.00000000000
# SelPars_dev95:
 0.00000000000 0.00000000000 0.00000000000 0.00000000000 0.00000000000 0.00000000000 0.00000000000 0.00000000000 0.00000000000 0.00000000000 0.00000000000 0.00000000000 0.00000000000 0.00000000000 0.00000000000 0.00000000000 0.00000000000 0.00000000000 0.00000000000 0.00000000000 0.00000000000 0.00000000000 0.00000000000 0.00000000000 0.00000000000 0.00000000000 0.00000000000 0.00000000000 0.00000000000 0.00000000000 0.00000000000 0.00000000000 0.00000000000 0.00000000000 0.00000000000 0.00000000000 0.00000000000 0.00000000000 0.00000000000 0.00000000000 0.00000000000 0.00000000000 0.00000000000 0.00000000000 0.00000000000 0.00000000000 0.00000000000 0.00000000000 0.00000000000 0.00000000000 0.00000000000 0.00000000000 0.00000000000 0.00000000000 0.00000000000 0.00000000000 0.00000000000 0.00000000000
