# Number of parameters = 155 Objective function value = 74286.8  Maximum gradient component = 0.000287306
# srv_sel50:
1.65625738193
# srv_sel95:
2.94102676522
# stNatLen:
 11.9055296570 11.7251746060 11.4655414168 11.2461940674 11.0664140525 10.8897718908 10.6886664240 10.4561601007 10.2009090708 9.93703387037 9.67713920488 9.42992953639 9.20041827716 8.99097010942 8.80230429700 8.63420661777 8.48597054087 8.35674063064 8.24560975929 8.15173047048 8.07443357496 8.01311908024 7.96743286891 7.93711166634 7.92199226526
# log_avg_fmort_dir:
-1.59686778027
# fmort_dir_dev:
 -2.03105631858 -1.98146706054 -1.53252036389 -1.16034539483 -0.837312759950 -0.682503578712 -0.391565661156 -0.313803171691 -0.165241412796 -0.0724428714129 0.0287705298107 0.110777849744 0.264096415537 0.303986751816 0.427842221668 0.471722960901 0.371107026344 0.357216219420 0.303087290691 0.325381008334 0.354027091110 0.346105942339 0.251071435059 0.326617687017 0.195634049237 0.197275654259 0.188670788743 0.160668863953 0.0513342743173 0.0917650937358 0.118744112596 0.191287198634 0.0421970706040 0.0765682646212 0.142813902508 0.0498585392451 0.169413024872 0.165215911937 0.145060753159 0.107317199736 0.123746194526 0.132491918500 0.0802003186058 0.146143841526 -0.0467522621553 0.00508121075709 0.0547791750851 0.0836466862692 -0.0641054835864 0.148714746557 0.501236837778 0.196738811026 0.270995168413 0.246891773142 0.350638542148 0.411147842434 -0.000745441064005 -0.137988955655 0.204434170679 -0.0475999344898 0.161476464930 0.0114518361834
# mean_log_rec:
11.3482347541
# rec_dev:
 0.587681180934 0.552986456445 0.534353979561 0.519829217935 0.496624226999 0.476786957891 0.462510182170 0.440031737135 0.425404066942 0.400722847710 0.362672779828 0.320094855334 0.272920592901 0.210796348953 0.145592662759 0.0864665322117 0.0486418061478 0.0291689411094 0.00887799787662 -0.0266369881121 -0.0419235868204 -0.0664703398235 -0.106872491906 -0.121349560226 -0.132601967101 -0.154262270342 -0.159657187161 -0.171615807822 -0.193666344671 -0.231160210671 -0.259729419377 -0.272605812015 -0.305345325190 -0.337167067269 -0.246152161748 -0.163951932667 -0.150126843509 -0.152894485571 -0.164781135449 -0.167707402848 -0.159880505407 -0.156494869947 -0.150066022110 -0.137701407488 -0.127198060840 -0.116040381179 -0.113699643896 -0.107208116931 -0.117762586720 -0.143778978842 -0.155884208202 -0.186688825241 -0.204899758013 -0.185326187822 -0.165939805933 -0.165727739466 -0.159618246951 -0.132852080296 -0.0632040814245 -0.00155291605193 -0.00198029964992 -0.00198030813144
# log_avg_NatM:
-1.50538200000
# m_dev:
 0.00000000000 0.00000000000 0.00000000000 0.00000000000 0.00000000000 0.00000000000 0.00000000000 0.00000000000 0.00000000000 0.00000000000 0.00000000000 0.00000000000 0.00000000000 0.00000000000 0.00000000000 0.00000000000 0.00000000000 0.00000000000 0.00000000000 0.00000000000 0.00000000000 0.00000000000 0.00000000000 0.00000000000 0.00000000000 0.00000000000 0.00000000000 0.00000000000 0.00000000000 0.00000000000 0.00000000000 0.00000000000 0.00000000000 0.00000000000 0.00000000000 0.00000000000 0.00000000000 0.00000000000 0.00000000000 0.00000000000 0.00000000000 0.00000000000 0.00000000000 0.00000000000 0.00000000000 0.00000000000 0.00000000000 0.00000000000 0.00000000000 0.00000000000 0.00000000000 0.00000000000 0.00000000000 0.00000000000 0.00000000000 0.00000000000 0.00000000000 0.00000000000 0.00000000000 0.00000000000 0.00000000000 0.00000000000
# log_avg_GrowthK:
-1.63397500000
# log_avg_Linf:
4.74018100000
# GrowthK_dev:
 0.00000000000 0.00000000000 0.00000000000 0.00000000000 0.00000000000 0.00000000000 0.00000000000 0.00000000000 0.00000000000 0.00000000000 0.00000000000 0.00000000000 0.00000000000 0.00000000000 0.00000000000 0.00000000000 0.00000000000 0.00000000000 0.00000000000 0.00000000000 0.00000000000 0.00000000000 0.00000000000 0.00000000000 0.00000000000 0.00000000000 0.00000000000 0.00000000000 0.00000000000 0.00000000000 0.00000000000 0.00000000000 0.00000000000 0.00000000000 0.00000000000 0.00000000000 0.00000000000 0.00000000000 0.00000000000 0.00000000000 0.00000000000 0.00000000000 0.00000000000 0.00000000000 0.00000000000 0.00000000000 0.00000000000 0.00000000000 0.00000000000 0.00000000000 0.00000000000 0.00000000000 0.00000000000 0.00000000000 0.00000000000 0.00000000000 0.00000000000 0.00000000000 0.00000000000 0.00000000000 0.00000000000 0.00000000000
# Linf_dev:
 0.00000000000 0.00000000000 0.00000000000 0.00000000000 0.00000000000 0.00000000000 0.00000000000 0.00000000000 0.00000000000 0.00000000000 0.00000000000 0.00000000000 0.00000000000 0.00000000000 0.00000000000 0.00000000000 0.00000000000 0.00000000000 0.00000000000 0.00000000000 0.00000000000 0.00000000000 0.00000000000 0.00000000000 0.00000000000 0.00000000000 0.00000000000 0.00000000000 0.00000000000 0.00000000000 0.00000000000 0.00000000000 0.00000000000 0.00000000000 0.00000000000 0.00000000000 0.00000000000 0.00000000000 0.00000000000 0.00000000000 0.00000000000 0.00000000000 0.00000000000 0.00000000000 0.00000000000 0.00000000000 0.00000000000 0.00000000000 0.00000000000 0.00000000000 0.00000000000 0.00000000000 0.00000000000 0.00000000000 0.00000000000 0.00000000000 0.00000000000 0.00000000000 0.00000000000 0.00000000000 0.00000000000 0.00000000000
# SelPars50:
2.26692681956
# SelPars95:
4.15027410427
# SelPars_dev50:
 0.00000000000 0.00000000000 0.00000000000 0.00000000000 0.00000000000 0.00000000000 0.00000000000 0.00000000000 0.00000000000 0.00000000000 0.00000000000 0.00000000000 0.00000000000 0.00000000000 0.00000000000 0.00000000000 0.00000000000 0.00000000000 0.00000000000 0.00000000000 0.00000000000 0.00000000000 0.00000000000 0.00000000000 0.00000000000 0.00000000000 0.00000000000 0.00000000000 0.00000000000 0.00000000000 0.00000000000 0.00000000000 0.00000000000 0.00000000000 0.00000000000 0.00000000000 0.00000000000 0.00000000000 0.00000000000 0.00000000000 0.00000000000 0.00000000000 0.00000000000 0.00000000000 0.00000000000 0.00000000000 0.00000000000 0.00000000000 0.00000000000 0.00000000000 0.00000000000 0.00000000000 0.00000000000 0.00000000000 0.00000000000 0.00000000000 0.00000000000 0.00000000000 0.00000000000 0.00000000000 0.00000000000 0.00000000000
# SelPars_dev95:
 0.00000000000 0.00000000000 0.00000000000 0.00000000000 0.00000000000 0.00000000000 0.00000000000 0.00000000000 0.00000000000 0.00000000000 0.00000000000 0.00000000000 0.00000000000 0.00000000000 0.00000000000 0.00000000000 0.00000000000 0.00000000000 0.00000000000 0.00000000000 0.00000000000 0.00000000000 0.00000000000 0.00000000000 0.00000000000 0.00000000000 0.00000000000 0.00000000000 0.00000000000 0.00000000000 0.00000000000 0.00000000000 0.00000000000 0.00000000000 0.00000000000 0.00000000000 0.00000000000 0.00000000000 0.00000000000 0.00000000000 0.00000000000 0.00000000000 0.00000000000 0.00000000000 0.00000000000 0.00000000000 0.00000000000 0.00000000000 0.00000000000 0.00000000000 0.00000000000 0.00000000000 0.00000000000 0.00000000000 0.00000000000 0.00000000000 0.00000000000 0.00000000000 0.00000000000 0.00000000000 0.00000000000 0.00000000000
