# Number of parameters = 227 Objective function value = 77930.1  Maximum gradient component = 0.00849197
# srv_sel50:
1.47890781223
# srv_sel95:
2.43625530668
# stNatLen:
 11.2569248564 11.1256866904 10.9258286720 10.7337900387 10.5472973128 10.3455957031 10.1214055173 9.88174680443 9.63858091017 9.40219781315 9.17928362618 8.97335097904 8.78576874969 8.61668107421 8.46556535846 8.33158313783 8.21382631318 8.11142792390 8.02358859291 7.94952197088 7.88859032257 7.84033507347 7.80445380549 7.78065195265 7.76886766409
# log_avg_fmort_dir:
-1.65332282480
# fmort_dir_dev:
 -1.69853881422 -1.73807754375 -1.32207063161 -1.00719278005 -0.805024490128 -0.634042607430 -0.285772606571 -0.106501030516 0.100942985538 0.256390305658 0.185404992383 0.273113637491 0.406489602601 0.507408127100 0.592879926961 0.594742258736 0.604468149418 0.580334558499 0.498018286298 0.429758150603 0.244973607075 0.185516535541 0.228080454320 0.195254913364 0.285552645692 0.167302361634 0.237179448132 0.284487864929 0.175293023985 0.0808220702492 0.00434357227797 -0.0867764612766 -0.122026426203 0.0688089210802 0.129140858117 0.121675959386 -0.0187631209698 0.0501318414152 0.115249587662 0.170234860685 0.171248516905 0.251125225701 0.0104594419554 0.0283553373101 0.0110003604982 0.0998259325838 0.110763891208 -0.0506871682726 0.0537646174445 0.107695815096 -0.664830777414 0.151840792230 0.259028786966 -0.370102041739 -0.0153286607962 0.0824439653683 0.192827506181 0.405461407653 -1.09790686020 0.0372789263353 0.0615401725692 -0.349244197767 0.0859444190996 0.452441789879 0.0258398070969
# mean_log_rec:
11.1821797508
# rec_dev:
 0.245700780258 0.290453954161 0.379933718395 0.440651257911 0.422895470424 0.294147483344 0.143074015232 0.0875013975781 0.0878925895383 0.0972239133181 0.0843301782628 0.0543296815473 0.00215411984695 -0.0922018515932 -0.170890892727 -0.209933766751 -0.223592496659 -0.210647269593 -0.181866213428 -0.121050375138 -0.0730361266558 -0.0501812125310 -0.0335519322203 -0.0808268003765 -0.197337390679 -0.287899751015 -0.293574103221 -0.235848183835 -0.158964889479 -0.0814116299848 -0.0374768500465 -0.0564964202868 -0.134219653957 -0.207549394344 -0.132608161077 -0.0182334986069 -0.0132433903237 -0.0665854342362 -0.114271291850 -0.155996986896 -0.143625716407 -0.0750117416123 0.00396064967463 0.0269799605978 -0.00885223626036 -0.0269420390391 0.00218071357209 -0.0261605739002 -0.0418384796338 -0.0119538030292 0.0203380471135 0.0408417013674 0.0488758625063 0.0682118297549 0.120098515736 0.128829673328 0.0366022872859 -0.0334751072726 -0.0656963603647 -0.00930787177942 0.0721957023549 0.156275796087 0.234290353219 0.246195140048 0.246195104347
# log_avg_NatM:
-1.57210150271
# m_dev:
 -0.520512846902 -0.643074291986 -0.513545562041 -0.390258225624 -0.00701889301825 0.463036363873 0.459795329523 -0.137217723694 -0.375775051916 -0.322988643719 -0.196238775764 -0.236836112835 -0.158536395964 0.0798010163171 -0.133739729272 -0.390897417398 -0.461997627797 -0.513992050654 -0.444388679335 -0.401444988262 -0.237541577105 -0.235977759882 -0.117124781254 0.133413508302 0.483343257840 0.361482366092 -0.130787080135 -0.374696238921 -0.413443450713 -0.286550446876 -0.100396727182 0.199698400761 0.315901239675 0.370979900985 0.157132247478 0.0514855462042 0.238751988052 0.328781572523 0.288323707659 0.338993801575 0.0515342276629 -0.163142346784 -0.147187432509 0.137030726966 0.402813150626 0.229194496457 0.0163224951479 0.415901988782 0.238028044700 -0.0186728218881 0.0777209705973 0.333817101111 0.159613968607 0.0677134379558 0.00938051459841 0.223292132693 0.665247256257 0.265649017673 0.334826235143 0.139909666331 -0.164437229675 -0.145362156348 0.110426178895 0.0909364048963 0.143504803497
# log_avg_GrowthK:
-1.66524700000
# log_avg_Linf:
4.94230500000
# GrowthK_dev:
 0.00000000000 0.00000000000 0.00000000000 0.00000000000 0.00000000000 0.00000000000 0.00000000000 0.00000000000 0.00000000000 0.00000000000 0.00000000000 0.00000000000 0.00000000000 0.00000000000 0.00000000000 0.00000000000 0.00000000000 0.00000000000 0.00000000000 0.00000000000 0.00000000000 0.00000000000 0.00000000000 0.00000000000 0.00000000000 0.00000000000 0.00000000000 0.00000000000 0.00000000000 0.00000000000 0.00000000000 0.00000000000 0.00000000000 0.00000000000 0.00000000000 0.00000000000 0.00000000000 0.00000000000 0.00000000000 0.00000000000 0.00000000000 0.00000000000 0.00000000000 0.00000000000 0.00000000000 0.00000000000 0.00000000000 0.00000000000 0.00000000000 0.00000000000 0.00000000000 0.00000000000 0.00000000000 0.00000000000 0.00000000000 0.00000000000 0.00000000000 0.00000000000 0.00000000000 0.00000000000 0.00000000000 0.00000000000 0.00000000000 0.00000000000 0.00000000000
# Linf_dev:
 0.00000000000 0.00000000000 0.00000000000 0.00000000000 0.00000000000 0.00000000000 0.00000000000 0.00000000000 0.00000000000 0.00000000000 0.00000000000 0.00000000000 0.00000000000 0.00000000000 0.00000000000 0.00000000000 0.00000000000 0.00000000000 0.00000000000 0.00000000000 0.00000000000 0.00000000000 0.00000000000 0.00000000000 0.00000000000 0.00000000000 0.00000000000 0.00000000000 0.00000000000 0.00000000000 0.00000000000 0.00000000000 0.00000000000 0.00000000000 0.00000000000 0.00000000000 0.00000000000 0.00000000000 0.00000000000 0.00000000000 0.00000000000 0.00000000000 0.00000000000 0.00000000000 0.00000000000 0.00000000000 0.00000000000 0.00000000000 0.00000000000 0.00000000000 0.00000000000 0.00000000000 0.00000000000 0.00000000000 0.00000000000 0.00000000000 0.00000000000 0.00000000000 0.00000000000 0.00000000000 0.00000000000 0.00000000000 0.00000000000 0.00000000000 0.00000000000
# SelPars50:
2.03857292501
# SelPars95:
3.63606077549
# SelPars_dev50:
 0.00000000000 0.00000000000 0.00000000000 0.00000000000 0.00000000000 0.00000000000 0.00000000000 0.00000000000 0.00000000000 0.00000000000 0.00000000000 0.00000000000 0.00000000000 0.00000000000 0.00000000000 0.00000000000 0.00000000000 0.00000000000 0.00000000000 0.00000000000 0.00000000000 0.00000000000 0.00000000000 0.00000000000 0.00000000000 0.00000000000 0.00000000000 0.00000000000 0.00000000000 0.00000000000 0.00000000000 0.00000000000 0.00000000000 0.00000000000 0.00000000000 0.00000000000 0.00000000000 0.00000000000 0.00000000000 0.00000000000 0.00000000000 0.00000000000 0.00000000000 0.00000000000 0.00000000000 0.00000000000 0.00000000000 0.00000000000 0.00000000000 0.00000000000 0.00000000000 0.00000000000 0.00000000000 0.00000000000 0.00000000000 0.00000000000 0.00000000000 0.00000000000 0.00000000000 0.00000000000 0.00000000000 0.00000000000 0.00000000000 0.00000000000 0.00000000000
# SelPars_dev95:
 0.00000000000 0.00000000000 0.00000000000 0.00000000000 0.00000000000 0.00000000000 0.00000000000 0.00000000000 0.00000000000 0.00000000000 0.00000000000 0.00000000000 0.00000000000 0.00000000000 0.00000000000 0.00000000000 0.00000000000 0.00000000000 0.00000000000 0.00000000000 0.00000000000 0.00000000000 0.00000000000 0.00000000000 0.00000000000 0.00000000000 0.00000000000 0.00000000000 0.00000000000 0.00000000000 0.00000000000 0.00000000000 0.00000000000 0.00000000000 0.00000000000 0.00000000000 0.00000000000 0.00000000000 0.00000000000 0.00000000000 0.00000000000 0.00000000000 0.00000000000 0.00000000000 0.00000000000 0.00000000000 0.00000000000 0.00000000000 0.00000000000 0.00000000000 0.00000000000 0.00000000000 0.00000000000 0.00000000000 0.00000000000 0.00000000000 0.00000000000 0.00000000000 0.00000000000 0.00000000000 0.00000000000 0.00000000000 0.00000000000 0.00000000000 0.00000000000
