# Number of parameters = 147 Objective function value = 69495.0303803201  Maximum gradient component = 0.000776193106831477
# srv_sel50:
1.66213652504
# srv_sel95:
2.96240532980
# stNatLen:
 11.8887082988 11.7088673643 11.4470127225 11.2261693519 11.0489712156 10.8779515558 10.6805326015 10.4455490605 10.1810015508 9.90295857897 9.62655936024 9.36245952467 9.11684740891 8.89267821414 8.69085984195 8.51117519760 8.35287656921 8.21499469702 8.09654257309 7.99659196619 7.91437662717 7.84925243526 7.80076606997 7.76857131683 7.75249972292
# log_avg_fmort_dir:
-1.61947594512
# fmort_dir_dev:
 -2.06261306905 -1.98527739942 -1.46602668331 -1.12692714430 -0.916352395765 -0.579301046060 -0.399967654639 -0.325269383821 -0.150766278400 -0.0464092509227 0.111739195678 0.134066360317 0.280053871571 0.345377080405 0.434292483127 0.370832136488 0.392673828643 0.416545012103 0.273581292345 0.289302168773 0.347545025293 0.237556968675 0.255735759141 0.195094028445 0.248907735628 0.186242259057 0.153989223865 0.231312300477 0.135389797586 0.174035188158 0.118003106447 0.217932129202 0.0497508816063 0.132667126763 0.0798645949100 0.156695919707 0.195108561680 0.108267995468 0.122095707849 0.00254048970007 0.0920039793987 0.138016631125 0.0467732623344 0.111972561702 0.0962238343780 0.127001873896 0.0779106434641 0.159291946606 0.000870436238614 0.0984929298237 0.0555297374732 0.164796020857 0.0608300883269 0.183174229541 0.323565600260 0.307791816550 0.254149538052 0.363316946563
# mean_log_rec:
11.3551663110
# rec_dev:
 0.579406564254 0.551284719472 0.540665835616 0.533861195743 0.513949840798 0.493952199040 0.475394375832 0.448171454794 0.413480298123 0.379511694175 0.344697127699 0.284975500066 0.231055809608 0.188935500368 0.156630013174 0.135670341787 0.0825838028882 0.0335811230624 -0.00701567367177 -0.0537233646219 -0.0802921746709 -0.0792076643645 -0.0893987928533 -0.0865412441583 -0.104019951066 -0.135981474556 -0.148224988357 -0.165093329271 -0.200069759850 -0.230194217252 -0.274481614174 -0.317831957179 -0.357306241545 -0.385905677042 -0.312571337625 -0.225837599357 -0.223708216434 -0.244847603078 -0.234278165928 -0.222040835102 -0.207686941628 -0.177876115374 -0.186530247819 -0.186840014914 -0.172069814507 -0.170041976236 -0.159880895002 -0.155809850473 -0.156230771526 -0.146172139474 -0.132573166557 -0.133122644026 -0.123306889618 -0.0877700072755 -0.0363705546435 0.0161173608634 0.00346454499817 0.00346460887091
# log_avg_NatM:
-1.47890400000
# m_dev:
 0.00000000000 0.00000000000 0.00000000000 0.00000000000 0.00000000000 0.00000000000 0.00000000000 0.00000000000 0.00000000000 0.00000000000 0.00000000000 0.00000000000 0.00000000000 0.00000000000 0.00000000000 0.00000000000 0.00000000000 0.00000000000 0.00000000000 0.00000000000 0.00000000000 0.00000000000 0.00000000000 0.00000000000 0.00000000000 0.00000000000 0.00000000000 0.00000000000 0.00000000000 0.00000000000 0.00000000000 0.00000000000 0.00000000000 0.00000000000 0.00000000000 0.00000000000 0.00000000000 0.00000000000 0.00000000000 0.00000000000 0.00000000000 0.00000000000 0.00000000000 0.00000000000 0.00000000000 0.00000000000 0.00000000000 0.00000000000 0.00000000000 0.00000000000 0.00000000000 0.00000000000 0.00000000000 0.00000000000 0.00000000000 0.00000000000 0.00000000000 0.00000000000
# log_avg_GrowthK:
-1.60943800000
# log_avg_Linf:
4.88280200000
# GrowthK_dev:
 0.00000000000 0.00000000000 0.00000000000 0.00000000000 0.00000000000 0.00000000000 0.00000000000 0.00000000000 0.00000000000 0.00000000000 0.00000000000 0.00000000000 0.00000000000 0.00000000000 0.00000000000 0.00000000000 0.00000000000 0.00000000000 0.00000000000 0.00000000000 0.00000000000 0.00000000000 0.00000000000 0.00000000000 0.00000000000 0.00000000000 0.00000000000 0.00000000000 0.00000000000 0.00000000000 0.00000000000 0.00000000000 0.00000000000 0.00000000000 0.00000000000 0.00000000000 0.00000000000 0.00000000000 0.00000000000 0.00000000000 0.00000000000 0.00000000000 0.00000000000 0.00000000000 0.00000000000 0.00000000000 0.00000000000 0.00000000000 0.00000000000 0.00000000000 0.00000000000 0.00000000000 0.00000000000 0.00000000000 0.00000000000 0.00000000000 0.00000000000 0.00000000000
# Linf_dev:
 0.00000000000 0.00000000000 0.00000000000 0.00000000000 0.00000000000 0.00000000000 0.00000000000 0.00000000000 0.00000000000 0.00000000000 0.00000000000 0.00000000000 0.00000000000 0.00000000000 0.00000000000 0.00000000000 0.00000000000 0.00000000000 0.00000000000 0.00000000000 0.00000000000 0.00000000000 0.00000000000 0.00000000000 0.00000000000 0.00000000000 0.00000000000 0.00000000000 0.00000000000 0.00000000000 0.00000000000 0.00000000000 0.00000000000 0.00000000000 0.00000000000 0.00000000000 0.00000000000 0.00000000000 0.00000000000 0.00000000000 0.00000000000 0.00000000000 0.00000000000 0.00000000000 0.00000000000 0.00000000000 0.00000000000 0.00000000000 0.00000000000 0.00000000000 0.00000000000 0.00000000000 0.00000000000 0.00000000000 0.00000000000 0.00000000000 0.00000000000 0.00000000000
# SelPars50:
2.23754097929
# SelPars95:
4.06610641726
# SelPars_dev50:
 0.00000000000 0.00000000000 0.00000000000 0.00000000000 0.00000000000 0.00000000000 0.00000000000 0.00000000000 0.00000000000 0.00000000000 0.00000000000 0.00000000000 0.00000000000 0.00000000000 0.00000000000 0.00000000000 0.00000000000 0.00000000000 0.00000000000 0.00000000000 0.00000000000 0.00000000000 0.00000000000 0.00000000000 0.00000000000 0.00000000000 0.00000000000 0.00000000000 0.00000000000 0.00000000000 0.00000000000 0.00000000000 0.00000000000 0.00000000000 0.00000000000 0.00000000000 0.00000000000 0.00000000000 0.00000000000 0.00000000000 0.00000000000 0.00000000000 0.00000000000 0.00000000000 0.00000000000 0.00000000000 0.00000000000 0.00000000000 0.00000000000 0.00000000000 0.00000000000 0.00000000000 0.00000000000 0.00000000000 0.00000000000 0.00000000000 0.00000000000 0.00000000000
# SelPars_dev95:
 0.00000000000 0.00000000000 0.00000000000 0.00000000000 0.00000000000 0.00000000000 0.00000000000 0.00000000000 0.00000000000 0.00000000000 0.00000000000 0.00000000000 0.00000000000 0.00000000000 0.00000000000 0.00000000000 0.00000000000 0.00000000000 0.00000000000 0.00000000000 0.00000000000 0.00000000000 0.00000000000 0.00000000000 0.00000000000 0.00000000000 0.00000000000 0.00000000000 0.00000000000 0.00000000000 0.00000000000 0.00000000000 0.00000000000 0.00000000000 0.00000000000 0.00000000000 0.00000000000 0.00000000000 0.00000000000 0.00000000000 0.00000000000 0.00000000000 0.00000000000 0.00000000000 0.00000000000 0.00000000000 0.00000000000 0.00000000000 0.00000000000 0.00000000000 0.00000000000 0.00000000000 0.00000000000 0.00000000000 0.00000000000 0.00000000000 0.00000000000 0.00000000000
