# Number of parameters = 135 Objective function value = 62241.4  Maximum gradient component = 0.000395571
# srv_sel50:
1.52752195531
# srv_sel95:
2.58470127699
# stNatLen:
 11.4467342584 11.2747039188 11.0272788442 10.7919164476 10.5708880866 10.3457462059 10.1070631694 9.85785947549 9.60697916055 9.36316180926 9.13262563486 8.91893703342 8.72367803960 8.54718834450 8.38908985785 8.24862943690 8.12493485231 8.01715551545 7.92445914327 7.84614575472 7.78172398572 7.73076928238 7.69291862752 7.66785414028 7.65537194943
# log_avg_fmort_dir:
-1.55133977871
# fmort_dir_dev:
 -0.604767212572 -0.552446905123 -0.395839546502 -0.329338369832 -0.0768035320803 -0.103527450853 0.0235292689599 0.0911124228677 0.269297296739 0.204181631853 0.300457586219 0.443616119257 0.359607641769 0.405251828960 0.337300793699 0.357358906843 0.296494277527 0.275150309754 0.242088603490 0.204484084828 0.223376631940 0.199828268715 0.131787662703 0.207071625752 0.0509830494439 0.115019496759 0.0848501839704 0.0597672826364 0.0137466645471 0.0228416701772 0.0657873918458 -0.0701557844741 -0.0448533696266 0.107179337818 -0.121690482714 -0.0284440060198 -0.0742025815991 0.0565544680701 -0.0557019306737 -0.0343588836406 0.0233982405919 0.0208536683319 -0.0624673662682 0.0313382229942 0.0837827973291 -0.0808055236115 -0.533728610327 -0.445424202913 -0.614355359735 -0.522450246238 -0.205377747519 -0.351358324070
# mean_log_rec:
11.1006929610
# rec_dev:
 0.388918089837 0.364433785931 0.361976118584 0.340573493411 0.307320190883 0.292732041351 0.282216426407 0.248364447127 0.229613297180 0.224598833983 0.172539847286 0.102020768335 0.0525190433538 0.00919168638414 -0.0374356735360 -0.0686838992332 -0.100054502023 -0.125727703644 -0.139703458668 -0.154145753530 -0.164042013029 -0.161919181551 -0.172831026038 -0.186142900032 -0.185674998423 -0.184219549381 -0.168918856100 -0.135525067785 -0.110766321361 -0.113412303807 -0.104168133504 -0.101125981503 -0.102855895395 -0.104183890662 -0.0979473710732 -0.0996140719062 -0.0989640771481 -0.0968182247722 -0.0839972328214 -0.0701911711853 -0.0677923216790 -0.0666157021922 -0.0698054899554 -0.0762643865408 -0.0538916051986 -0.0342103429294 -0.0245630435074 0.00215065265552 0.0327909916606 0.0522720355011 0.0489901983104 0.0489902019322
# log_avg_NatM:
-1.60943800000
# m_dev:
 0.00000000000 0.00000000000 0.00000000000 0.00000000000 0.00000000000 0.00000000000 0.00000000000 0.00000000000 0.00000000000 0.00000000000 0.00000000000 0.00000000000 0.00000000000 0.00000000000 0.00000000000 0.00000000000 0.00000000000 0.00000000000 0.00000000000 0.00000000000 0.00000000000 0.00000000000 0.00000000000 0.00000000000 0.00000000000 0.00000000000 0.00000000000 0.00000000000 0.00000000000 0.00000000000 0.00000000000 0.00000000000 0.00000000000 0.00000000000 0.00000000000 0.00000000000 0.00000000000 0.00000000000 0.00000000000 0.00000000000 0.00000000000 0.00000000000 0.00000000000 0.00000000000 0.00000000000 0.00000000000 0.00000000000 0.00000000000 0.00000000000 0.00000000000 0.00000000000 0.00000000000
# log_avg_GrowthK:
-1.60943800000
# log_avg_Linf:
4.88280200000
# GrowthK_dev:
 0.00000000000 0.00000000000 0.00000000000 0.00000000000 0.00000000000 0.00000000000 0.00000000000 0.00000000000 0.00000000000 0.00000000000 0.00000000000 0.00000000000 0.00000000000 0.00000000000 0.00000000000 0.00000000000 0.00000000000 0.00000000000 0.00000000000 0.00000000000 0.00000000000 0.00000000000 0.00000000000 0.00000000000 0.00000000000 0.00000000000 0.00000000000 0.00000000000 0.00000000000 0.00000000000 0.00000000000 0.00000000000 0.00000000000 0.00000000000 0.00000000000 0.00000000000 0.00000000000 0.00000000000 0.00000000000 0.00000000000 0.00000000000 0.00000000000 0.00000000000 0.00000000000 0.00000000000 0.00000000000 0.00000000000 0.00000000000 0.00000000000 0.00000000000 0.00000000000 0.00000000000
# Linf_dev:
 0.00000000000 0.00000000000 0.00000000000 0.00000000000 0.00000000000 0.00000000000 0.00000000000 0.00000000000 0.00000000000 0.00000000000 0.00000000000 0.00000000000 0.00000000000 0.00000000000 0.00000000000 0.00000000000 0.00000000000 0.00000000000 0.00000000000 0.00000000000 0.00000000000 0.00000000000 0.00000000000 0.00000000000 0.00000000000 0.00000000000 0.00000000000 0.00000000000 0.00000000000 0.00000000000 0.00000000000 0.00000000000 0.00000000000 0.00000000000 0.00000000000 0.00000000000 0.00000000000 0.00000000000 0.00000000000 0.00000000000 0.00000000000 0.00000000000 0.00000000000 0.00000000000 0.00000000000 0.00000000000 0.00000000000 0.00000000000 0.00000000000 0.00000000000 0.00000000000 0.00000000000
# SelPars50:
2.07283328416
# SelPars95:
3.70645658467
# SelPars_dev50:
 0.00000000000 0.00000000000 0.00000000000 0.00000000000 0.00000000000 0.00000000000 0.00000000000 0.00000000000 0.00000000000 0.00000000000 0.00000000000 0.00000000000 0.00000000000 0.00000000000 0.00000000000 0.00000000000 0.00000000000 0.00000000000 0.00000000000 0.00000000000 0.00000000000 0.00000000000 0.00000000000 0.00000000000 0.00000000000 0.00000000000 0.00000000000 0.00000000000 0.00000000000 0.00000000000 0.00000000000 0.00000000000 0.00000000000 0.00000000000 0.00000000000 0.00000000000 0.00000000000 0.00000000000 0.00000000000 0.00000000000 0.00000000000 0.00000000000 0.00000000000 0.00000000000 0.00000000000 0.00000000000 0.00000000000 0.00000000000 0.00000000000 0.00000000000 0.00000000000 0.00000000000
# SelPars_dev95:
 0.00000000000 0.00000000000 0.00000000000 0.00000000000 0.00000000000 0.00000000000 0.00000000000 0.00000000000 0.00000000000 0.00000000000 0.00000000000 0.00000000000 0.00000000000 0.00000000000 0.00000000000 0.00000000000 0.00000000000 0.00000000000 0.00000000000 0.00000000000 0.00000000000 0.00000000000 0.00000000000 0.00000000000 0.00000000000 0.00000000000 0.00000000000 0.00000000000 0.00000000000 0.00000000000 0.00000000000 0.00000000000 0.00000000000 0.00000000000 0.00000000000 0.00000000000 0.00000000000 0.00000000000 0.00000000000 0.00000000000 0.00000000000 0.00000000000 0.00000000000 0.00000000000 0.00000000000 0.00000000000 0.00000000000 0.00000000000 0.00000000000 0.00000000000 0.00000000000 0.00000000000
