# Number of parameters = 135 Objective function value = 62257.2  Maximum gradient component = 0.00350051
# srv_sel50:
1.66093385670
# srv_sel95:
2.94664237032
# stNatLen:
 11.8727586668 11.6931957843 11.4275833820 11.2035135660 11.0251365933 10.8542563243 10.6578023638 10.4244024182 10.1618363637 9.88592651193 9.61161433818 9.34944499504 9.10556103437 8.88289252363 8.68236187565 8.50378194094 8.34641007579 8.20927074779 8.09139689725 7.99187065462 7.90994756635 7.84502640410 7.79665533046 7.76453205247 7.74847443599
# log_avg_fmort_dir:
-1.65393904000
# fmort_dir_dev:
 -2.04630291632 -1.95524929985 -1.30603746895 -1.08626470844 -0.708844342450 -0.528719640597 -0.354824028423 -0.221859759785 -0.106118738029 0.00381584743790 0.115375572728 0.247093418688 0.347634976373 0.324383484734 0.499328709935 0.510317102113 0.377915106480 0.425489205403 0.320361143085 0.405628940633 0.349226423006 0.283076179234 0.305126240280 0.216549277261 0.204552984680 0.257409594985 0.180615782110 0.289225928211 0.159824306868 0.119910021013 0.116043840185 0.124542038679 0.205382439752 0.140221006061 0.137799716347 0.0832488730278 0.0639528946277 0.129792096915 0.197752752314 0.160379986121 0.108964697243 0.0693063064619 0.0656561952383 0.164082623652 0.121503831400 0.0538407224237 0.0117868311820 0.0785431216602 -0.0264913317155 -0.108803596937 0.379491450402 0.0943641625374
# mean_log_rec:
11.3761902472
# rec_dev:
 0.537625745125 0.503314838747 0.486602410851 0.466758359415 0.445655806667 0.428346925462 0.406503491584 0.392521707721 0.368727150511 0.340945330015 0.313401082106 0.279155092199 0.247560731025 0.195545473393 0.133452849758 0.0883590573078 0.0348180798124 -0.0179851959198 -0.0770438284488 -0.110995956430 -0.104317031083 -0.114771246080 -0.131194934750 -0.150398225611 -0.169172922363 -0.183334154064 -0.205166884397 -0.231922418498 -0.226078948790 -0.218904568051 -0.227528614129 -0.260869176935 -0.339838247695 -0.368285307295 -0.288710673688 -0.227552235943 -0.225250013293 -0.230867322715 -0.232796007148 -0.241509201512 -0.232463848616 -0.218547589260 -0.194780287329 -0.178235601920 -0.170992944740 -0.146878710900 -0.106050026390 -0.0647750306177 0.00498593873545 0.0765674609836 0.0731847907391 0.0731848324504
# log_avg_NatM:
-1.45056300000
# m_dev:
 0.00000000000 0.00000000000 0.00000000000 0.00000000000 0.00000000000 0.00000000000 0.00000000000 0.00000000000 0.00000000000 0.00000000000 0.00000000000 0.00000000000 0.00000000000 0.00000000000 0.00000000000 0.00000000000 0.00000000000 0.00000000000 0.00000000000 0.00000000000 0.00000000000 0.00000000000 0.00000000000 0.00000000000 0.00000000000 0.00000000000 0.00000000000 0.00000000000 0.00000000000 0.00000000000 0.00000000000 0.00000000000 0.00000000000 0.00000000000 0.00000000000 0.00000000000 0.00000000000 0.00000000000 0.00000000000 0.00000000000 0.00000000000 0.00000000000 0.00000000000 0.00000000000 0.00000000000 0.00000000000 0.00000000000 0.00000000000 0.00000000000 0.00000000000 0.00000000000 0.00000000000
# log_avg_GrowthK:
-1.65191300000
# log_avg_Linf:
4.75364900000
# GrowthK_dev:
 0.00000000000 0.00000000000 0.00000000000 0.00000000000 0.00000000000 0.00000000000 0.00000000000 0.00000000000 0.00000000000 0.00000000000 0.00000000000 0.00000000000 0.00000000000 0.00000000000 0.00000000000 0.00000000000 0.00000000000 0.00000000000 0.00000000000 0.00000000000 0.00000000000 0.00000000000 0.00000000000 0.00000000000 0.00000000000 0.00000000000 0.00000000000 0.00000000000 0.00000000000 0.00000000000 0.00000000000 0.00000000000 0.00000000000 0.00000000000 0.00000000000 0.00000000000 0.00000000000 0.00000000000 0.00000000000 0.00000000000 0.00000000000 0.00000000000 0.00000000000 0.00000000000 0.00000000000 0.00000000000 0.00000000000 0.00000000000 0.00000000000 0.00000000000 0.00000000000 0.00000000000
# Linf_dev:
 0.00000000000 0.00000000000 0.00000000000 0.00000000000 0.00000000000 0.00000000000 0.00000000000 0.00000000000 0.00000000000 0.00000000000 0.00000000000 0.00000000000 0.00000000000 0.00000000000 0.00000000000 0.00000000000 0.00000000000 0.00000000000 0.00000000000 0.00000000000 0.00000000000 0.00000000000 0.00000000000 0.00000000000 0.00000000000 0.00000000000 0.00000000000 0.00000000000 0.00000000000 0.00000000000 0.00000000000 0.00000000000 0.00000000000 0.00000000000 0.00000000000 0.00000000000 0.00000000000 0.00000000000 0.00000000000 0.00000000000 0.00000000000 0.00000000000 0.00000000000 0.00000000000 0.00000000000 0.00000000000 0.00000000000 0.00000000000 0.00000000000 0.00000000000 0.00000000000 0.00000000000
# SelPars50:
2.29027289626
# SelPars95:
4.20922329714
# SelPars_dev50:
 0.00000000000 0.00000000000 0.00000000000 0.00000000000 0.00000000000 0.00000000000 0.00000000000 0.00000000000 0.00000000000 0.00000000000 0.00000000000 0.00000000000 0.00000000000 0.00000000000 0.00000000000 0.00000000000 0.00000000000 0.00000000000 0.00000000000 0.00000000000 0.00000000000 0.00000000000 0.00000000000 0.00000000000 0.00000000000 0.00000000000 0.00000000000 0.00000000000 0.00000000000 0.00000000000 0.00000000000 0.00000000000 0.00000000000 0.00000000000 0.00000000000 0.00000000000 0.00000000000 0.00000000000 0.00000000000 0.00000000000 0.00000000000 0.00000000000 0.00000000000 0.00000000000 0.00000000000 0.00000000000 0.00000000000 0.00000000000 0.00000000000 0.00000000000 0.00000000000 0.00000000000
# SelPars_dev95:
 0.00000000000 0.00000000000 0.00000000000 0.00000000000 0.00000000000 0.00000000000 0.00000000000 0.00000000000 0.00000000000 0.00000000000 0.00000000000 0.00000000000 0.00000000000 0.00000000000 0.00000000000 0.00000000000 0.00000000000 0.00000000000 0.00000000000 0.00000000000 0.00000000000 0.00000000000 0.00000000000 0.00000000000 0.00000000000 0.00000000000 0.00000000000 0.00000000000 0.00000000000 0.00000000000 0.00000000000 0.00000000000 0.00000000000 0.00000000000 0.00000000000 0.00000000000 0.00000000000 0.00000000000 0.00000000000 0.00000000000 0.00000000000 0.00000000000 0.00000000000 0.00000000000 0.00000000000 0.00000000000 0.00000000000 0.00000000000 0.00000000000 0.00000000000 0.00000000000 0.00000000000
