# Number of parameters = 230 Objective function value = 79103.8  Maximum gradient component = 0.000890432
# srv_sel50:
1.48209877324
# srv_sel95:
2.45116055656
# stNatLen:
 11.3531478350 11.2208408159 11.0235872747 10.8334940117 10.6477473471 10.4463758497 10.2224376724 9.98293926261 9.73977328946 9.50321439539 9.27996263103 9.07358914570 8.88553750856 8.71597654817 8.56439296822 8.42998116614 8.31185219390 8.20910332584 8.12091050854 8.04659359012 7.98552617456 7.93719348112 7.90120643869 7.87727794235 7.86536630789
# log_avg_fmort_dir:
-1.65402182045
# fmort_dir_dev:
 -1.78705542500 -1.77920180594 -1.42084194091 -1.05594622018 -0.794305852950 -0.526138785374 -0.376280070067 -0.278919341539 -0.0355004907287 0.109886780562 0.249602160574 0.274795862442 0.329796173603 0.402811906938 0.543263009893 0.530737320345 0.476766170544 0.438141505029 0.362750237831 0.379634847102 0.341156724158 0.403690440018 0.299034168695 0.265882818068 0.315989538146 0.213863062087 0.107239308237 0.179657624757 0.114805296916 0.139107395765 0.146946455317 0.0527432674588 0.163355894307 0.113337746422 0.118804454917 0.0578997592172 0.125561785620 -0.131899197072 0.0255832319350 -0.0295058744784 0.0763231582091 0.137544024817 0.0400894135686 0.0883503165676 0.0303670591125 0.117429877124 0.0714546122849 0.221152199701 0.175406623581 0.137528001800 -0.101555512028 -0.0321377615435 0.0923669836463 0.319827558863 -0.0822110127259 -0.335779720791 0.0107285337160 0.216292550889 0.285447458033 -0.966678541678 -0.240471926009 -0.260563815889 0.305940242111 0.311402168849 0.185799029585 0.128698535538
# mean_log_rec:
11.1789764065
# rec_dev:
 0.340652004202 0.362043433482 0.388792380357 0.361367865482 0.311267262335 0.272660720208 0.263282757780 0.241546918665 0.200005385910 0.164976450367 0.134298320600 0.0946912066100 0.0564255907894 0.0132050619498 -0.0421757253259 -0.0951436259352 -0.108806275065 -0.0900802779229 -0.0802981078133 -0.150593735512 -0.227587830539 -0.245961224741 -0.232416128121 -0.209822077195 -0.175548015909 -0.142126630000 -0.153634169868 -0.173998230972 -0.201854711099 -0.213893861622 -0.191413383988 -0.192084436477 -0.227604595348 -0.227466551043 -0.120363758607 0.0118300875507 0.0821458642077 0.126763160161 0.121186112271 0.0194665780830 -0.0933639146721 -0.0859593018787 -0.0242166361991 0.00708960084657 -0.0300291535609 -0.117538421746 -0.166405955298 -0.155133050890 -0.120240914326 -0.0740921907364 -0.00146813477015 0.0574059966716 0.0604049243256 0.0424688564192 0.0479618599852 0.0734796470911 0.0750406648594 0.00338534539905 -0.0278275950623 0.00415507322037 0.102453430501 0.155683994246 0.127313224084 0.0564779936809 0.00961041272431 0.00961043717842
# log_avg_NatM:
-1.52525918760
# m_dev:
 -0.522307539447 -0.471012562803 -0.142727220972 0.0561451808797 0.149926751510 0.0525786084948 -0.138324192803 -0.0575306010135 -0.0874127836897 -0.200844666994 -0.123813991722 -0.0574614248050 -0.175475820546 -0.221900076374 -0.0962296303939 -0.0590440144664 -0.384311285442 -0.519593320531 -0.263264892781 0.148088611073 0.126484207960 -0.104929598195 -0.211026024671 -0.305682997627 -0.315598884147 -0.179823779648 0.0196334966117 0.0686147143851 0.126302864737 -0.0568604311095 -0.192703470959 -0.0637370321176 -0.000828376365351 0.0537221970316 0.0663309278020 -0.105461510782 -0.0483005944135 -0.0748463520306 0.130391250885 0.553624261900 0.516293357355 0.0348592216136 -0.0946994900631 -0.0267383503870 0.273453463174 0.469419515949 0.202090720305 -0.0390037741323 0.0366203140960 -0.124090814422 -0.160046010051 -0.0292302747425 0.208315571188 0.183594508041 0.0592707070111 0.0944435214459 0.258914127855 0.482923685918 0.133685388979 0.00254869823059 -0.187235718145 0.142768965150 0.312479775940 0.294441602025 0.287868986262 0.296262304985
# log_avg_GrowthK:
-1.60943800000
# log_avg_Linf:
4.88280200000
# GrowthK_dev:
 0.00000000000 0.00000000000 0.00000000000 0.00000000000 0.00000000000 0.00000000000 0.00000000000 0.00000000000 0.00000000000 0.00000000000 0.00000000000 0.00000000000 0.00000000000 0.00000000000 0.00000000000 0.00000000000 0.00000000000 0.00000000000 0.00000000000 0.00000000000 0.00000000000 0.00000000000 0.00000000000 0.00000000000 0.00000000000 0.00000000000 0.00000000000 0.00000000000 0.00000000000 0.00000000000 0.00000000000 0.00000000000 0.00000000000 0.00000000000 0.00000000000 0.00000000000 0.00000000000 0.00000000000 0.00000000000 0.00000000000 0.00000000000 0.00000000000 0.00000000000 0.00000000000 0.00000000000 0.00000000000 0.00000000000 0.00000000000 0.00000000000 0.00000000000 0.00000000000 0.00000000000 0.00000000000 0.00000000000 0.00000000000 0.00000000000 0.00000000000 0.00000000000 0.00000000000 0.00000000000 0.00000000000 0.00000000000 0.00000000000 0.00000000000 0.00000000000 0.00000000000
# Linf_dev:
 0.00000000000 0.00000000000 0.00000000000 0.00000000000 0.00000000000 0.00000000000 0.00000000000 0.00000000000 0.00000000000 0.00000000000 0.00000000000 0.00000000000 0.00000000000 0.00000000000 0.00000000000 0.00000000000 0.00000000000 0.00000000000 0.00000000000 0.00000000000 0.00000000000 0.00000000000 0.00000000000 0.00000000000 0.00000000000 0.00000000000 0.00000000000 0.00000000000 0.00000000000 0.00000000000 0.00000000000 0.00000000000 0.00000000000 0.00000000000 0.00000000000 0.00000000000 0.00000000000 0.00000000000 0.00000000000 0.00000000000 0.00000000000 0.00000000000 0.00000000000 0.00000000000 0.00000000000 0.00000000000 0.00000000000 0.00000000000 0.00000000000 0.00000000000 0.00000000000 0.00000000000 0.00000000000 0.00000000000 0.00000000000 0.00000000000 0.00000000000 0.00000000000 0.00000000000 0.00000000000 0.00000000000 0.00000000000 0.00000000000 0.00000000000 0.00000000000 0.00000000000
# SelPars50:
2.01246713020
# SelPars95:
3.55748726017
# SelPars_dev50:
 0.00000000000 0.00000000000 0.00000000000 0.00000000000 0.00000000000 0.00000000000 0.00000000000 0.00000000000 0.00000000000 0.00000000000 0.00000000000 0.00000000000 0.00000000000 0.00000000000 0.00000000000 0.00000000000 0.00000000000 0.00000000000 0.00000000000 0.00000000000 0.00000000000 0.00000000000 0.00000000000 0.00000000000 0.00000000000 0.00000000000 0.00000000000 0.00000000000 0.00000000000 0.00000000000 0.00000000000 0.00000000000 0.00000000000 0.00000000000 0.00000000000 0.00000000000 0.00000000000 0.00000000000 0.00000000000 0.00000000000 0.00000000000 0.00000000000 0.00000000000 0.00000000000 0.00000000000 0.00000000000 0.00000000000 0.00000000000 0.00000000000 0.00000000000 0.00000000000 0.00000000000 0.00000000000 0.00000000000 0.00000000000 0.00000000000 0.00000000000 0.00000000000 0.00000000000 0.00000000000 0.00000000000 0.00000000000 0.00000000000 0.00000000000 0.00000000000 0.00000000000
# SelPars_dev95:
 0.00000000000 0.00000000000 0.00000000000 0.00000000000 0.00000000000 0.00000000000 0.00000000000 0.00000000000 0.00000000000 0.00000000000 0.00000000000 0.00000000000 0.00000000000 0.00000000000 0.00000000000 0.00000000000 0.00000000000 0.00000000000 0.00000000000 0.00000000000 0.00000000000 0.00000000000 0.00000000000 0.00000000000 0.00000000000 0.00000000000 0.00000000000 0.00000000000 0.00000000000 0.00000000000 0.00000000000 0.00000000000 0.00000000000 0.00000000000 0.00000000000 0.00000000000 0.00000000000 0.00000000000 0.00000000000 0.00000000000 0.00000000000 0.00000000000 0.00000000000 0.00000000000 0.00000000000 0.00000000000 0.00000000000 0.00000000000 0.00000000000 0.00000000000 0.00000000000 0.00000000000 0.00000000000 0.00000000000 0.00000000000 0.00000000000 0.00000000000 0.00000000000 0.00000000000 0.00000000000 0.00000000000 0.00000000000 0.00000000000 0.00000000000 0.00000000000 0.00000000000
