# Number of parameters = 145 Objective function value = 68437.3592476911  Maximum gradient component = 6.46803047407920e-05
# srv_sel50:
1.47989384118
# srv_sel95:
2.43866991273
# stNatLen:
 11.4432249886 11.3040182656 11.1020894618 10.9104190434 10.7259622582 10.5276659560 10.3065515087 10.0680012984 9.82342892186 9.58348521810 9.35553050993 9.14377133774 8.95008089787 8.77494183460 8.61803283128 8.47866114689 8.35593552825 8.24894951632 8.15688131918 8.07905453898 8.01491014359 7.96403333783 7.92618307239 7.90111969906 7.88863952160
# log_avg_fmort_dir:
-1.69313289816
# fmort_dir_dev:
 -1.73314651760 -1.71895350237 -1.27553639097 -0.907757997525 -0.744707114775 -0.433294849882 -0.338444712161 -0.0859691012004 -0.203790540331 0.0243491421370 0.191100743520 0.272112680023 0.362681906791 0.477964890825 0.416248579535 0.466173772739 0.447175600967 0.470267423260 0.338913256176 0.402553099557 0.378490905940 0.478542218540 0.284731087112 0.373761465806 0.342914857218 0.293181021202 0.370440123504 0.261342327555 0.228490488994 0.244488502922 0.174106970429 0.208982212072 0.173346585564 0.112363523777 0.156943086870 0.0339601990514 0.146078729154 0.164994980193 0.0195083577806 0.0611536204890 0.0610073368931 0.0278330572301 0.0672865125648 0.0466995336885 0.0845658397962 0.0295016621343 0.0919470703052 0.00344532631223 0.0672275475907 0.0520479682789 -0.389481189591 -0.261265391877 -0.156111522180 -0.189737231930 -0.135127036057 -0.154086830529 -0.181514285508
# mean_log_rec:
11.1177150141
# rec_dev:
 0.398977051315 0.376172935986 0.370564773188 0.363999354221 0.351573352494 0.337785291909 0.323753621114 0.327624207702 0.324296813868 0.296604425070 0.263513245726 0.227925968488 0.198489043782 0.153295550913 0.111825680804 0.0564292452738 -0.00151200919080 -0.0410949981566 -0.0724358332010 -0.113988213943 -0.163434788610 -0.173112641785 -0.185426688224 -0.194344939493 -0.169055496117 -0.170512517393 -0.170593901934 -0.155503985003 -0.145128010091 -0.147349871625 -0.168371455244 -0.163401838365 -0.146541807073 -0.137317370191 -0.127870191219 -0.130400258821 -0.135643458252 -0.125299858218 -0.128723396216 -0.134456595064 -0.133749226040 -0.130459817004 -0.111589205737 -0.117571063778 -0.110803444575 -0.0966726322779 -0.0882867852342 -0.0796623273123 -0.0708165250056 -0.0736594098825 -0.0718437730286 -0.0509610417667 -0.0238591453674 -0.0119435703999 -0.00322907091139 -0.00310170419620 -0.00310169590676
# log_avg_NatM:
-1.60943800000
# m_dev:
 0.00000000000 0.00000000000 0.00000000000 0.00000000000 0.00000000000 0.00000000000 0.00000000000 0.00000000000 0.00000000000 0.00000000000 0.00000000000 0.00000000000 0.00000000000 0.00000000000 0.00000000000 0.00000000000 0.00000000000 0.00000000000 0.00000000000 0.00000000000 0.00000000000 0.00000000000 0.00000000000 0.00000000000 0.00000000000 0.00000000000 0.00000000000 0.00000000000 0.00000000000 0.00000000000 0.00000000000 0.00000000000 0.00000000000 0.00000000000 0.00000000000 0.00000000000 0.00000000000 0.00000000000 0.00000000000 0.00000000000 0.00000000000 0.00000000000 0.00000000000 0.00000000000 0.00000000000 0.00000000000 0.00000000000 0.00000000000 0.00000000000 0.00000000000 0.00000000000 0.00000000000 0.00000000000 0.00000000000 0.00000000000 0.00000000000 0.00000000000
# log_avg_GrowthK:
-1.60943800000
# log_avg_Linf:
4.88280200000
# GrowthK_dev:
 0.00000000000 0.00000000000 0.00000000000 0.00000000000 0.00000000000 0.00000000000 0.00000000000 0.00000000000 0.00000000000 0.00000000000 0.00000000000 0.00000000000 0.00000000000 0.00000000000 0.00000000000 0.00000000000 0.00000000000 0.00000000000 0.00000000000 0.00000000000 0.00000000000 0.00000000000 0.00000000000 0.00000000000 0.00000000000 0.00000000000 0.00000000000 0.00000000000 0.00000000000 0.00000000000 0.00000000000 0.00000000000 0.00000000000 0.00000000000 0.00000000000 0.00000000000 0.00000000000 0.00000000000 0.00000000000 0.00000000000 0.00000000000 0.00000000000 0.00000000000 0.00000000000 0.00000000000 0.00000000000 0.00000000000 0.00000000000 0.00000000000 0.00000000000 0.00000000000 0.00000000000 0.00000000000 0.00000000000 0.00000000000 0.00000000000 0.00000000000
# Linf_dev:
 0.00000000000 0.00000000000 0.00000000000 0.00000000000 0.00000000000 0.00000000000 0.00000000000 0.00000000000 0.00000000000 0.00000000000 0.00000000000 0.00000000000 0.00000000000 0.00000000000 0.00000000000 0.00000000000 0.00000000000 0.00000000000 0.00000000000 0.00000000000 0.00000000000 0.00000000000 0.00000000000 0.00000000000 0.00000000000 0.00000000000 0.00000000000 0.00000000000 0.00000000000 0.00000000000 0.00000000000 0.00000000000 0.00000000000 0.00000000000 0.00000000000 0.00000000000 0.00000000000 0.00000000000 0.00000000000 0.00000000000 0.00000000000 0.00000000000 0.00000000000 0.00000000000 0.00000000000 0.00000000000 0.00000000000 0.00000000000 0.00000000000 0.00000000000 0.00000000000 0.00000000000 0.00000000000 0.00000000000 0.00000000000 0.00000000000 0.00000000000
# SelPars50:
2.02719146378
# SelPars95:
3.60375595341
# SelPars_dev50:
 0.00000000000 0.00000000000 0.00000000000 0.00000000000 0.00000000000 0.00000000000 0.00000000000 0.00000000000 0.00000000000 0.00000000000 0.00000000000 0.00000000000 0.00000000000 0.00000000000 0.00000000000 0.00000000000 0.00000000000 0.00000000000 0.00000000000 0.00000000000 0.00000000000 0.00000000000 0.00000000000 0.00000000000 0.00000000000 0.00000000000 0.00000000000 0.00000000000 0.00000000000 0.00000000000 0.00000000000 0.00000000000 0.00000000000 0.00000000000 0.00000000000 0.00000000000 0.00000000000 0.00000000000 0.00000000000 0.00000000000 0.00000000000 0.00000000000 0.00000000000 0.00000000000 0.00000000000 0.00000000000 0.00000000000 0.00000000000 0.00000000000 0.00000000000 0.00000000000 0.00000000000 0.00000000000 0.00000000000 0.00000000000 0.00000000000 0.00000000000
# SelPars_dev95:
 0.00000000000 0.00000000000 0.00000000000 0.00000000000 0.00000000000 0.00000000000 0.00000000000 0.00000000000 0.00000000000 0.00000000000 0.00000000000 0.00000000000 0.00000000000 0.00000000000 0.00000000000 0.00000000000 0.00000000000 0.00000000000 0.00000000000 0.00000000000 0.00000000000 0.00000000000 0.00000000000 0.00000000000 0.00000000000 0.00000000000 0.00000000000 0.00000000000 0.00000000000 0.00000000000 0.00000000000 0.00000000000 0.00000000000 0.00000000000 0.00000000000 0.00000000000 0.00000000000 0.00000000000 0.00000000000 0.00000000000 0.00000000000 0.00000000000 0.00000000000 0.00000000000 0.00000000000 0.00000000000 0.00000000000 0.00000000000 0.00000000000 0.00000000000 0.00000000000 0.00000000000 0.00000000000 0.00000000000 0.00000000000 0.00000000000 0.00000000000
