# Number of parameters = 215 Objective function value = 73068.4  Maximum gradient component = 0.000958579
# srv_sel50:
1.47664245117
# srv_sel95:
2.43897552926
# stNatLen:
 11.6044589375 11.4539136709 11.2563384659 11.0700694259 10.8855326176 10.6825685159 10.4561385427 10.2148481892 9.97122534682 9.73549352319 9.51404589162 9.31007493742 9.12472042051 8.95795258536 8.80913708421 8.67735533394 8.56163859329 8.46103574503 8.37474145189 8.30201383948 8.24229422547 8.19507371303 8.15995604561 8.13677566869 8.12530306177
# log_avg_fmort_dir:
-1.63655044497
# fmort_dir_dev:
 -1.59801408272 -1.64573461321 -1.12853518542 -0.857655406696 -0.561266441458 -0.524967813990 -0.315335186398 -0.232630913758 -0.0654017176965 0.123864913548 0.259404088021 0.383031403401 0.419967248674 0.327563680921 0.414892991104 0.554720304247 0.484744618228 0.457258877233 0.432169101438 0.416855222554 0.334583781938 0.433907906497 0.395244550725 0.355167739183 0.401742654934 0.261138941008 0.220642379798 0.117114226646 0.135208943681 0.125560861334 0.00702906796819 -0.00680200853364 0.00255449530072 -0.0404539419786 -0.0145957924313 -0.0227396391806 -0.0943759316529 0.0154606903046 0.110205892252 -0.0121668623014 0.0513690603016 -0.00345949782076 -0.0135223056018 0.0520992082458 0.152533744137 0.0348518242978 0.0584115971440 0.0882466455880 0.0453887680940 0.0748712836038 -0.914640505699 0.0972566566449 0.169171715795 -0.306916924963 0.130636837992 0.228556603110 0.205251394841 -0.365182832601 -0.328635063174 0.184036919270 0.290315827290
# mean_log_rec:
11.1487593715
# rec_dev:
 0.245330319535 0.175916598016 0.172246763628 0.197969498981 0.219610639591 0.242510214379 0.242192000294 0.216491744614 0.154121184326 0.100952541007 0.0686251428538 0.0679803741943 0.0866468083732 0.0655947462536 -0.0243058792008 -0.0853700294199 -0.133031454469 -0.166357234607 -0.186307685416 -0.197004420631 -0.232450437438 -0.277787647191 -0.299796663977 -0.300938437858 -0.256751786995 -0.191979230753 -0.126079660989 -0.120433842105 -0.142988250445 -0.154436352526 -0.132236955628 -0.100986823568 -0.0811780331112 -0.0686571403929 0.00645814878532 0.0568707071752 0.0435707458556 -0.00584868770642 -0.0226713959262 -0.0147182763480 0.0181996628596 0.0262364279250 -0.00954961370860 -0.0210266908609 0.0149597212961 0.0516566658058 0.0617815857257 0.0326257007530 -0.0222371780324 -0.0160688627442 0.0262396224005 0.0819934675035 0.130806612589 0.135112621707 0.0994462778249 0.0317861790816 0.00399515012578 0.0383404583323 0.0847872855737 0.0950715404807 0.0950715141996
# log_avg_NatM:
-1.54608344202
# m_dev:
 0.726981462618 0.254699569981 -0.221211593771 -0.216946400001 -0.257695317170 -0.306697362100 -0.132017529259 -0.112045699055 0.0744045138540 -0.106369662125 -0.277441074990 -0.501132047166 -0.459838488642 -0.175530498356 0.0536918294855 -0.188095625039 -0.107377981545 -0.176569948684 -0.221324495224 -0.230267742206 -0.102034295737 -0.0618307100632 -0.0972110705060 -0.211003226136 -0.528399668781 -0.583388694188 -0.390424990326 -0.0464220887478 0.145186424122 0.0559839953633 -0.0707447914745 -0.106852230817 -0.125316466483 -0.000171318606751 0.285760902981 0.341282474168 0.226871317878 0.310070870221 0.241058837673 0.136644961398 0.00479954324460 0.216713391505 0.317910143520 0.166395418362 -0.0730541367763 0.0258988980410 0.0753759405763 0.295852670171 0.389789388408 -0.00254068255511 0.100947147233 0.0839946729675 -0.0184434759025 0.172786841410 0.334198177654 0.409384120060 0.158580674905 -0.0218606044176 0.103960460291 0.217470669956 0.203564598802
# log_avg_GrowthK:
-1.59252600000
# log_avg_Linf:
4.94174400000
# GrowthK_dev:
 0.00000000000 0.00000000000 0.00000000000 0.00000000000 0.00000000000 0.00000000000 0.00000000000 0.00000000000 0.00000000000 0.00000000000 0.00000000000 0.00000000000 0.00000000000 0.00000000000 0.00000000000 0.00000000000 0.00000000000 0.00000000000 0.00000000000 0.00000000000 0.00000000000 0.00000000000 0.00000000000 0.00000000000 0.00000000000 0.00000000000 0.00000000000 0.00000000000 0.00000000000 0.00000000000 0.00000000000 0.00000000000 0.00000000000 0.00000000000 0.00000000000 0.00000000000 0.00000000000 0.00000000000 0.00000000000 0.00000000000 0.00000000000 0.00000000000 0.00000000000 0.00000000000 0.00000000000 0.00000000000 0.00000000000 0.00000000000 0.00000000000 0.00000000000 0.00000000000 0.00000000000 0.00000000000 0.00000000000 0.00000000000 0.00000000000 0.00000000000 0.00000000000 0.00000000000 0.00000000000 0.00000000000
# Linf_dev:
 0.00000000000 0.00000000000 0.00000000000 0.00000000000 0.00000000000 0.00000000000 0.00000000000 0.00000000000 0.00000000000 0.00000000000 0.00000000000 0.00000000000 0.00000000000 0.00000000000 0.00000000000 0.00000000000 0.00000000000 0.00000000000 0.00000000000 0.00000000000 0.00000000000 0.00000000000 0.00000000000 0.00000000000 0.00000000000 0.00000000000 0.00000000000 0.00000000000 0.00000000000 0.00000000000 0.00000000000 0.00000000000 0.00000000000 0.00000000000 0.00000000000 0.00000000000 0.00000000000 0.00000000000 0.00000000000 0.00000000000 0.00000000000 0.00000000000 0.00000000000 0.00000000000 0.00000000000 0.00000000000 0.00000000000 0.00000000000 0.00000000000 0.00000000000 0.00000000000 0.00000000000 0.00000000000 0.00000000000 0.00000000000 0.00000000000 0.00000000000 0.00000000000 0.00000000000 0.00000000000 0.00000000000
# SelPars50:
2.01272399493
# SelPars95:
3.56318306947
# SelPars_dev50:
 0.00000000000 0.00000000000 0.00000000000 0.00000000000 0.00000000000 0.00000000000 0.00000000000 0.00000000000 0.00000000000 0.00000000000 0.00000000000 0.00000000000 0.00000000000 0.00000000000 0.00000000000 0.00000000000 0.00000000000 0.00000000000 0.00000000000 0.00000000000 0.00000000000 0.00000000000 0.00000000000 0.00000000000 0.00000000000 0.00000000000 0.00000000000 0.00000000000 0.00000000000 0.00000000000 0.00000000000 0.00000000000 0.00000000000 0.00000000000 0.00000000000 0.00000000000 0.00000000000 0.00000000000 0.00000000000 0.00000000000 0.00000000000 0.00000000000 0.00000000000 0.00000000000 0.00000000000 0.00000000000 0.00000000000 0.00000000000 0.00000000000 0.00000000000 0.00000000000 0.00000000000 0.00000000000 0.00000000000 0.00000000000 0.00000000000 0.00000000000 0.00000000000 0.00000000000 0.00000000000 0.00000000000
# SelPars_dev95:
 0.00000000000 0.00000000000 0.00000000000 0.00000000000 0.00000000000 0.00000000000 0.00000000000 0.00000000000 0.00000000000 0.00000000000 0.00000000000 0.00000000000 0.00000000000 0.00000000000 0.00000000000 0.00000000000 0.00000000000 0.00000000000 0.00000000000 0.00000000000 0.00000000000 0.00000000000 0.00000000000 0.00000000000 0.00000000000 0.00000000000 0.00000000000 0.00000000000 0.00000000000 0.00000000000 0.00000000000 0.00000000000 0.00000000000 0.00000000000 0.00000000000 0.00000000000 0.00000000000 0.00000000000 0.00000000000 0.00000000000 0.00000000000 0.00000000000 0.00000000000 0.00000000000 0.00000000000 0.00000000000 0.00000000000 0.00000000000 0.00000000000 0.00000000000 0.00000000000 0.00000000000 0.00000000000 0.00000000000 0.00000000000 0.00000000000 0.00000000000 0.00000000000 0.00000000000 0.00000000000 0.00000000000
