# Number of parameters = 157 Objective function value = 75778.6229774420  Maximum gradient component = 0.000205844319079266
# srv_sel50:
1.51375922432
# srv_sel95:
2.53937240688
# stNatLen:
 11.4356025276 11.2841065551 11.0748934666 10.8819849078 10.6959246853 10.4930844840 10.2669355440 10.0260529815 9.78321857074 9.54875371976 9.32897576350 9.12697762575 8.94376839624 8.77921862569 8.63260169966 8.50290785200 8.38909981160 8.29022554321 8.20542263602 8.13396012653 8.07523569298 8.02876994387 7.99420056158 7.97144575973 7.96025450255
# log_avg_fmort_dir:
-1.67827010984
# fmort_dir_dev:
 -1.68784023902 -1.77935073265 -1.25051243314 -0.966990665923 -0.775130375920 -0.499950749807 -0.259031390300 -0.158245482577 0.0286125354542 0.0525140988829 0.274303145202 0.264539612314 0.322000994854 0.370336563736 0.563799373778 0.600592187480 0.582716426191 0.432160576281 0.559825853955 0.478146758713 0.386448504835 0.436164295965 0.550836453508 0.389162762071 0.231434786565 0.418117505437 0.233288876591 0.262424368349 0.228378450839 0.218649044825 0.153038323285 0.116020459474 0.207153715188 0.0803618615712 0.164891830859 0.0976652338074 0.0961923161471 0.0603365559698 0.0301037282492 0.108199012528 0.0430350769870 0.113637294288 0.112183636755 0.0724912455396 0.0513874506173 0.0575948067822 0.0199138763488 0.0886454707316 0.0488004439971 0.107740429923 -0.325063643185 -0.419530206321 -0.194975671674 -0.137634316683 -0.236908306322 -0.00643093445733 -0.0959344535431 -0.133984148944 -0.324214577453 -0.220755442873 -0.0997346188657 -0.0600064468330 -0.0816211083768
# mean_log_rec:
11.1477857160
# rec_dev:
 0.360561962676 0.330903457847 0.334550996798 0.341850991373 0.338635695528 0.332297443177 0.321718605746 0.305362109642 0.300644256723 0.298829082573 0.287776287542 0.270764128073 0.251470095292 0.209536389975 0.150367629801 0.0806159214276 0.0278040334942 -0.0101996007710 -0.0399397830661 -0.0649554478223 -0.0849387999078 -0.128735054989 -0.156539661649 -0.154081910538 -0.169512671289 -0.180413601137 -0.181102899943 -0.181487027961 -0.172417926179 -0.167416115358 -0.173196517107 -0.177293744404 -0.167750011491 -0.169119010264 -0.165802759549 -0.166363609414 -0.186274119120 -0.194580974894 -0.187852513932 -0.174769184085 -0.168266182139 -0.159719371690 -0.154424348272 -0.144782815216 -0.131461663091 -0.115359874768 -0.112657711378 -0.109533556866 -0.0978601690155 -0.0972144377367 -0.0945819203053 -0.0775809215437 -0.0585449963930 -0.0215303328930 0.0206477003474 0.0362300878253 0.0241720187944 0.0165407829047 0.0350729204069 0.0736942255346 0.0886877530602 0.0797633191265 0.0797633504891
# log_avg_NatM:
-1.60943800000
# m_dev:
 0.00000000000 0.00000000000 0.00000000000 0.00000000000 0.00000000000 0.00000000000 0.00000000000 0.00000000000 0.00000000000 0.00000000000 0.00000000000 0.00000000000 0.00000000000 0.00000000000 0.00000000000 0.00000000000 0.00000000000 0.00000000000 0.00000000000 0.00000000000 0.00000000000 0.00000000000 0.00000000000 0.00000000000 0.00000000000 0.00000000000 0.00000000000 0.00000000000 0.00000000000 0.00000000000 0.00000000000 0.00000000000 0.00000000000 0.00000000000 0.00000000000 0.00000000000 0.00000000000 0.00000000000 0.00000000000 0.00000000000 0.00000000000 0.00000000000 0.00000000000 0.00000000000 0.00000000000 0.00000000000 0.00000000000 0.00000000000 0.00000000000 0.00000000000 0.00000000000 0.00000000000 0.00000000000 0.00000000000 0.00000000000 0.00000000000 0.00000000000 0.00000000000 0.00000000000 0.00000000000 0.00000000000 0.00000000000 0.00000000000
# log_avg_GrowthK:
-1.60943800000
# log_avg_Linf:
4.88280200000
# GrowthK_dev:
 0.00000000000 0.00000000000 0.00000000000 0.00000000000 0.00000000000 0.00000000000 0.00000000000 0.00000000000 0.00000000000 0.00000000000 0.00000000000 0.00000000000 0.00000000000 0.00000000000 0.00000000000 0.00000000000 0.00000000000 0.00000000000 0.00000000000 0.00000000000 0.00000000000 0.00000000000 0.00000000000 0.00000000000 0.00000000000 0.00000000000 0.00000000000 0.00000000000 0.00000000000 0.00000000000 0.00000000000 0.00000000000 0.00000000000 0.00000000000 0.00000000000 0.00000000000 0.00000000000 0.00000000000 0.00000000000 0.00000000000 0.00000000000 0.00000000000 0.00000000000 0.00000000000 0.00000000000 0.00000000000 0.00000000000 0.00000000000 0.00000000000 0.00000000000 0.00000000000 0.00000000000 0.00000000000 0.00000000000 0.00000000000 0.00000000000 0.00000000000 0.00000000000 0.00000000000 0.00000000000 0.00000000000 0.00000000000 0.00000000000
# Linf_dev:
 0.00000000000 0.00000000000 0.00000000000 0.00000000000 0.00000000000 0.00000000000 0.00000000000 0.00000000000 0.00000000000 0.00000000000 0.00000000000 0.00000000000 0.00000000000 0.00000000000 0.00000000000 0.00000000000 0.00000000000 0.00000000000 0.00000000000 0.00000000000 0.00000000000 0.00000000000 0.00000000000 0.00000000000 0.00000000000 0.00000000000 0.00000000000 0.00000000000 0.00000000000 0.00000000000 0.00000000000 0.00000000000 0.00000000000 0.00000000000 0.00000000000 0.00000000000 0.00000000000 0.00000000000 0.00000000000 0.00000000000 0.00000000000 0.00000000000 0.00000000000 0.00000000000 0.00000000000 0.00000000000 0.00000000000 0.00000000000 0.00000000000 0.00000000000 0.00000000000 0.00000000000 0.00000000000 0.00000000000 0.00000000000 0.00000000000 0.00000000000 0.00000000000 0.00000000000 0.00000000000 0.00000000000 0.00000000000 0.00000000000
# SelPars50:
2.07807896400
# SelPars95:
3.73212404579
# SelPars_dev50:
 0.00000000000 0.00000000000 0.00000000000 0.00000000000 0.00000000000 0.00000000000 0.00000000000 0.00000000000 0.00000000000 0.00000000000 0.00000000000 0.00000000000 0.00000000000 0.00000000000 0.00000000000 0.00000000000 0.00000000000 0.00000000000 0.00000000000 0.00000000000 0.00000000000 0.00000000000 0.00000000000 0.00000000000 0.00000000000 0.00000000000 0.00000000000 0.00000000000 0.00000000000 0.00000000000 0.00000000000 0.00000000000 0.00000000000 0.00000000000 0.00000000000 0.00000000000 0.00000000000 0.00000000000 0.00000000000 0.00000000000 0.00000000000 0.00000000000 0.00000000000 0.00000000000 0.00000000000 0.00000000000 0.00000000000 0.00000000000 0.00000000000 0.00000000000 0.00000000000 0.00000000000 0.00000000000 0.00000000000 0.00000000000 0.00000000000 0.00000000000 0.00000000000 0.00000000000 0.00000000000 0.00000000000 0.00000000000 0.00000000000
# SelPars_dev95:
 0.00000000000 0.00000000000 0.00000000000 0.00000000000 0.00000000000 0.00000000000 0.00000000000 0.00000000000 0.00000000000 0.00000000000 0.00000000000 0.00000000000 0.00000000000 0.00000000000 0.00000000000 0.00000000000 0.00000000000 0.00000000000 0.00000000000 0.00000000000 0.00000000000 0.00000000000 0.00000000000 0.00000000000 0.00000000000 0.00000000000 0.00000000000 0.00000000000 0.00000000000 0.00000000000 0.00000000000 0.00000000000 0.00000000000 0.00000000000 0.00000000000 0.00000000000 0.00000000000 0.00000000000 0.00000000000 0.00000000000 0.00000000000 0.00000000000 0.00000000000 0.00000000000 0.00000000000 0.00000000000 0.00000000000 0.00000000000 0.00000000000 0.00000000000 0.00000000000 0.00000000000 0.00000000000 0.00000000000 0.00000000000 0.00000000000 0.00000000000 0.00000000000 0.00000000000 0.00000000000 0.00000000000 0.00000000000 0.00000000000
