# Number of parameters = 141 Objective function value = 65879.3  Maximum gradient component = 0.00211371
# srv_sel50:
1.67100055663
# srv_sel95:
2.99698098478
# stNatLen:
 11.8773020363 11.6899058364 11.4296512132 11.2117673949 11.0342714706 10.8604595279 10.6608296206 10.4266653619 10.1664033419 9.89513851586 9.62671784052 9.37080018988 9.13298154617 8.91591358362 8.72040348344 8.54626890483 8.39282512777 8.25920165234 8.14446027518 8.04768855236 7.96806909309 7.90493004327 7.85780422057 7.82650456152 7.81091444172
# log_avg_fmort_dir:
-1.64070537458
# fmort_dir_dev:
 -2.09296053415 -2.05349886224 -1.51470039115 -1.12589627828 -0.875036848724 -0.639430379258 -0.395254203028 -0.264564994802 -0.118800057257 0.00701359004174 0.00391128832504 0.225851934717 0.235427389449 0.357474463501 0.406094644663 0.342506477991 0.509543084221 0.332163305008 0.469349379687 0.302377309342 0.410612545725 0.403096891360 0.270687505429 0.297934506889 0.329059426950 0.212758282544 0.195883089416 0.212211318838 0.0754383673249 0.138719726692 0.117217072806 0.0872451003802 0.0169781280175 0.0487192641907 0.103335563544 0.170802181936 0.177049199186 0.102631887066 0.158862716122 0.0652742608905 0.134422313017 0.0675469533021 0.0758774664456 0.0266233167912 0.162117552489 0.0637453439760 0.134612489018 0.182311394446 0.0347195812781 0.125769935060 0.307730041574 0.321990803466 0.191544162334 0.334296736206 0.130604557232
# mean_log_rec:
11.3524999590
# rec_dev:
 0.562371607977 0.525916773677 0.518344339308 0.521211099898 0.524506978356 0.516881675541 0.497091734771 0.460353775665 0.418109837179 0.379992613576 0.347770588935 0.309707640214 0.268428886591 0.229542233338 0.187746491961 0.131255329975 0.0841189823352 0.0398424087917 -0.000685138317246 -0.0380583738190 -0.0524877178897 -0.0622970030612 -0.0736661230102 -0.0842753749948 -0.0954708641957 -0.120154004193 -0.157007309560 -0.174483605244 -0.207734811588 -0.240292985990 -0.271350529819 -0.306326270571 -0.352813802906 -0.363088578751 -0.290374509581 -0.230521581700 -0.229712892295 -0.229961997024 -0.196535149079 -0.183386703036 -0.181022251244 -0.178305239183 -0.183191053619 -0.185651020892 -0.167617597129 -0.173272124599 -0.194067073552 -0.186652807512 -0.186965270369 -0.191705840912 -0.189940950429 -0.163402920391 -0.118212081410 -0.131250710140 -0.131250730086
# log_avg_NatM:
-1.43852500000
# m_dev:
 0.00000000000 0.00000000000 0.00000000000 0.00000000000 0.00000000000 0.00000000000 0.00000000000 0.00000000000 0.00000000000 0.00000000000 0.00000000000 0.00000000000 0.00000000000 0.00000000000 0.00000000000 0.00000000000 0.00000000000 0.00000000000 0.00000000000 0.00000000000 0.00000000000 0.00000000000 0.00000000000 0.00000000000 0.00000000000 0.00000000000 0.00000000000 0.00000000000 0.00000000000 0.00000000000 0.00000000000 0.00000000000 0.00000000000 0.00000000000 0.00000000000 0.00000000000 0.00000000000 0.00000000000 0.00000000000 0.00000000000 0.00000000000 0.00000000000 0.00000000000 0.00000000000 0.00000000000 0.00000000000 0.00000000000 0.00000000000 0.00000000000 0.00000000000 0.00000000000 0.00000000000 0.00000000000 0.00000000000 0.00000000000
# log_avg_GrowthK:
-1.63057600000
# log_avg_Linf:
5.02101500000
# GrowthK_dev:
 0.00000000000 0.00000000000 0.00000000000 0.00000000000 0.00000000000 0.00000000000 0.00000000000 0.00000000000 0.00000000000 0.00000000000 0.00000000000 0.00000000000 0.00000000000 0.00000000000 0.00000000000 0.00000000000 0.00000000000 0.00000000000 0.00000000000 0.00000000000 0.00000000000 0.00000000000 0.00000000000 0.00000000000 0.00000000000 0.00000000000 0.00000000000 0.00000000000 0.00000000000 0.00000000000 0.00000000000 0.00000000000 0.00000000000 0.00000000000 0.00000000000 0.00000000000 0.00000000000 0.00000000000 0.00000000000 0.00000000000 0.00000000000 0.00000000000 0.00000000000 0.00000000000 0.00000000000 0.00000000000 0.00000000000 0.00000000000 0.00000000000 0.00000000000 0.00000000000 0.00000000000 0.00000000000 0.00000000000 0.00000000000
# Linf_dev:
 0.00000000000 0.00000000000 0.00000000000 0.00000000000 0.00000000000 0.00000000000 0.00000000000 0.00000000000 0.00000000000 0.00000000000 0.00000000000 0.00000000000 0.00000000000 0.00000000000 0.00000000000 0.00000000000 0.00000000000 0.00000000000 0.00000000000 0.00000000000 0.00000000000 0.00000000000 0.00000000000 0.00000000000 0.00000000000 0.00000000000 0.00000000000 0.00000000000 0.00000000000 0.00000000000 0.00000000000 0.00000000000 0.00000000000 0.00000000000 0.00000000000 0.00000000000 0.00000000000 0.00000000000 0.00000000000 0.00000000000 0.00000000000 0.00000000000 0.00000000000 0.00000000000 0.00000000000 0.00000000000 0.00000000000 0.00000000000 0.00000000000 0.00000000000 0.00000000000 0.00000000000 0.00000000000 0.00000000000 0.00000000000
# SelPars50:
2.22875287058
# SelPars95:
4.03723769059
# SelPars_dev50:
 0.00000000000 0.00000000000 0.00000000000 0.00000000000 0.00000000000 0.00000000000 0.00000000000 0.00000000000 0.00000000000 0.00000000000 0.00000000000 0.00000000000 0.00000000000 0.00000000000 0.00000000000 0.00000000000 0.00000000000 0.00000000000 0.00000000000 0.00000000000 0.00000000000 0.00000000000 0.00000000000 0.00000000000 0.00000000000 0.00000000000 0.00000000000 0.00000000000 0.00000000000 0.00000000000 0.00000000000 0.00000000000 0.00000000000 0.00000000000 0.00000000000 0.00000000000 0.00000000000 0.00000000000 0.00000000000 0.00000000000 0.00000000000 0.00000000000 0.00000000000 0.00000000000 0.00000000000 0.00000000000 0.00000000000 0.00000000000 0.00000000000 0.00000000000 0.00000000000 0.00000000000 0.00000000000 0.00000000000 0.00000000000
# SelPars_dev95:
 0.00000000000 0.00000000000 0.00000000000 0.00000000000 0.00000000000 0.00000000000 0.00000000000 0.00000000000 0.00000000000 0.00000000000 0.00000000000 0.00000000000 0.00000000000 0.00000000000 0.00000000000 0.00000000000 0.00000000000 0.00000000000 0.00000000000 0.00000000000 0.00000000000 0.00000000000 0.00000000000 0.00000000000 0.00000000000 0.00000000000 0.00000000000 0.00000000000 0.00000000000 0.00000000000 0.00000000000 0.00000000000 0.00000000000 0.00000000000 0.00000000000 0.00000000000 0.00000000000 0.00000000000 0.00000000000 0.00000000000 0.00000000000 0.00000000000 0.00000000000 0.00000000000 0.00000000000 0.00000000000 0.00000000000 0.00000000000 0.00000000000 0.00000000000 0.00000000000 0.00000000000 0.00000000000 0.00000000000 0.00000000000
