# Number of parameters = 151 Objective function value = 72100.8  Maximum gradient component = 0.00135737
# srv_sel50:
1.49870009610
# srv_sel95:
2.49590935989
# stNatLen:
 11.4611584305 11.3170650465 11.1111769191 10.9195604193 10.7342721303 10.5325321232 10.3076534546 10.0677282379 9.82524843299 9.59050836151 9.36995263588 9.16682373226 8.98226460639 8.81622889749 8.66804782668 8.53682436012 8.42166701573 8.32165979809 8.23598900427 8.16390063018 8.10476676347 8.05802677197 8.02329626717 8.00029881833 7.98882332849
# log_avg_fmort_dir:
-1.67413802905
# fmort_dir_dev:
 -1.82084803162 -1.79865882518 -1.26178702822 -0.996341125196 -0.640466908886 -0.380582569668 -0.365809607135 -0.212036651024 -0.0526295097011 0.0290231535463 0.281623128917 0.226321964530 0.429500719746 0.515696767994 0.526386003230 0.535667894903 0.461487309952 0.455583644307 0.417302818364 0.454979288550 0.467877092713 0.429759439413 0.334359960147 0.328304907647 0.280973430226 0.242569258783 0.257140840697 0.292963606345 0.170198190884 0.155813457654 0.142071696425 0.181332299949 0.150137946747 0.140426202789 0.0102459341763 0.0850671390508 0.152962789154 0.0802308796473 0.0470554141616 0.0420176142096 0.0227609177007 0.0858558677690 0.0267650920652 -0.0252270166665 0.0706847394497 0.0457013702024 0.0644729673843 0.0591196662048 0.0855537074982 -0.0116872177521 -0.168990636695 -0.114993019231 -0.161221898772 -0.192913569755 -0.127351090982 -0.100416031120 -0.0627391592463 -0.200385620615 -0.0576343433687 -0.0332752623019
# mean_log_rec:
11.1403383015
# rec_dev:
 0.390907105119 0.370987414096 0.374107255226 0.374119846436 0.367245859049 0.362668740978 0.355076694717 0.341698447477 0.310266685151 0.274852889131 0.261178558584 0.228459049441 0.189296063665 0.155045961088 0.103023147032 0.0563236251214 0.0122061043665 -0.0448813467571 -0.0841880780345 -0.108534050956 -0.148694385588 -0.182163026894 -0.192154216933 -0.198792693273 -0.215628202128 -0.221375900254 -0.233701786494 -0.228316712116 -0.214753386606 -0.183558727764 -0.183486258385 -0.188144245409 -0.172206024549 -0.160971479229 -0.148325799715 -0.138003255529 -0.131618695315 -0.123575774007 -0.0961761986088 -0.0786439103564 -0.0893042191357 -0.0917282116964 -0.0853338876675 -0.0832972763038 -0.0864119864295 -0.0948122146179 -0.0937859494140 -0.0870285217342 -0.0725535149744 -0.0498417262889 -0.0413438746519 -0.0381017772512 -0.0312924918861 -0.0158833906565 -0.00398444461822 -0.00229097341628 0.0111023645732 0.0337572945600 0.0362827275151 0.0362827823170
# log_avg_NatM:
-1.60943800000
# m_dev:
 0.00000000000 0.00000000000 0.00000000000 0.00000000000 0.00000000000 0.00000000000 0.00000000000 0.00000000000 0.00000000000 0.00000000000 0.00000000000 0.00000000000 0.00000000000 0.00000000000 0.00000000000 0.00000000000 0.00000000000 0.00000000000 0.00000000000 0.00000000000 0.00000000000 0.00000000000 0.00000000000 0.00000000000 0.00000000000 0.00000000000 0.00000000000 0.00000000000 0.00000000000 0.00000000000 0.00000000000 0.00000000000 0.00000000000 0.00000000000 0.00000000000 0.00000000000 0.00000000000 0.00000000000 0.00000000000 0.00000000000 0.00000000000 0.00000000000 0.00000000000 0.00000000000 0.00000000000 0.00000000000 0.00000000000 0.00000000000 0.00000000000 0.00000000000 0.00000000000 0.00000000000 0.00000000000 0.00000000000 0.00000000000 0.00000000000 0.00000000000 0.00000000000 0.00000000000 0.00000000000
# log_avg_GrowthK:
-1.60943800000
# log_avg_Linf:
4.88280200000
# GrowthK_dev:
 0.00000000000 0.00000000000 0.00000000000 0.00000000000 0.00000000000 0.00000000000 0.00000000000 0.00000000000 0.00000000000 0.00000000000 0.00000000000 0.00000000000 0.00000000000 0.00000000000 0.00000000000 0.00000000000 0.00000000000 0.00000000000 0.00000000000 0.00000000000 0.00000000000 0.00000000000 0.00000000000 0.00000000000 0.00000000000 0.00000000000 0.00000000000 0.00000000000 0.00000000000 0.00000000000 0.00000000000 0.00000000000 0.00000000000 0.00000000000 0.00000000000 0.00000000000 0.00000000000 0.00000000000 0.00000000000 0.00000000000 0.00000000000 0.00000000000 0.00000000000 0.00000000000 0.00000000000 0.00000000000 0.00000000000 0.00000000000 0.00000000000 0.00000000000 0.00000000000 0.00000000000 0.00000000000 0.00000000000 0.00000000000 0.00000000000 0.00000000000 0.00000000000 0.00000000000 0.00000000000
# Linf_dev:
 0.00000000000 0.00000000000 0.00000000000 0.00000000000 0.00000000000 0.00000000000 0.00000000000 0.00000000000 0.00000000000 0.00000000000 0.00000000000 0.00000000000 0.00000000000 0.00000000000 0.00000000000 0.00000000000 0.00000000000 0.00000000000 0.00000000000 0.00000000000 0.00000000000 0.00000000000 0.00000000000 0.00000000000 0.00000000000 0.00000000000 0.00000000000 0.00000000000 0.00000000000 0.00000000000 0.00000000000 0.00000000000 0.00000000000 0.00000000000 0.00000000000 0.00000000000 0.00000000000 0.00000000000 0.00000000000 0.00000000000 0.00000000000 0.00000000000 0.00000000000 0.00000000000 0.00000000000 0.00000000000 0.00000000000 0.00000000000 0.00000000000 0.00000000000 0.00000000000 0.00000000000 0.00000000000 0.00000000000 0.00000000000 0.00000000000 0.00000000000 0.00000000000 0.00000000000 0.00000000000
# SelPars50:
2.04806130821
# SelPars95:
3.65352997462
# SelPars_dev50:
 0.00000000000 0.00000000000 0.00000000000 0.00000000000 0.00000000000 0.00000000000 0.00000000000 0.00000000000 0.00000000000 0.00000000000 0.00000000000 0.00000000000 0.00000000000 0.00000000000 0.00000000000 0.00000000000 0.00000000000 0.00000000000 0.00000000000 0.00000000000 0.00000000000 0.00000000000 0.00000000000 0.00000000000 0.00000000000 0.00000000000 0.00000000000 0.00000000000 0.00000000000 0.00000000000 0.00000000000 0.00000000000 0.00000000000 0.00000000000 0.00000000000 0.00000000000 0.00000000000 0.00000000000 0.00000000000 0.00000000000 0.00000000000 0.00000000000 0.00000000000 0.00000000000 0.00000000000 0.00000000000 0.00000000000 0.00000000000 0.00000000000 0.00000000000 0.00000000000 0.00000000000 0.00000000000 0.00000000000 0.00000000000 0.00000000000 0.00000000000 0.00000000000 0.00000000000 0.00000000000
# SelPars_dev95:
 0.00000000000 0.00000000000 0.00000000000 0.00000000000 0.00000000000 0.00000000000 0.00000000000 0.00000000000 0.00000000000 0.00000000000 0.00000000000 0.00000000000 0.00000000000 0.00000000000 0.00000000000 0.00000000000 0.00000000000 0.00000000000 0.00000000000 0.00000000000 0.00000000000 0.00000000000 0.00000000000 0.00000000000 0.00000000000 0.00000000000 0.00000000000 0.00000000000 0.00000000000 0.00000000000 0.00000000000 0.00000000000 0.00000000000 0.00000000000 0.00000000000 0.00000000000 0.00000000000 0.00000000000 0.00000000000 0.00000000000 0.00000000000 0.00000000000 0.00000000000 0.00000000000 0.00000000000 0.00000000000 0.00000000000 0.00000000000 0.00000000000 0.00000000000 0.00000000000 0.00000000000 0.00000000000 0.00000000000 0.00000000000 0.00000000000 0.00000000000 0.00000000000 0.00000000000 0.00000000000
