# Number of parameters = 133 Objective function value = 61120.1  Maximum gradient component = 0.00138537
# srv_sel50:
1.50685025880
# srv_sel95:
2.51933181596
# stNatLen:
 11.4619318959 11.3158424528 11.1076309907 10.9153274582 10.7301821228 10.5286500536 10.3039064079 10.0641601422 9.82199200833 9.58770319938 9.36770060008 9.16517903459 8.98124044747 8.81580876250 8.66819654857 8.53749534073 8.42280732292 8.32321273059 8.23789913385 8.16611133981 8.10722411121 8.06067850696 8.02609131745 8.00318991048 7.99176193287
# log_avg_fmort_dir:
-1.65670613322
# fmort_dir_dev:
 -1.83523579198 -1.81353408083 -1.27648103654 -1.01090752156 -0.654925408590 -0.394929094446 -0.380092693861 -0.226263586067 -0.0667741511821 0.0149369738826 0.267728055222 0.212526673648 0.415884542298 0.502300857601 0.513174157430 0.522605388739 0.448478657977 0.442574299051 0.404258066670 0.441960655265 0.454905062596 0.416792355940 0.321353439027 0.315274836563 0.267880802674 0.229400586812 0.243937925132 0.279761352899 0.156922997479 0.142466626503 0.128654705941 0.167835250819 0.136549125916 0.126708876870 -0.00373085183841 0.0708291834950 0.138395205907 0.0651513917234 0.0312736709342 0.0252889540544 0.00474672703157 0.0660708549353 0.00448129990779 -0.0507889692122 0.0406813860491 0.00984531514537 0.0208451254944 0.00527082870027 0.0186681042349 -0.0941006613720 -0.268656473093
# mean_log_rec:
11.1515526055
# rec_dev:
 0.379385235132 0.359314793834 0.362391238730 0.362430955341 0.355538370766 0.350969905029 0.343356646993 0.329937818017 0.298154032481 0.263087050747 0.249304121255 0.216301434621 0.177270634729 0.142860813908 0.0906885787152 0.0441640021844 -0.000222153314321 -0.0574685948453 -0.0963803786099 -0.120915313674 -0.161205185579 -0.194679967449 -0.204342244200 -0.211412466041 -0.228020343100 -0.233950324299 -0.246067467800 -0.240803985538 -0.226938654465 -0.195702841900 -0.195805496991 -0.199931071006 -0.183644341499 -0.172063239770 -0.158750152169 -0.147496651992 -0.140107192468 -0.130277288113 -0.100420405171 -0.0799603313135 -0.0866759620700 -0.0839416163538 -0.0711436171939 -0.0607003165529 -0.0536258534154 -0.0501904657250 -0.0354790286144 -0.0119580420342 0.0131107241698 0.0210073191438 0.0210073174729
# log_avg_NatM:
-1.60943800000
# m_dev:
 0.00000000000 0.00000000000 0.00000000000 0.00000000000 0.00000000000 0.00000000000 0.00000000000 0.00000000000 0.00000000000 0.00000000000 0.00000000000 0.00000000000 0.00000000000 0.00000000000 0.00000000000 0.00000000000 0.00000000000 0.00000000000 0.00000000000 0.00000000000 0.00000000000 0.00000000000 0.00000000000 0.00000000000 0.00000000000 0.00000000000 0.00000000000 0.00000000000 0.00000000000 0.00000000000 0.00000000000 0.00000000000 0.00000000000 0.00000000000 0.00000000000 0.00000000000 0.00000000000 0.00000000000 0.00000000000 0.00000000000 0.00000000000 0.00000000000 0.00000000000 0.00000000000 0.00000000000 0.00000000000 0.00000000000 0.00000000000 0.00000000000 0.00000000000 0.00000000000
# log_avg_GrowthK:
-1.60943800000
# log_avg_Linf:
4.88280200000
# GrowthK_dev:
 0.00000000000 0.00000000000 0.00000000000 0.00000000000 0.00000000000 0.00000000000 0.00000000000 0.00000000000 0.00000000000 0.00000000000 0.00000000000 0.00000000000 0.00000000000 0.00000000000 0.00000000000 0.00000000000 0.00000000000 0.00000000000 0.00000000000 0.00000000000 0.00000000000 0.00000000000 0.00000000000 0.00000000000 0.00000000000 0.00000000000 0.00000000000 0.00000000000 0.00000000000 0.00000000000 0.00000000000 0.00000000000 0.00000000000 0.00000000000 0.00000000000 0.00000000000 0.00000000000 0.00000000000 0.00000000000 0.00000000000 0.00000000000 0.00000000000 0.00000000000 0.00000000000 0.00000000000 0.00000000000 0.00000000000 0.00000000000 0.00000000000 0.00000000000 0.00000000000
# Linf_dev:
 0.00000000000 0.00000000000 0.00000000000 0.00000000000 0.00000000000 0.00000000000 0.00000000000 0.00000000000 0.00000000000 0.00000000000 0.00000000000 0.00000000000 0.00000000000 0.00000000000 0.00000000000 0.00000000000 0.00000000000 0.00000000000 0.00000000000 0.00000000000 0.00000000000 0.00000000000 0.00000000000 0.00000000000 0.00000000000 0.00000000000 0.00000000000 0.00000000000 0.00000000000 0.00000000000 0.00000000000 0.00000000000 0.00000000000 0.00000000000 0.00000000000 0.00000000000 0.00000000000 0.00000000000 0.00000000000 0.00000000000 0.00000000000 0.00000000000 0.00000000000 0.00000000000 0.00000000000 0.00000000000 0.00000000000 0.00000000000 0.00000000000 0.00000000000 0.00000000000
# SelPars50:
2.06315919787
# SelPars95:
3.68839059006
# SelPars_dev50:
 0.00000000000 0.00000000000 0.00000000000 0.00000000000 0.00000000000 0.00000000000 0.00000000000 0.00000000000 0.00000000000 0.00000000000 0.00000000000 0.00000000000 0.00000000000 0.00000000000 0.00000000000 0.00000000000 0.00000000000 0.00000000000 0.00000000000 0.00000000000 0.00000000000 0.00000000000 0.00000000000 0.00000000000 0.00000000000 0.00000000000 0.00000000000 0.00000000000 0.00000000000 0.00000000000 0.00000000000 0.00000000000 0.00000000000 0.00000000000 0.00000000000 0.00000000000 0.00000000000 0.00000000000 0.00000000000 0.00000000000 0.00000000000 0.00000000000 0.00000000000 0.00000000000 0.00000000000 0.00000000000 0.00000000000 0.00000000000 0.00000000000 0.00000000000 0.00000000000
# SelPars_dev95:
 0.00000000000 0.00000000000 0.00000000000 0.00000000000 0.00000000000 0.00000000000 0.00000000000 0.00000000000 0.00000000000 0.00000000000 0.00000000000 0.00000000000 0.00000000000 0.00000000000 0.00000000000 0.00000000000 0.00000000000 0.00000000000 0.00000000000 0.00000000000 0.00000000000 0.00000000000 0.00000000000 0.00000000000 0.00000000000 0.00000000000 0.00000000000 0.00000000000 0.00000000000 0.00000000000 0.00000000000 0.00000000000 0.00000000000 0.00000000000 0.00000000000 0.00000000000 0.00000000000 0.00000000000 0.00000000000 0.00000000000 0.00000000000 0.00000000000 0.00000000000 0.00000000000 0.00000000000 0.00000000000 0.00000000000 0.00000000000 0.00000000000 0.00000000000 0.00000000000
