# Number of parameters = 212 Objective function value = 71716.0  Maximum gradient component = 0.000785123
# srv_sel50:
1.46533329086
# srv_sel95:
2.41174396975
# stNatLen:
 11.5338337240 11.3714536542 11.1392901895 10.9090712867 10.6837423270 10.4501555941 10.2045860153 9.95345455734 9.70617458087 9.47038259448 9.25072844200 9.04939660625 8.86694322269 8.70301496233 8.55681962896 8.42739189787 8.31377176210 8.21502126312 8.13032691643 8.05900781781 8.00046097913 7.95423072654 7.91990257356 7.89712317712 7.88577788813
# log_avg_fmort_dir:
-1.49834329346
# fmort_dir_dev:
 -0.630587633167 -0.601856322577 -0.490937378248 -0.337861597577 -0.0407479394509 0.0924703653313 0.212294692178 0.201606586386 0.259145628153 0.375893609664 0.440944663621 0.268183048275 0.309402955982 0.298013755225 0.384368447122 0.307717795110 0.130780275337 0.277028985647 0.249750392760 0.292841564144 0.225391716010 0.283481877031 0.143743933899 0.171304671962 0.133136080733 0.0235072822356 0.0279780861139 0.0941994037783 0.0719393540912 -0.0921185191295 -0.118024368018 -0.0928054688806 -0.0700762368459 0.0253480777771 0.00341503525132 -0.0576444242698 0.0189629227653 -0.0729240435495 -0.119642258616 -0.222296413364 -0.181775547295 -0.179043485500 -0.0987359453546 -0.0732113106762 -0.0854887801361 -0.0506107916783 0.0346771112138 -0.639773742448 -0.269425163783 0.0548232102730 0.0147730771395 0.0386569748049 0.000754625662707 -0.271337777939 0.00826032043671 -0.240557033415 0.0633379210232 -0.146601203300 -0.249165117893 -0.104885944026
# mean_log_rec:
11.0673600417
# rec_dev:
 0.465072335729 0.382301302160 0.249583573510 0.136024736886 0.0978367529112 0.0851277432770 0.0919349780245 0.105904360476 0.0833203361525 0.0632920378167 0.0452585667948 0.000613598621921 -0.0538407193631 -0.106584954227 -0.108300346396 -0.100421792475 -0.137597985266 -0.205909074485 -0.269348794213 -0.289012452368 -0.302041999925 -0.297756921283 -0.277803000064 -0.249711931997 -0.216536241102 -0.203433734121 -0.186259569147 -0.172548903017 -0.145363936304 -0.0992497705139 0.0358034640574 0.0930540340846 -0.0104947305599 -0.0848094919908 -0.0879742253369 -0.0594914030507 -0.00436525052746 0.0499976107257 0.131053901822 0.186296713803 0.174903939959 0.112205993733 0.0703180465996 0.0791204666906 0.0780453673173 0.0602815862674 0.0810777970957 0.134709133147 0.182681468573 0.194630008319 0.153714216079 0.0917079286436 0.0375556016713 -0.00253536060615 -0.0235930883929 -0.0518155418820 -0.0457687864189 -0.00771215241530 0.0234272960799 0.0234272604196
# log_avg_NatM:
-1.57925254002
# m_dev:
 0.0724314447525 0.166468361434 0.483635984626 0.204141602736 -0.216120394496 -0.388035819793 -0.537869528959 -0.472952642849 -0.370549680993 -0.439427131744 -0.200347455057 -0.0623573304253 0.00424505751421 -0.175483144730 -0.442090173472 -0.217569713632 -0.0467097852873 0.108487372103 -0.0162777016337 -0.144363240726 -0.157789258763 -0.198830751350 -0.323045433697 -0.305465282826 -0.221921779815 -0.163688359545 -0.223077474484 -0.159591813870 -0.203897624637 -0.194406802482 -0.0688611848631 0.262333219952 0.566253358143 0.336136625664 0.161750905787 -0.0164208906152 -0.0140679085212 0.0125216618652 -0.145829270905 0.00552776679030 0.298038590133 0.456597689791 0.350985289951 0.0856788908526 0.224023088874 0.287654297326 0.0429745564109 -0.0119988820389 0.114868186848 0.137662049738 0.391519722753 0.391506070115 0.260266849051 0.326220583362 0.221067905522 0.281775220244 0.119227473181 -0.0122202728660 -0.104659019951 -0.118074070492
# log_avg_GrowthK:
-1.60943800000
# log_avg_Linf:
4.88280200000
# GrowthK_dev:
 0.00000000000 0.00000000000 0.00000000000 0.00000000000 0.00000000000 0.00000000000 0.00000000000 0.00000000000 0.00000000000 0.00000000000 0.00000000000 0.00000000000 0.00000000000 0.00000000000 0.00000000000 0.00000000000 0.00000000000 0.00000000000 0.00000000000 0.00000000000 0.00000000000 0.00000000000 0.00000000000 0.00000000000 0.00000000000 0.00000000000 0.00000000000 0.00000000000 0.00000000000 0.00000000000 0.00000000000 0.00000000000 0.00000000000 0.00000000000 0.00000000000 0.00000000000 0.00000000000 0.00000000000 0.00000000000 0.00000000000 0.00000000000 0.00000000000 0.00000000000 0.00000000000 0.00000000000 0.00000000000 0.00000000000 0.00000000000 0.00000000000 0.00000000000 0.00000000000 0.00000000000 0.00000000000 0.00000000000 0.00000000000 0.00000000000 0.00000000000 0.00000000000 0.00000000000 0.00000000000
# Linf_dev:
 0.00000000000 0.00000000000 0.00000000000 0.00000000000 0.00000000000 0.00000000000 0.00000000000 0.00000000000 0.00000000000 0.00000000000 0.00000000000 0.00000000000 0.00000000000 0.00000000000 0.00000000000 0.00000000000 0.00000000000 0.00000000000 0.00000000000 0.00000000000 0.00000000000 0.00000000000 0.00000000000 0.00000000000 0.00000000000 0.00000000000 0.00000000000 0.00000000000 0.00000000000 0.00000000000 0.00000000000 0.00000000000 0.00000000000 0.00000000000 0.00000000000 0.00000000000 0.00000000000 0.00000000000 0.00000000000 0.00000000000 0.00000000000 0.00000000000 0.00000000000 0.00000000000 0.00000000000 0.00000000000 0.00000000000 0.00000000000 0.00000000000 0.00000000000 0.00000000000 0.00000000000 0.00000000000 0.00000000000 0.00000000000 0.00000000000 0.00000000000 0.00000000000 0.00000000000 0.00000000000
# SelPars50:
2.02534953534
# SelPars95:
3.61559992787
# SelPars_dev50:
 0.00000000000 0.00000000000 0.00000000000 0.00000000000 0.00000000000 0.00000000000 0.00000000000 0.00000000000 0.00000000000 0.00000000000 0.00000000000 0.00000000000 0.00000000000 0.00000000000 0.00000000000 0.00000000000 0.00000000000 0.00000000000 0.00000000000 0.00000000000 0.00000000000 0.00000000000 0.00000000000 0.00000000000 0.00000000000 0.00000000000 0.00000000000 0.00000000000 0.00000000000 0.00000000000 0.00000000000 0.00000000000 0.00000000000 0.00000000000 0.00000000000 0.00000000000 0.00000000000 0.00000000000 0.00000000000 0.00000000000 0.00000000000 0.00000000000 0.00000000000 0.00000000000 0.00000000000 0.00000000000 0.00000000000 0.00000000000 0.00000000000 0.00000000000 0.00000000000 0.00000000000 0.00000000000 0.00000000000 0.00000000000 0.00000000000 0.00000000000 0.00000000000 0.00000000000 0.00000000000
# SelPars_dev95:
 0.00000000000 0.00000000000 0.00000000000 0.00000000000 0.00000000000 0.00000000000 0.00000000000 0.00000000000 0.00000000000 0.00000000000 0.00000000000 0.00000000000 0.00000000000 0.00000000000 0.00000000000 0.00000000000 0.00000000000 0.00000000000 0.00000000000 0.00000000000 0.00000000000 0.00000000000 0.00000000000 0.00000000000 0.00000000000 0.00000000000 0.00000000000 0.00000000000 0.00000000000 0.00000000000 0.00000000000 0.00000000000 0.00000000000 0.00000000000 0.00000000000 0.00000000000 0.00000000000 0.00000000000 0.00000000000 0.00000000000 0.00000000000 0.00000000000 0.00000000000 0.00000000000 0.00000000000 0.00000000000 0.00000000000 0.00000000000 0.00000000000 0.00000000000 0.00000000000 0.00000000000 0.00000000000 0.00000000000 0.00000000000 0.00000000000 0.00000000000 0.00000000000 0.00000000000 0.00000000000
