# Number of parameters = 131 Objective function value = 59882.3758361713  Maximum gradient component = 8.75963591455246e-05
# srv_sel50:
1.49666936532
# srv_sel95:
2.48395947802
# stNatLen:
 11.4357776900 11.2914972381 11.0857202519 10.8934818860 10.7076668884 10.5058243546 10.2811870381 10.0416418617 9.79951702830 9.56502677380 9.34459021857 9.14146061073 8.95682324734 8.79064890078 8.64228677537 8.51081483406 8.39525976369 8.29468335614 8.20830901024 8.13545166694 8.07558102224 8.02824637586 7.99306547093 7.96981861696 7.95823553923
# log_avg_fmort_dir:
-1.66711454215
# fmort_dir_dev:
 -1.81556686053 -1.80330366641 -1.29981298186 -1.00213667376 -0.709820119577 -0.447198041132 -0.287759932842 -0.185309862460 -0.0239103288126 0.00335274846984 0.164479996418 0.191521265081 0.264699988440 0.367850795950 0.396841999918 0.478287279823 0.574824629668 0.484348551496 0.445491229666 0.402692179474 0.439322597960 0.406909857163 0.275973987061 0.333134582850 0.319668786155 0.367311435521 0.322064554378 0.250863697100 0.365252629377 0.242848736568 0.0948548852028 0.177660071032 0.151107508484 0.114892924834 0.0102104676419 0.0611100587823 0.0524216136779 -0.0481939717776 0.118072493043 0.0485362004617 0.00223929912282 0.0403120190016 0.0759844647127 -0.0302178754579 -0.0590309636994 -0.0816068448648 -0.0373361285914 0.0510867370646 -0.0821184525382 -0.182907567283
# mean_log_rec:
11.1537899501
# rec_dev:
 0.354528625682 0.331131371426 0.335566177357 0.329607226071 0.308772344953 0.288887077798 0.265318910858 0.248332547689 0.235127508664 0.218623818715 0.206744137828 0.193815384313 0.159265989805 0.119703682591 0.0727028622481 0.0193717734187 -0.0238030496585 -0.0629810773870 -0.0983260529250 -0.125956344078 -0.145288820679 -0.139633181817 -0.143330496457 -0.149651705967 -0.158704047929 -0.172626644507 -0.173112958160 -0.196866412648 -0.211445457714 -0.208787070914 -0.202118810290 -0.196747995784 -0.192383546229 -0.182111604767 -0.161564214103 -0.140845450667 -0.132504632354 -0.116837395815 -0.104768879832 -0.0876636744871 -0.0831489387396 -0.0842911172859 -0.0747188737432 -0.0467703067307 -0.0198199231077 0.00185899239450 0.0147493207185 0.0381119753620 0.0472944760801 0.0472944807990
# log_avg_NatM:
-1.60943800000
# m_dev:
 0.00000000000 0.00000000000 0.00000000000 0.00000000000 0.00000000000 0.00000000000 0.00000000000 0.00000000000 0.00000000000 0.00000000000 0.00000000000 0.00000000000 0.00000000000 0.00000000000 0.00000000000 0.00000000000 0.00000000000 0.00000000000 0.00000000000 0.00000000000 0.00000000000 0.00000000000 0.00000000000 0.00000000000 0.00000000000 0.00000000000 0.00000000000 0.00000000000 0.00000000000 0.00000000000 0.00000000000 0.00000000000 0.00000000000 0.00000000000 0.00000000000 0.00000000000 0.00000000000 0.00000000000 0.00000000000 0.00000000000 0.00000000000 0.00000000000 0.00000000000 0.00000000000 0.00000000000 0.00000000000 0.00000000000 0.00000000000 0.00000000000 0.00000000000
# log_avg_GrowthK:
-1.60943800000
# log_avg_Linf:
4.88280200000
# GrowthK_dev:
 0.00000000000 0.00000000000 0.00000000000 0.00000000000 0.00000000000 0.00000000000 0.00000000000 0.00000000000 0.00000000000 0.00000000000 0.00000000000 0.00000000000 0.00000000000 0.00000000000 0.00000000000 0.00000000000 0.00000000000 0.00000000000 0.00000000000 0.00000000000 0.00000000000 0.00000000000 0.00000000000 0.00000000000 0.00000000000 0.00000000000 0.00000000000 0.00000000000 0.00000000000 0.00000000000 0.00000000000 0.00000000000 0.00000000000 0.00000000000 0.00000000000 0.00000000000 0.00000000000 0.00000000000 0.00000000000 0.00000000000 0.00000000000 0.00000000000 0.00000000000 0.00000000000 0.00000000000 0.00000000000 0.00000000000 0.00000000000 0.00000000000 0.00000000000
# Linf_dev:
 0.00000000000 0.00000000000 0.00000000000 0.00000000000 0.00000000000 0.00000000000 0.00000000000 0.00000000000 0.00000000000 0.00000000000 0.00000000000 0.00000000000 0.00000000000 0.00000000000 0.00000000000 0.00000000000 0.00000000000 0.00000000000 0.00000000000 0.00000000000 0.00000000000 0.00000000000 0.00000000000 0.00000000000 0.00000000000 0.00000000000 0.00000000000 0.00000000000 0.00000000000 0.00000000000 0.00000000000 0.00000000000 0.00000000000 0.00000000000 0.00000000000 0.00000000000 0.00000000000 0.00000000000 0.00000000000 0.00000000000 0.00000000000 0.00000000000 0.00000000000 0.00000000000 0.00000000000 0.00000000000 0.00000000000 0.00000000000 0.00000000000 0.00000000000
# SelPars50:
2.06406923134
# SelPars95:
3.69586385220
# SelPars_dev50:
 0.00000000000 0.00000000000 0.00000000000 0.00000000000 0.00000000000 0.00000000000 0.00000000000 0.00000000000 0.00000000000 0.00000000000 0.00000000000 0.00000000000 0.00000000000 0.00000000000 0.00000000000 0.00000000000 0.00000000000 0.00000000000 0.00000000000 0.00000000000 0.00000000000 0.00000000000 0.00000000000 0.00000000000 0.00000000000 0.00000000000 0.00000000000 0.00000000000 0.00000000000 0.00000000000 0.00000000000 0.00000000000 0.00000000000 0.00000000000 0.00000000000 0.00000000000 0.00000000000 0.00000000000 0.00000000000 0.00000000000 0.00000000000 0.00000000000 0.00000000000 0.00000000000 0.00000000000 0.00000000000 0.00000000000 0.00000000000 0.00000000000 0.00000000000
# SelPars_dev95:
 0.00000000000 0.00000000000 0.00000000000 0.00000000000 0.00000000000 0.00000000000 0.00000000000 0.00000000000 0.00000000000 0.00000000000 0.00000000000 0.00000000000 0.00000000000 0.00000000000 0.00000000000 0.00000000000 0.00000000000 0.00000000000 0.00000000000 0.00000000000 0.00000000000 0.00000000000 0.00000000000 0.00000000000 0.00000000000 0.00000000000 0.00000000000 0.00000000000 0.00000000000 0.00000000000 0.00000000000 0.00000000000 0.00000000000 0.00000000000 0.00000000000 0.00000000000 0.00000000000 0.00000000000 0.00000000000 0.00000000000 0.00000000000 0.00000000000 0.00000000000 0.00000000000 0.00000000000 0.00000000000 0.00000000000 0.00000000000 0.00000000000 0.00000000000
