# Number of parameters = 151 Objective function value = 72028.7  Maximum gradient component = 0.000598060
# srv_sel50:
1.48313502324
# srv_sel95:
2.45328448080
# stNatLen:
 11.4773207348 11.3184235619 11.0902623147 10.8616484886 10.6371612288 10.4045462731 10.1594421487 9.90751733541 9.65801740422 9.41885685741 9.19511508052 8.98935821503 8.80243093802 8.63417890595 8.48393719392 8.35081155512 8.23384435360 8.13211785768 8.04476743026 7.97107021504 7.91047429325 7.86251209749 7.82686175911 7.80331940653 7.79166374090
# log_avg_fmort_dir:
-1.59760777140
# fmort_dir_dev:
 -0.408135146671 -0.567009621525 -0.370611594665 -0.190179319443 -0.0781380095704 -0.102256852541 0.116167837245 0.125242411019 0.219999143140 0.295866862844 0.393617827970 0.430723458766 0.408256564074 0.337256107182 0.394648207332 0.328946392498 0.313625128112 0.210358595914 0.328564247830 0.265828897347 0.179373347358 0.162235683492 0.0952030691940 0.155624100178 0.144898441332 0.0825240751278 0.0605947299892 0.0185634440300 0.0605025803510 0.0885689827120 0.0194462940733 -0.0271868380659 -0.0271228190459 -0.00165928317425 -0.0782246988817 -0.0156603018809 0.0230348515117 0.0457066391184 0.00957421996597 0.0288850225905 0.00209381177537 -0.0576251837313 -0.118323770308 -0.0231352423429 -0.0486561884700 -0.0655041662713 -0.373532606464 -0.437193153990 -0.321518918727 -0.288184239504 -0.231422309946 -0.159937445204 -0.300441578218 -0.141759207234 -0.0515212089569 -0.124342883781 -0.215833695072 -0.147599179269 -0.257664236676 -0.115551274443
# mean_log_rec:
11.0882999224
# rec_dev:
 0.431958529493 0.395215520858 0.374368297142 0.350710681854 0.330657948682 0.306293604993 0.295812936766 0.280144942189 0.251534521133 0.211825516427 0.159266287038 0.111594933251 0.0835040543256 0.0537443570248 0.0126942482205 -0.00987725719654 -0.0427593693453 -0.107707849278 -0.153893870462 -0.166250942731 -0.168575440727 -0.162794736702 -0.179337028617 -0.187084081012 -0.176048905542 -0.173691008390 -0.176146586856 -0.179592695365 -0.172800276444 -0.143207257073 -0.109851063344 -0.0772961424198 -0.0507742576937 -0.0354428738654 -0.0272499197080 -0.0410691386476 -0.0547842966834 -0.0727743151403 -0.0987922129119 -0.0971807108659 -0.0977135731581 -0.0944720939504 -0.0831878690174 -0.0623561901981 -0.0468115326417 -0.0387340731895 -0.0319426741086 -0.0235284361774 -0.0171392277034 -0.00777571443025 -0.00610893447744 -0.0131008125752 -0.0167068911510 -0.0244399257366 -0.0310706739865 -0.0388279588428 -0.0429489702908 -0.0359454832374 -0.0357665355714 -0.0357665719333
# log_avg_NatM:
-1.60943800000
# m_dev:
 0.00000000000 0.00000000000 0.00000000000 0.00000000000 0.00000000000 0.00000000000 0.00000000000 0.00000000000 0.00000000000 0.00000000000 0.00000000000 0.00000000000 0.00000000000 0.00000000000 0.00000000000 0.00000000000 0.00000000000 0.00000000000 0.00000000000 0.00000000000 0.00000000000 0.00000000000 0.00000000000 0.00000000000 0.00000000000 0.00000000000 0.00000000000 0.00000000000 0.00000000000 0.00000000000 0.00000000000 0.00000000000 0.00000000000 0.00000000000 0.00000000000 0.00000000000 0.00000000000 0.00000000000 0.00000000000 0.00000000000 0.00000000000 0.00000000000 0.00000000000 0.00000000000 0.00000000000 0.00000000000 0.00000000000 0.00000000000 0.00000000000 0.00000000000 0.00000000000 0.00000000000 0.00000000000 0.00000000000 0.00000000000 0.00000000000 0.00000000000 0.00000000000 0.00000000000 0.00000000000
# log_avg_GrowthK:
-1.60943800000
# log_avg_Linf:
4.88280200000
# GrowthK_dev:
 0.00000000000 0.00000000000 0.00000000000 0.00000000000 0.00000000000 0.00000000000 0.00000000000 0.00000000000 0.00000000000 0.00000000000 0.00000000000 0.00000000000 0.00000000000 0.00000000000 0.00000000000 0.00000000000 0.00000000000 0.00000000000 0.00000000000 0.00000000000 0.00000000000 0.00000000000 0.00000000000 0.00000000000 0.00000000000 0.00000000000 0.00000000000 0.00000000000 0.00000000000 0.00000000000 0.00000000000 0.00000000000 0.00000000000 0.00000000000 0.00000000000 0.00000000000 0.00000000000 0.00000000000 0.00000000000 0.00000000000 0.00000000000 0.00000000000 0.00000000000 0.00000000000 0.00000000000 0.00000000000 0.00000000000 0.00000000000 0.00000000000 0.00000000000 0.00000000000 0.00000000000 0.00000000000 0.00000000000 0.00000000000 0.00000000000 0.00000000000 0.00000000000 0.00000000000 0.00000000000
# Linf_dev:
 0.00000000000 0.00000000000 0.00000000000 0.00000000000 0.00000000000 0.00000000000 0.00000000000 0.00000000000 0.00000000000 0.00000000000 0.00000000000 0.00000000000 0.00000000000 0.00000000000 0.00000000000 0.00000000000 0.00000000000 0.00000000000 0.00000000000 0.00000000000 0.00000000000 0.00000000000 0.00000000000 0.00000000000 0.00000000000 0.00000000000 0.00000000000 0.00000000000 0.00000000000 0.00000000000 0.00000000000 0.00000000000 0.00000000000 0.00000000000 0.00000000000 0.00000000000 0.00000000000 0.00000000000 0.00000000000 0.00000000000 0.00000000000 0.00000000000 0.00000000000 0.00000000000 0.00000000000 0.00000000000 0.00000000000 0.00000000000 0.00000000000 0.00000000000 0.00000000000 0.00000000000 0.00000000000 0.00000000000 0.00000000000 0.00000000000 0.00000000000 0.00000000000 0.00000000000 0.00000000000
# SelPars50:
2.00697538185
# SelPars95:
3.54694829472
# SelPars_dev50:
 0.00000000000 0.00000000000 0.00000000000 0.00000000000 0.00000000000 0.00000000000 0.00000000000 0.00000000000 0.00000000000 0.00000000000 0.00000000000 0.00000000000 0.00000000000 0.00000000000 0.00000000000 0.00000000000 0.00000000000 0.00000000000 0.00000000000 0.00000000000 0.00000000000 0.00000000000 0.00000000000 0.00000000000 0.00000000000 0.00000000000 0.00000000000 0.00000000000 0.00000000000 0.00000000000 0.00000000000 0.00000000000 0.00000000000 0.00000000000 0.00000000000 0.00000000000 0.00000000000 0.00000000000 0.00000000000 0.00000000000 0.00000000000 0.00000000000 0.00000000000 0.00000000000 0.00000000000 0.00000000000 0.00000000000 0.00000000000 0.00000000000 0.00000000000 0.00000000000 0.00000000000 0.00000000000 0.00000000000 0.00000000000 0.00000000000 0.00000000000 0.00000000000 0.00000000000 0.00000000000
# SelPars_dev95:
 0.00000000000 0.00000000000 0.00000000000 0.00000000000 0.00000000000 0.00000000000 0.00000000000 0.00000000000 0.00000000000 0.00000000000 0.00000000000 0.00000000000 0.00000000000 0.00000000000 0.00000000000 0.00000000000 0.00000000000 0.00000000000 0.00000000000 0.00000000000 0.00000000000 0.00000000000 0.00000000000 0.00000000000 0.00000000000 0.00000000000 0.00000000000 0.00000000000 0.00000000000 0.00000000000 0.00000000000 0.00000000000 0.00000000000 0.00000000000 0.00000000000 0.00000000000 0.00000000000 0.00000000000 0.00000000000 0.00000000000 0.00000000000 0.00000000000 0.00000000000 0.00000000000 0.00000000000 0.00000000000 0.00000000000 0.00000000000 0.00000000000 0.00000000000 0.00000000000 0.00000000000 0.00000000000 0.00000000000 0.00000000000 0.00000000000 0.00000000000 0.00000000000 0.00000000000 0.00000000000
