#Simulated generalized assessment 
# 
#start/end year 
1 64 
#number of ages 
25 
#ages 
1 2 3 4 5 6 7 8 9 10 11 12 13 14 15 16 17 18 19 20 21 22 23 24 25 
#Number of length bins 
25 
#CPUE years 
64 
#years for CPUE 
1 2 3 4 5 6 7 8 9 10 11 12 13 14 15 16 17 18 19 20 21 22 23 24 25 26 27 28 29 30 31 32 33 34 35 36 37 38 39 40 41 42 43 44 45 46 47 48 49 50 51 52 53 54 55 56 57 58 59 60 61 62 63 64 
#survey years 
64 
#years for survey 
1 2 3 4 5 6 7 8 9 10 11 12 13 14 15 16 17 18 19 20 21 22 23 24 25 26 27 28 29 30 31 32 33 34 35 36 37 38 39 40 41 42 43 44 45 46 47 48 49 50 51 52 53 54 55 56 57 58 59 60 61 62 63 64 
#length freq from catch years 
64 
#years for length freq catch 
1 2 3 4 5 6 7 8 9 10 11 12 13 14 15 16 17 18 19 20 21 22 23 24 25 26 27 28 29 30 31 32 33 34 35 36 37 38 39 40 41 42 43 44 45 46 47 48 49 50 51 52 53 54 55 56 57 58 59 60 61 62 63 64 
#catch length sample sizes 
200 200 200 200 200 200 200 200 200 200 200 200 200 200 200 200 200 200 200 200 200 200 200 200 200 200 200 200 200 200 200 200 200 200 200 200 200 200 200 200 200 200 200 200 200 200 200 200 200 200 200 200 200 200 200 200 200 200 200 200 200 200 200 200 
#length freq from survey years 
64 
#years for length freq survey 
1 2 3 4 5 6 7 8 9 10 11 12 13 14 15 16 17 18 19 20 21 22 23 24 25 26 27 28 29 30 31 32 33 34 35 36 37 38 39 40 41 42 43 44 45 46 47 48 49 50 51 52 53 54 55 56 57 58 59 60 61 62 63 64 
#survey sample sizes 
200 200 200 200 200 200 200 200 200 200 200 200 200 200 200 200 200 200 200 200 200 200 200 200 200 200 200 200 200 200 200 200 200 200 200 200 200 200 200 200 200 200 200 200 200 200 200 200 200 200 200 200 200 200 200 200 200 200 200 200 200 200 200 200 
#total survey biomass 
3521764 3500203 3562078 2793718 3121157 2902007 2362832 2926424 1591871 1734886 1143055 1376875 1182179 1080657 882832.4 767660.2 1105007 571873.9 589328.9 520741.7 523291.3 488796.9 390068.1 644370.1 601673.8 510622.4 542563.4 633677.2 459985 369613.1 711706 626301.6 528197.6 557771.7 623583 680239.3 840779.4 566463.9 503224.9 507775.9 470143.4 618645.6 579829.2 495270.5 952062.2 856516.5 650775.8 669247.3 685207.5 450939.3 453193.6 700079.9 668454.4 559284.3 1068118 1116189 950245.3 996288 961260.4 1096238 920720.5 955158.7 972828.7 1224105 
#survey CV 
0.2 0.2 0.2 0.2 0.2 0.2 0.2 0.2 0.2 0.2 0.2 0.2 0.2 0.2 0.2 0.2 0.2 0.2 0.2 0.2 0.2 0.2 0.2 0.2 0.2 0.2 0.2 0.2 0.2 0.2 0.2 0.2 0.2 0.2 0.2 0.2 0.2 0.2 0.2 0.2 0.2 0.2 0.2 0.2 0.2 0.2 0.2 0.2 0.2 0.2 0.2 0.2 0.2 0.2 0.2 0.2 0.2 0.2 0.2 0.2 0.2 0.2 0.2 0.2 
#total CPUE 
5244173 3944794 2763753 3011761 3090878 1462838 2919544 1709264 1628052 1427311 1502749 939027.9 1221206 1077622 783498.3 958513.5 723335.7 694279.9 645323.9 401077.9 676224 477654.6 727323.1 434375.2 532710.9 479098.5 689724.8 614978.1 876238.7 634047 682936 714989.3 386335.6 531534.4 509839.4 510683.5 510764.1 694203.2 494859.6 414846.5 915479 856528.1 577772 868910.6 813163.5 547134.4 656652.8 650375.2 551684.8 709073.4 456578.7 667044.6 731257.2 939975 1004887 942174.6 1029886 863442.5 667660.3 626973.9 1028565 870353 1019370 723240.3 
#CPUE CV 
0.2 0.2 0.2 0.2 0.2 0.2 0.2 0.2 0.2 0.2 0.2 0.2 0.2 0.2 0.2 0.2 0.2 0.2 0.2 0.2 0.2 0.2 0.2 0.2 0.2 0.2 0.2 0.2 0.2 0.2 0.2 0.2 0.2 0.2 0.2 0.2 0.2 0.2 0.2 0.2 0.2 0.2 0.2 0.2 0.2 0.2 0.2 0.2 0.2 0.2 0.2 0.2 0.2 0.2 0.2 0.2 0.2 0.2 0.2 0.2 0.2 0.2 0.2 0.2 
#total catch biomass 
0 99420.25 157080 201611.8 232403.4 297147.5 283977.4 282113.7 323446.7 307935.2 311805.7 263576.2 274893.7 261969.7 247890.9 221636.7 172970 167698.3 147292.1 137163.9 132216.5 126491.8 125600 112651.7 106677 109455.1 102048.2 90801.21 93308.18 104233.8 106972 91437.83 97460.82 92127 99579.4 94346.63 101077.2 98347.95 102454.9 100648.3 103322.1 100794.4 100807.9 104965.7 102278.8 102310.7 108551.4 111719.5 112966.7 101868.2 66262.26 55370.07 67374.03 84177.24 87219.22 118476 133278.4 134086.7 131700.8 130129.7 114513.3 127638.2 119313.3 130892.1 
#catch CV 
0.05 0.05 0.05 0.05 0.05 0.05 0.05 0.05 0.05 0.05 0.05 0.05 0.05 0.05 0.05 0.05 0.05 0.05 0.05 0.05 0.05 0.05 0.05 0.05 0.05 0.05 0.05 0.05 0.05 0.05 0.05 0.05 0.05 0.05 0.05 0.05 0.05 0.05 0.05 0.05 0.05 0.05 0.05 0.05 0.05 0.05 0.05 0.05 0.05 0.05 0.05 0.05 0.05 0.05 0.05 0.05 0.05 0.05 0.05 0.05 0.05 0.05 0.05 0.05 
#Length Bins 
2.752644 8.257932 13.76322 19.26851 24.7738 30.27908 35.78437 41.28966 46.79495 52.30024 57.80552 63.31081 68.8161 74.32139 79.82667 85.33196 90.83725 96.34254 101.8478 107.3531 112.8584 118.3637 123.869 129.3743 134.8796 
#catch length counts 
0 0 0 0 0 0 0 0 0 0 0 0 0 0 0 0 0 0 0 0 0 0 0 0 0 
34.76794 56.75929 86.19963 123.6591 169.4339 222.9424 282.1578 343.778 404.0909 459.828 508.5728 548.9078 580.5289 604.226 621.5906 634.5294 644.6843 652.6909 657.2033 654.0165 636.1827 596.0799 529.3239 438.5909 334.5055 
58.98743 96.22757 145.9894 209.1459 286.0741 375.6406 474.2633 576.2447 675.293 766.004 844.5385 908.8109 958.604 995.4725 1022.217 1042.06 1057.705 1070.145 1077.102 1071.618 1042.251 976.4757 867.0816 718.4355 547.9308 
82.72024 134.8482 204.3796 292.4126 399.3048 523.2525 658.9883 798.2853 932.1539 1052.995 1155.607 1237.448 1298.75 1342.271 1372.432 1394.063 1411.057 1424.797 1432.149 1423.681 1384.004 1296.318 1150.928 953.5495 727.2162 
105.1585 171.354 259.5438 370.999 505.98 661.9224 831.7964 1004.795 1169.204 1315.203 1436.193 1529.157 1594.799 1637.232 1662.809 1678.405 1689.584 1698.578 1701.873 1688.169 1638.934 1533.914 1361.299 1127.587 859.8407 
125.7584 204.8666 310.1754 443.0962 603.7616 788.8388 989.5713 1192.64 1383.658 1550.594 1685.403 1784.483 1848.871 1883.88 1897.716 1899.403 1896.546 1892.871 1885.386 1862.047 1802.402 1683.793 1492.693 1235.671 941.9451 
146.9391 239.1967 361.7988 516.211 702.3759 916.1751 1147.143 1379.472 1596.1 1782.743 1929.822 2033.009 2093.475 2117.498 2114.907 2096.747 2072.757 2048.609 2022.691 1983.409 1909.71 1777.6 1572.243 1299.725 989.9765 
165.0344 268.6515 406.3044 579.5199 787.9819 1026.655 1283.268 1539.574 1776.102 1976.753 2130.894 2233.825 2286.916 2297.146 2275.446 2234.247 2184.905 2134.899 2084.495 2023.812 1933.023 1788.645 1575.575 1299.041 987.8258 
182.3185 296.5856 448.1505 638.5101 867.1138 1128.199 1407.987 1686.039 1940.505 2153.279 2312.442 2412.849 2456.233 2450.53 2407.874 2341.892 2265.111 2186.371 2107.723 2021.536 1910.39 1752.748 1534.304 1259.511 954.9885 
203.6758 331.2322 500.2693 712.2567 966.2533 1255.374 1563.732 1868.091 2143.881 2370.993 2536.398 2634.616 2667.718 2644.564 2578.602 2484.886 2377.306 2266.076 2154.915 2038.388 1901.703 1725.786 1497.738 1221.676 922.1272 
217.4541 353.4587 533.4587 758.7977 1028.174 1333.872 1658.512 1976.862 2262.363 2493.444 2656.401 2745.869 2764.654 2722.679 2634.441 2515.796 2381.21 2241.549 2101.767 1958.714 1800.962 1613.123 1384.803 1119.981 840.0077 
227.5155 369.7968 558.0418 793.5221 1074.605 1392.784 1729.315 2057.25 2348.414 2580.127 2738.211 2817.422 2821.179 2760.369 2650.561 2508.504 2349.254 2184.159 2019.071 1852.762 1676.964 1480.006 1254.227 1003.688 746.5699 
238.9689 388.2597 585.5878 832.116 1125.915 1457.798 1807.783 2147.23 2446.218 2680.679 2835.664 2905.841 2895.187 2815.628 2683.968 2518.088 2333.915 2143.503 1953.626 1764.718 1571.178 1364.546 1139.619 900.6594 663.1489 
251.0684 407.6623 614.3228 871.9818 1178.268 1523.174 1885.397 2234.663 2539.545 2774.992 2925.682 2986.42 2961.71 2864.306 2712.009 2523.693 2316.15 2102.204 1889.582 1680.253 1470.964 1256.043 1032.42 804.5018 585.3248 
263.9265 428.3981 645.2388 915.1647 1235.274 1594.497 1969.833 2328.978 2638.768 2873.221 3017.011 3065.654 3024.773 2908.368 2735.375 2525.541 2296.271 2060.922 1827.974 1600.712 1377.908 1156.271 934.5027 717.0471 514.7192 
260.5257 422.8119 636.6585 902.614 1217.539 1570.087 1937.016 2285.87 2583.48 2804.079 2932.849 2966.108 2910.457 2780.817 2596.734 2378.118 2142.129 1901.746 1665.363 1436.911 1216.672 1003.31 796.9 601.531 425.4923 
239.4884 388.8952 586.0045 831.4376 1122.311 1447.997 1786.702 2107.995 2380.712 2580.542 2693.417 2715.817 2654.105 2522.707 2340.579 2127.019 1898.584 1667.693 1442.427 1226.939 1022.418 828.7845 646.8743 480.1048 334.3462 
228.159 370.5809 558.5955 792.9296 1071.026 1382.972 1708.159 2017.547 2281.062 2474.788 2584.321 2605.338 2543.237 2411.601 2228.872 2014.267 1784.638 1552.932 1327.873 1114.371 914.5051 729.0653 559.3035 408.095 279.6574 
215.1523 349.0856 525.5121 744.9232 1004.889 1296.332 1600.365 1890.249 2138.143 2321.673 2427.004 2449.384 2392.933 2269.438 2095.519 1889.03 1666.188 1440.029 1219.925 1011.768 818.7311 642.5151 484.737 347.7742 234.4732 
200.4602 325.3777 490.0398 694.9147 937.6347 1209.507 1492.654 1762.037 1991.908 2161.935 2259.833 2281.522 2230.677 2117.589 1956.762 1763.904 1553.596 1338.06 1126.72 926.2235 740.8605 573.381 425.9493 300.7072 199.5204 
196.3152 318.3423 478.8864 678.2691 914.1944 1178.398 1453.775 1716.153 1940.425 2106.548 2202.314 2223.719 2174.545 2065.03 1909.23 1721.981 1516.784 1304.972 1095.633 895.772 710.5973 543.9525 398.8089 277.4897 181.3687 
186.5168 302.3611 454.6437 643.5405 866.7043 1116.122 1375.467 1621.889 1831.902 1987.007 2076.117 2095.692 2049.276 1946.351 1799.984 1623.971 1430.77 1230.696 1032.01 841.3167 663.9688 504.3636 366.0686 251.6739 162.3454 
182.0852 295.0653 443.4608 627.3657 844.4385 1086.851 1338.69 1577.677 1780.902 1930.36 2015.392 2032.834 1986.481 1885.823 1743.623 1573.136 1386.158 1192.343 999.3883 813.5526 640.1592 483.8888 348.7358 237.598 151.6496 
173.7477 281.5912 423.2726 598.8864 806.1712 1037.589 1277.86 1505.641 1699.03 1840.863 1921.018 1936.551 1891.191 1794.152 1657.802 1494.922 1316.759 1132.35 948.7631 771.7207 606.217 456.8533 327.7267 221.8699 140.4947 
167.8635 271.9805 408.6974 578.0888 778.0087 1001.285 1233.307 1453.567 1640.899 1778.579 1856.607 1871.942 1828.085 1733.956 1601.622 1443.598 1270.914 1092.382 914.797 743.5782 583.4505 438.8603 313.881 211.5925 133.2423 
162.7253 263.6376 396.125 560.2437 753.902 970.1533 1194.875 1408.272 1589.95 1723.809 1800.19 1816.039 1774.523 1684.024 1556.051 1402.704 1234.779 1060.994 888.0904 721.4021 565.5326 424.8069 303.2197 203.8232 127.8622 
158.644 256.9737 386.0182 545.8092 734.3117 944.7998 1163.586 1371.462 1548.614 1679.384 1754.371 1770.59 1731.077 1643.879 1520.029 1371.127 1207.577 1037.879 868.7128 705.4305 552.662 414.7302 295.6057 198.3135 124.0813 
153.2522 248.1847 372.7115 526.8306 708.5668 911.4542 1122.347 1322.792 1493.755 1620.189 1693.048 1709.432 1672.206 1589.038 1470.452 1327.508 1170.116 1006.39 842.7683 684.4947 536.1781 402.1488 286.3742 191.8622 119.8288 
152.2572 246.6138 370.4276 523.7183 704.5283 906.4139 1116.278 1315.762 1485.959 1611.964 1684.847 1701.76 1665.537 1583.733 1466.704 1325.321 1169.32 1006.672 843.7273 685.7215 537.3323 403.0167 286.8834 192.0554 119.8107 
149.4913 242.0586 363.4501 513.6563 690.7708 888.5464 1094.249 1289.967 1457.187 1581.244 1653.293 1670.479 1635.565 1555.973 1441.862 1303.853 1151.408 992.2341 832.4679 677.2004 531.0504 398.4918 283.7007 189.8822 118.3863 
146.5481 237.3221 356.3895 503.7498 677.5256 871.5642 1073.352 1265.331 1429.407 1551.291 1622.389 1639.902 1606.461 1529.225 1418.054 1283.309 1134.238 978.3718 821.6834 669.1258 525.2274 394.4376 280.9688 188.1008 117.2679 
143.6176 232.5997 349.349 493.8989 664.4544 855.0338 1053.408 1242.368 1404.123 1524.576 1595.201 1613.199 1581.134 1506.027 1397.535 1265.775 1119.767 966.8568 812.8791 662.6849 520.7348 391.4522 279.0739 186.9458 116.5885 
141.5501 229.2429 344.2981 486.7605 654.8959 842.8735 1038.726 1225.574 1385.923 1505.846 1576.836 1595.974 1565.627 1492.595 1386.337 1256.821 1112.956 961.9983 809.705 660.8678 519.9143 391.2732 279.2287 187.2091 116.8291 
138.5723 224.3931 336.966 476.3276 640.794 824.7043 1016.424 1199.524 1356.969 1475.175 1545.808 1565.937 1537.735 1467.68 1364.857 1238.898 1098.47 950.6779 801.1932 654.7547 515.7574 388.6211 277.6542 186.3443 116.3906 
133.5948 216.4264 325.1819 459.9623 619.1859 797.3921 983.3179 1161.063 1314.152 1429.464 1498.946 1519.741 1493.888 1427.539 1329.337 1208.452 1073.144 930.225 785.1777 642.6379 506.9492 382.5113 273.6407 183.8658 114.9614 
130.8725 212.025 318.6007 450.7455 606.9975 782.1345 965.2585 1140.874 1292.806 1408.032 1478.419 1500.93 1477.406 1413.8 1318.552 1200.621 1068.066 927.5197 784.3447 643.1223 508.2112 384.085 275.1753 185.1457 115.9 
133.679 216.4958 325.1785 459.8375 618.9822 797.3515 983.9653 1163.201 1318.741 1437.429 1510.972 1536.137 1514.537 1451.94 1356.697 1237.783 1103.346 960.1348 813.6214 668.5121 529.336 400.8071 287.6548 193.845 121.5141 
137.0259 221.8719 333.1598 470.9498 633.6511 815.8145 1006.163 1188.733 1346.959 1467.617 1542.523 1568.614 1547.636 1485.385 1390.13 1270.703 1135.113 990.0257 840.9088 692.5416 549.6058 417.0505 299.909 202.4677 127.1232 
139.5975 226.0757 339.5413 480.0627 645.9918 831.699 1025.575 1211.234 1371.728 1493.621 1568.737 1594.232 1572.21 1508.842 1412.661 1292.557 1156.397 1010.588 860.3453 710.2903 565.091 429.8315 309.7956 209.5717 131.8255 
138.6546 224.6167 337.4826 477.3735 642.6906 827.8424 1021.244 1206.505 1366.628 1488.084 1562.61 1587.354 1564.54 1500.583 1404.299 1284.787 1149.947 1006.008 857.8514 709.7209 565.9843 431.5792 311.8103 211.4142 133.2593 
140.5921 227.8219 342.4317 484.6066 652.7866 841.3454 1038.548 1227.74 1391.591 1516.217 1593.018 1618.877 1595.899 1530.582 1432.032 1309.775 1172.136 1025.638 875.2367 725.0581 579.2697 442.6683 320.5672 217.8569 137.6229 
142.2599 230.5091 346.4474 490.2681 660.4213 851.2735 1051.032 1242.924 1409.453 1536.546 1615.403 1642.71 1620.402 1554.879 1455.256 1331.207 1191.326 1042.451 889.7873 737.5654 589.9067 451.4961 327.5794 223.0859 141.2253 
144.1392 233.5538 351.0196 496.7246 669.0846 862.3753 1064.643 1258.918 1427.542 1556.359 1636.551 1664.798 1643.006 1577.511 1477.357 1352.182 1210.627 1059.676 904.7427 750.2513 600.4365 460.0084 334.2031 227.9673 144.5761 
143.4331 232.3863 349.2211 494.11 665.47 857.6102 1058.65 1251.718 1419.258 1547.202 1626.82 1654.883 1633.368 1568.619 1469.598 1345.772 1205.584 1055.864 901.9621 748.3235 599.2314 459.4156 334.088 228.1598 144.9007 
142.8661 231.5582 348.1461 492.8554 664.1277 856.2558 1057.314 1250.39 1417.911 1545.822 1625.42 1653.506 1632.087 1567.54 1468.853 1345.493 1205.852 1056.666 903.1927 749.8175 600.8179 460.9525 335.4703 229.3155 145.791 
143.785 233.0538 350.4168 496.1315 668.6848 862.409 1065.374 1260.58 1430.276 1560.16 1641.282 1670.271 1649.089 1584.192 1484.721 1360.307 1219.469 1069.012 914.2006 759.4058 608.902 467.4849 340.4805 232.9293 148.2199 
144.8398 234.7134 352.8177 499.3818 672.8724 867.6111 1071.658 1268.003 1438.883 1569.978 1652.281 1682.31 1661.878 1597.314 1497.709 1372.74 1231.039 1079.53 923.5677 767.5607 615.7952 473.0847 344.8024 236.0626 150.3321 
144.8192 234.7094 352.8616 499.5092 673.0989 867.9015 1071.912 1268.08 1438.665 1569.445 1651.559 1681.653 1661.589 1597.639 1498.754 1374.451 1233.246 1082.022 926.1536 770.09 618.1513 475.171 346.5429 237.4151 151.3007 
145.5163 235.8505 354.6023 502.0221 676.5687 872.5025 1077.762 1275.187 1446.886 1578.493 1661.052 1691.213 1670.943 1606.667 1507.459 1382.872 1241.371 1089.753 933.3224 776.5132 623.675 479.7006 350.0578 239.9727 153.0288 
146.7727 237.9255 357.795 506.659 682.9761 880.9498 1088.389 1287.951 1461.562 1594.7 1678.293 1708.918 1688.528 1623.619 1523.413 1397.631 1254.871 1101.979 944.2397 786.0423 631.718 486.1934 355.0181 243.5235 155.3878 
83.70366 135.8791 204.7184 290.5543 392.6715 507.8666 629.1861 746.607 849.5448 929.3187 980.3124 1000.2 989.8903 953.0713 895.1351 821.8416 738.3262 648.6987 556.1255 463.2091 372.4933 286.8694 209.609 143.8731 91.85977 
66.21899 107.7275 162.7831 231.9073 314.8352 409.3301 510.1198 609.3423 698.4233 769.9615 818.6921 841.8327 839.2591 813.3315 768.1294 708.3757 638.5481 562.4235 483.0231 402.8501 324.2896 249.9641 182.786 125.5525 80.2163 
81.93802 132.8692 199.9979 283.7936 384.0148 498.3877 621.2574 743.897 856.4955 950.2312 1018.359 1056.666 1063.812 1041.34 993.0266 923.8392 838.9944 743.3718 641.2836 536.5643 432.9065 334.2237 244.6922 168.2327 107.5693 
92.45746 149.7619 225.0514 318.5902 429.743 555.5594 689.4418 821.7768 942.4056 1042.911 1117.404 1162.379 1176.566 1160.826 1117.718 1050.853 964.3691 862.6533 750.2234 631.7352 512.1192 396.7196 291.1322 200.4923 128.3497 
96.53491 156.534 235.5232 333.8222 450.6733 582.6843 722.4407 859.2957 982.1989 1082.386 1154.435 1196.11 1207.858 1192.031 1151.781 1090.089 1009.479 912.3879 801.761 681.5318 556.8537 434.0238 319.9475 221.0428 141.8222 
124.2994 201.591 303.3968 430.1813 581.0307 751.6118 932.3135 1109.165 1267.418 1395.09 1484.608 1533.039 1541.799 1515.651 1460.747 1382.502 1284.414 1168.309 1035.615 888.9498 733.3203 576.4444 427.9035 297.2163 191.4512 
135.4649 219.6125 330.3406 468.0604 631.6693 816.3494 1011.567 1202.091 1371.89 1507.923 1601.852 1650.28 1654.616 1620.333 1555.127 1466.495 1359.852 1237.931 1101.623 951.8533 791.7198 627.8162 469.8938 328.7159 212.9684 
138.9901 225.5849 339.793 482.1514 651.501 842.6506 1044.351 1240.491 1414.266 1552.184 1645.783 1691.758 1691.721 1651.44 1579.125 1483.16 1370.211 1244.281 1106.931 958.6958 801.3002 639.6576 482.3546 339.9503 221.7409 
138.493 224.8185 338.7412 480.8896 650.2529 841.8258 1044.506 1242.154 1417.654 1556.936 1650.89 1695.77 1693.104 1648.913 1571.866 1470.946 1353.577 1224.677 1086.646 940.3706 787.1106 630.5938 478.0203 338.9804 222.5259 
128.3483 208.4593 314.3048 446.5579 604.3631 783.1384 972.6308 1157.906 1323.087 1455.009 1544.907 1588.773 1587.399 1545.877 1472.096 1374.669 1261.15 1137.006 1005.401 867.838 725.6486 581.8356 442.2217 314.8691 207.7236 
119.2848 193.7827 292.2785 415.4781 562.7089 729.8713 907.5997 1082.123 1238.678 1364.871 1452.269 1496.76 1498.624 1462.091 1394.033 1302.187 1193.673 1074.09 947.2042 815.2864 680.176 544.7949 414.2418 295.4992 195.5424 
130.3595 211.7282 319.2646 453.7276 614.4088 796.9206 991.1977 1182.42 1354.697 1494.669 1593.164 1645.533 1651.696 1615.716 1544.448 1445.749 1327.008 1194.339 1052.299 904.151 752.7439 601.8503 457.1907 326.1855 216.1224 
130.8194 212.2882 319.7461 453.809 613.6562 794.8642 987.4267 1176.682 1346.996 1485.365 1583.019 1635.666 1643.402 1610.176 1542.41 1447.284 1331.443 1200.423 1058.58 909.434 756.4265 603.9768 458.2273 326.6788 216.4487 
136.8379 222.1884 334.8862 475.5959 643.3661 833.3233 1034.654 1231.72 1408.085 1550.364 1649.863 1702.681 1709.471 1674.728 1605.252 1508.282 1390.181 1255.993 1109.629 954.4638 794.2269 633.982 480.65 342.3976 226.7444 
#survey length counts 
0 0 0 0 0 0 0 0 0 0 0 0 0 0 0 0 0 0 0 0 0 0 0 0 0 
1989.927 3260.189 4961.123 7100.963 9634.584 12424.37 15231.73 17780.25 19861.34 21402.01 22451.07 23116.89 23514.33 23742.81 23883.09 23996.84 24120.98 24251.31 24313.11 24131.78 23437.49 21940.39 19473.15 16130.31 12300.07 
1983.867 3249.39 4942.742 7070.7 9586.082 12348.64 15116.72 17610.81 19619.92 21070.31 22012.66 22560.31 22835.53 22946.19 22980.46 23004.73 23057.59 23134.72 23162.28 22970.42 22298.88 20869.04 18519.69 15339.39 11696.5 
1972.277 3230.412 4913.562 7027.564 9523.547 12258.72 14988.29 17429.36 19367.9 20728.01 21559.73 21977.83 22108.67 22066.8 21949.05 21830.79 21758.33 21733.4 21688.15 21461.48 20805.97 19456.76 17259.06 14292 10896.55 
1952.662 3198.715 4865.913 6959.623 9430.062 12133.06 14822.06 17212.01 19086.17 20365.61 21097.64 21395.52 21386.1 21186.95 20900.48 20610.09 20371.88 20198.86 20036.28 19739.19 19079.14 17808.69 15779.92 13059.16 9953.271 
1931.988 3163.826 4810.77 6877.034 9312.056 11971.69 14610.17 16943.17 18753.41 19959.67 20605.78 20801.5 20671.13 20331.36 19885.97 19422.44 19004.56 18657.42 18343.69 17941.5 17248.92 16041.82 14181.58 11720.13 8925.49 
1900.755 3113.915 4736.844 6773.527 9172.57 11788.53 14374.46 16645.5 18384.51 19510.74 20068.27 20166.3 19927.46 19465.84 18882.6 18264.22 17677.08 17154.92 16677.53 16149.32 15400.85 14237.76 12535.27 10332.11 7855.446 
1868.017 3059.32 4651.92 6648.896 8998.883 11558.03 14082.37 16289.83 17963.91 19021.75 19503.99 19517.08 19182.44 18613.76 17911.26 17159.74 16424.88 15744.38 15110.97 14453.67 13636.92 12499.89 10936.15 8974.72 6803.59 
1828.567 2995.334 4555.495 6511.645 8811.984 11312.79 13771.39 15908.08 17508.87 18492.53 18899.88 18836.13 18420.48 17763.89 16963.93 16102.99 15245.37 14430.7 13661.15 12886.39 12002.17 10881.26 9438.074 7695.953 5807.836 
1784.761 2923.154 4444.742 6351.272 8590.897 11021.42 13403.45 15461.1 16982.95 17888.26 18217.19 18074.48 17579.43 16842.92 15961.13 15013.55 14061.23 13143.05 12267.05 11399.37 10463.11 9362.229 8032.335 6494.039 4869.674 
1733.432 2839.95 4319.607 6173.983 8351.552 10711.59 13017.8 14998.25 16444.69 17277.58 17536.56 17325.2 16761.91 15957.1 15006.42 13988.18 12961.55 11964.47 11008.56 10072.1 9100.044 8022.666 6794.531 5435.296 4042.049 
1678.648 2750.163 4182.895 5978.103 8085.292 10367.09 12592.95 14497.23 15875.69 16648.99 16854.12 16591.44 15977.18 15120.82 14117.66 13045.54 11962.88 10907.55 9894.244 8910.632 7918.682 6869.6 5733.461 4529.492 3334.266 
1623.336 2659.009 4043.079 5775.964 7807.698 10004 12140.38 13958.64 15260.59 15969.62 16122.18 15816.23 15165.02 14275.25 13239.99 12135.4 11018.88 9928.407 8881.458 7873.365 6879.54 5867.583 4819.599 3754.08 2730.656 
1563.007 2560.642 3894.107 5563.412 7519.139 9629.529 11675.13 13404.26 14624.47 15262.57 15356.25 15003.43 14316.59 13400.96 12347.31 11229.04 10100.9 8999.513 7943.705 6934.479 5957.635 4993.373 4032.754 3093.008 2219.683 
1498.362 2454.81 3733.125 5332.872 7205.616 9223.177 11172.6 12809.86 13948.34 14517.22 14553.91 14155.4 13433.93 12494.97 11429.1 10308.4 9185.32 8094.147 7053.14 6066.22 5126.123 4221.932 3350.822 2528.172 1787.803 
1430.068 2343.824 3565.945 5096.327 6888.433 8818.632 10681.42 12241.13 13317.05 13839.71 13843.94 13422.77 12685.19 11735.06 10662.83 9541.14 8422.876 7342.427 6318.445 5356.816 4454.552 3606.216 2812.436 2086.347 1452.502 
1364.183 2236.306 3403.38 4865.984 6580.627 8430.33 10219.65 11723.4 12767.2 13281.15 13293.89 12889.85 12170.35 11234.1 10169.47 9049.588 7929.733 6847.517 5825.083 4872.075 3989.665 3176.365 2434.714 1775.569 1216.365 
1313.437 2150.476 3267.93 4665.004 6299.749 8061.495 9765.87 11200.38 12200.29 12699.08 12722.52 12348.01 11668.04 10772.67 9743.371 8649.405 7545.495 6471.614 5454.216 4508.213 3640.099 2852.672 2150.287 1541.884 1039.203 
1265.79 2072.975 3150.932 4498.74 6075.178 7772.115 9410.265 10784.23 11736.63 12206.69 12223.14 11863 11214.88 10362.1 9378.101 8324.784 7252.049 6198.506 5192.687 4254.181 3395.306 2624.055 1947.596 1374.167 911.4396 
1230.372 2013.001 3056.25 4358.417 5879.728 7516.917 9098.582 10427.55 11351.56 11810.36 11829.97 11484.25 10859.63 10037.79 9089.665 8073.219 7033.637 6005.702 5016.599 4087.698 3235.595 2473.319 1811.728 1259.869 823.1545 
1201.628 1965.097 2981.728 4248.925 5726.849 7313.917 8842.708 10121.78 11004.88 11436.4 11444.71 11103.32 10496.16 9701.349 8786.254 7805.672 6801.772 5806.33 4844.123 3935.764 3099.335 2351.006 1704.827 1171.397 755.3414 
1179.511 1928.115 2924.097 4164.401 5609.682 7160.41 8652.757 9899.332 10756.9 11171.16 11170.55 10828.41 10228.56 9448.641 8554.751 7599.594 6622.79 5653.55 4714.484 3824.956 3003.193 2266.901 1632.274 1111.444 709.1243 
1158.917 1894.43 2872.916 4091.214 5510.365 7032.144 8495.138 9714.996 10551.15 10950.78 10942.6 10599.36 10004.05 9233.614 8353.64 7416.272 6460.161 5512.978 4595.46 3725.332 2920.009 2197.474 1574.954 1065.62 674.5276 
1143.589 1868.627 2832.456 4031.671 5427.985 6925.252 8365.391 9567.53 10393.24 10789.74 10784.14 10447.1 9859.89 9098.509 8228.223 7301.293 6356.581 5421.714 4516.921 3659.075 2864.813 2151.829 1537.641 1035.948 652.1017 
1131.631 1848.774 2801.758 3986.976 5366.388 6844.913 8266.497 9452.864 10267.95 10660.38 10657.33 10328.27 9752.444 9003.552 8145.077 7228.409 6292.441 5365.32 4467.784 3616.897 2829.185 2122.181 1513.407 1016.714 637.5624 
1123.607 1835.115 2780.049 3954.544 5320.804 6784.796 8192.302 9367.13 10174.81 10564.65 10563.71 10240.86 9674.417 8936.854 8090.15 7184.251 6257.081 5336.525 4443.674 3596.208 2811.222 2106.629 1500.175 1005.838 629.0961 
1120.288 1828.997 2769.478 3937.448 5295.061 6748.869 8145.892 9311.507 10112.64 10499.49 10499.34 10180.77 9621.433 8892.841 8055.896 7159.442 6240.411 5325.997 4437.06 3591.546 2807.148 2102.469 1495.833 1001.578 625.304 
1117.572 1824.843 2763.694 3929.984 5285.949 6738.162 8133.684 9298.06 10098.56 10485.82 10487.53 10172.44 9618.033 8895.315 8064.483 7173.608 6258.901 5346.992 4458.438 3611.252 2823.59 2114.807 1504.046 1006.304 627.5286 
1118.421 1825.47 2763.27 3927.335 5279.931 6728.212 8120.228 9282.475 10082.68 10471.3 10475.52 10163.61 9612.855 8894.292 8068.071 7181.981 6271.7 5363.202 4476.476 3629.247 2839.784 2127.94 1513.594 1012.467 631.0062 
1120.463 1828.865 2768.489 3934.788 5289.799 6740.264 8133.766 9296.563 10096.64 10485.19 10490.16 10180.22 9632.412 8917.17 8094.049 7210.467 6301.908 5394.157 4506.946 3657.771 2864.885 2148.472 1529.042 1023.058 637.565 
1123.298 1833.488 2775.516 3944.914 5303.812 6758.988 8157.902 9326.472 10132.16 10525.62 10534.44 10227.25 9681.328 8967.391 8145.081 7261.674 6352.392 5442.783 4552.422 3698.752 2900.124 2177.064 1550.68 1038.169 647.2087 
1128.133 1841.154 2786.731 3960.337 5324.096 6784.823 8189.985 9365.424 10178.43 10579.35 10595.31 10294.31 9753.054 9041.839 8220.229 7335.656 6423.562 5509.648 4613.562 3752.818 2945.969 2213.962 1578.563 1057.739 659.8413 
1136.147 1853.776 2804.995 3985.016 5355.692 6823.552 8235.729 9417.76 10236.82 10643.42 10664.93 10369.42 9833.222 9126.007 8306.621 7421.991 6507.392 5588.65 4685.691 3816.37 2999.663 2257.085 1611.159 1080.689 674.7451 
1143.237 1865.852 2824.209 4013.773 5396.238 6877.311 8302.699 9496.411 10324.69 10737.99 10764.34 10472.57 9939.447 9234.55 8416.258 7530.847 6613.024 5688.314 4776.695 3896.395 3067.026 2310.964 1651.744 1109.21 693.2701 
1152.189 1880.305 2845.894 4044.558 5438.209 6932.715 8373.631 9584.312 10429.84 10859.24 10899.15 10617.44 10090.58 9388.36 8569.57 7680.746 6756.605 5822.552 4898.544 4003.093 3156.506 2382.255 1705.239 1146.678 717.546 
1165.424 1901.282 2876.513 4086.396 5492.489 7000.257 8454.748 9678.837 10537.41 10979.6 11032.09 10762.3 10245.64 9550.659 8735.166 7845.296 6915.819 5972.402 5035.32 4123.523 3258.061 2463.583 1766.535 1189.761 745.5413 
1180.482 1925.557 2912.638 4136.612 5558.172 7081.257 8548.843 9781.915 10644.66 11087.2 11138.43 10868.08 10352.92 9661.479 8850.428 7964.197 7035.948 6090.238 5146.846 4224.793 3345.713 2535.341 1821.629 1229.089 771.4257 
1193.477 1947.179 2946.093 4185.175 5624.505 7166.336 8650.921 9896.263 10764.5 11205.48 11249.6 10969.23 10444.06 9745.031 8930.051 8043.324 7116.548 6172.213 5228.163 4302.159 3415.492 2594.471 1868.325 1263.193 794.2914 
1203.53 1964.071 2972.581 4224.309 5679.174 7238.46 8740.537 10001 10879.75 11325.2 11367.38 11079.38 10542.66 9830.641 9003.859 8108.489 7176.912 6230.857 5286.376 4359.171 3469.006 2641.668 1906.94 1292.237 814.2362 
1210.654 1976.341 2992.402 4254.576 5722.96 7298.398 8818.098 10096.01 10990.35 11448.06 11497.97 11212.34 10672.35 9952.034 9113.473 8205.06 7261.363 6305.491 5353.611 4420.406 3524.144 2689.483 1945.985 1321.766 834.6808 
1217.427 1987.298 3008.852 4277.863 5754.435 7339.299 8869.333 10157.96 11062.78 11530.12 11588.17 11308.44 10771.35 10050.29 9207.215 8291.103 7337.832 6372.135 5411.462 4470.922 3568.312 2727.412 1977.167 1345.744 851.6274 
1223.81 1997.781 3024.826 4300.689 5785.196 7378.437 8916.344 10211.45 11120.97 11591.56 11652.14 11374.82 10840.03 10120.65 9277.756 8359.635 7401.987 6430.058 5462.272 4514.679 3605.552 2758.598 2002.458 1365.178 865.487 
1231.291 2009.697 3042.314 4324.683 5816.307 7416.765 8961.233 10261.38 11173.8 11645.02 11704.43 11425 10888.13 10167.34 9323.768 8405.202 7446.555 6472.456 5501.195 4549.162 3635.147 2783.245 2022.26 1380.318 876.3096 
1235.85 2017.895 3056.114 4346.425 5848.23 7460.244 9016.092 10325.75 11244.62 11718.97 11778.61 11497.27 10957.15 10232.47 9384.975 8462.764 7500.685 6522.979 5547.481 4590.34 3670.442 2812.229 2044.935 1397.085 887.9071 
1239.689 2024.227 3065.894 4360.824 5868.69 7488.42 9053.596 10373.7 11303.16 11786.9 11853.43 11575.7 11035.83 10308.67 9456.906 8529.55 7562.071 6578.938 5597.879 4634.801 3708.447 2843.363 2069.135 1414.768 899.9438 
1245.455 2033.215 3078.718 4377.848 5890.062 7514.14 9083.578 10407.87 11341.6 11829.89 11901.29 11628.3 11092.27 10367.22 9515.41 8585.97 7614.91 6627.325 5641.374 4673.112 3741.265 2870.397 2090.286 1430.302 910.5426 
1250.382 2041.5 3091.67 4396.792 5915.984 7547.191 9122.691 10450.85 11385.83 11873.27 11942.97 11668.69 11132.47 10408.24 9557.573 8628.715 7657.05 6667.494 5678.393 4706.127 3769.703 2893.903 2108.744 1443.912 919.8596 
1254.723 2048.693 3102.786 4413.012 5938.487 7576.903 9159.932 10495.04 11435.42 11925.97 11996.24 11720.36 11181.31 10454.1 9601.088 8670.658 7697.764 6706.654 5715.149 4739.436 3798.64 2917.852 2127.484 1457.654 929.2114 
1257.017 2052.838 3109.806 4424.165 5955.049 7599.817 9189.474 10530.72 11476.12 11970.29 12042.61 11767.19 11227.05 10497.51 9641.491 8708.04 7732.55 6739.278 5745.68 4767.473 3823.481 2938.794 2144.101 1469.949 937.6217 
1261.459 2059.516 3118.883 4435.532 5968.505 7615.302 9207.18 10550.98 11499.17 11996 12070.44 11796.25 11256.33 10526.04 9668.509 8733.124 7755.641 6760.597 5765.503 4785.875 3840.216 2953.386 2156.078 1479.077 944.0157 
1261.459 2059.516 3118.883 4435.532 5968.505 7615.302 9207.18 10550.98 11499.17 11996 12070.44 11796.25 11256.33 10526.04 9668.509 8733.124 7755.641 6760.597 5765.503 4785.875 3840.216 2953.386 2156.078 1479.077 944.0157 
1266.764 2071.578 3144.015 4483.469 6052.492 7751.336 9412.473 10841.73 11887.7 12487.51 12660.39 12469.52 11988.76 11287.96 10429.11 9464.364 8434.871 7371.567 6298.026 5234.867 4204.828 3236.606 2364.675 1623.338 1036.782 
1304.468 2126.822 3216.476 4570.519 6152.287 7867.167 9555.927 11032.64 12150.62 12846.12 13131.75 13059.56 12689.84 12078.84 11277.44 10331.46 9281.421 8162.77 7006.943 5843.729 4704.912 3627.531 2653.511 1823.357 1165.451 
1355.197 2207.644 3334.504 4729.862 6351.774 8098.02 9801.251 11271.39 12366.41 13036.84 13313.93 13264.04 12950.8 12421.77 11710.9 10844.78 9847.95 8746.615 7570.766 6355.4 5141.761 3978.019 2916.853 2007.66 1284.801 
1394.399 2274.139 3439.597 4885.495 6567.53 8376.384 10132.99 11634.18 12728.77 13366.78 13589.06 13479.75 13123.07 12582.73 11898.12 11088.08 10159.33 9117.108 7974.527 6758.45 5511.512 4290.534 3160.345 2182.278 1399.691 
1422.973 2322.542 3516.353 5000.569 6731.248 8597.126 10414.07 11971.06 13107.72 13765.49 13979.73 13834.94 13423.73 12825.54 12098.12 11273.98 10362.41 9358.567 8257.341 7067.109 5819.066 4568.872 3389.021 2352.84 1515.099 
1445.773 2359.337 3571.187 5076.927 6831.322 8720.759 10557.77 12127.86 13268.2 13919.05 14115.22 13940.57 13487.7 12839.18 12060.96 11198.03 10271.89 9283.338 8222.36 7083.364 5880.752 4657.904 3483.709 2435.912 1577.703 
1452.372 2373.092 3597.41 5122.232 6901.792 8819.14 10681.05 12266.89 13409.72 14049.13 14222 14015.2 13523.88 12832.46 12009.38 11104.61 10147.53 9147.425 8098.813 6992.977 5833.828 4651.537 3505.088 2469.158 1610.094 
1453.741 2375.669 3602.171 5130.923 6917.294 8845.575 10723.19 12328.53 13491.38 14146.14 14324.31 14109.37 13596.32 12872.24 12009.8 11063.93 10069.83 9043.43 7985.249 6888.971 5755.072 4605.162 3488.35 2472.564 1622.653 
1451.685 2373.016 3599.487 5129.273 6918.159 8850.728 10734.71 12348.95 13523.7 14193.14 14387 14185.18 13678.04 12948.78 12068.68 11094.66 10066.92 9008.312 7926.523 6820.456 5691.698 4558.088 3461.727 2463.641 1624.813 
1451.587 2372.855 3599.398 5129.816 6920.78 8858.263 10751.61 12380.9 13576.57 14271.7 14493.78 14319.7 13836.26 13122.68 12246.49 11262.35 10211.14 9119.886 8003.027 6866.642 5717.238 4573.575 3474.881 2477.606 1639.02 
1453.622 2376.246 3604.751 5138.019 6933.23 8877.143 10780.15 12423.53 13638.76 14359.34 14612.17 14472.17 14022.83 13339.1 12483.92 11507.89 10449.5 9336.228 8186.241 7011.834 5826.109 4652.44 3531.45 2518.311 1668.056 
1463.127 2389.626 3620.955 5154.512 6946.35 8882.875 10774.98 12405.24 13607.16 14317.03 14564.85 14428.25 13991.91 13329.71 12501.1 11551.4 10513.41 9410.25 8258.735 7073.293 5871.738 4682.578 3549.849 2529.521 1675.474 
1465.816 2395.875 3633.683 5177.192 6981.643 8930.721 10831.21 12461.89 13654.81 14348.03 14575.94 14421.47 13973.91 13310.03 12489.72 11556.16 10537.69 9451.911 8310.915 7126.987 5919.047 4719.067 3575.003 2545.473 1685.157 
