# Number of parameters = 227 Objective function value = 77891.1972582514  Maximum gradient component = 0.000810147717521639
# srv_sel50:
1.47878735935
# srv_sel95:
2.44700734151
# stNatLen:
 11.2191740501 11.0914894868 10.8939027183 10.7033434243 10.5184657407 10.3190119451 10.0969633409 9.85841299269 9.61494180618 9.37697224112 9.15156298198 8.94261286938 8.75179814032 8.57944590958 8.42519762820 8.28832478360 8.16793889370 8.06317405834 7.97321619108 7.89735070599 7.83496300210 7.78554022667 7.74868118655 7.72416798431 7.71191341191
# log_avg_fmort_dir:
-1.63319559876
# fmort_dir_dev:
 -1.80210606207 -1.75613500571 -1.24826227166 -1.02756277362 -0.798213148950 -0.555375016251 -0.324267399377 -0.187441574260 -0.109213492861 0.0566525791902 0.111795107680 0.232831284758 0.232490402877 0.380819520540 0.426597430873 0.631847670985 0.427608833272 0.466641978579 0.441950457696 0.494224974837 0.310278904068 0.372410835395 0.333007352057 0.208967852212 0.243286803826 0.187100102138 0.120403345214 0.0715728822070 0.162077002872 0.229142091326 0.229243553045 0.168364385109 0.170548504614 0.202733538869 0.149662089146 0.117485690710 0.170952193104 0.0360981243432 -0.0323044366836 -0.0381698573048 0.00290976954155 0.148714369200 0.146672024117 0.0236544010297 -0.0448660510468 -0.00975817354358 0.0433454064201 0.0493298870764 0.0722718702586 -0.0419855153545 -0.0542916890008 -0.0159244517614 0.460949795978 -0.214783536109 0.133072617034 -0.923792976420 0.251107488586 0.341267162422 -0.180313123268 -0.268467612666 0.135868368961 0.371059929447 -0.0631523696530 -0.136845401526 0.266213357475
# mean_log_rec:
11.1520037243
# rec_dev:
 0.267769633074 0.306630086232 0.366658477498 0.367571425243 0.324091963418 0.277669269149 0.251806869124 0.243093646086 0.238677959116 0.239463443237 0.245808471284 0.232160678307 0.142698293678 0.0351933556064 -0.0387229885679 -0.0706734338944 -0.123581099145 -0.160905005614 -0.173161295615 -0.168676662395 -0.168650502437 -0.179885288062 -0.157922546255 -0.137435748665 -0.134277978489 -0.131825578715 -0.147150316340 -0.190007009701 -0.266438289259 -0.316847062776 -0.312395723589 -0.299451381186 -0.295697203885 -0.287000975722 -0.200228330470 -0.101210263551 -0.0484329275512 0.00902160272209 0.0529403905329 0.0321983164227 -0.0204887156181 -0.0997184348671 -0.0776894928451 0.0101322905622 0.0662187816463 0.0425692760380 0.000296144129622 0.0154798821019 0.0813900451902 0.156212358491 0.196424844433 0.162348103194 0.0878086002682 -0.0235353765800 -0.0681032923846 -0.106082565928 -0.115563153398 -0.0937044270466 -0.0529381439804 -0.000668763340612 0.0235790377685 0.0372383191367 0.0747382769325 0.0905899583989 0.0905901788504
# log_avg_NatM:
-1.56903629008
# m_dev:
 -0.790820210786 -0.640463292201 -0.365789845615 0.00652297035197 0.150056652446 0.0979392625913 -0.0157884655500 -0.0966186768019 -0.177848041959 -0.180250596040 -0.305555909124 -0.206199663393 0.270036628322 0.145080680283 -0.133582683858 -0.248203765497 -0.0190674681924 -0.227151872887 -0.315086972897 -0.271604806385 -0.163780644300 -0.132018594310 -0.208588890367 -0.183403850823 -0.0669676764817 0.0126437835110 0.0387757820632 0.158483543646 0.292519934700 0.0965372437042 -0.164542535526 -0.185159708006 -0.235055824879 -0.0819333361653 0.164270608505 0.0415079660644 -0.0786942944976 -0.118719914184 0.0222627548941 0.298540058203 0.360062940287 0.492227959397 0.0210345994150 -0.201634329794 -0.0599543511502 0.335532469822 0.359516650743 0.0769992318284 -0.0310296464674 0.0251672526602 0.103792708703 0.386448367245 0.362698407487 0.593107792310 0.214976992061 0.322336076644 0.239110617950 0.0220057665316 -0.116048391073 -0.0288604280262 0.199985418047 0.101955905943 -0.0250720083652 0.0536297902164 0.00972987902559
# log_avg_GrowthK:
-1.60943800000
# log_avg_Linf:
4.88280200000
# GrowthK_dev:
 0.00000000000 0.00000000000 0.00000000000 0.00000000000 0.00000000000 0.00000000000 0.00000000000 0.00000000000 0.00000000000 0.00000000000 0.00000000000 0.00000000000 0.00000000000 0.00000000000 0.00000000000 0.00000000000 0.00000000000 0.00000000000 0.00000000000 0.00000000000 0.00000000000 0.00000000000 0.00000000000 0.00000000000 0.00000000000 0.00000000000 0.00000000000 0.00000000000 0.00000000000 0.00000000000 0.00000000000 0.00000000000 0.00000000000 0.00000000000 0.00000000000 0.00000000000 0.00000000000 0.00000000000 0.00000000000 0.00000000000 0.00000000000 0.00000000000 0.00000000000 0.00000000000 0.00000000000 0.00000000000 0.00000000000 0.00000000000 0.00000000000 0.00000000000 0.00000000000 0.00000000000 0.00000000000 0.00000000000 0.00000000000 0.00000000000 0.00000000000 0.00000000000 0.00000000000 0.00000000000 0.00000000000 0.00000000000 0.00000000000 0.00000000000 0.00000000000
# Linf_dev:
 0.00000000000 0.00000000000 0.00000000000 0.00000000000 0.00000000000 0.00000000000 0.00000000000 0.00000000000 0.00000000000 0.00000000000 0.00000000000 0.00000000000 0.00000000000 0.00000000000 0.00000000000 0.00000000000 0.00000000000 0.00000000000 0.00000000000 0.00000000000 0.00000000000 0.00000000000 0.00000000000 0.00000000000 0.00000000000 0.00000000000 0.00000000000 0.00000000000 0.00000000000 0.00000000000 0.00000000000 0.00000000000 0.00000000000 0.00000000000 0.00000000000 0.00000000000 0.00000000000 0.00000000000 0.00000000000 0.00000000000 0.00000000000 0.00000000000 0.00000000000 0.00000000000 0.00000000000 0.00000000000 0.00000000000 0.00000000000 0.00000000000 0.00000000000 0.00000000000 0.00000000000 0.00000000000 0.00000000000 0.00000000000 0.00000000000 0.00000000000 0.00000000000 0.00000000000 0.00000000000 0.00000000000 0.00000000000 0.00000000000 0.00000000000 0.00000000000
# SelPars50:
2.00902488789
# SelPars95:
3.55269575322
# SelPars_dev50:
 0.00000000000 0.00000000000 0.00000000000 0.00000000000 0.00000000000 0.00000000000 0.00000000000 0.00000000000 0.00000000000 0.00000000000 0.00000000000 0.00000000000 0.00000000000 0.00000000000 0.00000000000 0.00000000000 0.00000000000 0.00000000000 0.00000000000 0.00000000000 0.00000000000 0.00000000000 0.00000000000 0.00000000000 0.00000000000 0.00000000000 0.00000000000 0.00000000000 0.00000000000 0.00000000000 0.00000000000 0.00000000000 0.00000000000 0.00000000000 0.00000000000 0.00000000000 0.00000000000 0.00000000000 0.00000000000 0.00000000000 0.00000000000 0.00000000000 0.00000000000 0.00000000000 0.00000000000 0.00000000000 0.00000000000 0.00000000000 0.00000000000 0.00000000000 0.00000000000 0.00000000000 0.00000000000 0.00000000000 0.00000000000 0.00000000000 0.00000000000 0.00000000000 0.00000000000 0.00000000000 0.00000000000 0.00000000000 0.00000000000 0.00000000000 0.00000000000
# SelPars_dev95:
 0.00000000000 0.00000000000 0.00000000000 0.00000000000 0.00000000000 0.00000000000 0.00000000000 0.00000000000 0.00000000000 0.00000000000 0.00000000000 0.00000000000 0.00000000000 0.00000000000 0.00000000000 0.00000000000 0.00000000000 0.00000000000 0.00000000000 0.00000000000 0.00000000000 0.00000000000 0.00000000000 0.00000000000 0.00000000000 0.00000000000 0.00000000000 0.00000000000 0.00000000000 0.00000000000 0.00000000000 0.00000000000 0.00000000000 0.00000000000 0.00000000000 0.00000000000 0.00000000000 0.00000000000 0.00000000000 0.00000000000 0.00000000000 0.00000000000 0.00000000000 0.00000000000 0.00000000000 0.00000000000 0.00000000000 0.00000000000 0.00000000000 0.00000000000 0.00000000000 0.00000000000 0.00000000000 0.00000000000 0.00000000000 0.00000000000 0.00000000000 0.00000000000 0.00000000000 0.00000000000 0.00000000000 0.00000000000 0.00000000000 0.00000000000 0.00000000000
