# Number of parameters = 218 Objective function value = 74279.7  Maximum gradient component = 0.00122727
# srv_sel50:
1.47864252480
# srv_sel95:
2.44048994165
# stNatLen:
 11.2229298648 11.0864290801 10.8881610679 10.6991332178 10.5135803746 10.3108108112 10.0849440334 9.84417781678 9.60092834055 9.36542226164 9.14408505872 8.94016406866 8.75482012299 8.58803554274 8.43916964672 8.30733053787 8.19155628499 8.09091621809 8.00456653852 7.93179028993 7.87200983602 7.82470431239 7.78955940943 7.76630279370 7.75481449101
# log_avg_fmort_dir:
-1.62485463409
# fmort_dir_dev:
 -1.60526881639 -1.67113831446 -1.26111642744 -0.784219904662 -0.659785057986 -0.523111296869 -0.306568838070 -0.121338858865 -0.0588343989444 0.0772344895174 0.107981743670 0.210612897178 0.247717659580 0.350283017188 0.348139409177 0.431712389354 0.575473641157 0.475114558627 0.370314852567 0.302425633191 0.354079168714 0.286050947080 0.341966574115 0.266934724723 0.202543421806 0.164857435221 0.144928597363 0.233346272043 0.150446056554 0.241442020080 0.219278907097 0.125917169993 0.0946950881315 0.0194209649643 -0.120668921151 -0.0509844421934 -0.0781748591735 0.0292365111277 0.114771994919 -0.00967734812831 0.0296353278644 0.0314835914829 0.0809392972588 0.0874407153548 0.0580145557035 0.0238850086070 -0.0601796227300 -0.0121437105552 -0.0456174225773 -0.00934019363268 0.166140954935 0.301781933650 -0.118741171538 -0.479560371212 -0.648985427713 -0.0526301759130 0.201079900135 0.350272313333 0.0310736260434 -0.00223942493642 0.241239731814 0.590411903818
# mean_log_rec:
11.1506778076
# rec_dev:
 0.130075620941 0.140354813893 0.190782552374 0.240274342740 0.261581766500 0.262315846149 0.230830653590 0.178670298066 0.133479678892 0.115749049337 0.124392123796 0.133081378757 0.147086437371 0.144748190838 0.0844163398867 -0.0236781601635 -0.124703294253 -0.159466242978 -0.136350331560 -0.113749526686 -0.128994681854 -0.149479977190 -0.158327563624 -0.158639341500 -0.169727758430 -0.184249946410 -0.203585989820 -0.232810985532 -0.266958273833 -0.267436563627 -0.268925116902 -0.220618490503 -0.151321718930 -0.0554888661713 0.0944379969698 0.0958174097873 0.0265795855566 -0.0370118313179 -0.0458016819281 -0.0143256805091 0.0139870844568 -0.00422005097578 -0.0227322965163 -0.0160609976554 0.0149963972304 0.0439412443835 0.0885600104284 0.103569780707 0.112915568181 0.0781560174416 -0.0262035953954 -0.134899651622 -0.164677906985 -0.0898706580553 0.0265826804602 0.113121165549 0.141117932881 0.146099751458 0.132257270674 0.0582864985024 -0.0389741412960 -0.0389741655765
# log_avg_NatM:
-1.54559954409
# m_dev:
 0.00457591509472 -0.324245204771 -0.416751787688 -0.443926962906 -0.240372548988 -0.200450177536 -0.0484126947520 0.0633799009065 0.00998715343293 -0.154170085501 -0.288604168802 -0.348595072185 -0.384627557879 -0.219194158206 -0.0810641365587 0.0799769750952 0.177573086210 -0.200514169597 -0.419624379589 -0.337665584446 -0.111955693718 -0.0976335450522 -0.0971892033037 -0.0371499694685 0.00254724494986 -0.0457828156769 0.00331127150193 0.0963261421863 -0.00751497468290 -0.118613183781 0.00488668128859 -0.328254395757 -0.431314435852 -0.467973499571 -0.139729921468 0.574314583143 0.347961384058 0.401331278127 0.173809042002 -0.0208606251269 0.0551669676989 0.266162269170 0.223224390823 0.115077173128 0.0759016033236 0.0814966230757 -0.0306901798088 0.241569398460 0.0965079329149 0.272391497378 0.537591766559 0.478350701485 0.209990372696 -0.150925877397 -0.232878245463 -0.137320830684 0.120597721642 0.0980196908580 0.137198614497 0.321526027106 0.682452232115 0.610800445293
# log_avg_GrowthK:
-1.60943800000
# log_avg_Linf:
4.88280200000
# GrowthK_dev:
 0.00000000000 0.00000000000 0.00000000000 0.00000000000 0.00000000000 0.00000000000 0.00000000000 0.00000000000 0.00000000000 0.00000000000 0.00000000000 0.00000000000 0.00000000000 0.00000000000 0.00000000000 0.00000000000 0.00000000000 0.00000000000 0.00000000000 0.00000000000 0.00000000000 0.00000000000 0.00000000000 0.00000000000 0.00000000000 0.00000000000 0.00000000000 0.00000000000 0.00000000000 0.00000000000 0.00000000000 0.00000000000 0.00000000000 0.00000000000 0.00000000000 0.00000000000 0.00000000000 0.00000000000 0.00000000000 0.00000000000 0.00000000000 0.00000000000 0.00000000000 0.00000000000 0.00000000000 0.00000000000 0.00000000000 0.00000000000 0.00000000000 0.00000000000 0.00000000000 0.00000000000 0.00000000000 0.00000000000 0.00000000000 0.00000000000 0.00000000000 0.00000000000 0.00000000000 0.00000000000 0.00000000000 0.00000000000
# Linf_dev:
 0.00000000000 0.00000000000 0.00000000000 0.00000000000 0.00000000000 0.00000000000 0.00000000000 0.00000000000 0.00000000000 0.00000000000 0.00000000000 0.00000000000 0.00000000000 0.00000000000 0.00000000000 0.00000000000 0.00000000000 0.00000000000 0.00000000000 0.00000000000 0.00000000000 0.00000000000 0.00000000000 0.00000000000 0.00000000000 0.00000000000 0.00000000000 0.00000000000 0.00000000000 0.00000000000 0.00000000000 0.00000000000 0.00000000000 0.00000000000 0.00000000000 0.00000000000 0.00000000000 0.00000000000 0.00000000000 0.00000000000 0.00000000000 0.00000000000 0.00000000000 0.00000000000 0.00000000000 0.00000000000 0.00000000000 0.00000000000 0.00000000000 0.00000000000 0.00000000000 0.00000000000 0.00000000000 0.00000000000 0.00000000000 0.00000000000 0.00000000000 0.00000000000 0.00000000000 0.00000000000 0.00000000000 0.00000000000
# SelPars50:
2.02402005340
# SelPars95:
3.59258334694
# SelPars_dev50:
 0.00000000000 0.00000000000 0.00000000000 0.00000000000 0.00000000000 0.00000000000 0.00000000000 0.00000000000 0.00000000000 0.00000000000 0.00000000000 0.00000000000 0.00000000000 0.00000000000 0.00000000000 0.00000000000 0.00000000000 0.00000000000 0.00000000000 0.00000000000 0.00000000000 0.00000000000 0.00000000000 0.00000000000 0.00000000000 0.00000000000 0.00000000000 0.00000000000 0.00000000000 0.00000000000 0.00000000000 0.00000000000 0.00000000000 0.00000000000 0.00000000000 0.00000000000 0.00000000000 0.00000000000 0.00000000000 0.00000000000 0.00000000000 0.00000000000 0.00000000000 0.00000000000 0.00000000000 0.00000000000 0.00000000000 0.00000000000 0.00000000000 0.00000000000 0.00000000000 0.00000000000 0.00000000000 0.00000000000 0.00000000000 0.00000000000 0.00000000000 0.00000000000 0.00000000000 0.00000000000 0.00000000000 0.00000000000
# SelPars_dev95:
 0.00000000000 0.00000000000 0.00000000000 0.00000000000 0.00000000000 0.00000000000 0.00000000000 0.00000000000 0.00000000000 0.00000000000 0.00000000000 0.00000000000 0.00000000000 0.00000000000 0.00000000000 0.00000000000 0.00000000000 0.00000000000 0.00000000000 0.00000000000 0.00000000000 0.00000000000 0.00000000000 0.00000000000 0.00000000000 0.00000000000 0.00000000000 0.00000000000 0.00000000000 0.00000000000 0.00000000000 0.00000000000 0.00000000000 0.00000000000 0.00000000000 0.00000000000 0.00000000000 0.00000000000 0.00000000000 0.00000000000 0.00000000000 0.00000000000 0.00000000000 0.00000000000 0.00000000000 0.00000000000 0.00000000000 0.00000000000 0.00000000000 0.00000000000 0.00000000000 0.00000000000 0.00000000000 0.00000000000 0.00000000000 0.00000000000 0.00000000000 0.00000000000 0.00000000000 0.00000000000 0.00000000000 0.00000000000
