# Number of parameters = 149 Objective function value = 70872.1211516374  Maximum gradient component = 0.00102815081507590
# srv_sel50:
1.51356729395
# srv_sel95:
2.53824912697
# stNatLen:
 11.4352694023 11.2903227463 11.0772145151 10.8806744265 10.6977751135 10.5042007958 10.2876698292 10.0515191956 9.80664196618 9.56411634241 9.33205061294 9.11529657925 8.91625867397 8.73576749350 8.57373872894 8.42959591290 8.30256868838 8.19184662180 8.09667760062 8.01635806766 7.95028921913 7.89794385934 7.85897000559 7.83305457128 7.82007960338
# log_avg_fmort_dir:
-1.65871337848
# fmort_dir_dev:
 -1.74689247484 -1.67552081755 -1.34703306675 -0.884750321968 -0.640928768097 -0.421877274443 -0.305804521251 -0.171780944500 0.0300254353207 0.0109861361374 0.156540768322 0.263623213883 0.327206176222 0.448352131275 0.431480158013 0.452813556267 0.462753825222 0.572986048487 0.393770544675 0.384706836690 0.424680049295 0.464285798438 0.413054517491 0.405758836174 0.291392560345 0.217326836876 0.240901968226 0.317456518554 0.271058829056 0.165610357974 0.211179488681 0.125836375266 0.178964295848 0.140145344056 0.117013047680 0.0655346704294 0.0580528399952 0.0628394547886 -0.00776519047655 0.159073732687 0.0603558638308 0.0869366281854 0.0998763845180 0.118727614544 0.139571168309 0.0412567894224 0.0850847329273 0.125471311576 0.121663355630 0.0784983718475 -0.577232509513 -0.444104717115 -0.541187083671 -0.309794983933 -0.130043693645 -0.00242185926292 -0.0898210909801 0.100255629985 -0.0261488851481
# mean_log_rec:
11.1309208510
# rec_dev:
 0.374289226419 0.357802425507 0.359382436679 0.359571805941 0.354349083293 0.342487426864 0.321574820945 0.292863718598 0.273843721781 0.253647763992 0.219837922168 0.187408782521 0.160202820450 0.142817393774 0.119793794615 0.0787438014844 0.0391428069343 0.0280421586657 0.00450343681164 -0.0470237262874 -0.0975363170537 -0.127613446058 -0.144228577277 -0.166677306167 -0.183018600849 -0.190484029840 -0.206914156192 -0.212038879322 -0.202632972651 -0.188393796018 -0.180874507609 -0.186833639379 -0.186870724012 -0.186251148944 -0.180898602331 -0.165806129203 -0.144800283848 -0.121800958652 -0.121985356350 -0.108894770452 -0.0970616425200 -0.0957730724537 -0.0990165030896 -0.101855725094 -0.101895533108 -0.105063276121 -0.0982400077898 -0.0778802985270 -0.0548234162072 -0.0445978904509 -0.0503620057650 -0.0390661938162 -0.0119753007418 0.00344135945159 0.00273682186753 0.0131125261088 0.0189042044202 0.0103442787098 0.0103442561798
# log_avg_NatM:
-1.60943800000
# m_dev:
 0.00000000000 0.00000000000 0.00000000000 0.00000000000 0.00000000000 0.00000000000 0.00000000000 0.00000000000 0.00000000000 0.00000000000 0.00000000000 0.00000000000 0.00000000000 0.00000000000 0.00000000000 0.00000000000 0.00000000000 0.00000000000 0.00000000000 0.00000000000 0.00000000000 0.00000000000 0.00000000000 0.00000000000 0.00000000000 0.00000000000 0.00000000000 0.00000000000 0.00000000000 0.00000000000 0.00000000000 0.00000000000 0.00000000000 0.00000000000 0.00000000000 0.00000000000 0.00000000000 0.00000000000 0.00000000000 0.00000000000 0.00000000000 0.00000000000 0.00000000000 0.00000000000 0.00000000000 0.00000000000 0.00000000000 0.00000000000 0.00000000000 0.00000000000 0.00000000000 0.00000000000 0.00000000000 0.00000000000 0.00000000000 0.00000000000 0.00000000000 0.00000000000 0.00000000000
# log_avg_GrowthK:
-1.60943800000
# log_avg_Linf:
4.88280200000
# GrowthK_dev:
 0.00000000000 0.00000000000 0.00000000000 0.00000000000 0.00000000000 0.00000000000 0.00000000000 0.00000000000 0.00000000000 0.00000000000 0.00000000000 0.00000000000 0.00000000000 0.00000000000 0.00000000000 0.00000000000 0.00000000000 0.00000000000 0.00000000000 0.00000000000 0.00000000000 0.00000000000 0.00000000000 0.00000000000 0.00000000000 0.00000000000 0.00000000000 0.00000000000 0.00000000000 0.00000000000 0.00000000000 0.00000000000 0.00000000000 0.00000000000 0.00000000000 0.00000000000 0.00000000000 0.00000000000 0.00000000000 0.00000000000 0.00000000000 0.00000000000 0.00000000000 0.00000000000 0.00000000000 0.00000000000 0.00000000000 0.00000000000 0.00000000000 0.00000000000 0.00000000000 0.00000000000 0.00000000000 0.00000000000 0.00000000000 0.00000000000 0.00000000000 0.00000000000 0.00000000000
# Linf_dev:
 0.00000000000 0.00000000000 0.00000000000 0.00000000000 0.00000000000 0.00000000000 0.00000000000 0.00000000000 0.00000000000 0.00000000000 0.00000000000 0.00000000000 0.00000000000 0.00000000000 0.00000000000 0.00000000000 0.00000000000 0.00000000000 0.00000000000 0.00000000000 0.00000000000 0.00000000000 0.00000000000 0.00000000000 0.00000000000 0.00000000000 0.00000000000 0.00000000000 0.00000000000 0.00000000000 0.00000000000 0.00000000000 0.00000000000 0.00000000000 0.00000000000 0.00000000000 0.00000000000 0.00000000000 0.00000000000 0.00000000000 0.00000000000 0.00000000000 0.00000000000 0.00000000000 0.00000000000 0.00000000000 0.00000000000 0.00000000000 0.00000000000 0.00000000000 0.00000000000 0.00000000000 0.00000000000 0.00000000000 0.00000000000 0.00000000000 0.00000000000 0.00000000000 0.00000000000
# SelPars50:
2.09185638755
# SelPars95:
3.77200482909
# SelPars_dev50:
 0.00000000000 0.00000000000 0.00000000000 0.00000000000 0.00000000000 0.00000000000 0.00000000000 0.00000000000 0.00000000000 0.00000000000 0.00000000000 0.00000000000 0.00000000000 0.00000000000 0.00000000000 0.00000000000 0.00000000000 0.00000000000 0.00000000000 0.00000000000 0.00000000000 0.00000000000 0.00000000000 0.00000000000 0.00000000000 0.00000000000 0.00000000000 0.00000000000 0.00000000000 0.00000000000 0.00000000000 0.00000000000 0.00000000000 0.00000000000 0.00000000000 0.00000000000 0.00000000000 0.00000000000 0.00000000000 0.00000000000 0.00000000000 0.00000000000 0.00000000000 0.00000000000 0.00000000000 0.00000000000 0.00000000000 0.00000000000 0.00000000000 0.00000000000 0.00000000000 0.00000000000 0.00000000000 0.00000000000 0.00000000000 0.00000000000 0.00000000000 0.00000000000 0.00000000000
# SelPars_dev95:
 0.00000000000 0.00000000000 0.00000000000 0.00000000000 0.00000000000 0.00000000000 0.00000000000 0.00000000000 0.00000000000 0.00000000000 0.00000000000 0.00000000000 0.00000000000 0.00000000000 0.00000000000 0.00000000000 0.00000000000 0.00000000000 0.00000000000 0.00000000000 0.00000000000 0.00000000000 0.00000000000 0.00000000000 0.00000000000 0.00000000000 0.00000000000 0.00000000000 0.00000000000 0.00000000000 0.00000000000 0.00000000000 0.00000000000 0.00000000000 0.00000000000 0.00000000000 0.00000000000 0.00000000000 0.00000000000 0.00000000000 0.00000000000 0.00000000000 0.00000000000 0.00000000000 0.00000000000 0.00000000000 0.00000000000 0.00000000000 0.00000000000 0.00000000000 0.00000000000 0.00000000000 0.00000000000 0.00000000000 0.00000000000 0.00000000000 0.00000000000 0.00000000000 0.00000000000
