# Number of parameters = 221 Objective function value = 75402.4  Maximum gradient component = 0.000134301
# srv_sel50:
1.48044069301
# srv_sel95:
2.44692723383
# stNatLen:
 11.3207582483 11.1644526105 10.9369383403 10.7097110425 10.4860585478 10.2533297933 10.0081222518 9.75703807331 9.50960667679 9.27354650107 9.05356367186 8.85186848496 8.66904984691 8.50477712213 8.35825804072 8.22853109566 8.11463334637 8.01566475099 7.93078898673 7.85927821049 7.80051415699 7.75403795312 7.71953841531 7.69672945840 7.68534567490
# log_avg_fmort_dir:
-1.57440005087
# fmort_dir_dev:
 -0.497874835910 -0.403959467663 -0.351015265634 -0.213378397212 -0.111946723479 -0.0705654579536 0.150146843886 0.153607193639 0.266880797093 0.268790588100 0.358269873925 0.338673765184 0.346856174291 0.403401263660 0.208089314114 0.262562865458 0.212132705540 0.0602934459300 0.0827241666375 0.129586843383 0.211035997128 0.128958931435 0.0618925986716 0.140843312851 0.00998569591781 0.0467658038867 0.0492354142105 0.0566078295899 -0.0327388834095 0.0965531872096 0.131506034960 0.110554278669 0.0856742113524 0.0253331573143 0.00994469962845 -0.0317402537523 0.0369902830326 0.0227545708642 0.0306682706359 -0.0702267790741 0.0403255504283 0.0287710859460 -0.0305001645292 -0.121790983028 -0.0555740524750 -0.117398376948 0.343568074064 -0.500284176930 -0.0829941515983 -0.861246056452 -0.0741087402515 -0.0493193719512 0.120258646020 0.185138317446 0.0341960678762 -0.0502606383366 -0.0499124129174 0.0907582041662 0.0689968520411 -0.188211575542 -0.133491720085 -0.397338105843 -0.913456325210
# mean_log_rec:
11.1416096789
# rec_dev:
 0.249238396410 0.228447241299 0.241869877677 0.264464054109 0.265170015482 0.216822190359 0.177879451034 0.167062281787 0.175535003619 0.176733951831 0.124963987901 0.0411835971361 -0.00991393381818 -0.0163061043766 -0.0144524905394 0.00692678513496 0.0398098428736 0.0242656014413 -0.0709252660954 -0.166704480153 -0.194620215889 -0.173485375572 -0.121360588312 -0.0901332494317 -0.0964213063278 -0.163031150159 -0.211638953138 -0.236124755868 -0.276889592129 -0.324394707776 -0.233176279197 -0.0972177658974 -0.0473296006004 -0.0350533449131 -0.0238201763061 -0.0151204136276 -0.0187903900928 -0.0120136009202 0.0270698519200 0.0408571200548 0.0414946922508 0.0477756112879 0.104508803483 0.174203983683 0.131208805853 0.00473573643109 -0.116164786793 -0.202938668701 -0.176374943814 -0.0961054860855 -0.00799020057969 0.0461665639674 0.0425606278320 0.0299533401457 0.0227908502041 0.0321545712689 0.0439007956285 0.0475759468902 0.0191576090493 -0.0250998717574 -0.00901869879207 0.0130645996028 0.0130646100153
# log_avg_NatM:
-1.53288085621
# m_dev:
 -0.334905548655 -0.190961581232 -0.287314120570 -0.376235558047 -0.210906848652 0.00735069657560 -0.0629883406551 -0.239745159746 -0.439518656925 -0.321715933807 -0.00750068948827 0.114847602467 -0.0747886801968 -0.166336269163 -0.155010858970 -0.279267824773 -0.255862169807 0.0789028389752 0.337780465799 0.316440932876 0.0473113893240 -0.187288119067 -0.340917920321 -0.204785932739 -0.0486598918161 0.317433891766 0.131963498807 0.0473259921297 0.00941777647055 0.198411994594 -0.0441968255504 -0.216781288736 -0.0641410447314 0.0468698492603 0.0895595163529 0.0819040093988 0.197752096352 0.106453436362 -0.0555197471636 0.119341462376 0.173425549857 0.191657685944 -0.188654157683 -0.128487364660 0.333200117532 0.596048892652 0.407025722145 0.458233975867 -0.0350309022067 -0.181853881871 -0.238738551208 -0.0713309825579 0.0902991330928 0.165413102693 0.128931380892 0.0232832028038 0.0428194173406 0.145877142947 0.201134541185 0.324853694903 0.167959550143 -0.169435465344 -0.120350243541
# log_avg_GrowthK:
-1.60943800000
# log_avg_Linf:
4.88280200000
# GrowthK_dev:
 0.00000000000 0.00000000000 0.00000000000 0.00000000000 0.00000000000 0.00000000000 0.00000000000 0.00000000000 0.00000000000 0.00000000000 0.00000000000 0.00000000000 0.00000000000 0.00000000000 0.00000000000 0.00000000000 0.00000000000 0.00000000000 0.00000000000 0.00000000000 0.00000000000 0.00000000000 0.00000000000 0.00000000000 0.00000000000 0.00000000000 0.00000000000 0.00000000000 0.00000000000 0.00000000000 0.00000000000 0.00000000000 0.00000000000 0.00000000000 0.00000000000 0.00000000000 0.00000000000 0.00000000000 0.00000000000 0.00000000000 0.00000000000 0.00000000000 0.00000000000 0.00000000000 0.00000000000 0.00000000000 0.00000000000 0.00000000000 0.00000000000 0.00000000000 0.00000000000 0.00000000000 0.00000000000 0.00000000000 0.00000000000 0.00000000000 0.00000000000 0.00000000000 0.00000000000 0.00000000000 0.00000000000 0.00000000000 0.00000000000
# Linf_dev:
 0.00000000000 0.00000000000 0.00000000000 0.00000000000 0.00000000000 0.00000000000 0.00000000000 0.00000000000 0.00000000000 0.00000000000 0.00000000000 0.00000000000 0.00000000000 0.00000000000 0.00000000000 0.00000000000 0.00000000000 0.00000000000 0.00000000000 0.00000000000 0.00000000000 0.00000000000 0.00000000000 0.00000000000 0.00000000000 0.00000000000 0.00000000000 0.00000000000 0.00000000000 0.00000000000 0.00000000000 0.00000000000 0.00000000000 0.00000000000 0.00000000000 0.00000000000 0.00000000000 0.00000000000 0.00000000000 0.00000000000 0.00000000000 0.00000000000 0.00000000000 0.00000000000 0.00000000000 0.00000000000 0.00000000000 0.00000000000 0.00000000000 0.00000000000 0.00000000000 0.00000000000 0.00000000000 0.00000000000 0.00000000000 0.00000000000 0.00000000000 0.00000000000 0.00000000000 0.00000000000 0.00000000000 0.00000000000 0.00000000000
# SelPars50:
2.02398634184
# SelPars95:
3.59643603992
# SelPars_dev50:
 0.00000000000 0.00000000000 0.00000000000 0.00000000000 0.00000000000 0.00000000000 0.00000000000 0.00000000000 0.00000000000 0.00000000000 0.00000000000 0.00000000000 0.00000000000 0.00000000000 0.00000000000 0.00000000000 0.00000000000 0.00000000000 0.00000000000 0.00000000000 0.00000000000 0.00000000000 0.00000000000 0.00000000000 0.00000000000 0.00000000000 0.00000000000 0.00000000000 0.00000000000 0.00000000000 0.00000000000 0.00000000000 0.00000000000 0.00000000000 0.00000000000 0.00000000000 0.00000000000 0.00000000000 0.00000000000 0.00000000000 0.00000000000 0.00000000000 0.00000000000 0.00000000000 0.00000000000 0.00000000000 0.00000000000 0.00000000000 0.00000000000 0.00000000000 0.00000000000 0.00000000000 0.00000000000 0.00000000000 0.00000000000 0.00000000000 0.00000000000 0.00000000000 0.00000000000 0.00000000000 0.00000000000 0.00000000000 0.00000000000
# SelPars_dev95:
 0.00000000000 0.00000000000 0.00000000000 0.00000000000 0.00000000000 0.00000000000 0.00000000000 0.00000000000 0.00000000000 0.00000000000 0.00000000000 0.00000000000 0.00000000000 0.00000000000 0.00000000000 0.00000000000 0.00000000000 0.00000000000 0.00000000000 0.00000000000 0.00000000000 0.00000000000 0.00000000000 0.00000000000 0.00000000000 0.00000000000 0.00000000000 0.00000000000 0.00000000000 0.00000000000 0.00000000000 0.00000000000 0.00000000000 0.00000000000 0.00000000000 0.00000000000 0.00000000000 0.00000000000 0.00000000000 0.00000000000 0.00000000000 0.00000000000 0.00000000000 0.00000000000 0.00000000000 0.00000000000 0.00000000000 0.00000000000 0.00000000000 0.00000000000 0.00000000000 0.00000000000 0.00000000000 0.00000000000 0.00000000000 0.00000000000 0.00000000000 0.00000000000 0.00000000000 0.00000000000 0.00000000000 0.00000000000 0.00000000000
