# Number of parameters = 131 Objective function value = 59862.5442593016  Maximum gradient component = 0.00131195257605749
# srv_sel50:
1.71706418087
# srv_sel95:
3.11111577981
# stNatLen:
 11.8486541548 11.6557651907 11.3762524011 11.1449322659 10.9647767809 10.7945724885 10.5991988380 10.3664053703 10.1038420166 9.82751242656 9.55257508854 9.28971355507 9.04514181217 8.82182108706 8.62069118354 8.44157020425 8.28371468924 8.14618314737 8.02798304631 7.92823448541 7.84615078113 7.78109307217 7.73264880198 7.70051973332 7.68450815303
# log_avg_fmort_dir:
-1.64730341483
# fmort_dir_dev:
 -1.98739123251 -1.93075836019 -1.42046044650 -1.03441698221 -0.795770300799 -0.539809120934 -0.409108093013 -0.210113327214 -0.0347018469168 0.0552028494160 0.164262327740 0.249358623536 0.432787625151 0.430889830512 0.539450739876 0.463928223178 0.428625177095 0.534875197010 0.478251287949 0.397278684152 0.354762950411 0.282211340246 0.317620746411 0.245619385352 0.248411363037 0.166988291720 0.300924786007 0.214786381758 0.178268607300 0.204623381269 0.0525816500711 0.117888286152 0.170295946664 0.179523648037 0.196590780006 0.106256041494 0.185064368673 0.103865484998 0.0593191834574 0.00715771304711 0.134249689295 0.144804591966 0.0395010227828 0.150557453735 0.0523084868012 0.139297464412 0.0365131801497 -0.0188117386612 -0.0227449950000 -0.160816346915
# mean_log_rec:
11.4247059035
# rec_dev:
 0.468922503544 0.441434443731 0.431075776143 0.427413886642 0.420217589118 0.404872532797 0.392053829010 0.364792110704 0.337663218235 0.313070050304 0.280792135510 0.243470985547 0.213355029223 0.160534519289 0.0890223792826 0.0434774632129 0.00645182653647 -0.0337184170450 -0.0638118868332 -0.0811651794572 -0.123068456026 -0.145454084857 -0.168745459380 -0.184725358779 -0.174528237801 -0.175275323080 -0.193447934292 -0.206406583631 -0.220583801425 -0.245335813487 -0.264892294121 -0.308368618283 -0.376696833863 -0.412069915436 -0.348827650157 -0.298656945693 -0.292333486403 -0.289598086442 -0.270351437955 -0.234222575136 -0.191028449806 -0.146633084721 -0.116559696602 -0.0869487834123 -0.0298310468907 0.0371048852921 0.123940873508 0.172724401689 0.155447563359 0.155447438334
# log_avg_NatM:
-1.47890400000
# m_dev:
 0.00000000000 0.00000000000 0.00000000000 0.00000000000 0.00000000000 0.00000000000 0.00000000000 0.00000000000 0.00000000000 0.00000000000 0.00000000000 0.00000000000 0.00000000000 0.00000000000 0.00000000000 0.00000000000 0.00000000000 0.00000000000 0.00000000000 0.00000000000 0.00000000000 0.00000000000 0.00000000000 0.00000000000 0.00000000000 0.00000000000 0.00000000000 0.00000000000 0.00000000000 0.00000000000 0.00000000000 0.00000000000 0.00000000000 0.00000000000 0.00000000000 0.00000000000 0.00000000000 0.00000000000 0.00000000000 0.00000000000 0.00000000000 0.00000000000 0.00000000000 0.00000000000 0.00000000000 0.00000000000 0.00000000000 0.00000000000 0.00000000000 0.00000000000
# log_avg_GrowthK:
-1.60943800000
# log_avg_Linf:
4.88280200000
# GrowthK_dev:
 0.00000000000 0.00000000000 0.00000000000 0.00000000000 0.00000000000 0.00000000000 0.00000000000 0.00000000000 0.00000000000 0.00000000000 0.00000000000 0.00000000000 0.00000000000 0.00000000000 0.00000000000 0.00000000000 0.00000000000 0.00000000000 0.00000000000 0.00000000000 0.00000000000 0.00000000000 0.00000000000 0.00000000000 0.00000000000 0.00000000000 0.00000000000 0.00000000000 0.00000000000 0.00000000000 0.00000000000 0.00000000000 0.00000000000 0.00000000000 0.00000000000 0.00000000000 0.00000000000 0.00000000000 0.00000000000 0.00000000000 0.00000000000 0.00000000000 0.00000000000 0.00000000000 0.00000000000 0.00000000000 0.00000000000 0.00000000000 0.00000000000 0.00000000000
# Linf_dev:
 0.00000000000 0.00000000000 0.00000000000 0.00000000000 0.00000000000 0.00000000000 0.00000000000 0.00000000000 0.00000000000 0.00000000000 0.00000000000 0.00000000000 0.00000000000 0.00000000000 0.00000000000 0.00000000000 0.00000000000 0.00000000000 0.00000000000 0.00000000000 0.00000000000 0.00000000000 0.00000000000 0.00000000000 0.00000000000 0.00000000000 0.00000000000 0.00000000000 0.00000000000 0.00000000000 0.00000000000 0.00000000000 0.00000000000 0.00000000000 0.00000000000 0.00000000000 0.00000000000 0.00000000000 0.00000000000 0.00000000000 0.00000000000 0.00000000000 0.00000000000 0.00000000000 0.00000000000 0.00000000000 0.00000000000 0.00000000000 0.00000000000 0.00000000000
# SelPars50:
2.36327110106
# SelPars95:
4.36847314881
# SelPars_dev50:
 0.00000000000 0.00000000000 0.00000000000 0.00000000000 0.00000000000 0.00000000000 0.00000000000 0.00000000000 0.00000000000 0.00000000000 0.00000000000 0.00000000000 0.00000000000 0.00000000000 0.00000000000 0.00000000000 0.00000000000 0.00000000000 0.00000000000 0.00000000000 0.00000000000 0.00000000000 0.00000000000 0.00000000000 0.00000000000 0.00000000000 0.00000000000 0.00000000000 0.00000000000 0.00000000000 0.00000000000 0.00000000000 0.00000000000 0.00000000000 0.00000000000 0.00000000000 0.00000000000 0.00000000000 0.00000000000 0.00000000000 0.00000000000 0.00000000000 0.00000000000 0.00000000000 0.00000000000 0.00000000000 0.00000000000 0.00000000000 0.00000000000 0.00000000000
# SelPars_dev95:
 0.00000000000 0.00000000000 0.00000000000 0.00000000000 0.00000000000 0.00000000000 0.00000000000 0.00000000000 0.00000000000 0.00000000000 0.00000000000 0.00000000000 0.00000000000 0.00000000000 0.00000000000 0.00000000000 0.00000000000 0.00000000000 0.00000000000 0.00000000000 0.00000000000 0.00000000000 0.00000000000 0.00000000000 0.00000000000 0.00000000000 0.00000000000 0.00000000000 0.00000000000 0.00000000000 0.00000000000 0.00000000000 0.00000000000 0.00000000000 0.00000000000 0.00000000000 0.00000000000 0.00000000000 0.00000000000 0.00000000000 0.00000000000 0.00000000000 0.00000000000 0.00000000000 0.00000000000 0.00000000000 0.00000000000 0.00000000000 0.00000000000 0.00000000000
