# Number of parameters = 135 Objective function value = 62279.7291187687  Maximum gradient component = 0.00704142797422055
# srv_sel50:
1.70360719172
# srv_sel95:
3.07086121744
# stNatLen:
 11.8475683438 11.6569277347 11.3800773144 11.1498941484 10.9698784982 10.7994813771 10.6037591719 10.3704240185 10.1071351192 9.82997425565 9.55418941615 9.29052597521 9.04523216846 8.82127999686 8.61960773826 8.44002616337 8.28178515267 8.14393480193 8.02547425021 7.92551690016 7.84326845894 7.77808602578 7.72955172494 7.69736544496 7.68132505232
# log_avg_fmort_dir:
-1.63348852969
# fmort_dir_dev:
 -2.00478990335 -1.94771233348 -1.43758432894 -1.05161874684 -0.812999801820 -0.557046862718 -0.426330104822 -0.227350655721 -0.0519735255653 0.0378851014453 0.146888273569 0.231911934199 0.415176762326 0.413164665219 0.521579903322 0.446018251079 0.410682726693 0.516831230301 0.460153143376 0.379206357021 0.336732060530 0.264287471892 0.299709294296 0.227771474522 0.230596314431 0.149216124281 0.283112843243 0.197003462948 0.160528058398 0.186916191817 0.0350060910482 0.100379638923 0.152849654804 0.162157466626 0.179340302568 0.0892330775925 0.168258970651 0.0873565054751 0.0432546887511 -0.00822917638220 0.119767059343 0.131660771216 0.0282728527367 0.142091750964 0.0478658570325 0.140726858230 0.0461877356502 0.00226941022257 0.0144965864209 -0.0976724056739 0.381027592908 0.235733329246
# mean_log_rec:
11.4243258914
# rec_dev:
 0.469677544154 0.442119151642 0.431719873786 0.427967600449 0.420879209598 0.405556268059 0.392778911987 0.365667322995 0.338478154078 0.313948482325 0.281812539100 0.244357229165 0.214341360449 0.161907294642 0.0903600012077 0.0447383219609 0.00760932258880 -0.0323224476122 -0.0626589648332 -0.0796992436788 -0.121511567961 -0.144160412502 -0.167187484134 -0.183404086196 -0.173200323892 -0.173930983648 -0.191980990294 -0.205098445372 -0.219259124304 -0.244084355051 -0.263896204718 -0.307387236804 -0.376060128580 -0.411850991405 -0.348628310535 -0.299242419961 -0.293705312598 -0.292065999119 -0.274700824760 -0.241182134807 -0.201679130319 -0.162540569454 -0.139935421213 -0.121251079022 -0.0797947621669 -0.0347876804172 0.0150699020470 0.0462252826132 0.113495554739 0.202892387800 0.207802490944 0.207802429026
# log_avg_NatM:
-1.47890400000
# m_dev:
 0.00000000000 0.00000000000 0.00000000000 0.00000000000 0.00000000000 0.00000000000 0.00000000000 0.00000000000 0.00000000000 0.00000000000 0.00000000000 0.00000000000 0.00000000000 0.00000000000 0.00000000000 0.00000000000 0.00000000000 0.00000000000 0.00000000000 0.00000000000 0.00000000000 0.00000000000 0.00000000000 0.00000000000 0.00000000000 0.00000000000 0.00000000000 0.00000000000 0.00000000000 0.00000000000 0.00000000000 0.00000000000 0.00000000000 0.00000000000 0.00000000000 0.00000000000 0.00000000000 0.00000000000 0.00000000000 0.00000000000 0.00000000000 0.00000000000 0.00000000000 0.00000000000 0.00000000000 0.00000000000 0.00000000000 0.00000000000 0.00000000000 0.00000000000 0.00000000000 0.00000000000
# log_avg_GrowthK:
-1.60943800000
# log_avg_Linf:
4.88280200000
# GrowthK_dev:
 0.00000000000 0.00000000000 0.00000000000 0.00000000000 0.00000000000 0.00000000000 0.00000000000 0.00000000000 0.00000000000 0.00000000000 0.00000000000 0.00000000000 0.00000000000 0.00000000000 0.00000000000 0.00000000000 0.00000000000 0.00000000000 0.00000000000 0.00000000000 0.00000000000 0.00000000000 0.00000000000 0.00000000000 0.00000000000 0.00000000000 0.00000000000 0.00000000000 0.00000000000 0.00000000000 0.00000000000 0.00000000000 0.00000000000 0.00000000000 0.00000000000 0.00000000000 0.00000000000 0.00000000000 0.00000000000 0.00000000000 0.00000000000 0.00000000000 0.00000000000 0.00000000000 0.00000000000 0.00000000000 0.00000000000 0.00000000000 0.00000000000 0.00000000000 0.00000000000 0.00000000000
# Linf_dev:
 0.00000000000 0.00000000000 0.00000000000 0.00000000000 0.00000000000 0.00000000000 0.00000000000 0.00000000000 0.00000000000 0.00000000000 0.00000000000 0.00000000000 0.00000000000 0.00000000000 0.00000000000 0.00000000000 0.00000000000 0.00000000000 0.00000000000 0.00000000000 0.00000000000 0.00000000000 0.00000000000 0.00000000000 0.00000000000 0.00000000000 0.00000000000 0.00000000000 0.00000000000 0.00000000000 0.00000000000 0.00000000000 0.00000000000 0.00000000000 0.00000000000 0.00000000000 0.00000000000 0.00000000000 0.00000000000 0.00000000000 0.00000000000 0.00000000000 0.00000000000 0.00000000000 0.00000000000 0.00000000000 0.00000000000 0.00000000000 0.00000000000 0.00000000000 0.00000000000 0.00000000000
# SelPars50:
2.35037104277
# SelPars95:
4.34431391530
# SelPars_dev50:
 0.00000000000 0.00000000000 0.00000000000 0.00000000000 0.00000000000 0.00000000000 0.00000000000 0.00000000000 0.00000000000 0.00000000000 0.00000000000 0.00000000000 0.00000000000 0.00000000000 0.00000000000 0.00000000000 0.00000000000 0.00000000000 0.00000000000 0.00000000000 0.00000000000 0.00000000000 0.00000000000 0.00000000000 0.00000000000 0.00000000000 0.00000000000 0.00000000000 0.00000000000 0.00000000000 0.00000000000 0.00000000000 0.00000000000 0.00000000000 0.00000000000 0.00000000000 0.00000000000 0.00000000000 0.00000000000 0.00000000000 0.00000000000 0.00000000000 0.00000000000 0.00000000000 0.00000000000 0.00000000000 0.00000000000 0.00000000000 0.00000000000 0.00000000000 0.00000000000 0.00000000000
# SelPars_dev95:
 0.00000000000 0.00000000000 0.00000000000 0.00000000000 0.00000000000 0.00000000000 0.00000000000 0.00000000000 0.00000000000 0.00000000000 0.00000000000 0.00000000000 0.00000000000 0.00000000000 0.00000000000 0.00000000000 0.00000000000 0.00000000000 0.00000000000 0.00000000000 0.00000000000 0.00000000000 0.00000000000 0.00000000000 0.00000000000 0.00000000000 0.00000000000 0.00000000000 0.00000000000 0.00000000000 0.00000000000 0.00000000000 0.00000000000 0.00000000000 0.00000000000 0.00000000000 0.00000000000 0.00000000000 0.00000000000 0.00000000000 0.00000000000 0.00000000000 0.00000000000 0.00000000000 0.00000000000 0.00000000000 0.00000000000 0.00000000000 0.00000000000 0.00000000000 0.00000000000 0.00000000000
