# Number of parameters = 141 Objective function value = 65856.0  Maximum gradient component = 0.00125756
# srv_sel50:
1.64150319438
# srv_sel95:
2.89085696794
# stNatLen:
 11.8836325011 11.7032100913 11.4502348147 11.2347227939 11.0531950580 10.8714116443 10.6656531218 10.4318651741 10.1793785048 9.92141709059 9.66926063907 9.43048772741 9.20937163148 9.00786866781 8.82645307115 8.66481901680 8.52227584523 8.39798690217 8.29108569179 8.20079714826 8.12651922407 8.06773860405 8.02403824718 7.99511138574 7.98070761288
# log_avg_fmort_dir:
-1.66761698150
# fmort_dir_dev:
 -2.04849545729 -2.02445512009 -1.45346696495 -1.14299264653 -0.746493570819 -0.543481356015 -0.424055886649 -0.298406897807 -0.144178926708 -0.0524472331109 0.130515764664 0.206369528258 0.292399755378 0.359834956568 0.415097230610 0.405885727886 0.341256653786 0.460364951697 0.359573499080 0.289509785009 0.327510826584 0.307963745424 0.252345831261 0.201016950558 0.289529272795 0.240079111657 0.114308801913 0.173471205365 0.0918287567487 0.171928144765 0.130948757243 0.104413344023 0.139837379500 0.148632029607 0.193172250537 0.125582139471 0.185195565938 0.200462532811 0.142004746289 0.173533076290 0.159611954677 0.122522461837 0.143006321254 0.222773488140 0.0875065834807 0.0859488761325 0.0779800342107 0.0835310446994 0.0614282380252 0.0877079775895 0.131233011525 -0.201882293440 0.225829338306 0.364255320737 0.252449381075
# mean_log_rec:
11.3845321391
# rec_dev:
 0.539722201852 0.501956409888 0.486696597815 0.465047874107 0.437557981703 0.420512798862 0.411010325963 0.399085560379 0.380646376926 0.360120264165 0.347708632303 0.302790707588 0.262276601355 0.226827118565 0.176784088172 0.137456733731 0.0813006066550 0.0327993887911 -0.000649598271427 -0.0385408518654 -0.0713318667035 -0.0863152484557 -0.0964113514675 -0.131626220080 -0.153086783950 -0.161123628742 -0.164871096800 -0.183200792100 -0.210700416065 -0.234611126379 -0.253517652552 -0.290520141908 -0.354232166706 -0.396052065136 -0.323373756287 -0.228850209083 -0.210784649696 -0.219020052833 -0.222119991652 -0.233534742706 -0.247878596383 -0.233599528871 -0.230298322488 -0.231716952540 -0.208143923635 -0.169627181648 -0.143205875005 -0.121282999503 -0.0889015721034 -0.0764829403083 -0.0639269128862 -0.0172378963299 0.0474515361881 0.0395126560837 0.0395126500501
# log_avg_NatM:
-1.48691900000
# m_dev:
 0.00000000000 0.00000000000 0.00000000000 0.00000000000 0.00000000000 0.00000000000 0.00000000000 0.00000000000 0.00000000000 0.00000000000 0.00000000000 0.00000000000 0.00000000000 0.00000000000 0.00000000000 0.00000000000 0.00000000000 0.00000000000 0.00000000000 0.00000000000 0.00000000000 0.00000000000 0.00000000000 0.00000000000 0.00000000000 0.00000000000 0.00000000000 0.00000000000 0.00000000000 0.00000000000 0.00000000000 0.00000000000 0.00000000000 0.00000000000 0.00000000000 0.00000000000 0.00000000000 0.00000000000 0.00000000000 0.00000000000 0.00000000000 0.00000000000 0.00000000000 0.00000000000 0.00000000000 0.00000000000 0.00000000000 0.00000000000 0.00000000000 0.00000000000 0.00000000000 0.00000000000 0.00000000000 0.00000000000 0.00000000000
# log_avg_GrowthK:
-1.63169800000
# log_avg_Linf:
4.95363400000
# GrowthK_dev:
 0.00000000000 0.00000000000 0.00000000000 0.00000000000 0.00000000000 0.00000000000 0.00000000000 0.00000000000 0.00000000000 0.00000000000 0.00000000000 0.00000000000 0.00000000000 0.00000000000 0.00000000000 0.00000000000 0.00000000000 0.00000000000 0.00000000000 0.00000000000 0.00000000000 0.00000000000 0.00000000000 0.00000000000 0.00000000000 0.00000000000 0.00000000000 0.00000000000 0.00000000000 0.00000000000 0.00000000000 0.00000000000 0.00000000000 0.00000000000 0.00000000000 0.00000000000 0.00000000000 0.00000000000 0.00000000000 0.00000000000 0.00000000000 0.00000000000 0.00000000000 0.00000000000 0.00000000000 0.00000000000 0.00000000000 0.00000000000 0.00000000000 0.00000000000 0.00000000000 0.00000000000 0.00000000000 0.00000000000 0.00000000000
# Linf_dev:
 0.00000000000 0.00000000000 0.00000000000 0.00000000000 0.00000000000 0.00000000000 0.00000000000 0.00000000000 0.00000000000 0.00000000000 0.00000000000 0.00000000000 0.00000000000 0.00000000000 0.00000000000 0.00000000000 0.00000000000 0.00000000000 0.00000000000 0.00000000000 0.00000000000 0.00000000000 0.00000000000 0.00000000000 0.00000000000 0.00000000000 0.00000000000 0.00000000000 0.00000000000 0.00000000000 0.00000000000 0.00000000000 0.00000000000 0.00000000000 0.00000000000 0.00000000000 0.00000000000 0.00000000000 0.00000000000 0.00000000000 0.00000000000 0.00000000000 0.00000000000 0.00000000000 0.00000000000 0.00000000000 0.00000000000 0.00000000000 0.00000000000 0.00000000000 0.00000000000 0.00000000000 0.00000000000 0.00000000000 0.00000000000
# SelPars50:
2.23996524764
# SelPars95:
4.08146818166
# SelPars_dev50:
 0.00000000000 0.00000000000 0.00000000000 0.00000000000 0.00000000000 0.00000000000 0.00000000000 0.00000000000 0.00000000000 0.00000000000 0.00000000000 0.00000000000 0.00000000000 0.00000000000 0.00000000000 0.00000000000 0.00000000000 0.00000000000 0.00000000000 0.00000000000 0.00000000000 0.00000000000 0.00000000000 0.00000000000 0.00000000000 0.00000000000 0.00000000000 0.00000000000 0.00000000000 0.00000000000 0.00000000000 0.00000000000 0.00000000000 0.00000000000 0.00000000000 0.00000000000 0.00000000000 0.00000000000 0.00000000000 0.00000000000 0.00000000000 0.00000000000 0.00000000000 0.00000000000 0.00000000000 0.00000000000 0.00000000000 0.00000000000 0.00000000000 0.00000000000 0.00000000000 0.00000000000 0.00000000000 0.00000000000 0.00000000000
# SelPars_dev95:
 0.00000000000 0.00000000000 0.00000000000 0.00000000000 0.00000000000 0.00000000000 0.00000000000 0.00000000000 0.00000000000 0.00000000000 0.00000000000 0.00000000000 0.00000000000 0.00000000000 0.00000000000 0.00000000000 0.00000000000 0.00000000000 0.00000000000 0.00000000000 0.00000000000 0.00000000000 0.00000000000 0.00000000000 0.00000000000 0.00000000000 0.00000000000 0.00000000000 0.00000000000 0.00000000000 0.00000000000 0.00000000000 0.00000000000 0.00000000000 0.00000000000 0.00000000000 0.00000000000 0.00000000000 0.00000000000 0.00000000000 0.00000000000 0.00000000000 0.00000000000 0.00000000000 0.00000000000 0.00000000000 0.00000000000 0.00000000000 0.00000000000 0.00000000000 0.00000000000 0.00000000000 0.00000000000 0.00000000000 0.00000000000
