# Number of parameters = 191 Objective function value = 63392.7  Maximum gradient component = 0.00290989
# srv_sel50:
1.47740692029
# srv_sel95:
2.43838952633
# stNatLen:
 11.3601812042 11.2206286917 11.0230088571 10.8340901936 10.6486171011 10.4465778878 10.2217420029 9.98170397281 9.73856601666 9.50254971964 9.28022723416 9.07500580413 8.88820812989 8.71993945677 8.56965149529 8.43649679727 8.31951625786 8.21777337905 8.13045494692 8.05686004845 7.99640672775 7.94866581755 7.91325492763 7.88975232081 7.87803378853
# log_avg_fmort_dir:
-1.63506607646
# fmort_dir_dev:
 -1.77068979417 -1.75062343909 -1.17606804724 -0.840130684015 -0.708291301899 -0.437496752492 -0.371929344439 -0.170993777109 0.00625510856356 0.161769208040 0.310107367552 0.325064981425 0.353321299454 0.324572039088 0.362896746475 0.375036301581 0.378238632698 0.445733364696 0.305391881537 0.366024816377 0.344000262832 0.242805232244 0.197555448199 0.328148297693 0.218884791286 0.237326388130 0.297076335389 0.208516648984 0.163553621886 0.133644995674 0.163782401224 0.198254925826 0.112323501059 0.116759882801 0.102277279260 0.00977947621815 -0.0268730492196 0.0420030220334 0.00873456848675 0.0362334807467 0.0578376103554 0.0871659475442 -0.0162224269069 -0.0809278423638 -0.101107360261 -0.0942475331566 -0.108510531697 0.175420100406 0.0847604493127 0.0511996153417 -0.136290849831 0.0301968801669 0.427749823301
# mean_log_rec:
11.1639809614
# rec_dev:
 0.287780737116 0.244670345708 0.200374280780 0.199124649274 0.237135071448 0.270297659278 0.260128844082 0.191720461764 0.0794518390284 0.00770584397384 0.0172522678332 0.0611745102619 0.116420854576 0.146861349422 0.105361638781 0.0367539398666 -0.0416302048230 -0.0771650317276 -0.0757586587258 -0.0745164930047 -0.0668258648665 -0.0596252692877 -0.109266085335 -0.191737234467 -0.237348012400 -0.246209486665 -0.246165867696 -0.226376969253 -0.224146362743 -0.249239236936 -0.258175622829 -0.269871592586 -0.275371612207 -0.238534702117 -0.0902977200043 0.0353980768531 0.0354493657042 -0.00841283359957 -0.0359972682113 -0.00815354908385 0.0313038067775 0.0481538700188 0.0667593283395 0.115607129210 0.157926266239 0.126781237921 0.0104673507164 -0.0419159541937 -0.0157460966413 0.0350589422032 0.0815661817789 0.0809013066225 0.0809005738245
# log_avg_NatM:
-1.57209030202
# m_dev:
 -0.153136933509 -0.0169505857715 0.234604502640 -0.149111172660 -0.372460304103 -0.302884090803 -0.120673808657 0.0998255432644 0.294077583333 -0.00569284736412 -0.466276192648 -0.711872461496 -0.698014294050 -0.382370025603 0.0215096008495 0.0282946085502 0.167571390112 -0.0757205232483 -0.199062594710 -0.161542140986 -0.173544238609 -0.128095975020 0.134765114567 0.291416712770 0.0910175127185 -0.0810555130078 -0.0537941363118 -0.195604864943 -0.00849738209641 0.0161790359124 -0.0263506207177 0.0422575284168 -0.0790781180559 -0.140707689193 -0.0990577824888 -0.0167960010909 0.271064213416 0.324130669115 0.328266953276 0.0279792826304 0.0164630897557 0.221059346875 0.186848957133 0.0891370643992 0.0375418150393 0.369482058720 0.583045121220 0.337550308203 0.0991046546646 -0.0352089454765 -0.0152366493297 0.305216502536 0.250386721830
# log_avg_GrowthK:
-1.57894200000
# log_avg_Linf:
4.85439800000
# GrowthK_dev:
 0.00000000000 0.00000000000 0.00000000000 0.00000000000 0.00000000000 0.00000000000 0.00000000000 0.00000000000 0.00000000000 0.00000000000 0.00000000000 0.00000000000 0.00000000000 0.00000000000 0.00000000000 0.00000000000 0.00000000000 0.00000000000 0.00000000000 0.00000000000 0.00000000000 0.00000000000 0.00000000000 0.00000000000 0.00000000000 0.00000000000 0.00000000000 0.00000000000 0.00000000000 0.00000000000 0.00000000000 0.00000000000 0.00000000000 0.00000000000 0.00000000000 0.00000000000 0.00000000000 0.00000000000 0.00000000000 0.00000000000 0.00000000000 0.00000000000 0.00000000000 0.00000000000 0.00000000000 0.00000000000 0.00000000000 0.00000000000 0.00000000000 0.00000000000 0.00000000000 0.00000000000 0.00000000000
# Linf_dev:
 0.00000000000 0.00000000000 0.00000000000 0.00000000000 0.00000000000 0.00000000000 0.00000000000 0.00000000000 0.00000000000 0.00000000000 0.00000000000 0.00000000000 0.00000000000 0.00000000000 0.00000000000 0.00000000000 0.00000000000 0.00000000000 0.00000000000 0.00000000000 0.00000000000 0.00000000000 0.00000000000 0.00000000000 0.00000000000 0.00000000000 0.00000000000 0.00000000000 0.00000000000 0.00000000000 0.00000000000 0.00000000000 0.00000000000 0.00000000000 0.00000000000 0.00000000000 0.00000000000 0.00000000000 0.00000000000 0.00000000000 0.00000000000 0.00000000000 0.00000000000 0.00000000000 0.00000000000 0.00000000000 0.00000000000 0.00000000000 0.00000000000 0.00000000000 0.00000000000 0.00000000000 0.00000000000
# SelPars50:
2.02059548940
# SelPars95:
3.58089658628
# SelPars_dev50:
 0.00000000000 0.00000000000 0.00000000000 0.00000000000 0.00000000000 0.00000000000 0.00000000000 0.00000000000 0.00000000000 0.00000000000 0.00000000000 0.00000000000 0.00000000000 0.00000000000 0.00000000000 0.00000000000 0.00000000000 0.00000000000 0.00000000000 0.00000000000 0.00000000000 0.00000000000 0.00000000000 0.00000000000 0.00000000000 0.00000000000 0.00000000000 0.00000000000 0.00000000000 0.00000000000 0.00000000000 0.00000000000 0.00000000000 0.00000000000 0.00000000000 0.00000000000 0.00000000000 0.00000000000 0.00000000000 0.00000000000 0.00000000000 0.00000000000 0.00000000000 0.00000000000 0.00000000000 0.00000000000 0.00000000000 0.00000000000 0.00000000000 0.00000000000 0.00000000000 0.00000000000 0.00000000000
# SelPars_dev95:
 0.00000000000 0.00000000000 0.00000000000 0.00000000000 0.00000000000 0.00000000000 0.00000000000 0.00000000000 0.00000000000 0.00000000000 0.00000000000 0.00000000000 0.00000000000 0.00000000000 0.00000000000 0.00000000000 0.00000000000 0.00000000000 0.00000000000 0.00000000000 0.00000000000 0.00000000000 0.00000000000 0.00000000000 0.00000000000 0.00000000000 0.00000000000 0.00000000000 0.00000000000 0.00000000000 0.00000000000 0.00000000000 0.00000000000 0.00000000000 0.00000000000 0.00000000000 0.00000000000 0.00000000000 0.00000000000 0.00000000000 0.00000000000 0.00000000000 0.00000000000 0.00000000000 0.00000000000 0.00000000000 0.00000000000 0.00000000000 0.00000000000 0.00000000000 0.00000000000 0.00000000000 0.00000000000
