# Number of parameters = 209 Objective function value = 70630.2  Maximum gradient component = 0.000523243
# srv_sel50:
1.47635248259
# srv_sel95:
2.43393595017
# stNatLen:
 11.3612839215 11.2218378875 11.0234000310 10.8338840635 10.6482534175 10.4462911184 10.2215973030 9.98169152365 9.73865578479 9.50271339549 9.28044251301 9.07525619583 8.88848160593 8.72022706183 8.56994638680 8.43679391295 8.31981196750 8.21806511241 8.13074113247 8.05714004829 7.99668053737 7.94893379004 7.91351812647 7.89001201009 7.87829180689
# log_avg_fmort_dir:
-1.62275993058
# fmort_dir_dev:
 -1.78278875349 -1.76270671082 -1.18812832877 -0.852149185251 -0.720312920710 -0.449535242568 -0.383981860625 -0.183032930934 -0.00568247506446 0.150001311172 0.298439556857 0.313389824519 0.341560816379 0.312722305872 0.351086930050 0.363341235447 0.366655059447 0.434261181071 0.293909715766 0.354526903850 0.332484357448 0.231228167432 0.185942336351 0.316602478452 0.207408301070 0.225840286606 0.285576594814 0.196984042804 0.151980741025 0.122092973317 0.152236986487 0.186738582221 0.100843086651 0.105266612687 0.0907405453394 -0.00183036919847 -0.0384997169616 0.0304679581871 -0.00269846569100 0.0248280846130 0.0463668688828 0.0756866668891 -0.0276593825511 -0.0923623487107 -0.112598339392 -0.105800196332 -0.120061540579 0.163807259408 0.0729092761477 0.0390979103447 -0.148115538578 0.0212754695320 0.424579271131 0.0919964089391 -0.214313652875 0.319303696284 0.184084496301 0.0797020008509 0.146291658460
# mean_log_rec:
11.1524074738
# rec_dev:
 0.300182759608 0.257258680049 0.212953630319 0.211734280223 0.249819145865 0.283018503057 0.272889968400 0.204489565819 0.0920729657527 0.0203482018438 0.0300152652105 0.0740861409508 0.129603157998 0.160071925387 0.118525761524 0.0498330306557 -0.0286084652903 -0.0641366470122 -0.0626450280868 -0.0614257488911 -0.0536873246575 -0.0463595218671 -0.0961223280251 -0.178783029292 -0.224319419483 -0.233196094743 -0.233035927017 -0.213126577358 -0.211049023924 -0.236083508821 -0.244960666507 -0.256684238247 -0.262162348504 -0.225237566250 -0.0770738719136 0.0484505989764 0.0486741022360 0.00458997810741 -0.0229557252627 0.00509328510894 0.0446522213516 0.0613555512015 0.0798602787336 0.128832166630 0.171244054561 0.140083214411 0.0240287170302 -0.0276410189354 -0.000871176786870 0.0493560166884 0.0956389172018 0.0890884783254 0.0596204370822 0.0100558225301 -0.0539700598770 -0.0971623753633 -0.149467168413 -0.183380995075 -0.183380967237
# log_avg_NatM:
-1.53848325263
# m_dev:
 -0.186719771580 -0.0503521577135 0.201473905971 -0.182166514681 -0.405424837270 -0.335714377052 -0.153413614847 0.0672028710230 0.261823698595 -0.0376364935691 -0.498098856871 -0.743550471098 -0.729536271708 -0.413592909732 -0.00947401903168 -0.00321897331276 0.136223224704 -0.107249347435 -0.230512899239 -0.192778967928 -0.204930287167 -0.159764364372 0.103072103673 0.259738885021 0.0591948962880 -0.112856458151 -0.0853040816095 -0.227336328242 -0.0400160810766 -0.0154095696870 -0.0580383693595 0.0107722141957 -0.110649141881 -0.172334432461 -0.130778658532 -0.0487794563566 0.239050045294 0.291919197331 0.296197903082 -0.00419730337143 -0.0156075573758 0.189243651184 0.154955088958 0.0570959118239 0.00522775472782 0.337133700434 0.550559189284 0.304763305839 0.0663171312591 -0.0667512217351 -0.0421413806479 0.290590459122 0.249887019826 0.213916788549 0.336296036296 0.247576510426 0.222022745524 0.316050822806 0.306030113855
# log_avg_GrowthK:
-1.62038500000
# log_avg_Linf:
4.90556300000
# GrowthK_dev:
 0.00000000000 0.00000000000 0.00000000000 0.00000000000 0.00000000000 0.00000000000 0.00000000000 0.00000000000 0.00000000000 0.00000000000 0.00000000000 0.00000000000 0.00000000000 0.00000000000 0.00000000000 0.00000000000 0.00000000000 0.00000000000 0.00000000000 0.00000000000 0.00000000000 0.00000000000 0.00000000000 0.00000000000 0.00000000000 0.00000000000 0.00000000000 0.00000000000 0.00000000000 0.00000000000 0.00000000000 0.00000000000 0.00000000000 0.00000000000 0.00000000000 0.00000000000 0.00000000000 0.00000000000 0.00000000000 0.00000000000 0.00000000000 0.00000000000 0.00000000000 0.00000000000 0.00000000000 0.00000000000 0.00000000000 0.00000000000 0.00000000000 0.00000000000 0.00000000000 0.00000000000 0.00000000000 0.00000000000 0.00000000000 0.00000000000 0.00000000000 0.00000000000 0.00000000000
# Linf_dev:
 0.00000000000 0.00000000000 0.00000000000 0.00000000000 0.00000000000 0.00000000000 0.00000000000 0.00000000000 0.00000000000 0.00000000000 0.00000000000 0.00000000000 0.00000000000 0.00000000000 0.00000000000 0.00000000000 0.00000000000 0.00000000000 0.00000000000 0.00000000000 0.00000000000 0.00000000000 0.00000000000 0.00000000000 0.00000000000 0.00000000000 0.00000000000 0.00000000000 0.00000000000 0.00000000000 0.00000000000 0.00000000000 0.00000000000 0.00000000000 0.00000000000 0.00000000000 0.00000000000 0.00000000000 0.00000000000 0.00000000000 0.00000000000 0.00000000000 0.00000000000 0.00000000000 0.00000000000 0.00000000000 0.00000000000 0.00000000000 0.00000000000 0.00000000000 0.00000000000 0.00000000000 0.00000000000 0.00000000000 0.00000000000 0.00000000000 0.00000000000 0.00000000000 0.00000000000
# SelPars50:
2.02865924227
# SelPars95:
3.60770240550
# SelPars_dev50:
 0.00000000000 0.00000000000 0.00000000000 0.00000000000 0.00000000000 0.00000000000 0.00000000000 0.00000000000 0.00000000000 0.00000000000 0.00000000000 0.00000000000 0.00000000000 0.00000000000 0.00000000000 0.00000000000 0.00000000000 0.00000000000 0.00000000000 0.00000000000 0.00000000000 0.00000000000 0.00000000000 0.00000000000 0.00000000000 0.00000000000 0.00000000000 0.00000000000 0.00000000000 0.00000000000 0.00000000000 0.00000000000 0.00000000000 0.00000000000 0.00000000000 0.00000000000 0.00000000000 0.00000000000 0.00000000000 0.00000000000 0.00000000000 0.00000000000 0.00000000000 0.00000000000 0.00000000000 0.00000000000 0.00000000000 0.00000000000 0.00000000000 0.00000000000 0.00000000000 0.00000000000 0.00000000000 0.00000000000 0.00000000000 0.00000000000 0.00000000000 0.00000000000 0.00000000000
# SelPars_dev95:
 0.00000000000 0.00000000000 0.00000000000 0.00000000000 0.00000000000 0.00000000000 0.00000000000 0.00000000000 0.00000000000 0.00000000000 0.00000000000 0.00000000000 0.00000000000 0.00000000000 0.00000000000 0.00000000000 0.00000000000 0.00000000000 0.00000000000 0.00000000000 0.00000000000 0.00000000000 0.00000000000 0.00000000000 0.00000000000 0.00000000000 0.00000000000 0.00000000000 0.00000000000 0.00000000000 0.00000000000 0.00000000000 0.00000000000 0.00000000000 0.00000000000 0.00000000000 0.00000000000 0.00000000000 0.00000000000 0.00000000000 0.00000000000 0.00000000000 0.00000000000 0.00000000000 0.00000000000 0.00000000000 0.00000000000 0.00000000000 0.00000000000 0.00000000000 0.00000000000 0.00000000000 0.00000000000 0.00000000000 0.00000000000 0.00000000000 0.00000000000 0.00000000000 0.00000000000
