# Number of parameters = 224 Objective function value = 76691.1333215531  Maximum gradient component = 0.000851359241171914
# srv_sel50:
1.46700657012
# srv_sel95:
2.41861061191
# stNatLen:
 11.3259291836 11.2017260836 11.0030149020 10.8102769596 10.6246893944 10.4260124737 10.2052032512 9.96745126142 9.72397947138 9.48526216058 9.25855585432 9.04797873284 8.85539221236 8.68127992636 8.52533750244 8.38687616572 8.26502789316 8.15892483629 8.06775665638 7.99080255389 7.92753012477 7.87745641962 7.84010782086 7.81522159112 7.80274794123
# log_avg_fmort_dir:
-1.61421596620
# fmort_dir_dev:
 -1.90754786939 -1.84204580821 -1.48252665896 -1.11618324133 -0.865203472707 -0.624317454872 -0.564424020811 -0.274293705437 -0.0152097632755 0.178379319864 0.276051692974 0.390729963304 0.447621019472 0.544335626410 0.576396680539 0.625195650612 0.538897721009 0.593198275622 0.554820378766 0.472085029721 0.369499554891 0.425830339325 0.368895347324 0.295289844850 0.315603698953 0.307000221907 0.296311233156 0.232627313335 0.192942895351 0.168043537955 0.249531212081 0.174022247456 0.262818477238 0.144269842632 0.0559243218216 0.139409375406 0.176560156720 0.108006146956 0.0803421383121 0.0584533409035 0.0461979718042 -0.0400919478356 -0.0336156882923 -0.189510589287 -0.201323232530 -0.184220788798 -0.0417897366452 0.00920940030916 0.165743801463 0.124855485955 -0.0288050760561 -0.0958897722947 0.184358465945 0.438397812361 0.249533388296 -0.801616753625 0.0261943126116 0.464660545822 0.289237791930 -0.704915424243 -0.947034769826 0.0599896812480 0.0651611330546 0.217933378762
# mean_log_rec:
11.1087145147
# rec_dev:
 0.423084897034 0.460085967545 0.496017414255 0.473821264850 0.461515527651 0.461994990418 0.386161671687 0.242727708139 0.101278773864 0.00627875476416 -0.0370228519434 -0.0465118647008 -0.0498924081651 -0.0754888235259 -0.112087211183 -0.148494085531 -0.199415206881 -0.236665209913 -0.253080231343 -0.236995303380 -0.216811534909 -0.192259592065 -0.198983084165 -0.224882637965 -0.238408017837 -0.259033977767 -0.259231753252 -0.252936660148 -0.253243582940 -0.253411321160 -0.266466234295 -0.298049106911 -0.315060010682 -0.282091116486 -0.160943584431 -0.0822739295081 -0.0607822554003 -0.0230642413424 0.0227266979763 0.0202458922332 0.0655139758582 0.144863772481 0.212200490951 0.265665783211 0.256114468953 0.185500551619 0.0476367344195 -0.0965692346464 -0.0992759555668 -0.0294232812027 0.0501497932911 0.0908984437130 0.0831432456579 0.0602885762854 0.0684261377114 0.107599447039 0.111971943416 0.0533124208490 -0.00156273445660 -0.00443493409884 0.0331185174535 0.0462086638676 0.0131497206015 0.0131497300082
# log_avg_NatM:
-1.60793886930
# m_dev:
 -0.751962384783 -0.526032223876 -0.114922554163 0.212963679054 -0.00393047979072 -0.0685776291682 0.307345102152 0.421900077499 0.360543745729 0.154668420509 -0.278401148091 -0.512411123177 -0.591987321726 -0.482522639247 -0.424621026584 -0.372542385939 -0.278369233155 -0.299803079053 -0.266658439935 -0.429766376882 -0.514795617706 -0.434957773439 -0.0543676335279 -0.0728771466483 -0.0704322344530 -0.0208894204823 -0.149326556807 -0.0766775859699 -0.130840984133 -0.122064747302 -0.0273824353668 0.0305183193895 -0.0870392960068 -0.156588816636 -0.0112791531903 0.201929373675 0.0313247882537 -0.101013203114 -0.0409064890283 0.337299305704 0.0318915771221 -0.0446894825873 0.0358195310317 0.101306774550 0.416503672098 0.462843866153 0.716417765392 0.664564631964 0.0346724318652 -0.0759859765581 -0.165366142430 -0.0143772589724 0.311576898219 0.297103404095 -0.0398727382890 0.0833432854149 0.311263465051 0.502782529335 0.304385172766 0.110843635941 0.289725330000 0.233830236301 0.435085077991 0.411786640964
# log_avg_GrowthK:
-1.60943800000
# log_avg_Linf:
4.88280200000
# GrowthK_dev:
 0.00000000000 0.00000000000 0.00000000000 0.00000000000 0.00000000000 0.00000000000 0.00000000000 0.00000000000 0.00000000000 0.00000000000 0.00000000000 0.00000000000 0.00000000000 0.00000000000 0.00000000000 0.00000000000 0.00000000000 0.00000000000 0.00000000000 0.00000000000 0.00000000000 0.00000000000 0.00000000000 0.00000000000 0.00000000000 0.00000000000 0.00000000000 0.00000000000 0.00000000000 0.00000000000 0.00000000000 0.00000000000 0.00000000000 0.00000000000 0.00000000000 0.00000000000 0.00000000000 0.00000000000 0.00000000000 0.00000000000 0.00000000000 0.00000000000 0.00000000000 0.00000000000 0.00000000000 0.00000000000 0.00000000000 0.00000000000 0.00000000000 0.00000000000 0.00000000000 0.00000000000 0.00000000000 0.00000000000 0.00000000000 0.00000000000 0.00000000000 0.00000000000 0.00000000000 0.00000000000 0.00000000000 0.00000000000 0.00000000000 0.00000000000
# Linf_dev:
 0.00000000000 0.00000000000 0.00000000000 0.00000000000 0.00000000000 0.00000000000 0.00000000000 0.00000000000 0.00000000000 0.00000000000 0.00000000000 0.00000000000 0.00000000000 0.00000000000 0.00000000000 0.00000000000 0.00000000000 0.00000000000 0.00000000000 0.00000000000 0.00000000000 0.00000000000 0.00000000000 0.00000000000 0.00000000000 0.00000000000 0.00000000000 0.00000000000 0.00000000000 0.00000000000 0.00000000000 0.00000000000 0.00000000000 0.00000000000 0.00000000000 0.00000000000 0.00000000000 0.00000000000 0.00000000000 0.00000000000 0.00000000000 0.00000000000 0.00000000000 0.00000000000 0.00000000000 0.00000000000 0.00000000000 0.00000000000 0.00000000000 0.00000000000 0.00000000000 0.00000000000 0.00000000000 0.00000000000 0.00000000000 0.00000000000 0.00000000000 0.00000000000 0.00000000000 0.00000000000 0.00000000000 0.00000000000 0.00000000000 0.00000000000
# SelPars50:
2.01818413834
# SelPars95:
3.59154052779
# SelPars_dev50:
 0.00000000000 0.00000000000 0.00000000000 0.00000000000 0.00000000000 0.00000000000 0.00000000000 0.00000000000 0.00000000000 0.00000000000 0.00000000000 0.00000000000 0.00000000000 0.00000000000 0.00000000000 0.00000000000 0.00000000000 0.00000000000 0.00000000000 0.00000000000 0.00000000000 0.00000000000 0.00000000000 0.00000000000 0.00000000000 0.00000000000 0.00000000000 0.00000000000 0.00000000000 0.00000000000 0.00000000000 0.00000000000 0.00000000000 0.00000000000 0.00000000000 0.00000000000 0.00000000000 0.00000000000 0.00000000000 0.00000000000 0.00000000000 0.00000000000 0.00000000000 0.00000000000 0.00000000000 0.00000000000 0.00000000000 0.00000000000 0.00000000000 0.00000000000 0.00000000000 0.00000000000 0.00000000000 0.00000000000 0.00000000000 0.00000000000 0.00000000000 0.00000000000 0.00000000000 0.00000000000 0.00000000000 0.00000000000 0.00000000000 0.00000000000
# SelPars_dev95:
 0.00000000000 0.00000000000 0.00000000000 0.00000000000 0.00000000000 0.00000000000 0.00000000000 0.00000000000 0.00000000000 0.00000000000 0.00000000000 0.00000000000 0.00000000000 0.00000000000 0.00000000000 0.00000000000 0.00000000000 0.00000000000 0.00000000000 0.00000000000 0.00000000000 0.00000000000 0.00000000000 0.00000000000 0.00000000000 0.00000000000 0.00000000000 0.00000000000 0.00000000000 0.00000000000 0.00000000000 0.00000000000 0.00000000000 0.00000000000 0.00000000000 0.00000000000 0.00000000000 0.00000000000 0.00000000000 0.00000000000 0.00000000000 0.00000000000 0.00000000000 0.00000000000 0.00000000000 0.00000000000 0.00000000000 0.00000000000 0.00000000000 0.00000000000 0.00000000000 0.00000000000 0.00000000000 0.00000000000 0.00000000000 0.00000000000 0.00000000000 0.00000000000 0.00000000000 0.00000000000 0.00000000000 0.00000000000 0.00000000000 0.00000000000
