# Number of parameters = 159 Objective function value = 76721.8970898721  Maximum gradient component = 0.000332225032913410
# srv_sel50:
1.66545902800
# srv_sel95:
2.96933315155
# stNatLen:
 11.8575168422 11.6683324699 11.4001891131 11.1758668902 10.9958650151 10.8218033311 10.6223225894 10.3877950387 10.1265531197 9.85393418243 9.58404191121 9.32671082244 9.08762414390 8.86946053376 8.67304418462 8.49816284434 8.34408871903 8.20992004342 8.09468731017 7.99750131084 7.91757496543 7.85421418419 7.80699223985 7.77570059182 7.76018364987
# log_avg_fmort_dir:
-1.59060781554
# fmort_dir_dev:
 -2.00615300094 -2.01780294932 -1.54527691109 -1.00417994290 -0.743938731557 -0.611735767195 -0.457655421464 -0.316178649303 -0.141288645762 0.0200653717493 0.00916897925978 0.166861560652 0.289403500755 0.264587480030 0.467467314773 0.500170804545 0.393623266940 0.412841562876 0.383194667082 0.359532902223 0.336331201768 0.346513380698 0.251846203346 0.258539393042 0.168082582424 0.209857163061 0.149074463928 0.175165876897 0.115578591305 0.163919409664 0.0662709227906 0.0638373523429 0.114880274025 0.103791221980 0.0920061952334 0.0909998379122 0.112922814187 0.105950625585 0.0968547600671 0.113193538296 0.112962159045 0.0996222390572 -0.0480807263422 -0.0234312959265 -0.0581407310414 0.118842557103 0.144016933419 0.149677171921 -0.0794843335709 0.0724089814854 0.394241418495 0.418155726553 0.326204276853 0.0289067620545 0.0607531101075 0.132001883151 0.189407287933 -0.0673564546552 -0.0247772828227 -0.00103639851949 0.158668140289 0.241528228963 0.113865772397 -0.0172786258434
# mean_log_rec:
11.3481557332
# rec_dev:
 0.547926940075 0.510860023277 0.496511966955 0.494257828260 0.490954191486 0.489228258128 0.483065828391 0.456376451946 0.427241874550 0.402886120387 0.369638700944 0.336212420551 0.294646463483 0.240808000856 0.185598858967 0.135191081512 0.0897106290576 0.0423364275607 0.0195940905663 -0.00342092305109 -0.0309480869904 -0.0387831417779 -0.0493393594331 -0.0507394599966 -0.0531918073345 -0.0845830716086 -0.120117815622 -0.160668973461 -0.197854073083 -0.202655026085 -0.224832276198 -0.271204752341 -0.310664479071 -0.326664985370 -0.245666298744 -0.178773305699 -0.186187946409 -0.192420418632 -0.192248910957 -0.199705668338 -0.202262327655 -0.189002773522 -0.158038928957 -0.155743638212 -0.176908491656 -0.205932917824 -0.213959968657 -0.199126227082 -0.197822780921 -0.194696065367 -0.179240589011 -0.185381815411 -0.209017220540 -0.203952601414 -0.172020622177 -0.146643646505 -0.139944545351 -0.122037413627 -0.0933928809657 -0.0457292223123 0.0160179895751 0.0690726941702 0.0566943063097 0.0566943103585
# log_avg_NatM:
-1.47890400000
# m_dev:
 0.00000000000 0.00000000000 0.00000000000 0.00000000000 0.00000000000 0.00000000000 0.00000000000 0.00000000000 0.00000000000 0.00000000000 0.00000000000 0.00000000000 0.00000000000 0.00000000000 0.00000000000 0.00000000000 0.00000000000 0.00000000000 0.00000000000 0.00000000000 0.00000000000 0.00000000000 0.00000000000 0.00000000000 0.00000000000 0.00000000000 0.00000000000 0.00000000000 0.00000000000 0.00000000000 0.00000000000 0.00000000000 0.00000000000 0.00000000000 0.00000000000 0.00000000000 0.00000000000 0.00000000000 0.00000000000 0.00000000000 0.00000000000 0.00000000000 0.00000000000 0.00000000000 0.00000000000 0.00000000000 0.00000000000 0.00000000000 0.00000000000 0.00000000000 0.00000000000 0.00000000000 0.00000000000 0.00000000000 0.00000000000 0.00000000000 0.00000000000 0.00000000000 0.00000000000 0.00000000000 0.00000000000 0.00000000000 0.00000000000 0.00000000000
# log_avg_GrowthK:
-1.60943800000
# log_avg_Linf:
4.88280200000
# GrowthK_dev:
 0.00000000000 0.00000000000 0.00000000000 0.00000000000 0.00000000000 0.00000000000 0.00000000000 0.00000000000 0.00000000000 0.00000000000 0.00000000000 0.00000000000 0.00000000000 0.00000000000 0.00000000000 0.00000000000 0.00000000000 0.00000000000 0.00000000000 0.00000000000 0.00000000000 0.00000000000 0.00000000000 0.00000000000 0.00000000000 0.00000000000 0.00000000000 0.00000000000 0.00000000000 0.00000000000 0.00000000000 0.00000000000 0.00000000000 0.00000000000 0.00000000000 0.00000000000 0.00000000000 0.00000000000 0.00000000000 0.00000000000 0.00000000000 0.00000000000 0.00000000000 0.00000000000 0.00000000000 0.00000000000 0.00000000000 0.00000000000 0.00000000000 0.00000000000 0.00000000000 0.00000000000 0.00000000000 0.00000000000 0.00000000000 0.00000000000 0.00000000000 0.00000000000 0.00000000000 0.00000000000 0.00000000000 0.00000000000 0.00000000000 0.00000000000
# Linf_dev:
 0.00000000000 0.00000000000 0.00000000000 0.00000000000 0.00000000000 0.00000000000 0.00000000000 0.00000000000 0.00000000000 0.00000000000 0.00000000000 0.00000000000 0.00000000000 0.00000000000 0.00000000000 0.00000000000 0.00000000000 0.00000000000 0.00000000000 0.00000000000 0.00000000000 0.00000000000 0.00000000000 0.00000000000 0.00000000000 0.00000000000 0.00000000000 0.00000000000 0.00000000000 0.00000000000 0.00000000000 0.00000000000 0.00000000000 0.00000000000 0.00000000000 0.00000000000 0.00000000000 0.00000000000 0.00000000000 0.00000000000 0.00000000000 0.00000000000 0.00000000000 0.00000000000 0.00000000000 0.00000000000 0.00000000000 0.00000000000 0.00000000000 0.00000000000 0.00000000000 0.00000000000 0.00000000000 0.00000000000 0.00000000000 0.00000000000 0.00000000000 0.00000000000 0.00000000000 0.00000000000 0.00000000000 0.00000000000 0.00000000000 0.00000000000
# SelPars50:
2.28225440324
# SelPars95:
4.19019971744
# SelPars_dev50:
 0.00000000000 0.00000000000 0.00000000000 0.00000000000 0.00000000000 0.00000000000 0.00000000000 0.00000000000 0.00000000000 0.00000000000 0.00000000000 0.00000000000 0.00000000000 0.00000000000 0.00000000000 0.00000000000 0.00000000000 0.00000000000 0.00000000000 0.00000000000 0.00000000000 0.00000000000 0.00000000000 0.00000000000 0.00000000000 0.00000000000 0.00000000000 0.00000000000 0.00000000000 0.00000000000 0.00000000000 0.00000000000 0.00000000000 0.00000000000 0.00000000000 0.00000000000 0.00000000000 0.00000000000 0.00000000000 0.00000000000 0.00000000000 0.00000000000 0.00000000000 0.00000000000 0.00000000000 0.00000000000 0.00000000000 0.00000000000 0.00000000000 0.00000000000 0.00000000000 0.00000000000 0.00000000000 0.00000000000 0.00000000000 0.00000000000 0.00000000000 0.00000000000 0.00000000000 0.00000000000 0.00000000000 0.00000000000 0.00000000000 0.00000000000
# SelPars_dev95:
 0.00000000000 0.00000000000 0.00000000000 0.00000000000 0.00000000000 0.00000000000 0.00000000000 0.00000000000 0.00000000000 0.00000000000 0.00000000000 0.00000000000 0.00000000000 0.00000000000 0.00000000000 0.00000000000 0.00000000000 0.00000000000 0.00000000000 0.00000000000 0.00000000000 0.00000000000 0.00000000000 0.00000000000 0.00000000000 0.00000000000 0.00000000000 0.00000000000 0.00000000000 0.00000000000 0.00000000000 0.00000000000 0.00000000000 0.00000000000 0.00000000000 0.00000000000 0.00000000000 0.00000000000 0.00000000000 0.00000000000 0.00000000000 0.00000000000 0.00000000000 0.00000000000 0.00000000000 0.00000000000 0.00000000000 0.00000000000 0.00000000000 0.00000000000 0.00000000000 0.00000000000 0.00000000000 0.00000000000 0.00000000000 0.00000000000 0.00000000000 0.00000000000 0.00000000000 0.00000000000 0.00000000000 0.00000000000 0.00000000000 0.00000000000
