# Number of parameters = 200 Objective function value = 67045.9  Maximum gradient component = 0.00763410
# srv_sel50:
1.47205774394
# srv_sel95:
2.43313225225
# stNatLen:
 11.5297940047 11.3888022226 11.1887496620 10.9982622421 10.8116665069 10.6084124357 10.3825051287 10.1419780007 9.89910380169 9.66402563549 9.44312560062 9.23962608494 9.05469353483 8.88829861972 8.73978671296 8.60825054586 8.49273120793 8.39235936045 8.30630732534 8.23380238029 8.17425660938 8.12723306504 8.09233978981 8.06921306601 8.05773217022
# log_avg_fmort_dir:
-1.61349748145
# fmort_dir_dev:
 -1.87304065313 -1.88754958660 -1.31597213353 -0.991899642981 -0.830298676825 -0.637244850245 -0.398706667687 -0.236539422380 -0.123123711568 0.0695865797329 0.191259402215 0.326915914451 0.470414353023 0.465165874183 0.538696612026 0.571404243994 0.558278881497 0.569077295769 0.545818680504 0.513438320022 0.457855180444 0.416721028904 0.372476393564 0.264571281797 0.251242492549 0.165441328565 0.139134935154 0.334900659412 0.312371838578 0.275040399219 0.153450029574 0.0773461930247 0.104199848172 0.0563279311389 -0.0995160413950 0.00474057084497 0.0137212241103 0.0642022853988 0.144715135627 -0.0353857982245 0.00581093956307 -0.00195651483765 0.00686492950936 -0.0596750097600 0.144997350708 0.00585935410708 0.0624277654210 -0.00617410218579 -0.0539134085522 -0.0175656931292 0.166654026296 0.0371201634122 0.103984587174 -0.326920902911 -0.00943958271963 -0.0573116310184
# mean_log_rec:
11.1205345416
# rec_dev:
 0.440875229767 0.400937763006 0.370777978559 0.366975752662 0.380752904757 0.371862110209 0.325880038704 0.293809457257 0.274908685975 0.204729061373 0.0966864889541 0.00956881983917 -0.0207169508305 -0.0285145520673 -0.0734514883010 -0.132722261947 -0.215706789905 -0.274244354796 -0.271838864541 -0.244404192721 -0.224062692549 -0.199058267253 -0.178451533069 -0.160505109975 -0.131190443201 -0.167957160302 -0.293809347078 -0.377772493876 -0.374320573652 -0.329331651497 -0.250750119969 -0.190339841279 -0.135216735666 -0.0634863339160 0.0452003379392 0.0732569569118 -0.0134720842678 -0.0397735256816 -0.0533401724646 -0.0173501719976 0.0467326739205 0.0847817344884 0.106127994941 0.0444804288346 -0.0238149473319 -0.0254812044764 0.0190922109368 0.0812115432809 0.109589698981 0.0933765854754 0.0515169178390 -0.00151135302428 -0.00257430326411 0.0453492233117 0.0883445832358 0.0883443397411
# log_avg_NatM:
-1.61485749873
# m_dev:
 0.168561897955 0.0916792201077 0.204954482542 0.00710248101663 -0.129268696885 0.0184528649991 0.211199505051 -0.0374224198862 -0.144067188263 0.136906088473 0.234207619273 0.0359274976470 -0.327968813346 -0.450484216798 -0.314268055825 -0.152537970606 0.0297167362511 -0.232163357886 -0.647929762490 -0.618950986919 -0.430615371660 -0.310414065785 -0.192118705222 -0.216261603697 -0.270705556278 0.164556557864 0.484472615953 0.187705203223 -0.179912869965 -0.314643348731 -0.411097843090 -0.340301023035 -0.402926610040 -0.258050632429 0.204500113916 0.418761653455 0.565975402916 0.128543268639 0.390286776907 0.0790065948238 -0.0639243755694 0.0616504203265 0.122510091747 0.488492584413 0.456012265960 0.256025989148 0.0311593456139 -0.0338931888506 0.160206064807 0.319494524284 0.367680551699 0.434910342726 0.189619256658 0.0375468334673 -0.106301621591 -0.101596567016
# log_avg_GrowthK:
-1.51795800000
# log_avg_Linf:
4.82275700000
# GrowthK_dev:
 0.00000000000 0.00000000000 0.00000000000 0.00000000000 0.00000000000 0.00000000000 0.00000000000 0.00000000000 0.00000000000 0.00000000000 0.00000000000 0.00000000000 0.00000000000 0.00000000000 0.00000000000 0.00000000000 0.00000000000 0.00000000000 0.00000000000 0.00000000000 0.00000000000 0.00000000000 0.00000000000 0.00000000000 0.00000000000 0.00000000000 0.00000000000 0.00000000000 0.00000000000 0.00000000000 0.00000000000 0.00000000000 0.00000000000 0.00000000000 0.00000000000 0.00000000000 0.00000000000 0.00000000000 0.00000000000 0.00000000000 0.00000000000 0.00000000000 0.00000000000 0.00000000000 0.00000000000 0.00000000000 0.00000000000 0.00000000000 0.00000000000 0.00000000000 0.00000000000 0.00000000000 0.00000000000 0.00000000000 0.00000000000 0.00000000000
# Linf_dev:
 0.00000000000 0.00000000000 0.00000000000 0.00000000000 0.00000000000 0.00000000000 0.00000000000 0.00000000000 0.00000000000 0.00000000000 0.00000000000 0.00000000000 0.00000000000 0.00000000000 0.00000000000 0.00000000000 0.00000000000 0.00000000000 0.00000000000 0.00000000000 0.00000000000 0.00000000000 0.00000000000 0.00000000000 0.00000000000 0.00000000000 0.00000000000 0.00000000000 0.00000000000 0.00000000000 0.00000000000 0.00000000000 0.00000000000 0.00000000000 0.00000000000 0.00000000000 0.00000000000 0.00000000000 0.00000000000 0.00000000000 0.00000000000 0.00000000000 0.00000000000 0.00000000000 0.00000000000 0.00000000000 0.00000000000 0.00000000000 0.00000000000 0.00000000000 0.00000000000 0.00000000000 0.00000000000 0.00000000000 0.00000000000 0.00000000000
# SelPars50:
2.02423648268
# SelPars95:
3.60262579705
# SelPars_dev50:
 0.00000000000 0.00000000000 0.00000000000 0.00000000000 0.00000000000 0.00000000000 0.00000000000 0.00000000000 0.00000000000 0.00000000000 0.00000000000 0.00000000000 0.00000000000 0.00000000000 0.00000000000 0.00000000000 0.00000000000 0.00000000000 0.00000000000 0.00000000000 0.00000000000 0.00000000000 0.00000000000 0.00000000000 0.00000000000 0.00000000000 0.00000000000 0.00000000000 0.00000000000 0.00000000000 0.00000000000 0.00000000000 0.00000000000 0.00000000000 0.00000000000 0.00000000000 0.00000000000 0.00000000000 0.00000000000 0.00000000000 0.00000000000 0.00000000000 0.00000000000 0.00000000000 0.00000000000 0.00000000000 0.00000000000 0.00000000000 0.00000000000 0.00000000000 0.00000000000 0.00000000000 0.00000000000 0.00000000000 0.00000000000 0.00000000000
# SelPars_dev95:
 0.00000000000 0.00000000000 0.00000000000 0.00000000000 0.00000000000 0.00000000000 0.00000000000 0.00000000000 0.00000000000 0.00000000000 0.00000000000 0.00000000000 0.00000000000 0.00000000000 0.00000000000 0.00000000000 0.00000000000 0.00000000000 0.00000000000 0.00000000000 0.00000000000 0.00000000000 0.00000000000 0.00000000000 0.00000000000 0.00000000000 0.00000000000 0.00000000000 0.00000000000 0.00000000000 0.00000000000 0.00000000000 0.00000000000 0.00000000000 0.00000000000 0.00000000000 0.00000000000 0.00000000000 0.00000000000 0.00000000000 0.00000000000 0.00000000000 0.00000000000 0.00000000000 0.00000000000 0.00000000000 0.00000000000 0.00000000000 0.00000000000 0.00000000000 0.00000000000 0.00000000000 0.00000000000 0.00000000000 0.00000000000 0.00000000000
