# Number of parameters = 197 Objective function value = 65798.5  Maximum gradient component = 0.000703580
# srv_sel50:
1.45780256621
# srv_sel95:
2.39539425437
# stNatLen:
 11.1614447359 11.0362966817 10.8375675935 10.6450025992 10.4584780412 10.2575966539 10.0345112871 9.79562782222 9.55262908111 9.31581623254 9.09202703640 8.88495136512 8.69611103360 8.52574970866 8.37339328517 8.23826011346 8.11946595172 8.01611380697 7.92736582849 7.85254335376 7.79101562038 7.74230656926 7.70604968395 7.68192320820 7.66990791092
# log_avg_fmort_dir:
-1.57856202738
# fmort_dir_dev:
 -1.86633912671 -1.85436675666 -1.30191836944 -1.01500025300 -0.823220142493 -0.514060409948 -0.458221789630 -0.235176514805 -0.0118505074185 0.0585010741970 0.273070395864 0.290382918847 0.371612165528 0.360211425424 0.413920073113 0.432803607760 0.484776804873 0.429710718320 0.513499198137 0.528846856494 0.379172541574 0.264047762946 0.295700533185 0.345639896621 0.352385072451 0.265929061082 0.311284271336 0.248838845679 0.241916719368 0.359155143236 0.274252419591 0.190085216140 0.164392892474 0.0439612944083 -0.0268735221062 0.106698334852 0.124884282368 0.110123128281 0.0398180845173 0.0807376580283 0.0103121836492 -0.0151196472943 0.0842507289662 0.0206897001202 0.0106074527998 -0.0653883816382 -0.0233355592783 -0.0175414773060 -0.0179893772749 -0.00313882240519 -0.138797727539 -0.0830838781733 0.0424557421203 -0.184781374640 0.131529433419
# mean_log_rec:
11.0829839626
# rec_dev:
 0.265301406870 0.303830543295 0.361966029971 0.386957176834 0.377880142899 0.346039013466 0.299761087534 0.225590681671 0.163832535059 0.129985509603 0.117388372946 0.108871225731 0.116128144079 0.121743233684 0.0966532228556 0.0462254542644 -0.0462680359292 -0.138392117729 -0.194469235117 -0.210606351825 -0.179767870154 -0.154587964469 -0.172369577805 -0.216295772192 -0.279627946958 -0.327191662000 -0.337247516744 -0.344101285710 -0.363237709123 -0.359109632410 -0.325302588245 -0.263376967743 -0.200312722266 -0.139986773344 -0.0479130653667 -0.0173623447896 -0.0371746349986 -0.0223841015298 0.00229371143098 0.0258915485284 0.0227990777809 -0.00879655839691 0.000598639839993 0.0594401362521 0.110520461483 0.107021346601 0.0615599375746 0.0497652513986 0.0556455479759 0.0507628563779 0.0502828920304 0.0612635671393 0.0874255353480 0.0862290399173 0.0862291044027
# log_avg_NatM:
-1.66265394900
# m_dev:
 -0.591962151552 -0.536600772811 -0.233523208124 -0.113708960310 0.0247330131945 0.167377266200 0.107674574401 0.263201475121 0.0940274560872 -0.145208770747 -0.254671056147 -0.292426990193 -0.408712398563 -0.306416071092 -0.234072063540 -0.0983738475924 0.163064430063 0.0340119373504 -0.0589690071155 -0.222832090412 -0.359293441450 -0.312751152668 -0.124281032767 0.0619874541238 0.215765758697 0.0489755746177 -0.0583200200059 -0.130568518815 -0.0725985534123 -0.133511062856 -0.323415992603 -0.495123518988 -0.475115160140 -0.216615573615 0.186369387827 0.407476509610 0.295835412059 0.0635953074254 0.105276427570 0.130421656064 0.288074673802 0.450648007316 0.201666367413 -0.0366783724911 0.0398906517100 0.337927338033 0.471488870667 0.234297081543 0.321590970634 0.322031454690 0.262596655496 0.221973750201 0.160728218156 0.296242911732 0.256799196206
# log_avg_GrowthK:
-1.56685600000
# log_avg_Linf:
4.86623600000
# GrowthK_dev:
 0.00000000000 0.00000000000 0.00000000000 0.00000000000 0.00000000000 0.00000000000 0.00000000000 0.00000000000 0.00000000000 0.00000000000 0.00000000000 0.00000000000 0.00000000000 0.00000000000 0.00000000000 0.00000000000 0.00000000000 0.00000000000 0.00000000000 0.00000000000 0.00000000000 0.00000000000 0.00000000000 0.00000000000 0.00000000000 0.00000000000 0.00000000000 0.00000000000 0.00000000000 0.00000000000 0.00000000000 0.00000000000 0.00000000000 0.00000000000 0.00000000000 0.00000000000 0.00000000000 0.00000000000 0.00000000000 0.00000000000 0.00000000000 0.00000000000 0.00000000000 0.00000000000 0.00000000000 0.00000000000 0.00000000000 0.00000000000 0.00000000000 0.00000000000 0.00000000000 0.00000000000 0.00000000000 0.00000000000 0.00000000000
# Linf_dev:
 0.00000000000 0.00000000000 0.00000000000 0.00000000000 0.00000000000 0.00000000000 0.00000000000 0.00000000000 0.00000000000 0.00000000000 0.00000000000 0.00000000000 0.00000000000 0.00000000000 0.00000000000 0.00000000000 0.00000000000 0.00000000000 0.00000000000 0.00000000000 0.00000000000 0.00000000000 0.00000000000 0.00000000000 0.00000000000 0.00000000000 0.00000000000 0.00000000000 0.00000000000 0.00000000000 0.00000000000 0.00000000000 0.00000000000 0.00000000000 0.00000000000 0.00000000000 0.00000000000 0.00000000000 0.00000000000 0.00000000000 0.00000000000 0.00000000000 0.00000000000 0.00000000000 0.00000000000 0.00000000000 0.00000000000 0.00000000000 0.00000000000 0.00000000000 0.00000000000 0.00000000000 0.00000000000 0.00000000000 0.00000000000
# SelPars50:
2.02693325056
# SelPars95:
3.62339150227
# SelPars_dev50:
 0.00000000000 0.00000000000 0.00000000000 0.00000000000 0.00000000000 0.00000000000 0.00000000000 0.00000000000 0.00000000000 0.00000000000 0.00000000000 0.00000000000 0.00000000000 0.00000000000 0.00000000000 0.00000000000 0.00000000000 0.00000000000 0.00000000000 0.00000000000 0.00000000000 0.00000000000 0.00000000000 0.00000000000 0.00000000000 0.00000000000 0.00000000000 0.00000000000 0.00000000000 0.00000000000 0.00000000000 0.00000000000 0.00000000000 0.00000000000 0.00000000000 0.00000000000 0.00000000000 0.00000000000 0.00000000000 0.00000000000 0.00000000000 0.00000000000 0.00000000000 0.00000000000 0.00000000000 0.00000000000 0.00000000000 0.00000000000 0.00000000000 0.00000000000 0.00000000000 0.00000000000 0.00000000000 0.00000000000 0.00000000000
# SelPars_dev95:
 0.00000000000 0.00000000000 0.00000000000 0.00000000000 0.00000000000 0.00000000000 0.00000000000 0.00000000000 0.00000000000 0.00000000000 0.00000000000 0.00000000000 0.00000000000 0.00000000000 0.00000000000 0.00000000000 0.00000000000 0.00000000000 0.00000000000 0.00000000000 0.00000000000 0.00000000000 0.00000000000 0.00000000000 0.00000000000 0.00000000000 0.00000000000 0.00000000000 0.00000000000 0.00000000000 0.00000000000 0.00000000000 0.00000000000 0.00000000000 0.00000000000 0.00000000000 0.00000000000 0.00000000000 0.00000000000 0.00000000000 0.00000000000 0.00000000000 0.00000000000 0.00000000000 0.00000000000 0.00000000000 0.00000000000 0.00000000000 0.00000000000 0.00000000000 0.00000000000 0.00000000000 0.00000000000 0.00000000000 0.00000000000
