# Number of parameters = 151 Objective function value = 72102.8  Maximum gradient component = 0.000462113
# srv_sel50:
1.47642170822
# srv_sel95:
2.43464282918
# stNatLen:
 11.4529904234 11.3085106037 11.1142139405 10.9301568722 10.7415791664 10.5281511885 10.2909975555 10.0446191097 9.80372806756 9.57780453990 9.37133240201 9.18556254804 9.02003981482 8.87355724629 8.74467727505 8.63201687145 8.53427053164 8.45032065382 8.37913924506 8.31978219359 8.27142359554 8.23343728881 8.20538069483 8.18681528189 8.17766644792
# log_avg_fmort_dir:
-1.69986500614
# fmort_dir_dev:
 -1.82434559425 -1.87656260098 -1.36863442313 -0.929131837373 -0.622681559544 -0.400257028315 -0.302881308426 -0.196797205189 -0.0374464727683 0.200800374296 0.192441540190 0.255838684374 0.312995218408 0.440018324223 0.485650255186 0.535516332382 0.489298606037 0.407080409856 0.426243031310 0.410122393923 0.348429710333 0.368784659201 0.298930124389 0.358850819486 0.353190710308 0.271201349413 0.232681399164 0.264563225415 0.222169944860 0.176952736765 0.143818992897 0.158670097315 0.0918429018610 0.125363960960 0.130021279253 0.0539117993303 0.102656582023 0.0936971039077 0.0458579302985 -0.0319140762133 0.129063801904 0.121847837535 0.146296617721 0.0194294398610 0.00378888167681 0.0981765548899 0.179223225991 0.0904438067507 -0.0283127426295 0.138119464743 0.0320731384964 -0.332089341033 -0.243167428649 -0.287135400786 -0.0954722333237 -0.0584420760461 -0.251871115016 -0.0212062173845 0.0192595712158 -0.0669741770859
# mean_log_rec:
11.1087045186
# rec_dev:
 0.406121351065 0.384260864135 0.384383904525 0.379472938885 0.378063365818 0.378111641384 0.374710912806 0.354748666178 0.324343224765 0.294257896175 0.266721640312 0.248663976471 0.223125324167 0.188320784468 0.136390081740 0.0899216872584 0.0376918399694 -0.00123369691816 -0.0378523800738 -0.0672884799692 -0.0957882691371 -0.131711789770 -0.159859119883 -0.185590590812 -0.192685562044 -0.189884938263 -0.191297442795 -0.189267930113 -0.192973025967 -0.186746304882 -0.186893735239 -0.179484039334 -0.169289289581 -0.166990961383 -0.138631241951 -0.111780402690 -0.0843651147012 -0.0660033621607 -0.0717605868833 -0.0744788577553 -0.0719965970269 -0.0636529647258 -0.0625273913702 -0.0635575136814 -0.0607404397428 -0.0869464673634 -0.106454270931 -0.0962528626596 -0.0915603272617 -0.0925932989650 -0.103935425078 -0.108906628944 -0.0904357167935 -0.0761175504654 -0.0843823311152 -0.0916262176962 -0.0958898762628 -0.105977820728 -0.111949638417 -0.111949638590
# log_avg_NatM:
-1.61285900000
# m_dev:
 0.00000000000 0.00000000000 0.00000000000 0.00000000000 0.00000000000 0.00000000000 0.00000000000 0.00000000000 0.00000000000 0.00000000000 0.00000000000 0.00000000000 0.00000000000 0.00000000000 0.00000000000 0.00000000000 0.00000000000 0.00000000000 0.00000000000 0.00000000000 0.00000000000 0.00000000000 0.00000000000 0.00000000000 0.00000000000 0.00000000000 0.00000000000 0.00000000000 0.00000000000 0.00000000000 0.00000000000 0.00000000000 0.00000000000 0.00000000000 0.00000000000 0.00000000000 0.00000000000 0.00000000000 0.00000000000 0.00000000000 0.00000000000 0.00000000000 0.00000000000 0.00000000000 0.00000000000 0.00000000000 0.00000000000 0.00000000000 0.00000000000 0.00000000000 0.00000000000 0.00000000000 0.00000000000 0.00000000000 0.00000000000 0.00000000000 0.00000000000 0.00000000000 0.00000000000 0.00000000000
# log_avg_GrowthK:
-1.59316800000
# log_avg_Linf:
4.84967700000
# GrowthK_dev:
 0.00000000000 0.00000000000 0.00000000000 0.00000000000 0.00000000000 0.00000000000 0.00000000000 0.00000000000 0.00000000000 0.00000000000 0.00000000000 0.00000000000 0.00000000000 0.00000000000 0.00000000000 0.00000000000 0.00000000000 0.00000000000 0.00000000000 0.00000000000 0.00000000000 0.00000000000 0.00000000000 0.00000000000 0.00000000000 0.00000000000 0.00000000000 0.00000000000 0.00000000000 0.00000000000 0.00000000000 0.00000000000 0.00000000000 0.00000000000 0.00000000000 0.00000000000 0.00000000000 0.00000000000 0.00000000000 0.00000000000 0.00000000000 0.00000000000 0.00000000000 0.00000000000 0.00000000000 0.00000000000 0.00000000000 0.00000000000 0.00000000000 0.00000000000 0.00000000000 0.00000000000 0.00000000000 0.00000000000 0.00000000000 0.00000000000 0.00000000000 0.00000000000 0.00000000000 0.00000000000
# Linf_dev:
 0.00000000000 0.00000000000 0.00000000000 0.00000000000 0.00000000000 0.00000000000 0.00000000000 0.00000000000 0.00000000000 0.00000000000 0.00000000000 0.00000000000 0.00000000000 0.00000000000 0.00000000000 0.00000000000 0.00000000000 0.00000000000 0.00000000000 0.00000000000 0.00000000000 0.00000000000 0.00000000000 0.00000000000 0.00000000000 0.00000000000 0.00000000000 0.00000000000 0.00000000000 0.00000000000 0.00000000000 0.00000000000 0.00000000000 0.00000000000 0.00000000000 0.00000000000 0.00000000000 0.00000000000 0.00000000000 0.00000000000 0.00000000000 0.00000000000 0.00000000000 0.00000000000 0.00000000000 0.00000000000 0.00000000000 0.00000000000 0.00000000000 0.00000000000 0.00000000000 0.00000000000 0.00000000000 0.00000000000 0.00000000000 0.00000000000 0.00000000000 0.00000000000 0.00000000000 0.00000000000
# SelPars50:
2.00216247562
# SelPars95:
3.53321944806
# SelPars_dev50:
 0.00000000000 0.00000000000 0.00000000000 0.00000000000 0.00000000000 0.00000000000 0.00000000000 0.00000000000 0.00000000000 0.00000000000 0.00000000000 0.00000000000 0.00000000000 0.00000000000 0.00000000000 0.00000000000 0.00000000000 0.00000000000 0.00000000000 0.00000000000 0.00000000000 0.00000000000 0.00000000000 0.00000000000 0.00000000000 0.00000000000 0.00000000000 0.00000000000 0.00000000000 0.00000000000 0.00000000000 0.00000000000 0.00000000000 0.00000000000 0.00000000000 0.00000000000 0.00000000000 0.00000000000 0.00000000000 0.00000000000 0.00000000000 0.00000000000 0.00000000000 0.00000000000 0.00000000000 0.00000000000 0.00000000000 0.00000000000 0.00000000000 0.00000000000 0.00000000000 0.00000000000 0.00000000000 0.00000000000 0.00000000000 0.00000000000 0.00000000000 0.00000000000 0.00000000000 0.00000000000
# SelPars_dev95:
 0.00000000000 0.00000000000 0.00000000000 0.00000000000 0.00000000000 0.00000000000 0.00000000000 0.00000000000 0.00000000000 0.00000000000 0.00000000000 0.00000000000 0.00000000000 0.00000000000 0.00000000000 0.00000000000 0.00000000000 0.00000000000 0.00000000000 0.00000000000 0.00000000000 0.00000000000 0.00000000000 0.00000000000 0.00000000000 0.00000000000 0.00000000000 0.00000000000 0.00000000000 0.00000000000 0.00000000000 0.00000000000 0.00000000000 0.00000000000 0.00000000000 0.00000000000 0.00000000000 0.00000000000 0.00000000000 0.00000000000 0.00000000000 0.00000000000 0.00000000000 0.00000000000 0.00000000000 0.00000000000 0.00000000000 0.00000000000 0.00000000000 0.00000000000 0.00000000000 0.00000000000 0.00000000000 0.00000000000 0.00000000000 0.00000000000 0.00000000000 0.00000000000 0.00000000000 0.00000000000
