# Number of parameters = 141 Objective function value = 65980.3044848291  Maximum gradient component = 0.000269886746020400
# srv_sel50:
1.51483431170
# srv_sel95:
2.54567883232
# stNatLen:
 11.4390383884 11.2911151961 11.0782185677 10.8824418652 10.6978533512 10.5000666782 10.2792948764 10.0412797643 9.79776741151 9.55942712889 9.33348012686 9.12394303406 8.93257413794 8.75975387490 8.60508950015 8.46784862206 8.34716695384 8.24218139277 8.15207066965 8.07613604275 8.01372848267 7.96430772426 7.92753119237 7.90309712048 7.89094993672
# log_avg_fmort_dir:
-1.65021994043
# fmort_dir_dev:
 -1.83530233541 -1.83750887483 -1.25304989424 -0.973469610156 -0.756888054042 -0.479078303851 -0.213949057476 -0.186266155777 -0.134365447013 0.103691570418 0.251200771479 0.224255269888 0.252600727087 0.472603549841 0.417985685987 0.431903655536 0.465943943487 0.433477591716 0.396743853294 0.485187296548 0.394255635714 0.305642066026 0.309254787862 0.291157067178 0.325741858394 0.280540471914 0.294440454832 0.205458964687 0.218040193635 0.222034724354 0.205527506884 0.237515342380 0.278500207965 0.169880466771 0.111093226289 0.0787339443754 0.0606805669363 0.0744246928347 0.155065238414 0.0996545409266 0.0613602490373 0.0970175773722 0.0605198145448 0.0206081800766 0.0724892318736 0.0951548771658 0.105763208972 0.0816978933922 0.00802680563083 0.138866916401 -0.368242367729 -0.270982886789 -0.318234295742 -0.140427521380 -0.226975823684
# mean_log_rec:
11.1151844268
# rec_dev:
 0.392676492696 0.376855570322 0.382606729211 0.388004605629 0.385212425768 0.373425865231 0.365500044228 0.357305376850 0.330717233614 0.293135141698 0.272546775489 0.245769526953 0.194259052397 0.144716512312 0.108020745199 0.0650373844014 0.0244207683431 -0.0122100886833 -0.0711042783464 -0.117101212359 -0.142339398194 -0.146032070099 -0.147524462394 -0.157322911595 -0.165702173640 -0.170143243463 -0.159529054983 -0.141142402081 -0.131872342701 -0.130716233645 -0.142339196812 -0.155887608540 -0.160494427076 -0.136523580913 -0.126645953888 -0.134153605325 -0.140439212587 -0.149228471057 -0.149944217111 -0.134653399108 -0.120750273109 -0.110384795357 -0.110193338800 -0.118865917091 -0.114441013890 -0.111816822138 -0.115460770922 -0.115107940600 -0.110188234103 -0.112635590170 -0.107302005261 -0.0849510489370 -0.0756171835127 -0.0847228922085 -0.0847228796395
# log_avg_NatM:
-1.60943800000
# m_dev:
 0.00000000000 0.00000000000 0.00000000000 0.00000000000 0.00000000000 0.00000000000 0.00000000000 0.00000000000 0.00000000000 0.00000000000 0.00000000000 0.00000000000 0.00000000000 0.00000000000 0.00000000000 0.00000000000 0.00000000000 0.00000000000 0.00000000000 0.00000000000 0.00000000000 0.00000000000 0.00000000000 0.00000000000 0.00000000000 0.00000000000 0.00000000000 0.00000000000 0.00000000000 0.00000000000 0.00000000000 0.00000000000 0.00000000000 0.00000000000 0.00000000000 0.00000000000 0.00000000000 0.00000000000 0.00000000000 0.00000000000 0.00000000000 0.00000000000 0.00000000000 0.00000000000 0.00000000000 0.00000000000 0.00000000000 0.00000000000 0.00000000000 0.00000000000 0.00000000000 0.00000000000 0.00000000000 0.00000000000 0.00000000000
# log_avg_GrowthK:
-1.60943800000
# log_avg_Linf:
4.88280200000
# GrowthK_dev:
 0.00000000000 0.00000000000 0.00000000000 0.00000000000 0.00000000000 0.00000000000 0.00000000000 0.00000000000 0.00000000000 0.00000000000 0.00000000000 0.00000000000 0.00000000000 0.00000000000 0.00000000000 0.00000000000 0.00000000000 0.00000000000 0.00000000000 0.00000000000 0.00000000000 0.00000000000 0.00000000000 0.00000000000 0.00000000000 0.00000000000 0.00000000000 0.00000000000 0.00000000000 0.00000000000 0.00000000000 0.00000000000 0.00000000000 0.00000000000 0.00000000000 0.00000000000 0.00000000000 0.00000000000 0.00000000000 0.00000000000 0.00000000000 0.00000000000 0.00000000000 0.00000000000 0.00000000000 0.00000000000 0.00000000000 0.00000000000 0.00000000000 0.00000000000 0.00000000000 0.00000000000 0.00000000000 0.00000000000 0.00000000000
# Linf_dev:
 0.00000000000 0.00000000000 0.00000000000 0.00000000000 0.00000000000 0.00000000000 0.00000000000 0.00000000000 0.00000000000 0.00000000000 0.00000000000 0.00000000000 0.00000000000 0.00000000000 0.00000000000 0.00000000000 0.00000000000 0.00000000000 0.00000000000 0.00000000000 0.00000000000 0.00000000000 0.00000000000 0.00000000000 0.00000000000 0.00000000000 0.00000000000 0.00000000000 0.00000000000 0.00000000000 0.00000000000 0.00000000000 0.00000000000 0.00000000000 0.00000000000 0.00000000000 0.00000000000 0.00000000000 0.00000000000 0.00000000000 0.00000000000 0.00000000000 0.00000000000 0.00000000000 0.00000000000 0.00000000000 0.00000000000 0.00000000000 0.00000000000 0.00000000000 0.00000000000 0.00000000000 0.00000000000 0.00000000000 0.00000000000
# SelPars50:
2.08288271847
# SelPars95:
3.74343700252
# SelPars_dev50:
 0.00000000000 0.00000000000 0.00000000000 0.00000000000 0.00000000000 0.00000000000 0.00000000000 0.00000000000 0.00000000000 0.00000000000 0.00000000000 0.00000000000 0.00000000000 0.00000000000 0.00000000000 0.00000000000 0.00000000000 0.00000000000 0.00000000000 0.00000000000 0.00000000000 0.00000000000 0.00000000000 0.00000000000 0.00000000000 0.00000000000 0.00000000000 0.00000000000 0.00000000000 0.00000000000 0.00000000000 0.00000000000 0.00000000000 0.00000000000 0.00000000000 0.00000000000 0.00000000000 0.00000000000 0.00000000000 0.00000000000 0.00000000000 0.00000000000 0.00000000000 0.00000000000 0.00000000000 0.00000000000 0.00000000000 0.00000000000 0.00000000000 0.00000000000 0.00000000000 0.00000000000 0.00000000000 0.00000000000 0.00000000000
# SelPars_dev95:
 0.00000000000 0.00000000000 0.00000000000 0.00000000000 0.00000000000 0.00000000000 0.00000000000 0.00000000000 0.00000000000 0.00000000000 0.00000000000 0.00000000000 0.00000000000 0.00000000000 0.00000000000 0.00000000000 0.00000000000 0.00000000000 0.00000000000 0.00000000000 0.00000000000 0.00000000000 0.00000000000 0.00000000000 0.00000000000 0.00000000000 0.00000000000 0.00000000000 0.00000000000 0.00000000000 0.00000000000 0.00000000000 0.00000000000 0.00000000000 0.00000000000 0.00000000000 0.00000000000 0.00000000000 0.00000000000 0.00000000000 0.00000000000 0.00000000000 0.00000000000 0.00000000000 0.00000000000 0.00000000000 0.00000000000 0.00000000000 0.00000000000 0.00000000000 0.00000000000 0.00000000000 0.00000000000 0.00000000000 0.00000000000
