# Number of parameters = 143 Objective function value = 67094.0  Maximum gradient component = 0.000214896
# srv_sel50:
1.64903908732
# srv_sel95:
2.92170794751
# stNatLen:
 11.8787874744 11.7008748492 11.4399195733 11.2181264779 11.0382391039 10.8636291708 10.6636868302 10.4288884200 10.1674674867 9.89467356454 9.62457912692 9.36700817321 9.12764963267 8.90921041084 8.71249897990 8.53729363834 8.38283369706 8.24820061611 8.13245322529 8.03481225866 7.95455710661 7.89106179136 7.84387120471 7.81259751446 7.79701657683
# log_avg_fmort_dir:
-1.64201056056
# fmort_dir_dev:
 -2.02433151189 -1.97845144479 -1.37137138142 -1.11558948695 -0.751759267198 -0.631327439198 -0.314543025951 -0.194297458533 -0.124302443959 0.0538293596558 0.0870501217657 0.215978862823 0.264542301851 0.346600753614 0.421817742893 0.455305891196 0.456644516357 0.430876895065 0.499523414595 0.373757176683 0.233678732842 0.251361309197 0.408263220744 0.291174110566 0.250813540752 0.170534506289 0.148764449272 0.174360502575 0.156388680493 0.109658741771 0.0332387340424 0.0897525381192 0.140675245634 0.0802205789555 -0.0252439639731 0.0849490359410 0.0635502644500 0.175097653395 0.198390351774 0.0814704400534 0.0206743892966 0.0257306151076 0.00596885979106 0.102456131782 0.0158563920920 0.0658323524502 0.0962006393899 0.0499405712289 0.0495818313681 0.120908511034 0.355912601024 0.156255776927 0.0770988558299 0.286401464084 0.159312872100 0.194815886997
# mean_log_rec:
11.3557859938
# rec_dev:
 0.571499467497 0.544097496243 0.534875625623 0.524790025457 0.500570900309 0.457438240716 0.425362531540 0.398838744496 0.374363146799 0.346651974072 0.321514447135 0.279925605516 0.247451108649 0.223455757746 0.192872114054 0.148581761743 0.0936366075723 0.0356596582946 -0.00459663127077 -0.0123248497553 -0.0405619272472 -0.0619861028025 -0.0696050802378 -0.0952185708367 -0.128830831536 -0.137946506064 -0.142733992116 -0.165362143498 -0.179631975859 -0.204071281561 -0.246049505030 -0.293578464450 -0.335090207786 -0.344701004050 -0.248298126668 -0.170328956801 -0.186101134889 -0.231256049073 -0.254076620224 -0.241822313344 -0.221940780774 -0.215026612340 -0.215868696192 -0.208413161442 -0.194865452726 -0.200218468692 -0.180192154241 -0.165764682795 -0.159526582161 -0.141917917865 -0.131382372528 -0.125640528562 -0.0904311683345 -0.0490849846193 -0.0635696818891 -0.0635696932016
# log_avg_NatM:
-1.52696900000
# m_dev:
 0.00000000000 0.00000000000 0.00000000000 0.00000000000 0.00000000000 0.00000000000 0.00000000000 0.00000000000 0.00000000000 0.00000000000 0.00000000000 0.00000000000 0.00000000000 0.00000000000 0.00000000000 0.00000000000 0.00000000000 0.00000000000 0.00000000000 0.00000000000 0.00000000000 0.00000000000 0.00000000000 0.00000000000 0.00000000000 0.00000000000 0.00000000000 0.00000000000 0.00000000000 0.00000000000 0.00000000000 0.00000000000 0.00000000000 0.00000000000 0.00000000000 0.00000000000 0.00000000000 0.00000000000 0.00000000000 0.00000000000 0.00000000000 0.00000000000 0.00000000000 0.00000000000 0.00000000000 0.00000000000 0.00000000000 0.00000000000 0.00000000000 0.00000000000 0.00000000000 0.00000000000 0.00000000000 0.00000000000 0.00000000000 0.00000000000
# log_avg_GrowthK:
-1.61749500000
# log_avg_Linf:
4.82152100000
# GrowthK_dev:
 0.00000000000 0.00000000000 0.00000000000 0.00000000000 0.00000000000 0.00000000000 0.00000000000 0.00000000000 0.00000000000 0.00000000000 0.00000000000 0.00000000000 0.00000000000 0.00000000000 0.00000000000 0.00000000000 0.00000000000 0.00000000000 0.00000000000 0.00000000000 0.00000000000 0.00000000000 0.00000000000 0.00000000000 0.00000000000 0.00000000000 0.00000000000 0.00000000000 0.00000000000 0.00000000000 0.00000000000 0.00000000000 0.00000000000 0.00000000000 0.00000000000 0.00000000000 0.00000000000 0.00000000000 0.00000000000 0.00000000000 0.00000000000 0.00000000000 0.00000000000 0.00000000000 0.00000000000 0.00000000000 0.00000000000 0.00000000000 0.00000000000 0.00000000000 0.00000000000 0.00000000000 0.00000000000 0.00000000000 0.00000000000 0.00000000000
# Linf_dev:
 0.00000000000 0.00000000000 0.00000000000 0.00000000000 0.00000000000 0.00000000000 0.00000000000 0.00000000000 0.00000000000 0.00000000000 0.00000000000 0.00000000000 0.00000000000 0.00000000000 0.00000000000 0.00000000000 0.00000000000 0.00000000000 0.00000000000 0.00000000000 0.00000000000 0.00000000000 0.00000000000 0.00000000000 0.00000000000 0.00000000000 0.00000000000 0.00000000000 0.00000000000 0.00000000000 0.00000000000 0.00000000000 0.00000000000 0.00000000000 0.00000000000 0.00000000000 0.00000000000 0.00000000000 0.00000000000 0.00000000000 0.00000000000 0.00000000000 0.00000000000 0.00000000000 0.00000000000 0.00000000000 0.00000000000 0.00000000000 0.00000000000 0.00000000000 0.00000000000 0.00000000000 0.00000000000 0.00000000000 0.00000000000 0.00000000000
# SelPars50:
2.24976677352
# SelPars95:
4.10976113567
# SelPars_dev50:
 0.00000000000 0.00000000000 0.00000000000 0.00000000000 0.00000000000 0.00000000000 0.00000000000 0.00000000000 0.00000000000 0.00000000000 0.00000000000 0.00000000000 0.00000000000 0.00000000000 0.00000000000 0.00000000000 0.00000000000 0.00000000000 0.00000000000 0.00000000000 0.00000000000 0.00000000000 0.00000000000 0.00000000000 0.00000000000 0.00000000000 0.00000000000 0.00000000000 0.00000000000 0.00000000000 0.00000000000 0.00000000000 0.00000000000 0.00000000000 0.00000000000 0.00000000000 0.00000000000 0.00000000000 0.00000000000 0.00000000000 0.00000000000 0.00000000000 0.00000000000 0.00000000000 0.00000000000 0.00000000000 0.00000000000 0.00000000000 0.00000000000 0.00000000000 0.00000000000 0.00000000000 0.00000000000 0.00000000000 0.00000000000 0.00000000000
# SelPars_dev95:
 0.00000000000 0.00000000000 0.00000000000 0.00000000000 0.00000000000 0.00000000000 0.00000000000 0.00000000000 0.00000000000 0.00000000000 0.00000000000 0.00000000000 0.00000000000 0.00000000000 0.00000000000 0.00000000000 0.00000000000 0.00000000000 0.00000000000 0.00000000000 0.00000000000 0.00000000000 0.00000000000 0.00000000000 0.00000000000 0.00000000000 0.00000000000 0.00000000000 0.00000000000 0.00000000000 0.00000000000 0.00000000000 0.00000000000 0.00000000000 0.00000000000 0.00000000000 0.00000000000 0.00000000000 0.00000000000 0.00000000000 0.00000000000 0.00000000000 0.00000000000 0.00000000000 0.00000000000 0.00000000000 0.00000000000 0.00000000000 0.00000000000 0.00000000000 0.00000000000 0.00000000000 0.00000000000 0.00000000000 0.00000000000 0.00000000000
