# Number of parameters = 163 Objective function value = 79435.4087465639  Maximum gradient component = 0.000976596084380447
# srv_sel50:
1.51467993502
# srv_sel95:
2.54271317101
# stNatLen:
 11.4352277961 11.2902810040 11.0780009815 10.8820422460 10.6993293805 10.5057572262 10.2891528876 10.0528718246 9.80781093234 9.56506223818 9.33275303119 9.11575210023 8.91647634954 8.73576393833 8.57353452498 8.42921344085 8.30203056777 8.19117488940 8.09589291830 8.01548020448 7.94933613650 7.89693262863 7.85791626628 7.83197291653 7.81898419897
# log_avg_fmort_dir:
-1.67338469062
# fmort_dir_dev:
 -1.73342939222 -1.66193494276 -1.33349192508 -0.871255644365 -0.627476257593 -0.408467677921 -0.292435341579 -0.158453062224 0.0432901250566 0.0242067326336 0.169699558238 0.276711641575 0.340217493202 0.461258945540 0.444302492186 0.465569386885 0.475450800421 0.585599919939 0.406373761170 0.397326688921 0.437301638674 0.476895712041 0.425668834651 0.418375096013 0.304045446627 0.230030778962 0.253647557590 0.330208287733 0.283811106357 0.178384194805 0.223952859057 0.138634746311 0.191770553758 0.152960045857 0.129840292534 0.0783790073423 0.0709079993676 0.0756969869825 0.00510451929055 0.171906003094 0.0731691111582 0.0997251926368 0.112629057128 0.131434167507 0.152209349874 0.0538269134576 0.0975406275206 0.137737615835 0.133664987580 0.0901624592036 -0.565806563615 -0.433002066287 -0.530478694105 -0.299669066616 -0.120745594903 0.00581798833862 -0.0826757475155 0.106207831329 -0.0212409670805 -0.0920119015335 -0.0116521418679 -0.0932793268520 -0.0870668321462 0.0239918943227 -0.224700137599 -0.236373124852
# mean_log_rec:
11.1293468593
# rec_dev:
 0.376256546865 0.359746335793 0.361411292483 0.361597008944 0.356404218129 0.344656621436 0.323838154649 0.295139161923 0.276080966048 0.255987481566 0.222292791741 0.189803943004 0.162525921413 0.145193376197 0.122238429212 0.0812548250057 0.0414794038712 0.0303810748951 0.00696347922945 -0.0445011504595 -0.0950506551118 -0.125283519097 -0.141913228190 -0.164331866630 -0.180587941415 -0.187991113836 -0.204477386826 -0.209609736647 -0.200330874847 -0.186050861854 -0.178375063738 -0.184371995277 -0.184450124712 -0.183818601173 -0.178484510511 -0.163414142554 -0.142397660339 -0.119269513869 -0.119482404142 -0.106383279070 -0.0945322348446 -0.0930687643599 -0.0961833452466 -0.0989719495104 -0.0986370906295 -0.101500518325 -0.0943222792314 -0.0735161880411 -0.0500402527816 -0.0391655358825 -0.0442986273528 -0.0325581782743 -0.00522159653983 0.0102716294896 0.00841071478340 0.0142919710254 0.0136130524989 0.00190157187801 -0.00446046446366 -0.0116239940728 -0.0224191795037 -0.0200098594023 -0.0168714705345 -0.0171908412942 -0.0232859773783 -0.0232859941151
# log_avg_NatM:
-1.60943800000
# m_dev:
 0.00000000000 0.00000000000 0.00000000000 0.00000000000 0.00000000000 0.00000000000 0.00000000000 0.00000000000 0.00000000000 0.00000000000 0.00000000000 0.00000000000 0.00000000000 0.00000000000 0.00000000000 0.00000000000 0.00000000000 0.00000000000 0.00000000000 0.00000000000 0.00000000000 0.00000000000 0.00000000000 0.00000000000 0.00000000000 0.00000000000 0.00000000000 0.00000000000 0.00000000000 0.00000000000 0.00000000000 0.00000000000 0.00000000000 0.00000000000 0.00000000000 0.00000000000 0.00000000000 0.00000000000 0.00000000000 0.00000000000 0.00000000000 0.00000000000 0.00000000000 0.00000000000 0.00000000000 0.00000000000 0.00000000000 0.00000000000 0.00000000000 0.00000000000 0.00000000000 0.00000000000 0.00000000000 0.00000000000 0.00000000000 0.00000000000 0.00000000000 0.00000000000 0.00000000000 0.00000000000 0.00000000000 0.00000000000 0.00000000000 0.00000000000 0.00000000000 0.00000000000
# log_avg_GrowthK:
-1.60943800000
# log_avg_Linf:
4.88280200000
# GrowthK_dev:
 0.00000000000 0.00000000000 0.00000000000 0.00000000000 0.00000000000 0.00000000000 0.00000000000 0.00000000000 0.00000000000 0.00000000000 0.00000000000 0.00000000000 0.00000000000 0.00000000000 0.00000000000 0.00000000000 0.00000000000 0.00000000000 0.00000000000 0.00000000000 0.00000000000 0.00000000000 0.00000000000 0.00000000000 0.00000000000 0.00000000000 0.00000000000 0.00000000000 0.00000000000 0.00000000000 0.00000000000 0.00000000000 0.00000000000 0.00000000000 0.00000000000 0.00000000000 0.00000000000 0.00000000000 0.00000000000 0.00000000000 0.00000000000 0.00000000000 0.00000000000 0.00000000000 0.00000000000 0.00000000000 0.00000000000 0.00000000000 0.00000000000 0.00000000000 0.00000000000 0.00000000000 0.00000000000 0.00000000000 0.00000000000 0.00000000000 0.00000000000 0.00000000000 0.00000000000 0.00000000000 0.00000000000 0.00000000000 0.00000000000 0.00000000000 0.00000000000 0.00000000000
# Linf_dev:
 0.00000000000 0.00000000000 0.00000000000 0.00000000000 0.00000000000 0.00000000000 0.00000000000 0.00000000000 0.00000000000 0.00000000000 0.00000000000 0.00000000000 0.00000000000 0.00000000000 0.00000000000 0.00000000000 0.00000000000 0.00000000000 0.00000000000 0.00000000000 0.00000000000 0.00000000000 0.00000000000 0.00000000000 0.00000000000 0.00000000000 0.00000000000 0.00000000000 0.00000000000 0.00000000000 0.00000000000 0.00000000000 0.00000000000 0.00000000000 0.00000000000 0.00000000000 0.00000000000 0.00000000000 0.00000000000 0.00000000000 0.00000000000 0.00000000000 0.00000000000 0.00000000000 0.00000000000 0.00000000000 0.00000000000 0.00000000000 0.00000000000 0.00000000000 0.00000000000 0.00000000000 0.00000000000 0.00000000000 0.00000000000 0.00000000000 0.00000000000 0.00000000000 0.00000000000 0.00000000000 0.00000000000 0.00000000000 0.00000000000 0.00000000000 0.00000000000 0.00000000000
# SelPars50:
2.08250337026
# SelPars95:
3.74531395111
# SelPars_dev50:
 0.00000000000 0.00000000000 0.00000000000 0.00000000000 0.00000000000 0.00000000000 0.00000000000 0.00000000000 0.00000000000 0.00000000000 0.00000000000 0.00000000000 0.00000000000 0.00000000000 0.00000000000 0.00000000000 0.00000000000 0.00000000000 0.00000000000 0.00000000000 0.00000000000 0.00000000000 0.00000000000 0.00000000000 0.00000000000 0.00000000000 0.00000000000 0.00000000000 0.00000000000 0.00000000000 0.00000000000 0.00000000000 0.00000000000 0.00000000000 0.00000000000 0.00000000000 0.00000000000 0.00000000000 0.00000000000 0.00000000000 0.00000000000 0.00000000000 0.00000000000 0.00000000000 0.00000000000 0.00000000000 0.00000000000 0.00000000000 0.00000000000 0.00000000000 0.00000000000 0.00000000000 0.00000000000 0.00000000000 0.00000000000 0.00000000000 0.00000000000 0.00000000000 0.00000000000 0.00000000000 0.00000000000 0.00000000000 0.00000000000 0.00000000000 0.00000000000 0.00000000000
# SelPars_dev95:
 0.00000000000 0.00000000000 0.00000000000 0.00000000000 0.00000000000 0.00000000000 0.00000000000 0.00000000000 0.00000000000 0.00000000000 0.00000000000 0.00000000000 0.00000000000 0.00000000000 0.00000000000 0.00000000000 0.00000000000 0.00000000000 0.00000000000 0.00000000000 0.00000000000 0.00000000000 0.00000000000 0.00000000000 0.00000000000 0.00000000000 0.00000000000 0.00000000000 0.00000000000 0.00000000000 0.00000000000 0.00000000000 0.00000000000 0.00000000000 0.00000000000 0.00000000000 0.00000000000 0.00000000000 0.00000000000 0.00000000000 0.00000000000 0.00000000000 0.00000000000 0.00000000000 0.00000000000 0.00000000000 0.00000000000 0.00000000000 0.00000000000 0.00000000000 0.00000000000 0.00000000000 0.00000000000 0.00000000000 0.00000000000 0.00000000000 0.00000000000 0.00000000000 0.00000000000 0.00000000000 0.00000000000 0.00000000000 0.00000000000 0.00000000000 0.00000000000 0.00000000000
