# Number of parameters = 236 Objective function value = 81511.4  Maximum gradient component = 0.00201784
# srv_sel50:
1.48228304818
# srv_sel95:
2.45213282398
# stNatLen:
 11.3532768497 11.2209786830 11.0236328268 10.8334752900 10.6477135366 10.4463516433 10.2224287196 9.98294341825 9.73978665103 9.50323363244 9.27998542905 9.07361389082 8.88556307999 8.71600218140 8.56441828568 8.43000590126 8.31187606794 8.20912630616 8.12093248884 8.04661454312 7.98554617159 7.93721257504 7.90122473134 7.87729566749 7.86538376357
# log_avg_fmort_dir:
-1.65225712913
# fmort_dir_dev:
 -1.78880761444 -1.78095376851 -1.42259501937 -1.05769774756 -0.796055105929 -0.527885406760 -0.378025426700 -0.280663391219 -0.0372415125715 0.108147851733 0.247865134052 0.273062479934 0.328066038836 0.401082937582 0.541537145957 0.529018682232 0.475052096493 0.436423316637 0.361025485394 0.377909992388 0.339437213265 0.401974311501 0.297317606857 0.264164703750 0.314269059104 0.212139581138 0.105514588804 0.177933630672 0.113082893900 0.137386454331 0.145223831630 0.0510187603558 0.161631566662 0.111614080238 0.117082266367 0.0561758398923 0.123835065332 -0.133626001672 0.0238577302429 -0.0312304903313 0.0746018717908 0.135823781523 0.0383672604525 0.0866261798545 0.0286411171482 0.115706232254 0.0697331657532 0.219430914691 0.173685440366 0.135806799520 -0.103279753708 -0.0338629809856 0.0906433242065 0.318107060939 -0.0839336676588 -0.337507822933 0.00898780718767 0.214524197016 0.283658045456 -0.968405608027 -0.241971186441 -0.261366221402 0.306677351230 0.313405757764 0.183892388379 0.108845148891 0.123959092734 0.00113544377890
# mean_log_rec:
11.1763177180
# rec_dev:
 0.343337929097 0.364786324741 0.391527455617 0.364104995687 0.314001095979 0.275394742389 0.266018288071 0.244280096205 0.202736847459 0.167721601411 0.137043262113 0.0974266345096 0.0591598724112 0.0159563887911 -0.0394279402221 -0.0924025301757 -0.106085699287 -0.0873316322498 -0.0775535863804 -0.147860194783 -0.224853670888 -0.243240447567 -0.229691415797 -0.207093842425 -0.172812249734 -0.139406367736 -0.150906200985 -0.171270961409 -0.199136442671 -0.211171813192 -0.188684793666 -0.189362498340 -0.224867324891 -0.224737399359 -0.117658036293 0.0145317975288 0.0848468872866 0.129461663482 0.123896132267 0.0221741932904 -0.0906657706588 -0.0832514263281 -0.0215075459681 0.00980298572995 -0.0273151409400 -0.114833863207 -0.163704712573 -0.152408539563 -0.117525351251 -0.0713842072118 0.00123666006399 0.0601202317369 0.0631211158731 0.0451792506788 0.0506590056286 0.0761966020920 0.0777991883397 0.00617564692506 -0.0250853887594 0.00674455871351 0.104596796452 0.156138926057 0.124597721123 0.0523277393029 -0.0116292072192 -0.0392728853278 -0.0444817319385 -0.0444818180580
# log_avg_NatM:
-1.52235781743
# m_dev:
 -0.525186534869 -0.473885596118 -0.145594602862 0.0532815879389 0.147067073062 0.0497227322422 -0.141177883728 -0.0603710717135 -0.0902458901115 -0.203676062675 -0.126635130835 -0.0602727196109 -0.178288911776 -0.224708979076 -0.0990214405367 -0.0618208644123 -0.387111446298 -0.522406757840 -0.266075994780 0.145288241736 0.123673414053 -0.107750293832 -0.213841650943 -0.308498945025 -0.318419463089 -0.182649000245 0.0168069268950 0.0657792317553 0.123468130043 -0.0596989068676 -0.195544617194 -0.0665707839247 -0.00365985906544 0.0508891988150 0.0634960035929 -0.108309460025 -0.0511559078914 -0.0777139592104 0.127520547909 0.550756507215 0.513429181955 0.0319932762439 -0.0975630619109 -0.0296010017623 0.270592834619 0.466560930586 0.199231229729 -0.0418596773955 0.0337747034235 -0.126940138621 -0.162897154952 -0.0320789378531 0.205469373853 0.180736035116 0.0563955427544 0.0915535058372 0.255995649900 0.479978002035 0.130886048079 0.000281407280060 -0.188452461015 0.143769597107 0.314319632916 0.289345427834 0.254111899299 0.202117060388 0.142706377482 0.158687856370
# log_avg_GrowthK:
-1.60943800000
# log_avg_Linf:
4.88280200000
# GrowthK_dev:
 0.00000000000 0.00000000000 0.00000000000 0.00000000000 0.00000000000 0.00000000000 0.00000000000 0.00000000000 0.00000000000 0.00000000000 0.00000000000 0.00000000000 0.00000000000 0.00000000000 0.00000000000 0.00000000000 0.00000000000 0.00000000000 0.00000000000 0.00000000000 0.00000000000 0.00000000000 0.00000000000 0.00000000000 0.00000000000 0.00000000000 0.00000000000 0.00000000000 0.00000000000 0.00000000000 0.00000000000 0.00000000000 0.00000000000 0.00000000000 0.00000000000 0.00000000000 0.00000000000 0.00000000000 0.00000000000 0.00000000000 0.00000000000 0.00000000000 0.00000000000 0.00000000000 0.00000000000 0.00000000000 0.00000000000 0.00000000000 0.00000000000 0.00000000000 0.00000000000 0.00000000000 0.00000000000 0.00000000000 0.00000000000 0.00000000000 0.00000000000 0.00000000000 0.00000000000 0.00000000000 0.00000000000 0.00000000000 0.00000000000 0.00000000000 0.00000000000 0.00000000000 0.00000000000 0.00000000000
# Linf_dev:
 0.00000000000 0.00000000000 0.00000000000 0.00000000000 0.00000000000 0.00000000000 0.00000000000 0.00000000000 0.00000000000 0.00000000000 0.00000000000 0.00000000000 0.00000000000 0.00000000000 0.00000000000 0.00000000000 0.00000000000 0.00000000000 0.00000000000 0.00000000000 0.00000000000 0.00000000000 0.00000000000 0.00000000000 0.00000000000 0.00000000000 0.00000000000 0.00000000000 0.00000000000 0.00000000000 0.00000000000 0.00000000000 0.00000000000 0.00000000000 0.00000000000 0.00000000000 0.00000000000 0.00000000000 0.00000000000 0.00000000000 0.00000000000 0.00000000000 0.00000000000 0.00000000000 0.00000000000 0.00000000000 0.00000000000 0.00000000000 0.00000000000 0.00000000000 0.00000000000 0.00000000000 0.00000000000 0.00000000000 0.00000000000 0.00000000000 0.00000000000 0.00000000000 0.00000000000 0.00000000000 0.00000000000 0.00000000000 0.00000000000 0.00000000000 0.00000000000 0.00000000000 0.00000000000 0.00000000000
# SelPars50:
2.01281169929
# SelPars95:
3.55946585504
# SelPars_dev50:
 0.00000000000 0.00000000000 0.00000000000 0.00000000000 0.00000000000 0.00000000000 0.00000000000 0.00000000000 0.00000000000 0.00000000000 0.00000000000 0.00000000000 0.00000000000 0.00000000000 0.00000000000 0.00000000000 0.00000000000 0.00000000000 0.00000000000 0.00000000000 0.00000000000 0.00000000000 0.00000000000 0.00000000000 0.00000000000 0.00000000000 0.00000000000 0.00000000000 0.00000000000 0.00000000000 0.00000000000 0.00000000000 0.00000000000 0.00000000000 0.00000000000 0.00000000000 0.00000000000 0.00000000000 0.00000000000 0.00000000000 0.00000000000 0.00000000000 0.00000000000 0.00000000000 0.00000000000 0.00000000000 0.00000000000 0.00000000000 0.00000000000 0.00000000000 0.00000000000 0.00000000000 0.00000000000 0.00000000000 0.00000000000 0.00000000000 0.00000000000 0.00000000000 0.00000000000 0.00000000000 0.00000000000 0.00000000000 0.00000000000 0.00000000000 0.00000000000 0.00000000000 0.00000000000 0.00000000000
# SelPars_dev95:
 0.00000000000 0.00000000000 0.00000000000 0.00000000000 0.00000000000 0.00000000000 0.00000000000 0.00000000000 0.00000000000 0.00000000000 0.00000000000 0.00000000000 0.00000000000 0.00000000000 0.00000000000 0.00000000000 0.00000000000 0.00000000000 0.00000000000 0.00000000000 0.00000000000 0.00000000000 0.00000000000 0.00000000000 0.00000000000 0.00000000000 0.00000000000 0.00000000000 0.00000000000 0.00000000000 0.00000000000 0.00000000000 0.00000000000 0.00000000000 0.00000000000 0.00000000000 0.00000000000 0.00000000000 0.00000000000 0.00000000000 0.00000000000 0.00000000000 0.00000000000 0.00000000000 0.00000000000 0.00000000000 0.00000000000 0.00000000000 0.00000000000 0.00000000000 0.00000000000 0.00000000000 0.00000000000 0.00000000000 0.00000000000 0.00000000000 0.00000000000 0.00000000000 0.00000000000 0.00000000000 0.00000000000 0.00000000000 0.00000000000 0.00000000000 0.00000000000 0.00000000000 0.00000000000 0.00000000000
