# Number of parameters = 159 Objective function value = 77037.8  Maximum gradient component = 0.000797565
# srv_sel50:
1.52872463014
# srv_sel95:
2.58906501064
# stNatLen:
 11.4619074993 11.3118610772 11.1010542875 10.9069496921 10.7214474450 10.5206157822 10.2967216180 10.0572971135 9.81471439577 9.57937065463 9.35786539333 9.15359859834 8.96782813319 8.80058623656 8.65128725362 8.51906473300 8.40297502828 8.30207093031 8.21545846694 8.14236933383 8.08227664757 8.03476061563 7.99955108695 7.97630396800 7.96475674737
# log_avg_fmort_dir:
-1.65474265372
# fmort_dir_dev:
 -1.70858127593 -1.72076786809 -1.31390187176 -0.937269982536 -0.667004083087 -0.452840425249 -0.390405256082 -0.173795119918 0.0206318793212 0.141124880020 0.233882398967 0.337694653883 0.362145335324 0.399522594473 0.493518276869 0.548052922238 0.629160427404 0.499054324971 0.573501706678 0.541746347694 0.449243065734 0.381212146884 0.473378967463 0.405148364457 0.414085615217 0.448281395169 0.416180924360 0.287413550906 0.253504990463 0.155695944307 0.229676068872 0.140829431392 0.0867958987831 -0.0193058033442 0.0687054091864 0.0242437525980 0.0889963555263 0.0803895381994 0.0903254811542 0.0270451082768 3.83857032947e-005 0.0589914898709 0.0489323261190 0.0316712251701 -0.0454860613687 0.0380784384015 0.0792576542510 0.0700636842281 0.0548048909018 0.0419761553363 -0.371340876592 -0.164546884374 -0.0900894400871 -0.236873613158 -0.295440313244 -0.218231091221 -0.211833265464 -0.151295193321 -0.264288667277 -0.233982820801 -0.144557516549 0.0525012791371 0.0205570806811 0.0137770628579
# mean_log_rec:
11.1316797271
# rec_dev:
 0.404345454633 0.385280646719 0.384831892568 0.377795431016 0.370162904589 0.369680833493 0.370875018998 0.356368835698 0.329877878890 0.302194993166 0.266647667888 0.245444448441 0.231505690164 0.192217024233 0.150718132718 0.0971683519573 0.0412371228098 -0.0180745446982 -0.0701765091086 -0.0851548439140 -0.0908317857450 -0.118075162005 -0.132153322074 -0.151331253825 -0.172662922957 -0.180399069998 -0.188140038485 -0.189797074027 -0.202186638777 -0.223226318045 -0.215552489068 -0.206149672535 -0.189005769159 -0.162858712082 -0.147130924575 -0.139921808649 -0.143293936678 -0.142968552424 -0.134594282422 -0.138613761974 -0.136213197574 -0.150827503463 -0.154673192282 -0.125676556230 -0.120973886223 -0.116667399422 -0.102217995991 -0.0977977292222 -0.0972361408811 -0.0976695098526 -0.0892120388693 -0.0604595937287 -0.0264934684857 -0.00911206321653 -0.00893687706838 -0.00206858774047 0.00615735986576 -0.0106959770485 -0.0168044873122 -0.00869253141264 0.00268680642377 0.00684328995629 -0.00865580964689 -0.00865584532709
# log_avg_NatM:
-1.60943800000
# m_dev:
 0.00000000000 0.00000000000 0.00000000000 0.00000000000 0.00000000000 0.00000000000 0.00000000000 0.00000000000 0.00000000000 0.00000000000 0.00000000000 0.00000000000 0.00000000000 0.00000000000 0.00000000000 0.00000000000 0.00000000000 0.00000000000 0.00000000000 0.00000000000 0.00000000000 0.00000000000 0.00000000000 0.00000000000 0.00000000000 0.00000000000 0.00000000000 0.00000000000 0.00000000000 0.00000000000 0.00000000000 0.00000000000 0.00000000000 0.00000000000 0.00000000000 0.00000000000 0.00000000000 0.00000000000 0.00000000000 0.00000000000 0.00000000000 0.00000000000 0.00000000000 0.00000000000 0.00000000000 0.00000000000 0.00000000000 0.00000000000 0.00000000000 0.00000000000 0.00000000000 0.00000000000 0.00000000000 0.00000000000 0.00000000000 0.00000000000 0.00000000000 0.00000000000 0.00000000000 0.00000000000 0.00000000000 0.00000000000 0.00000000000 0.00000000000
# log_avg_GrowthK:
-1.60943800000
# log_avg_Linf:
4.88280200000
# GrowthK_dev:
 0.00000000000 0.00000000000 0.00000000000 0.00000000000 0.00000000000 0.00000000000 0.00000000000 0.00000000000 0.00000000000 0.00000000000 0.00000000000 0.00000000000 0.00000000000 0.00000000000 0.00000000000 0.00000000000 0.00000000000 0.00000000000 0.00000000000 0.00000000000 0.00000000000 0.00000000000 0.00000000000 0.00000000000 0.00000000000 0.00000000000 0.00000000000 0.00000000000 0.00000000000 0.00000000000 0.00000000000 0.00000000000 0.00000000000 0.00000000000 0.00000000000 0.00000000000 0.00000000000 0.00000000000 0.00000000000 0.00000000000 0.00000000000 0.00000000000 0.00000000000 0.00000000000 0.00000000000 0.00000000000 0.00000000000 0.00000000000 0.00000000000 0.00000000000 0.00000000000 0.00000000000 0.00000000000 0.00000000000 0.00000000000 0.00000000000 0.00000000000 0.00000000000 0.00000000000 0.00000000000 0.00000000000 0.00000000000 0.00000000000 0.00000000000
# Linf_dev:
 0.00000000000 0.00000000000 0.00000000000 0.00000000000 0.00000000000 0.00000000000 0.00000000000 0.00000000000 0.00000000000 0.00000000000 0.00000000000 0.00000000000 0.00000000000 0.00000000000 0.00000000000 0.00000000000 0.00000000000 0.00000000000 0.00000000000 0.00000000000 0.00000000000 0.00000000000 0.00000000000 0.00000000000 0.00000000000 0.00000000000 0.00000000000 0.00000000000 0.00000000000 0.00000000000 0.00000000000 0.00000000000 0.00000000000 0.00000000000 0.00000000000 0.00000000000 0.00000000000 0.00000000000 0.00000000000 0.00000000000 0.00000000000 0.00000000000 0.00000000000 0.00000000000 0.00000000000 0.00000000000 0.00000000000 0.00000000000 0.00000000000 0.00000000000 0.00000000000 0.00000000000 0.00000000000 0.00000000000 0.00000000000 0.00000000000 0.00000000000 0.00000000000 0.00000000000 0.00000000000 0.00000000000 0.00000000000 0.00000000000 0.00000000000
# SelPars50:
2.09675995537
# SelPars95:
3.77710296153
# SelPars_dev50:
 0.00000000000 0.00000000000 0.00000000000 0.00000000000 0.00000000000 0.00000000000 0.00000000000 0.00000000000 0.00000000000 0.00000000000 0.00000000000 0.00000000000 0.00000000000 0.00000000000 0.00000000000 0.00000000000 0.00000000000 0.00000000000 0.00000000000 0.00000000000 0.00000000000 0.00000000000 0.00000000000 0.00000000000 0.00000000000 0.00000000000 0.00000000000 0.00000000000 0.00000000000 0.00000000000 0.00000000000 0.00000000000 0.00000000000 0.00000000000 0.00000000000 0.00000000000 0.00000000000 0.00000000000 0.00000000000 0.00000000000 0.00000000000 0.00000000000 0.00000000000 0.00000000000 0.00000000000 0.00000000000 0.00000000000 0.00000000000 0.00000000000 0.00000000000 0.00000000000 0.00000000000 0.00000000000 0.00000000000 0.00000000000 0.00000000000 0.00000000000 0.00000000000 0.00000000000 0.00000000000 0.00000000000 0.00000000000 0.00000000000 0.00000000000
# SelPars_dev95:
 0.00000000000 0.00000000000 0.00000000000 0.00000000000 0.00000000000 0.00000000000 0.00000000000 0.00000000000 0.00000000000 0.00000000000 0.00000000000 0.00000000000 0.00000000000 0.00000000000 0.00000000000 0.00000000000 0.00000000000 0.00000000000 0.00000000000 0.00000000000 0.00000000000 0.00000000000 0.00000000000 0.00000000000 0.00000000000 0.00000000000 0.00000000000 0.00000000000 0.00000000000 0.00000000000 0.00000000000 0.00000000000 0.00000000000 0.00000000000 0.00000000000 0.00000000000 0.00000000000 0.00000000000 0.00000000000 0.00000000000 0.00000000000 0.00000000000 0.00000000000 0.00000000000 0.00000000000 0.00000000000 0.00000000000 0.00000000000 0.00000000000 0.00000000000 0.00000000000 0.00000000000 0.00000000000 0.00000000000 0.00000000000 0.00000000000 0.00000000000 0.00000000000 0.00000000000 0.00000000000 0.00000000000 0.00000000000 0.00000000000 0.00000000000
