# Number of parameters = 145 Objective function value = 68311.0391320953  Maximum gradient component = 0.000367047420132435
# srv_sel50:
1.63844641186
# srv_sel95:
2.88278133746
# stNatLen:
 11.8617358313 11.6858822210 11.4359864089 11.2215494057 11.0351381604 10.8431881976 10.6284481205 10.3929173651 10.1477078371 9.90439717950 9.67146473594 9.45397780064 9.25441636592 9.07363332973 8.91155618191 8.76764002847 8.64111506613 8.53113728640 8.43689416571 8.35761495629 8.29265214908 8.24146530273 8.20357943951 8.17866115311 8.16626679532
# log_avg_fmort_dir:
-1.65166671711
# fmort_dir_dev:
 -2.01775145821 -2.01549717430 -1.51760538178 -1.15981805529 -0.686865403218 -0.631465319863 -0.396781421850 -0.227889199308 -0.169489495140 0.0506195349184 0.0885139287256 0.278527819393 0.316019989810 0.364058658820 0.434043189011 0.356982444950 0.432706944344 0.499249498119 0.328043428776 0.267440480796 0.388211126158 0.296262800333 0.311697512821 0.259843866535 0.269385762052 0.281306747817 0.201775710795 0.205049681178 0.105862876514 0.118178834745 0.109898388458 0.141387179655 0.0948276925429 0.134951924720 0.154589448520 0.0713136549878 0.211526529420 0.183713451228 0.117788779528 0.106720578879 0.111302527677 0.148604957538 0.150397615090 0.118041530281 0.0784013131894 0.0575177323764 0.124332445048 0.0697522237723 0.147730320334 0.140171044500 0.0492750094935 -0.0377876531904 -0.0779227156388 0.0521848535603 0.170882855982 0.252613718949 0.0871666654476
# mean_log_rec:
11.3591831534
# rec_dev:
 0.544428653876 0.506345660199 0.493724965936 0.480580980942 0.469831099733 0.467956876784 0.461621813387 0.454386388972 0.434518328789 0.401459232356 0.357756105668 0.313284699638 0.291955135972 0.257735464549 0.213164958322 0.166960184604 0.0914194384254 0.0345540989564 0.0120501800095 -0.000574191614387 -0.0257118283905 -0.0413498300591 -0.0627632962875 -0.0923119445890 -0.125504829838 -0.166774391256 -0.176323737727 -0.184153597544 -0.205984120052 -0.228840506846 -0.257839732447 -0.294504092456 -0.331178001143 -0.347133568969 -0.262741221343 -0.192574551049 -0.220889643305 -0.243729264246 -0.239090782579 -0.224913400007 -0.223901762802 -0.229236149128 -0.238821802475 -0.241526499535 -0.251679665891 -0.238205037119 -0.205039728346 -0.171724183544 -0.151786319830 -0.143353547175 -0.136419857377 -0.124994915912 -0.102893091269 -0.0480846807655 0.000407564263899 -0.0107939900491 -0.0107940684201
# log_avg_NatM:
-1.47890400000
# m_dev:
 0.00000000000 0.00000000000 0.00000000000 0.00000000000 0.00000000000 0.00000000000 0.00000000000 0.00000000000 0.00000000000 0.00000000000 0.00000000000 0.00000000000 0.00000000000 0.00000000000 0.00000000000 0.00000000000 0.00000000000 0.00000000000 0.00000000000 0.00000000000 0.00000000000 0.00000000000 0.00000000000 0.00000000000 0.00000000000 0.00000000000 0.00000000000 0.00000000000 0.00000000000 0.00000000000 0.00000000000 0.00000000000 0.00000000000 0.00000000000 0.00000000000 0.00000000000 0.00000000000 0.00000000000 0.00000000000 0.00000000000 0.00000000000 0.00000000000 0.00000000000 0.00000000000 0.00000000000 0.00000000000 0.00000000000 0.00000000000 0.00000000000 0.00000000000 0.00000000000 0.00000000000 0.00000000000 0.00000000000 0.00000000000 0.00000000000 0.00000000000
# log_avg_GrowthK:
-1.60943800000
# log_avg_Linf:
4.88280200000
# GrowthK_dev:
 0.00000000000 0.00000000000 0.00000000000 0.00000000000 0.00000000000 0.00000000000 0.00000000000 0.00000000000 0.00000000000 0.00000000000 0.00000000000 0.00000000000 0.00000000000 0.00000000000 0.00000000000 0.00000000000 0.00000000000 0.00000000000 0.00000000000 0.00000000000 0.00000000000 0.00000000000 0.00000000000 0.00000000000 0.00000000000 0.00000000000 0.00000000000 0.00000000000 0.00000000000 0.00000000000 0.00000000000 0.00000000000 0.00000000000 0.00000000000 0.00000000000 0.00000000000 0.00000000000 0.00000000000 0.00000000000 0.00000000000 0.00000000000 0.00000000000 0.00000000000 0.00000000000 0.00000000000 0.00000000000 0.00000000000 0.00000000000 0.00000000000 0.00000000000 0.00000000000 0.00000000000 0.00000000000 0.00000000000 0.00000000000 0.00000000000 0.00000000000
# Linf_dev:
 0.00000000000 0.00000000000 0.00000000000 0.00000000000 0.00000000000 0.00000000000 0.00000000000 0.00000000000 0.00000000000 0.00000000000 0.00000000000 0.00000000000 0.00000000000 0.00000000000 0.00000000000 0.00000000000 0.00000000000 0.00000000000 0.00000000000 0.00000000000 0.00000000000 0.00000000000 0.00000000000 0.00000000000 0.00000000000 0.00000000000 0.00000000000 0.00000000000 0.00000000000 0.00000000000 0.00000000000 0.00000000000 0.00000000000 0.00000000000 0.00000000000 0.00000000000 0.00000000000 0.00000000000 0.00000000000 0.00000000000 0.00000000000 0.00000000000 0.00000000000 0.00000000000 0.00000000000 0.00000000000 0.00000000000 0.00000000000 0.00000000000 0.00000000000 0.00000000000 0.00000000000 0.00000000000 0.00000000000 0.00000000000 0.00000000000 0.00000000000
# SelPars50:
2.26139723917
# SelPars95:
4.14559153189
# SelPars_dev50:
 0.00000000000 0.00000000000 0.00000000000 0.00000000000 0.00000000000 0.00000000000 0.00000000000 0.00000000000 0.00000000000 0.00000000000 0.00000000000 0.00000000000 0.00000000000 0.00000000000 0.00000000000 0.00000000000 0.00000000000 0.00000000000 0.00000000000 0.00000000000 0.00000000000 0.00000000000 0.00000000000 0.00000000000 0.00000000000 0.00000000000 0.00000000000 0.00000000000 0.00000000000 0.00000000000 0.00000000000 0.00000000000 0.00000000000 0.00000000000 0.00000000000 0.00000000000 0.00000000000 0.00000000000 0.00000000000 0.00000000000 0.00000000000 0.00000000000 0.00000000000 0.00000000000 0.00000000000 0.00000000000 0.00000000000 0.00000000000 0.00000000000 0.00000000000 0.00000000000 0.00000000000 0.00000000000 0.00000000000 0.00000000000 0.00000000000 0.00000000000
# SelPars_dev95:
 0.00000000000 0.00000000000 0.00000000000 0.00000000000 0.00000000000 0.00000000000 0.00000000000 0.00000000000 0.00000000000 0.00000000000 0.00000000000 0.00000000000 0.00000000000 0.00000000000 0.00000000000 0.00000000000 0.00000000000 0.00000000000 0.00000000000 0.00000000000 0.00000000000 0.00000000000 0.00000000000 0.00000000000 0.00000000000 0.00000000000 0.00000000000 0.00000000000 0.00000000000 0.00000000000 0.00000000000 0.00000000000 0.00000000000 0.00000000000 0.00000000000 0.00000000000 0.00000000000 0.00000000000 0.00000000000 0.00000000000 0.00000000000 0.00000000000 0.00000000000 0.00000000000 0.00000000000 0.00000000000 0.00000000000 0.00000000000 0.00000000000 0.00000000000 0.00000000000 0.00000000000 0.00000000000 0.00000000000 0.00000000000 0.00000000000 0.00000000000
