# Number of parameters = 173 Objective function value = 56006.8  Maximum gradient component = 0.000845821
# srv_sel50:
1.46335556054
# srv_sel95:
2.41131286492
# stNatLen:
 11.2920362515 11.1410534125 10.9133865550 10.6839971442 10.4588418364 10.2256809206 9.98059450064 9.72965761740 9.48214242949 9.24572184137 9.02516312716 8.82275746215 8.63916014451 8.47409043569 8.32680423980 8.19636300201 8.08179631593 7.98219504947 7.89676063232 7.82484883732 7.76579939821 7.71909053846 7.68434467542 7.66131991014 7.64983050262
# log_avg_fmort_dir:
-1.47207984611
# fmort_dir_dev:
 -0.639120204487 -0.550617301316 -0.500514844851 -0.321313167548 -0.105357105125 0.0220810387272 0.0996147969882 0.152094283086 0.141447857209 0.356493990190 0.359552466697 0.356124825395 0.409132885518 0.411316448051 0.319098817457 0.357072690709 0.283365214575 0.259471276500 0.166065635611 0.210301302291 0.248322804697 0.157496663643 0.101169687183 0.168205947821 0.0271045509551 0.0824727527797 -0.0564738730649 0.00769550760781 0.00454162230445 -0.0297164040379 0.0740491458598 -0.0759147034806 -0.126588887273 -0.152717771520 -0.219443525890 -0.0895345142265 -0.170566450290 -0.242421613971 -0.252778389238 -0.158077760411 -0.276410602856 -0.123607273951 -0.107120959510 -0.195511097404 -0.171139583557 -0.0711433443889 -0.138202833460
# mean_log_rec:
11.0697275119
# rec_dev:
 0.314368280226 0.304259973856 0.296346301681 0.243731328819 0.168464901489 0.117525666027 0.126391466318 0.144769576757 0.116507872353 0.0635845460903 0.00384524943171 -0.0585082773129 -0.124399796962 -0.164501609654 -0.198535924528 -0.198015370459 -0.199053621163 -0.217637725938 -0.237509689042 -0.263714865138 -0.254116392729 -0.237894790045 -0.218530996240 -0.204310657255 -0.175877824744 -0.145620744607 -0.151168593187 -0.194269497342 -0.238888277194 -0.242863220423 -0.114599451885 0.0474095870886 0.117830242443 0.142482964410 0.145021091304 0.111047585424 0.0914284296729 0.121919207466 0.138876299016 0.144102458216 0.160005475411 0.120967880407 0.141508901158 0.166259256003 0.120481380685 0.0854406053505 0.0854407987458
# log_avg_NatM:
-1.63890655848
# m_dev:
 -0.307571437177 -0.177085082703 -0.0738104736918 0.0895396785997 0.162363873562 -0.0231277966522 -0.486283059612 -0.434475212490 -0.238287546720 -0.0989852701283 -0.0885555309041 -0.136519620302 -0.0907446512420 -0.136834807858 -0.252720288010 -0.371894790646 -0.190045680524 -0.0863628050073 -0.0334552051485 -0.0653129285037 -0.193491546494 -0.243415137011 -0.212298722749 -0.104498901712 -0.272838875830 -0.188286909340 0.0387032049656 0.200163025886 0.127340387409 0.0554187193637 -0.0513654320288 -0.130490252994 -0.00264496463225 0.0918851402116 0.204784150789 0.484121207614 0.360541630534 0.181367623119 0.322165190988 0.250857936803 0.182526080230 0.484554186971 0.0716425782102 0.196448415221 0.443710450281 0.366801513862 0.376467935492
# log_avg_GrowthK:
-1.60943800000
# log_avg_Linf:
4.88280200000
# GrowthK_dev:
 0.00000000000 0.00000000000 0.00000000000 0.00000000000 0.00000000000 0.00000000000 0.00000000000 0.00000000000 0.00000000000 0.00000000000 0.00000000000 0.00000000000 0.00000000000 0.00000000000 0.00000000000 0.00000000000 0.00000000000 0.00000000000 0.00000000000 0.00000000000 0.00000000000 0.00000000000 0.00000000000 0.00000000000 0.00000000000 0.00000000000 0.00000000000 0.00000000000 0.00000000000 0.00000000000 0.00000000000 0.00000000000 0.00000000000 0.00000000000 0.00000000000 0.00000000000 0.00000000000 0.00000000000 0.00000000000 0.00000000000 0.00000000000 0.00000000000 0.00000000000 0.00000000000 0.00000000000 0.00000000000 0.00000000000
# Linf_dev:
 0.00000000000 0.00000000000 0.00000000000 0.00000000000 0.00000000000 0.00000000000 0.00000000000 0.00000000000 0.00000000000 0.00000000000 0.00000000000 0.00000000000 0.00000000000 0.00000000000 0.00000000000 0.00000000000 0.00000000000 0.00000000000 0.00000000000 0.00000000000 0.00000000000 0.00000000000 0.00000000000 0.00000000000 0.00000000000 0.00000000000 0.00000000000 0.00000000000 0.00000000000 0.00000000000 0.00000000000 0.00000000000 0.00000000000 0.00000000000 0.00000000000 0.00000000000 0.00000000000 0.00000000000 0.00000000000 0.00000000000 0.00000000000 0.00000000000 0.00000000000 0.00000000000 0.00000000000 0.00000000000 0.00000000000
# SelPars50:
2.00668653080
# SelPars95:
3.55749434390
# SelPars_dev50:
 0.00000000000 0.00000000000 0.00000000000 0.00000000000 0.00000000000 0.00000000000 0.00000000000 0.00000000000 0.00000000000 0.00000000000 0.00000000000 0.00000000000 0.00000000000 0.00000000000 0.00000000000 0.00000000000 0.00000000000 0.00000000000 0.00000000000 0.00000000000 0.00000000000 0.00000000000 0.00000000000 0.00000000000 0.00000000000 0.00000000000 0.00000000000 0.00000000000 0.00000000000 0.00000000000 0.00000000000 0.00000000000 0.00000000000 0.00000000000 0.00000000000 0.00000000000 0.00000000000 0.00000000000 0.00000000000 0.00000000000 0.00000000000 0.00000000000 0.00000000000 0.00000000000 0.00000000000 0.00000000000 0.00000000000
# SelPars_dev95:
 0.00000000000 0.00000000000 0.00000000000 0.00000000000 0.00000000000 0.00000000000 0.00000000000 0.00000000000 0.00000000000 0.00000000000 0.00000000000 0.00000000000 0.00000000000 0.00000000000 0.00000000000 0.00000000000 0.00000000000 0.00000000000 0.00000000000 0.00000000000 0.00000000000 0.00000000000 0.00000000000 0.00000000000 0.00000000000 0.00000000000 0.00000000000 0.00000000000 0.00000000000 0.00000000000 0.00000000000 0.00000000000 0.00000000000 0.00000000000 0.00000000000 0.00000000000 0.00000000000 0.00000000000 0.00000000000 0.00000000000 0.00000000000 0.00000000000 0.00000000000 0.00000000000 0.00000000000 0.00000000000 0.00000000000
