#Simulated generalized assessment 
# 
#start/end year 
5 51 
#number of ages 
25 
#ages 
1 2 3 4 5 6 7 8 9 10 11 12 13 14 15 16 17 18 19 20 21 22 23 24 25 
#Number of length bins 
25 
#CPUE years 
47 
#years for CPUE 
5 6 7 8 9 10 11 12 13 14 15 16 17 18 19 20 21 22 23 24 25 26 27 28 29 30 31 32 33 34 35 36 37 38 39 40 41 42 43 44 45 46 47 48 49 50 51 
#survey years 
47 
#years for survey 
5 6 7 8 9 10 11 12 13 14 15 16 17 18 19 20 21 22 23 24 25 26 27 28 29 30 31 32 33 34 35 36 37 38 39 40 41 42 43 44 45 46 47 48 49 50 51 
#length freq from catch years 
47 
#years for length freq catch 
5 6 7 8 9 10 11 12 13 14 15 16 17 18 19 20 21 22 23 24 25 26 27 28 29 30 31 32 33 34 35 36 37 38 39 40 41 42 43 44 45 46 47 48 49 50 51 
#catch length sample sizes 
200 200 200 200 200 200 200 200 200 200 200 200 200 200 200 200 200 200 200 200 200 200 200 200 200 200 200 200 200 200 200 200 200 200 200 200 200 200 200 200 200 200 200 200 200 200 200 
#length freq from survey years 
47 
#years for length freq survey 
5 6 7 8 9 10 11 12 13 14 15 16 17 18 19 20 21 22 23 24 25 26 27 28 29 30 31 32 33 34 35 36 37 38 39 40 41 42 43 44 45 46 47 48 49 50 51 
#survey sample sizes 
200 200 200 200 200 200 200 200 200 200 200 200 200 200 200 200 200 200 200 200 200 200 200 200 200 200 200 200 200 200 200 200 200 200 200 200 200 200 200 200 200 200 200 200 200 200 200 
#total survey biomass 
2418136 2728410 2476319 2441789 1730283 1854676 901593.7 1288850 1265840 1182508 812806.1 626683.2 576321.8 706537.7 507352.6 523402.2 598957.2 483001.4 649397.9 421403.3 501167.3 435820.6 674189.3 677224 364022.6 498003.9 630915.7 559719.8 466778.7 511019.8 478124.8 586612.4 500407.1 537147.3 630812.6 728485.5 437302.1 489641.9 560232.8 460962.8 643719.5 845883.4 452150.8 625114.3 779407.9 675833.1 664704.5 
#survey CV 
0.2 0.2 0.2 0.2 0.2 0.2 0.2 0.2 0.2 0.2 0.2 0.2 0.2 0.2 0.2 0.2 0.2 0.2 0.2 0.2 0.2 0.2 0.2 0.2 0.2 0.2 0.2 0.2 0.2 0.2 0.2 0.2 0.2 0.2 0.2 0.2 0.2 0.2 0.2 0.2 0.2 0.2 0.2 0.2 0.2 0.2 0.2 
#total CPUE 
2850115 2684733 2122651 2118484 2268970 1431235 981358 1638071 1283372 1024936 992246.6 919812.2 1018209 574455.3 641189.4 434234.1 656851.9 570521 413539.8 609726.3 412741.1 515489.4 356738.4 486406.7 468404.6 597507.6 537685.5 600345.9 535171.7 532738.1 517040.8 378288.2 669132.7 558585.7 495199.1 627481.3 636606.2 513826.7 779182.6 676530.9 445625.9 733418.9 410709.3 722854.6 617166.4 447533.2 508266.9 
#CPUE CV 
0.2 0.2 0.2 0.2 0.2 0.2 0.2 0.2 0.2 0.2 0.2 0.2 0.2 0.2 0.2 0.2 0.2 0.2 0.2 0.2 0.2 0.2 0.2 0.2 0.2 0.2 0.2 0.2 0.2 0.2 0.2 0.2 0.2 0.2 0.2 0.2 0.2 0.2 0.2 0.2 0.2 0.2 0.2 0.2 0.2 0.2 0.2 
#total catch biomass 
254671 289305.9 278635.9 296551.2 313090.8 299241.7 288345.1 276684.4 248498.7 272239.2 234027.2 204823.1 191221.1 171072.5 144619.4 145732.3 130418.7 123294 108806.3 111223.4 113588.3 103889.6 100617.8 108826.1 96890.43 106865.1 94503.92 99816.68 96537.96 91888.46 101815.4 88852.31 87431.3 88112.49 85182.12 95890.91 84948.02 80359.02 81657.67 90989.46 82964.05 96089.1 96844.38 91403.39 93156.97 99104.3 89242.12 
#catch CV 
0.05 0.05 0.05 0.05 0.05 0.05 0.05 0.05 0.05 0.05 0.05 0.05 0.05 0.05 0.05 0.05 0.05 0.05 0.05 0.05 0.05 0.05 0.05 0.05 0.05 0.05 0.05 0.05 0.05 0.05 0.05 0.05 0.05 0.05 0.05 0.05 0.05 0.05 0.05 0.05 0.05 0.05 0.05 0.05 0.05 0.05 0.05 
#Length Bins 
2.752644 8.257932 13.76322 19.26851 24.7738 30.27908 35.78437 41.28966 46.79495 52.30024 57.80552 63.31081 68.8161 74.32139 79.82667 85.33196 90.83725 96.34254 101.8478 107.3531 112.8584 118.3637 123.869 129.3743 134.8796 
#catch length counts 
105.1244 171.3335 259.5765 371.1399 506.2821 662.4112 832.4526 1005.561 1170.009 1316 1436.975 1529.944 1595.619 1638.098 1663.717 1679.336 1690.52 1699.506 1702.785 1689.059 1639.787 1534.705 1361.998 1128.165 860.2805 
127.3728 207.496 314.1602 448.806 611.59 799.1678 1002.697 1208.688 1402.525 1571.947 1708.729 1809.192 1874.405 1909.806 1923.759 1925.428 1922.515 1918.782 1911.185 1887.512 1827.036 1706.794 1513.077 1252.541 954.8034 
147.9295 240.8453 364.3593 519.9662 707.6129 923.1357 1155.968 1390.169 1608.559 1796.769 1945.153 2049.324 2110.407 2134.68 2132.043 2113.653 2089.373 2064.95 2038.768 1999.137 1924.828 1791.655 1584.663 1309.986 997.788 
168.5648 274.2738 414.5759 590.9586 803.0765 1045.843 1306.849 1567.597 1808.297 2012.541 2169.467 2274.265 2328.325 2338.753 2316.662 2274.688 2224.386 2173.38 2121.967 2060.108 1967.632 1820.631 1603.73 1322.242 1005.463 
184.4724 300.1484 453.6266 646.4098 877.859 1141.979 1424.628 1704.992 1960.997 2174.544 2333.882 2434.073 2476.999 2470.678 2427.298 2360.532 2282.956 2203.442 2124.042 2037.067 1924.971 1766.059 1545.914 1269.02 962.1877 
201.6628 327.9457 495.2885 705.155 956.6384 1242.952 1548.364 1849.786 2122.709 2346.998 2509.611 2605.188 2636.051 2611.338 2544.654 2451.014 2344.118 2233.94 2124.037 2008.969 1874.112 1700.649 1475.862 1203.797 908.6141 
218.2334 354.7979 535.6152 762.0763 1032.892 1340.295 1666.786 1986.979 2274.16 2506.606 2670.438 2760.099 2778.26 2734.873 2644.674 2523.889 2387.341 2246.112 2105.201 1961.377 1803.094 1614.852 1386.188 1121.048 840.7812 
231.4578 376.0264 567.1129 805.9133 1090.746 1413.055 1753.973 2086.305 2381.53 2616.602 2777.039 2857.398 2861.03 2798.876 2686.673 2541.451 2378.64 2209.98 2041.622 1872.451 1694.115 1494.748 1266.512 1013.417 753.7606 
240.6332 390.9667 589.652 837.7975 1133.333 1466.816 1817.938 2157.788 2456.378 2689.835 2843.552 2912.493 2900.767 2820.253 2687.62 2520.628 2335.166 2143.365 1952.166 1762.192 1567.983 1361.132 1136.392 897.9155 661.04 
251.2102 408.0073 615.0569 873.3569 1180.547 1526.525 1889.777 2239.724 2544.627 2779.225 2928.192 2986.58 2959.33 2859.648 2705.618 2516.151 2307.888 2093.465 1880.508 1671.02 1461.868 1247.505 1024.891 798.3423 580.6974 
258.5452 419.7116 632.2613 896.9644 1211.069 1563.822 1932.75 2286.163 2591.368 2822.552 2964.27 3011.792 2970.54 2854.446 2682.494 2474.498 2247.841 2015.73 1786.438 1563.112 1344.52 1127.454 910.6494 698.3936 501.1382 
258.1647 419.0006 630.9687 894.6545 1207.016 1556.908 1921.415 2268.48 2565.263 2786.131 2916.135 2951.218 2897.467 2769.319 2586.044 2367.566 2131.303 1890.569 1654.037 1425.787 1206.157 993.8088 788.7719 595.0254 420.6797 
240.4075 390.2952 587.9431 833.9267 1125.349 1451.612 1790.994 2113.138 2386.953 2588.166 2702.686 2726.88 2666.88 2536.794 2355.252 2141.343 1911.623 1678.739 1451.132 1233.322 1026.765 831.5169 648.4378 480.8991 334.688 
231.4987 376.0105 566.7761 804.5015 1086.523 1402.681 1731.966 2044.883 2311.028 2506.393 2616.696 2637.831 2575.388 2443.046 2259.218 2043.008 1811.152 1576.574 1348.13 1130.993 927.5495 738.8477 566.3001 412.8467 282.7002 
213.926 347.0624 522.4011 740.4036 998.6287 1288.029 1589.796 1877.306 2122.829 2304.107 2407.467 2428.389 2371.264 2248.087 2075.511 1871.197 1650.984 1427.48 1209.716 1003.436 811.8537 636.8242 480.1194 344.1941 231.8793 
202.5724 328.7668 495.0665 701.9101 946.8743 1221.156 1506.692 1778.194 2009.67 2180.604 2278.607 2299.59 2247.33 2132.349 1969.465 1774.692 1562.792 1345.991 1133.585 932.0581 745.6068 576.9999 428.498 302.35 200.4837 
195.8865 317.6674 477.9037 676.9127 912.3753 1175.985 1450.592 1712.002 1935.135 2100.022 2194.562 2214.859 2164.781 2054.626 1898.504 1711.308 1506.59 1295.68 1087.573 889.1106 705.3184 539.9089 395.8016 275.3266 179.8833 
185.5781 300.8054 452.2437 640.0544 861.9077 1109.86 1367.706 1612.73 1821.537 1975.647 2063.951 2082.887 2036.011 1932.842 1786.493 1610.804 1418.265 1219.2 1021.838 832.6984 656.9996 498.9921 362.1262 248.9253 160.5355 
181.7702 294.6397 442.978 626.9236 844.146 1086.779 1338.842 1577.993 1781.302 1930.782 2015.793 2033.156 1986.616 1885.61 1742.899 1571.797 1384.213 1189.924 996.7231 810.9045 637.7611 481.8942 347.2021 236.5017 150.9192 
174.9506 283.4655 425.9558 602.4909 810.8147 1043.421 1285.051 1514.314 1709.175 1852.27 1933.282 1949.144 1903.563 1805.815 1668.366 1504.098 1324.371 1138.35 953.2383 774.8743 608.32 458.1862 328.5331 222.3354 140.7488 
167.7257 271.7932 408.4747 577.8436 777.7192 1000.859 1232.579 1452.346 1639.066 1776.165 1853.805 1869.021 1825.28 1731.385 1599.28 1441.405 1268.768 1090.212 912.5916 741.391 581.3881 437.0447 312.406 210.4946 132.4966 
164.2304 266.0502 399.7039 565.2386 760.5472 978.638 1205.277 1420.484 1603.638 1738.436 1815.114 1830.648 1788.346 1696.775 1567.588 1412.951 1243.67 1068.467 894.1186 726.0301 568.8899 427.0957 304.6802 204.6928 128.3442 
158.5124 256.7439 385.6375 545.2034 733.3824 943.4283 1161.65 1368.862 1545.302 1675.379 1749.75 1765.466 1725.577 1638.148 1514.241 1365.484 1202.275 1033.066 864.4686 701.7805 549.604 412.2552 293.696 196.9299 123.1527 
157.4551 255.0002 382.9594 541.3237 728.0395 936.4179 1152.893 1358.454 1533.527 1662.689 1736.726 1752.76 1713.828 1627.869 1505.726 1358.768 1197.174 1029.262 861.6079 699.5524 547.7782 410.6913 292.3337 195.7656 122.2091 
149.5982 242.3013 363.9379 514.5191 692.1091 890.3569 1096.365 1292.054 1458.806 1581.943 1652.697 1668.331 1631.742 1550.487 1434.863 1295.623 1142.351 982.8492 823.3041 668.7893 523.8253 392.7166 279.4331 186.988 116.5991 
146.9588 238.0341 357.5528 505.5576 680.2043 875.3376 1078.378 1271.625 1436.772 1559.291 1630.391 1647.19 1612.381 1533.31 1420.083 1283.302 1132.422 975.1366 817.5291 664.6031 520.8584 390.6336 277.9705 185.9628 115.8929 
146.4149 237.0309 355.8191 502.7573 676.0008 869.5069 1070.928 1262.857 1427.261 1549.782 1621.659 1639.897 1606.962 1529.918 1418.607 1283.45 1133.816 977.3807 820.2451 667.4422 523.5183 392.8871 279.6947 187.1473 116.6175 
142.462 230.6981 346.4295 489.6518 658.5415 847.1312 1043.29 1230.012 1389.793 1508.837 1578.848 1597.085 1565.981 1492.281 1385.333 1255.021 1110.261 958.4133 805.3983 656.1657 515.2357 387.0295 275.7253 184.5841 115.0502 
141.6494 229.4066 344.5471 487.1115 655.3508 843.4041 1039.259 1225.987 1386.068 1505.597 1576.156 1594.963 1564.515 1491.668 1385.817 1256.773 1113.266 962.4404 810.0478 660.9644 519.7385 390.8974 278.7699 186.7743 116.4836 
137.88 223.2701 335.2764 473.9354 637.5731 820.5586 1011.313 1193.479 1350.078 1467.562 1537.617 1557.335 1528.947 1458.995 1356.614 1231.417 1091.972 945.2328 796.7309 651.129 512.8228 386.2773 275.8438 185.0219 115.4943 
136.4064 220.956 331.9388 469.4391 631.8296 813.535 1003.072 1184.231 1340.224 1457.676 1528.378 1549.408 1522.838 1454.955 1354.611 1231.215 1093.236 947.6147 799.891 654.7196 516.4817 389.6602 278.6844 187.1838 116.9811 
130.448 211.2879 317.395 448.8701 604.2148 778.1977 959.9543 1134.067 1284.476 1398.292 1467.515 1489.218 1465.295 1401.698 1306.822 1189.567 1057.939 918.5226 776.6198 636.7346 503.1384 380.227 272.3776 183.2246 114.663 
156.3768 247.3353 360.3427 491.8832 638.7101 796.8683 959.2309 1114.71 1250.36 1354.509 1418.886 1439.601 1417.477 1357.54 1267.452 1155.561 1029.456 895.4081 758.4881 623.0387 493.2323 373.4155 267.9614 180.5469 113.156 
157.3715 253.5393 377.7299 527.7039 698.2462 879.0749 1053.992 1204.449 1316.157 1383.482 1408.451 1396.579 1353.584 1284.525 1194.224 1087.591 969.4955 844.489 716.6769 589.8707 467.9213 354.9555 255.1959 172.2495 108.1309 
156.9062 253.289 378.7612 532.5625 711.8236 908.9395 1109.11 1291.617 1435.129 1523.758 1550.843 1519.846 1442.574 1334.944 1211.765 1083.118 953.9082 825.7481 699.282 575.7018 457.3311 347.5724 250.3798 169.3198 106.4792 
156.1295 251.7704 376.0279 528.117 705.4895 901.5061 1103.164 1292.137 1449.107 1558.173 1609.164 1598.7 1531.053 1417.937 1275.873 1121.662 968.1724 822.4636 686.6467 560.3732 443.3226 336.5785 242.6224 164.3085 103.5 
154.2825 248.729 371.3413 521.2426 695.7871 888.3229 1086.099 1271.535 1426.709 1537.627 1595.834 1598.247 1546.925 1448.93 1315.535 1160.459 997.4452 837.7963 688.7408 553.4081 432.3408 325.5136 233.6058 157.945 99.49821 
158.7325 255.7664 381.5839 535.1825 713.7682 910.4808 1112.244 1301.07 1458.741 1571.332 1631.013 1635.779 1588.672 1496.785 1369.828 1218.689 1054.434 887.521 726.8204 578.6663 446.621 332.2112 236.0582 158.5166 99.46655 
155.3426 250.3645 373.6244 524.1412 699.1183 891.7009 1088.9 1272.951 1425.983 1534.515 1591.237 1594.75 1548.759 1460.895 1340.887 1198.701 1043.498 883.524 726.2285 578.0766 444.109 327.6838 230.6103 153.4373 95.55922 
158.7239 255.7826 381.6584 535.3494 714.0279 910.7475 1112.291 1300.498 1457.001 1567.834 1625.367 1628.181 1580.339 1490.157 1368.165 1224.867 1069.369 909.1715 750.6634 599.5908 461.1198 339.5199 237.7378 157.0826 97.09519 
160.3643 258.426 385.5969 540.8504 721.3026 919.8993 1123.259 1313.039 1470.73 1582.29 1640.05 1642.549 1593.851 1502.396 1379.022 1234.664 1078.754 918.773 760.659 609.4982 470.0005 346.4835 242.3967 159.6651 98.21604 
159.9176 257.8256 384.9263 540.2665 720.9927 920.0104 1123.834 1313.994 1471.877 1583.397 1640.9 1642.991 1593.813 1501.884 1378.126 1233.59 1077.857 918.4939 761.3473 611.1949 472.3566 348.9094 244.3552 160.9019 98.78961 
160.522 258.6897 386.0203 541.5228 722.3728 921.5889 1125.839 1316.749 1475.664 1588.299 1646.726 1649.325 1600.148 1507.772 1383.275 1237.907 1081.434 921.5687 764.2041 614.0367 475.1966 351.5674 246.5736 162.5044 99.76888 
159.0127 256.3304 382.6271 536.9386 716.4332 914.0996 1116.613 1305.714 1462.988 1574.462 1632.455 1635.409 1587.215 1496.155 1373.028 1228.928 1073.621 914.9027 758.7506 609.8688 472.2984 349.7763 245.6052 162.0416 99.55606 
161.117 259.7258 387.7099 544.1141 726.1083 926.6368 1132.229 1324.364 1484.29 1597.717 1656.769 1659.875 1611.072 1518.852 1394.176 1248.22 1090.79 929.7586 771.2312 620.054 480.3716 355.9658 250.1484 165.1859 101.5727 
161.9285 260.9933 389.5237 546.5323 729.1611 930.3332 1136.559 1329.299 1489.786 1603.71 1663.16 1666.506 1617.733 1525.325 1400.292 1253.881 1095.949 934.3772 775.2694 623.4833 483.1927 358.2093 251.8618 166.4257 102.4074 
157.4809 253.8734 378.9875 531.8869 709.7916 905.7822 1106.674 1294.368 1450.581 1561.412 1619.219 1622.471 1575.073 1485.264 1363.72 1221.347 1067.72 910.5076 755.6507 607.8775 471.2518 349.489 245.8388 162.5286 100.066 
#survey length counts 
1952.836 3199.069 4866.638 6961.11 9433.019 12138.59 14831.53 17226.72 19106.77 20391.66 21127.67 21427.58 21418.48 21218.67 20931.33 20640.25 20401.64 20228.35 20065.48 19767.84 19106.7 17834.3 15802.55 13077.85 9967.494 
1929.067 3159.605 4805.378 6870.887 9305.691 11965.54 14604.47 16938.03 18749.09 19956.64 20604.6 20802.42 20673.86 20335.11 19889.8 19425.7 19007.03 18659.17 18344.94 17942.41 17249.58 16042.28 14181.89 11720.32 8925.606 
1903.043 3116.39 4738.295 6772.123 9166.415 11776.48 14356.74 16623.64 18360.67 19486.82 20045.46 20145.07 19907.88 19447.79 18865.79 18248.2 17661.34 17139.09 16661.46 16133.16 15385.01 14222.84 12521.98 10321.07 7847.002 
1866.879 3058.244 4651.598 6650.083 9001.728 11561.25 14082.86 16283.23 17946.12 18990.59 19459.97 19462.93 19121.85 18550.11 17847.03 17096.34 16362.91 15683.94 15052.03 14396.47 13582.28 12449.35 10891.65 8938.046 6775.713 
1827.208 2992.868 4551.345 6505.208 8802.841 11300.91 13757.1 15891.52 17489.25 18467.6 18866.42 18791.24 18362.99 17695.05 16886.82 16021.32 15162.36 14348.55 13581.15 12809.49 11929.58 10814.81 9380.04 7648.405 5771.839 
1780.913 2917.54 4437.474 6342.842 8582.012 11012.76 13395.54 15454.31 16977.56 17884.28 18213.98 18070.35 17571.73 16828.81 15938.68 14982.54 14023.12 13100.25 12222.08 11354.41 10419.97 9322.578 7997.739 6465.761 4848.316 
1734.319 2840.217 4317.871 6168.317 8340.075 10693.34 12993.35 14969.7 16414.81 17248.78 17510.15 17301.21 16739.29 15934.05 14980.81 13958.09 12925.97 11923.66 10963.95 10025.9 9054.706 7980.584 6757.774 5405.35 4019.533 
1678.929 2750.776 4183.971 5979.501 8086.173 10365.48 12585.66 14480.54 15846.6 16606.56 16799.96 16529.02 15910.44 15052.83 14050.02 12978.45 11895.77 10839.88 9826.147 8843.23 7854.027 6810.295 5682.077 4487.928 3303.226 
1619.115 2652.915 4035.326 5767.203 7798.756 9995.419 12131.92 13948.96 15247.23 15949.4 16092.08 15774.49 15111.91 14213.03 13172.03 12064.98 10948.26 9858.762 8813.363 7807.516 6817.261 5810.855 4770.617 3714.561 2701.231 
1557.831 2552.195 3881.379 5545.564 7495.804 9601.182 11643.31 13371.28 14592.55 15232.73 15327.68 14973.66 14282.58 13360.36 12299.42 11174.89 10042.66 8939.596 7884.174 6876.972 5903.671 4944.603 3990.879 3059.347 2194.686 
1494.472 2448.454 3723.537 5319.418 7188.065 9202.066 11149.58 12787.71 13930.51 14506.95 14553.2 14164.28 13450.23 12514.79 11447.93 10322.38 9192.202 8093.518 7045.988 6054.278 5111.345 4206.223 3335.881 2515.329 1777.827 
1429.24 2341.945 3562.141 5089.486 6877.516 8803.169 10661.98 12219.48 13295.93 13822.32 13833.31 13421.13 12693.4 11752.22 10686.3 9567.096 8447.311 7362.185 6331.865 5363.795 4456.145 3604.071 2808.294 2081.687 1448.342 
1362.415 2233.664 3399.777 4861.339 6574.677 8422.436 10208.79 11708.44 12747.54 13257.28 13267.65 12864.15 12148.41 11218.53 10161.47 9048.671 7933.855 6853.811 5830.787 4875.313 3989.796 3173.836 2430.6 1771.054 1212.357 
1311.808 2147.539 3262.958 4657.079 6287.868 8044.75 9743.584 11172.1 12165.7 12657.94 12674.94 12294.93 11611.57 10716.01 9690.148 8602.653 7506.855 6441.038 5430.322 4489.074 3624.054 2838.795 2138.385 1532.16 1031.847 
1265.316 2072.069 3149.305 4496.001 6070.865 7765.777 9401.542 10772.9 11722.58 12189.82 12203.3 11840 11188.67 10333.14 9347.594 8294.622 7224.325 6174.832 5173.695 4239.493 3383.954 2615.043 1940.28 1368.299 906.9754 
1228.833 2010.615 3052.839 4353.794 5873.599 7508.767 9087.646 10412.91 11332.36 11786.05 11800.51 11450.05 10821.47 9996.713 9046.933 8030.373 6992.471 5968.034 4983.883 4060.675 3214.214 2456.957 1799.548 1251.079 817.0856 
1201.396 1964.431 2980.204 4245.991 5721.983 7306.842 8833.523 10110.88 10992.64 11422.88 11429.5 11085.76 10475.66 9677.696 8759.753 7777.136 6772.425 5777.653 4817.616 3912.652 3080.324 2336.212 1693.89 1163.703 750.2071 
1176.991 1924.581 2919.803 4159.894 5605.594 7157.16 8650.358 9897.451 10755.11 11169.17 11168.25 10825.7 10225.09 9443.808 8547.859 7590.198 6610.947 5639.885 4700.054 3810.976 2990.727 2256.631 1624.424 1105.857 705.4161 
1158.066 1892.578 2869.306 4084.959 5500.79 7019.249 8479.895 9699.18 10536.69 10939.02 10933.86 10593.11 9999.336 9229.437 8349.13 7410.737 6453.151 5504.404 4585.674 3715.068 2910.172 2188.864 1568.066 1060.575 671.1396 
1141.515 1865.519 2828.211 4026.218 5421.103 6916.388 8353.669 9552.059 10373.63 10766.55 10758.82 10421.51 9835.637 9076.446 8208.435 7283.365 6339.951 5405.949 4501.88 3644.953 2852.055 2140.948 1529 1029.618 647.8507 
1129.688 1845.508 2796.659 3979.545 5356.277 6832.098 8251.366 9436.074 10250.09 10641.67 10637.66 10307.54 9730.934 8982.014 8124.435 7209.364 6275.25 5349.864 4453.814 3604.27 2817.975 2112.623 1505.735 1011.007 633.6696 
1121.839 1832.119 2775.282 3947.345 5310.429 6770.529 8173.621 9343.873 10147.25 10533.48 10529.83 10205.22 9637.886 8900.241 8054.317 7150.137 6225.579 5308.296 4419.041 3575.224 2793.805 2092.66 1489.489 998.1534 623.9706 
1116.979 1823.929 2762.407 3928.302 5283.858 6735.609 8130.495 9293.824 10092.52 10476.83 10474.21 10153.47 9592.47 8862.894 8025.734 7129.867 6212.234 5299.982 4413.837 3571.532 2790.526 2089.224 1485.784 994.3977 620.529 
1113.492 1818.023 2753.057 3914.333 5264.098 6709.172 8097.098 9253.984 10047.51 10428.48 10424.66 10104.95 9547.183 8822.787 7992.29 7103.869 6193.59 5287.757 4406.497 3567.345 2787.962 2087.21 1483.786 992.3237 618.5421 
1112.598 1816.469 2750.581 3910.768 5259.591 6704.452 8093.639 9253.859 10052.91 10441.08 10445.13 10132.87 9581.286 8861.376 8033.62 7146.352 6235.812 5328.358 4444.075 3600.516 2815.581 2108.656 1499.14 1002.343 624.427 
1117.544 1823.497 2759.304 3920.251 5268.713 6712.488 8100.75 9261.253 10062.63 10455.52 10466.46 10162.51 9619.456 8907.055 8084.781 7200.443 6290.228 5380.739 4492.414 3643.168 2851.324 2136.842 1519.839 1016.353 633.0822 
1122.309 1831.586 2772.049 3938.943 5294.138 6744.326 8137.208 9299.395 10099.47 10489.37 10497.66 10193.13 9652.259 8944.268 8127.299 7247.636 6340.257 5431.112 4540.533 3686.731 2888.584 2166.778 1542.256 1031.863 642.9113 
1127.476 1840.118 2785.219 3958.237 5321.238 6780.918 8184.591 9357.959 10168.3 10566.18 10579.3 10276.46 9735.044 9025.617 8207.288 7326.49 6417.576 5505.556 4610.011 3748.917 2941.494 2209.226 1574.11 1054.037 657.1132 
1135.652 1852.914 2803.595 3982.881 5352.637 6819.454 8230.554 9411.523 10229.49 10634.8 10654.72 10357.37 9819.429 9111.129 8291.824 7408.583 6496.316 5580.134 4679.274 3811.266 2995.195 2252.954 1607.419 1077.555 672.3786 
1143.269 1865.839 2824.072 4013.401 5395.522 6876.195 8301.223 9494.717 10322.96 10736.38 10762.85 10470.98 9937.39 9231.67 8412.444 7526.375 6608.48 5684.315 4773.58 3894.11 3065.252 2309.375 1650.196 1107.752 692.0349 
1153.256 1881.693 2847.309 4045.421 5437.683 6929.805 8367.316 9573.699 10414.33 10838.7 10873.99 10588.57 10059.21 9355.758 8536.906 7649.067 6726.871 5795.646 4875.173 3983.659 3141.026 2370.422 1696.561 1140.602 713.5304 
1366.036 2174.602 3190.142 4377.144 5683.471 7028.322 8292.707 9340.137 10063.45 10420.51 10432.3 10154.99 9653.588 8989.127 8214.435 7372.245 6494.876 5606.123 4724.699 3868.055 3055.601 2310.155 1656.302 1115.352 698.7784 
1410.632 2290.012 3439.379 4835.315 6406.927 8012.792 9446.086 10496.4 11039.87 11087.52 10754.38 10183.16 9484.092 8719.096 7916.124 7088.278 6245.278 5397.532 4557.055 3738.232 2959.045 2241.603 1610.197 1086.224 681.6356 
1394.98 2268.347 3417.189 4829.033 6450.589 8161.031 9765.513 11040 11811.17 12016.22 11706.43 11007.95 10073.03 9040.386 8009.02 7029.045 6110.639 5243.542 4415.378 3622.093 2870.931 2178.871 1568.209 1059.911 666.2981 
1390.077 2257.853 3396.951 4794.436 6399.342 8098.13 9709.188 11025.45 11887.22 12230.97 12083.75 11525.62 10658.76 9594.049 8441.692 7295.807 6218.779 5236.118 4345.276 3532.404 2787.73 2113.301 1521.953 1030.096 648.6307 
1390.943 2258.616 3396.706 4791.43 6390.823 8080.668 9680.032 10985.48 11845.25 12207.4 12109.66 11633.96 10868.34 9894.245 8788.902 7627.549 6479.012 5396.596 4410.878 3530.438 2751.125 2068.02 1482.63 1001.805 630.8431 
1398.121 2269.222 3410.681 4807.978 6408.549 8097.805 9694.592 10995.42 11849.17 12206.3 12109.61 11648.2 10916.01 9993.707 8947.177 7832.039 6698.446 5592.841 4555.023 3613.142 2781.84 2065.918 1466.463 984.1054 617.2519 
1403.406 2278.18 3424.735 4828.399 6435.825 8130.821 9730.067 11028.19 11873.5 12217.74 12106.86 11634.41 10899.53 9987.425 8965.383 7884.476 6784.143 5698.115 4658.355 3694.723 2831.766 2086.167 1466.672 975.212 607.0915 
1410.204 2289.049 3440.831 4850.886 6465.909 8169.651 9778.355 11085.59 11938.05 12285.69 12173.25 11694.51 10950.82 10031.21 9007.195 7932.336 6844.768 5772.675 4740.551 3773.05 2894.966 2128.334 1488.833 983.0964 607.4088 
1416.211 2298.861 3455.659 4871.814 6493.623 8204.066 9818.352 11129.15 11982.77 12329.46 12214.43 11731.76 10982.86 10057.35 9028.218 7951.24 6866.203 5800.848 4776.601 3813.777 2934.125 2159.81 1509.526 993.6883 611.0011 
1416.439 2300.311 3459.84 4880.808 6509.585 8228.415 9851.046 11168.46 12025.77 12372.78 12255.15 11767.84 11013.22 10081.72 9047.072 7965.9 6878.961 5814.571 4793.609 3834.503 2956.622 2180.684 1525.758 1004.049 616.208 
1421.025 2306.72 3467.639 4889.186 6517.912 8236.971 9861.397 11183.07 12046.88 12401.25 12289.79 11805.82 11051.11 10116.55 9077.028 7990.51 6898.975 5831.609 4809.549 3850.664 2973.098 2196.334 1538.938 1013.61 622.0492 
1423.554 2311.432 3475.766 4902.052 6536.407 8260.884 9889.076 11211.89 12074.42 12426.53 12313.56 11829.74 11076.38 10143.04 9103.402 8015.023 6920.39 5849.68 4824.913 3864.303 2985.682 2207.852 1548.822 1021.225 627.1726 
1425.358 2314.479 3480.63 4909.52 6547.522 8276.89 9911.154 11240.69 12109.61 12466.58 12356.19 11872.68 11118.19 10183.18 9141.751 8051.273 6953.819 5879.455 4850.542 3885.823 3003.484 2222.336 1560.213 1029.653 632.8777 
1428.33 2318.958 3486.715 4917.072 6556.224 8286.372 9921.125 11251.05 12120.5 12478.34 12369.13 11886.82 11133.15 10198.38 9156.707 8065.746 6967.718 5892.633 4862.731 3896.741 3012.954 2230.3 1566.657 1034.58 636.3557 
1430.419 2322.564 3492.503 4925.719 6568.186 8301.555 9938.66 11269.38 12137.85 12493.37 12381.35 11896.6 11141.36 10205.89 9164.103 8073.249 6975.315 5900.206 4870.113 3903.726 3019.321 2235.849 1571.244 1038.136 638.9041 
1430.419 2322.564 3492.503 4925.719 6568.186 8301.555 9938.66 11269.38 12137.85 12493.37 12381.35 11896.6 11141.36 10205.89 9164.103 8073.249 6975.315 5900.206 4870.113 3903.726 3019.321 2235.849 1571.244 1038.136 638.9041 
