# Number of parameters = 143 Objective function value = 67225.3  Maximum gradient component = 6.94532e-005
# srv_sel50:
1.55337522166
# srv_sel95:
2.66514430021
# stNatLen:
 11.4267680009 11.2730633651 11.0545275778 10.8584145514 10.6757479699 10.4799711420 10.2607411830 10.0238992514 9.78137220457 9.54392795753 9.31881851943 9.11005919718 8.91941555203 8.74723844423 8.59316498386 8.45645639635 8.33622840297 8.23162396732 8.14179868689 8.06609562501 8.00391845387 7.95471590200 7.91804728837 7.89366499930 7.88143562038
# log_avg_fmort_dir:
-1.64153788709
# fmort_dir_dev:
 -1.85100434672 -1.78268953616 -1.25689419449 -1.04849183734 -0.660980995159 -0.427112914530 -0.379285847449 -0.0676949093434 -0.0490750696617 0.0954677100212 0.137720221405 0.290119463445 0.435526217781 0.397491800217 0.534719658605 0.472949987100 0.441632759315 0.446496023260 0.442736369859 0.439062776894 0.398003117336 0.458069527857 0.339553657272 0.333994425377 0.277341838994 0.442076110461 0.383703132084 0.237699580826 0.193867406499 0.230917138969 0.243989956956 0.0944641097796 0.108767337907 0.163905418921 0.129180807747 0.163882936313 0.138867868266 0.0335396587607 0.0790086735505 0.0785617530750 0.0533310117039 0.172718133040 0.106456378558 0.0885651261049 0.111803231526 0.107330472835 0.0973139287542 0.156457270330 0.158097446033 0.0160268728668 -0.674483923463 -0.618742364262 -0.318264324709 -0.292377471488 -0.202847227116 -0.101472354717
# mean_log_rec:
11.1296507105
# rec_dev:
 0.361787016455 0.343673450952 0.353443462669 0.358075469656 0.351458030005 0.339143826780 0.331772159293 0.315531845561 0.303225495393 0.290835262102 0.262394084572 0.236084001341 0.195788247463 0.152553483652 0.124907850429 0.0895652382990 0.0255215085496 -0.0205363152781 -0.0496245369571 -0.0890421773174 -0.129874080894 -0.139701685552 -0.127272467091 -0.154103200524 -0.195698825184 -0.211190335538 -0.208247288121 -0.213927578014 -0.212194909381 -0.205451233077 -0.191225817427 -0.172186075638 -0.159030822368 -0.154040388796 -0.147903653432 -0.147310204925 -0.138764922252 -0.128667218089 -0.113759309256 -0.0942005016678 -0.100746001550 -0.116214602832 -0.127121946303 -0.133919568714 -0.127681268158 -0.107495040131 -0.101436953696 -0.108447416076 -0.0871414109978 -0.0769709219433 -0.0710600640958 -0.0312893319567 0.0164112684578 0.0501700686815 0.0455681511412 0.0455681517785
# log_avg_NatM:
-1.60943800000
# m_dev:
 0.00000000000 0.00000000000 0.00000000000 0.00000000000 0.00000000000 0.00000000000 0.00000000000 0.00000000000 0.00000000000 0.00000000000 0.00000000000 0.00000000000 0.00000000000 0.00000000000 0.00000000000 0.00000000000 0.00000000000 0.00000000000 0.00000000000 0.00000000000 0.00000000000 0.00000000000 0.00000000000 0.00000000000 0.00000000000 0.00000000000 0.00000000000 0.00000000000 0.00000000000 0.00000000000 0.00000000000 0.00000000000 0.00000000000 0.00000000000 0.00000000000 0.00000000000 0.00000000000 0.00000000000 0.00000000000 0.00000000000 0.00000000000 0.00000000000 0.00000000000 0.00000000000 0.00000000000 0.00000000000 0.00000000000 0.00000000000 0.00000000000 0.00000000000 0.00000000000 0.00000000000 0.00000000000 0.00000000000 0.00000000000 0.00000000000
# log_avg_GrowthK:
-1.60943800000
# log_avg_Linf:
4.88280200000
# GrowthK_dev:
 0.00000000000 0.00000000000 0.00000000000 0.00000000000 0.00000000000 0.00000000000 0.00000000000 0.00000000000 0.00000000000 0.00000000000 0.00000000000 0.00000000000 0.00000000000 0.00000000000 0.00000000000 0.00000000000 0.00000000000 0.00000000000 0.00000000000 0.00000000000 0.00000000000 0.00000000000 0.00000000000 0.00000000000 0.00000000000 0.00000000000 0.00000000000 0.00000000000 0.00000000000 0.00000000000 0.00000000000 0.00000000000 0.00000000000 0.00000000000 0.00000000000 0.00000000000 0.00000000000 0.00000000000 0.00000000000 0.00000000000 0.00000000000 0.00000000000 0.00000000000 0.00000000000 0.00000000000 0.00000000000 0.00000000000 0.00000000000 0.00000000000 0.00000000000 0.00000000000 0.00000000000 0.00000000000 0.00000000000 0.00000000000 0.00000000000
# Linf_dev:
 0.00000000000 0.00000000000 0.00000000000 0.00000000000 0.00000000000 0.00000000000 0.00000000000 0.00000000000 0.00000000000 0.00000000000 0.00000000000 0.00000000000 0.00000000000 0.00000000000 0.00000000000 0.00000000000 0.00000000000 0.00000000000 0.00000000000 0.00000000000 0.00000000000 0.00000000000 0.00000000000 0.00000000000 0.00000000000 0.00000000000 0.00000000000 0.00000000000 0.00000000000 0.00000000000 0.00000000000 0.00000000000 0.00000000000 0.00000000000 0.00000000000 0.00000000000 0.00000000000 0.00000000000 0.00000000000 0.00000000000 0.00000000000 0.00000000000 0.00000000000 0.00000000000 0.00000000000 0.00000000000 0.00000000000 0.00000000000 0.00000000000 0.00000000000 0.00000000000 0.00000000000 0.00000000000 0.00000000000 0.00000000000 0.00000000000
# SelPars50:
2.10756572030
# SelPars95:
3.78649173299
# SelPars_dev50:
 0.00000000000 0.00000000000 0.00000000000 0.00000000000 0.00000000000 0.00000000000 0.00000000000 0.00000000000 0.00000000000 0.00000000000 0.00000000000 0.00000000000 0.00000000000 0.00000000000 0.00000000000 0.00000000000 0.00000000000 0.00000000000 0.00000000000 0.00000000000 0.00000000000 0.00000000000 0.00000000000 0.00000000000 0.00000000000 0.00000000000 0.00000000000 0.00000000000 0.00000000000 0.00000000000 0.00000000000 0.00000000000 0.00000000000 0.00000000000 0.00000000000 0.00000000000 0.00000000000 0.00000000000 0.00000000000 0.00000000000 0.00000000000 0.00000000000 0.00000000000 0.00000000000 0.00000000000 0.00000000000 0.00000000000 0.00000000000 0.00000000000 0.00000000000 0.00000000000 0.00000000000 0.00000000000 0.00000000000 0.00000000000 0.00000000000
# SelPars_dev95:
 0.00000000000 0.00000000000 0.00000000000 0.00000000000 0.00000000000 0.00000000000 0.00000000000 0.00000000000 0.00000000000 0.00000000000 0.00000000000 0.00000000000 0.00000000000 0.00000000000 0.00000000000 0.00000000000 0.00000000000 0.00000000000 0.00000000000 0.00000000000 0.00000000000 0.00000000000 0.00000000000 0.00000000000 0.00000000000 0.00000000000 0.00000000000 0.00000000000 0.00000000000 0.00000000000 0.00000000000 0.00000000000 0.00000000000 0.00000000000 0.00000000000 0.00000000000 0.00000000000 0.00000000000 0.00000000000 0.00000000000 0.00000000000 0.00000000000 0.00000000000 0.00000000000 0.00000000000 0.00000000000 0.00000000000 0.00000000000 0.00000000000 0.00000000000 0.00000000000 0.00000000000 0.00000000000 0.00000000000 0.00000000000 0.00000000000
