# Number of parameters = 169 Objective function value = 82749.9  Maximum gradient component = 0.000616779
# srv_sel50:
1.60599045465
# srv_sel95:
2.79461113161
# stNatLen:
 11.8805491157 11.7079702223 11.4643631575 11.2525777037 11.0713154115 10.8889248306 10.6822704269 10.4470242639 10.1923863915 9.93175184413 9.67668259770 9.43500067756 9.21113830349 9.00713557457 8.82350116042 8.65993307081 8.51572991148 8.39003624511 8.28196528505 8.19072105767 8.11568045092 8.05631177889 8.01218214736 7.98297305459 7.96842848239
# log_avg_fmort_dir:
-1.64189571215
# fmort_dir_dev:
 -2.08742659642 -2.06172294798 -1.49138241846 -1.18127882253 -0.785044703208 -0.582231807896 -0.462956682111 -0.337417542816 -0.183362118136 -0.0918325966021 0.0906848649805 0.166082543242 0.251741846873 0.318659722885 0.373388923651 0.363815432073 0.299042180507 0.417802126295 0.316981977142 0.247100325255 0.285144793126 0.265590545688 0.210041368411 0.158911917169 0.247371747908 0.197872892312 0.0724260236111 0.131667791159 0.0503123324173 0.130401538821 0.0895166000262 0.0631037202283 0.0985929774810 0.107489684941 0.152079244877 0.0847446574135 0.144296419554 0.159298772474 0.100826660617 0.132588443758 0.119204863115 0.0829077996530 0.104261326831 0.185100594075 0.0517200968217 0.0526408492233 0.0481326328033 0.0584717189934 0.0431801762682 0.0791089894767 0.136180347569 -0.179229196304 0.274588369171 0.454573734658 0.398679074372 0.268115604765 0.0403835450028 -0.0154323500810 -0.0728532210151 0.157327655276 0.0661954197602 0.188913531122 0.0720096028810 -0.0290378271307 0.253774648075 0.137191494267 0.0133562488695 0.302875569136 0.244736863615
# mean_log_rec:
11.3297994378
# rec_dev:
 0.596462073851 0.558566415815 0.543205589019 0.522027192816 0.494543002351 0.477673785506 0.468243233300 0.456739631306 0.438741043844 0.417693992343 0.405869732417 0.362586856043 0.320684722514 0.286512905340 0.235889293710 0.196745779788 0.141122778683 0.0921318536954 0.0592701266404 0.0212559304424 -0.0117902041594 -0.0270599208704 -0.0364502620711 -0.0715310656367 -0.0934730408949 -0.101514883536 -0.105293155316 -0.123077933467 -0.150519602604 -0.175209600235 -0.194320692544 -0.231153572011 -0.294765121162 -0.336906494498 -0.264683967864 -0.170855142625 -0.151713551912 -0.160651808052 -0.164646715858 -0.176542151646 -0.192711983160 -0.181876484406 -0.180228959116 -0.186520017617 -0.169501868389 -0.139697243570 -0.124766024509 -0.119231301612 -0.109005030145 -0.123664941610 -0.144475247155 -0.152125188995 -0.146876351926 -0.145098950222 -0.161356933965 -0.186404336528 -0.193279634862 -0.176492230795 -0.152926060565 -0.136086420535 -0.134767579869 -0.145646759163 -0.147459021431 -0.132744460901 -0.111863338201 -0.0879022680037 -0.0527541939253 -0.0591720999385 -0.0591721213483
# log_avg_NatM:
-1.47246300000
# m_dev:
 0.00000000000 0.00000000000 0.00000000000 0.00000000000 0.00000000000 0.00000000000 0.00000000000 0.00000000000 0.00000000000 0.00000000000 0.00000000000 0.00000000000 0.00000000000 0.00000000000 0.00000000000 0.00000000000 0.00000000000 0.00000000000 0.00000000000 0.00000000000 0.00000000000 0.00000000000 0.00000000000 0.00000000000 0.00000000000 0.00000000000 0.00000000000 0.00000000000 0.00000000000 0.00000000000 0.00000000000 0.00000000000 0.00000000000 0.00000000000 0.00000000000 0.00000000000 0.00000000000 0.00000000000 0.00000000000 0.00000000000 0.00000000000 0.00000000000 0.00000000000 0.00000000000 0.00000000000 0.00000000000 0.00000000000 0.00000000000 0.00000000000 0.00000000000 0.00000000000 0.00000000000 0.00000000000 0.00000000000 0.00000000000 0.00000000000 0.00000000000 0.00000000000 0.00000000000 0.00000000000 0.00000000000 0.00000000000 0.00000000000 0.00000000000 0.00000000000 0.00000000000 0.00000000000 0.00000000000 0.00000000000
# log_avg_GrowthK:
-1.63097700000
# log_avg_Linf:
4.85526700000
# GrowthK_dev:
 0.00000000000 0.00000000000 0.00000000000 0.00000000000 0.00000000000 0.00000000000 0.00000000000 0.00000000000 0.00000000000 0.00000000000 0.00000000000 0.00000000000 0.00000000000 0.00000000000 0.00000000000 0.00000000000 0.00000000000 0.00000000000 0.00000000000 0.00000000000 0.00000000000 0.00000000000 0.00000000000 0.00000000000 0.00000000000 0.00000000000 0.00000000000 0.00000000000 0.00000000000 0.00000000000 0.00000000000 0.00000000000 0.00000000000 0.00000000000 0.00000000000 0.00000000000 0.00000000000 0.00000000000 0.00000000000 0.00000000000 0.00000000000 0.00000000000 0.00000000000 0.00000000000 0.00000000000 0.00000000000 0.00000000000 0.00000000000 0.00000000000 0.00000000000 0.00000000000 0.00000000000 0.00000000000 0.00000000000 0.00000000000 0.00000000000 0.00000000000 0.00000000000 0.00000000000 0.00000000000 0.00000000000 0.00000000000 0.00000000000 0.00000000000 0.00000000000 0.00000000000 0.00000000000 0.00000000000 0.00000000000
# Linf_dev:
 0.00000000000 0.00000000000 0.00000000000 0.00000000000 0.00000000000 0.00000000000 0.00000000000 0.00000000000 0.00000000000 0.00000000000 0.00000000000 0.00000000000 0.00000000000 0.00000000000 0.00000000000 0.00000000000 0.00000000000 0.00000000000 0.00000000000 0.00000000000 0.00000000000 0.00000000000 0.00000000000 0.00000000000 0.00000000000 0.00000000000 0.00000000000 0.00000000000 0.00000000000 0.00000000000 0.00000000000 0.00000000000 0.00000000000 0.00000000000 0.00000000000 0.00000000000 0.00000000000 0.00000000000 0.00000000000 0.00000000000 0.00000000000 0.00000000000 0.00000000000 0.00000000000 0.00000000000 0.00000000000 0.00000000000 0.00000000000 0.00000000000 0.00000000000 0.00000000000 0.00000000000 0.00000000000 0.00000000000 0.00000000000 0.00000000000 0.00000000000 0.00000000000 0.00000000000 0.00000000000 0.00000000000 0.00000000000 0.00000000000 0.00000000000 0.00000000000 0.00000000000 0.00000000000 0.00000000000 0.00000000000
# SelPars50:
2.18086608788
# SelPars95:
3.94902104648
# SelPars_dev50:
 0.00000000000 0.00000000000 0.00000000000 0.00000000000 0.00000000000 0.00000000000 0.00000000000 0.00000000000 0.00000000000 0.00000000000 0.00000000000 0.00000000000 0.00000000000 0.00000000000 0.00000000000 0.00000000000 0.00000000000 0.00000000000 0.00000000000 0.00000000000 0.00000000000 0.00000000000 0.00000000000 0.00000000000 0.00000000000 0.00000000000 0.00000000000 0.00000000000 0.00000000000 0.00000000000 0.00000000000 0.00000000000 0.00000000000 0.00000000000 0.00000000000 0.00000000000 0.00000000000 0.00000000000 0.00000000000 0.00000000000 0.00000000000 0.00000000000 0.00000000000 0.00000000000 0.00000000000 0.00000000000 0.00000000000 0.00000000000 0.00000000000 0.00000000000 0.00000000000 0.00000000000 0.00000000000 0.00000000000 0.00000000000 0.00000000000 0.00000000000 0.00000000000 0.00000000000 0.00000000000 0.00000000000 0.00000000000 0.00000000000 0.00000000000 0.00000000000 0.00000000000 0.00000000000 0.00000000000 0.00000000000
# SelPars_dev95:
 0.00000000000 0.00000000000 0.00000000000 0.00000000000 0.00000000000 0.00000000000 0.00000000000 0.00000000000 0.00000000000 0.00000000000 0.00000000000 0.00000000000 0.00000000000 0.00000000000 0.00000000000 0.00000000000 0.00000000000 0.00000000000 0.00000000000 0.00000000000 0.00000000000 0.00000000000 0.00000000000 0.00000000000 0.00000000000 0.00000000000 0.00000000000 0.00000000000 0.00000000000 0.00000000000 0.00000000000 0.00000000000 0.00000000000 0.00000000000 0.00000000000 0.00000000000 0.00000000000 0.00000000000 0.00000000000 0.00000000000 0.00000000000 0.00000000000 0.00000000000 0.00000000000 0.00000000000 0.00000000000 0.00000000000 0.00000000000 0.00000000000 0.00000000000 0.00000000000 0.00000000000 0.00000000000 0.00000000000 0.00000000000 0.00000000000 0.00000000000 0.00000000000 0.00000000000 0.00000000000 0.00000000000 0.00000000000 0.00000000000 0.00000000000 0.00000000000 0.00000000000 0.00000000000 0.00000000000 0.00000000000
