# Number of parameters = 159 Objective function value = 76992.9  Maximum gradient component = 0.000372077
# srv_sel50:
1.53456164626
# srv_sel95:
2.60685605975
# stNatLen:
 11.4353435333 11.2825364029 11.0728101421 10.8822493707 10.6945659757 10.4848294667 10.2511028406 10.0066401500 9.76601355168 9.53903009253 9.33058706119 9.14228316407 8.97391274193 8.82447306578 8.69262837386 8.57703606736 8.47645907089 8.38980134693 8.31617774946 8.25470858004 8.20470780763 8.16559387082 8.13685159051 8.11797060318 8.10864620368
# log_avg_fmort_dir:
-1.66389189603
# fmort_dir_dev:
 -1.73449067220 -1.78334782458 -1.21231964871 -0.960586116320 -0.679769892688 -0.486415452448 -0.276243579608 -0.131424170353 0.0257115675164 0.0876529598873 0.170676870870 0.264026183909 0.418573615989 0.492996206482 0.551774232354 0.448090746955 0.560067669232 0.600781110433 0.470402980533 0.431998352035 0.476969897439 0.446269263350 0.427469380703 0.315716632678 0.334120348118 0.316904944695 0.327970176983 0.276993186571 0.257694446177 0.169609593020 0.142360456576 0.232783423382 0.166970515038 0.121659740964 0.156283056299 0.0978461777731 0.0541298835999 0.120872555964 0.00269541769121 0.00217495863910 0.0504659446916 0.107580416232 0.0968870760288 0.0473427860497 0.0277677252048 0.104828278559 0.122606711203 -0.0188760087883 0.105431741481 0.117263165656 -0.269516454401 -0.158600563513 -0.147094933881 -0.240011721405 -0.345466049266 -0.408763179806 -0.253101816267 -0.171990011454 -0.140808663838 -0.0626284438557 -0.0342771774019 -0.0943562659398 -0.105499101774 -0.0348326484689
# mean_log_rec:
11.1369820727
# rec_dev:
 0.361348728718 0.344628164864 0.353538951158 0.357314108381 0.357035593417 0.356540524599 0.337430131167 0.315939339480 0.302269008983 0.288060808257 0.270518401499 0.231934890564 0.195765153201 0.166275643211 0.130301909170 0.0877070295785 0.0379671700321 -0.00952546493759 -0.0498560368577 -0.0891693542161 -0.128038870430 -0.150305569087 -0.160493038558 -0.164251546278 -0.176051688642 -0.180744461209 -0.176975787039 -0.168035776421 -0.159882239711 -0.164278519406 -0.175324734393 -0.186153668282 -0.191993709198 -0.186534105712 -0.180437883745 -0.175417362082 -0.167664113780 -0.163733278220 -0.158221778975 -0.154352165928 -0.154694788915 -0.142824886705 -0.116736847161 -0.113370970796 -0.117880666256 -0.111140636597 -0.112882426248 -0.116145246015 -0.110591877319 -0.100514422025 -0.0806563387789 -0.0529873850959 -0.0298744254864 -0.0147035130779 0.00640127963025 0.0218645341988 0.0401599470400 0.0526304325400 0.0575268034227 0.0474910664436 0.0450445119616 0.0495427270229 0.0386043697444 0.0386043553008
# log_avg_NatM:
-1.59095900000
# m_dev:
 0.00000000000 0.00000000000 0.00000000000 0.00000000000 0.00000000000 0.00000000000 0.00000000000 0.00000000000 0.00000000000 0.00000000000 0.00000000000 0.00000000000 0.00000000000 0.00000000000 0.00000000000 0.00000000000 0.00000000000 0.00000000000 0.00000000000 0.00000000000 0.00000000000 0.00000000000 0.00000000000 0.00000000000 0.00000000000 0.00000000000 0.00000000000 0.00000000000 0.00000000000 0.00000000000 0.00000000000 0.00000000000 0.00000000000 0.00000000000 0.00000000000 0.00000000000 0.00000000000 0.00000000000 0.00000000000 0.00000000000 0.00000000000 0.00000000000 0.00000000000 0.00000000000 0.00000000000 0.00000000000 0.00000000000 0.00000000000 0.00000000000 0.00000000000 0.00000000000 0.00000000000 0.00000000000 0.00000000000 0.00000000000 0.00000000000 0.00000000000 0.00000000000 0.00000000000 0.00000000000 0.00000000000 0.00000000000 0.00000000000 0.00000000000
# log_avg_GrowthK:
-1.57687000000
# log_avg_Linf:
4.90079200000
# GrowthK_dev:
 0.00000000000 0.00000000000 0.00000000000 0.00000000000 0.00000000000 0.00000000000 0.00000000000 0.00000000000 0.00000000000 0.00000000000 0.00000000000 0.00000000000 0.00000000000 0.00000000000 0.00000000000 0.00000000000 0.00000000000 0.00000000000 0.00000000000 0.00000000000 0.00000000000 0.00000000000 0.00000000000 0.00000000000 0.00000000000 0.00000000000 0.00000000000 0.00000000000 0.00000000000 0.00000000000 0.00000000000 0.00000000000 0.00000000000 0.00000000000 0.00000000000 0.00000000000 0.00000000000 0.00000000000 0.00000000000 0.00000000000 0.00000000000 0.00000000000 0.00000000000 0.00000000000 0.00000000000 0.00000000000 0.00000000000 0.00000000000 0.00000000000 0.00000000000 0.00000000000 0.00000000000 0.00000000000 0.00000000000 0.00000000000 0.00000000000 0.00000000000 0.00000000000 0.00000000000 0.00000000000 0.00000000000 0.00000000000 0.00000000000 0.00000000000
# Linf_dev:
 0.00000000000 0.00000000000 0.00000000000 0.00000000000 0.00000000000 0.00000000000 0.00000000000 0.00000000000 0.00000000000 0.00000000000 0.00000000000 0.00000000000 0.00000000000 0.00000000000 0.00000000000 0.00000000000 0.00000000000 0.00000000000 0.00000000000 0.00000000000 0.00000000000 0.00000000000 0.00000000000 0.00000000000 0.00000000000 0.00000000000 0.00000000000 0.00000000000 0.00000000000 0.00000000000 0.00000000000 0.00000000000 0.00000000000 0.00000000000 0.00000000000 0.00000000000 0.00000000000 0.00000000000 0.00000000000 0.00000000000 0.00000000000 0.00000000000 0.00000000000 0.00000000000 0.00000000000 0.00000000000 0.00000000000 0.00000000000 0.00000000000 0.00000000000 0.00000000000 0.00000000000 0.00000000000 0.00000000000 0.00000000000 0.00000000000 0.00000000000 0.00000000000 0.00000000000 0.00000000000 0.00000000000 0.00000000000 0.00000000000 0.00000000000
# SelPars50:
2.08628678292
# SelPars95:
3.74063172809
# SelPars_dev50:
 0.00000000000 0.00000000000 0.00000000000 0.00000000000 0.00000000000 0.00000000000 0.00000000000 0.00000000000 0.00000000000 0.00000000000 0.00000000000 0.00000000000 0.00000000000 0.00000000000 0.00000000000 0.00000000000 0.00000000000 0.00000000000 0.00000000000 0.00000000000 0.00000000000 0.00000000000 0.00000000000 0.00000000000 0.00000000000 0.00000000000 0.00000000000 0.00000000000 0.00000000000 0.00000000000 0.00000000000 0.00000000000 0.00000000000 0.00000000000 0.00000000000 0.00000000000 0.00000000000 0.00000000000 0.00000000000 0.00000000000 0.00000000000 0.00000000000 0.00000000000 0.00000000000 0.00000000000 0.00000000000 0.00000000000 0.00000000000 0.00000000000 0.00000000000 0.00000000000 0.00000000000 0.00000000000 0.00000000000 0.00000000000 0.00000000000 0.00000000000 0.00000000000 0.00000000000 0.00000000000 0.00000000000 0.00000000000 0.00000000000 0.00000000000
# SelPars_dev95:
 0.00000000000 0.00000000000 0.00000000000 0.00000000000 0.00000000000 0.00000000000 0.00000000000 0.00000000000 0.00000000000 0.00000000000 0.00000000000 0.00000000000 0.00000000000 0.00000000000 0.00000000000 0.00000000000 0.00000000000 0.00000000000 0.00000000000 0.00000000000 0.00000000000 0.00000000000 0.00000000000 0.00000000000 0.00000000000 0.00000000000 0.00000000000 0.00000000000 0.00000000000 0.00000000000 0.00000000000 0.00000000000 0.00000000000 0.00000000000 0.00000000000 0.00000000000 0.00000000000 0.00000000000 0.00000000000 0.00000000000 0.00000000000 0.00000000000 0.00000000000 0.00000000000 0.00000000000 0.00000000000 0.00000000000 0.00000000000 0.00000000000 0.00000000000 0.00000000000 0.00000000000 0.00000000000 0.00000000000 0.00000000000 0.00000000000 0.00000000000 0.00000000000 0.00000000000 0.00000000000 0.00000000000 0.00000000000 0.00000000000 0.00000000000
