# Number of parameters = 159 Objective function value = 76788.0557361884  Maximum gradient component = 0.000433331536389419
# srv_sel50:
1.64078078775
# srv_sel95:
2.89715870135
# stNatLen:
 11.8690453877 11.6893014474 11.4277397015 11.2052670163 11.0238788146 10.8472163188 10.6460774484 10.4121545565 10.1538176354 9.88567045563 9.62097760058 9.36894176652 9.13487610607 8.92129312761 8.72893675552 8.55758545575 8.40653878479 8.27491534153 8.16180215280 8.06640387279 7.98803025004 7.92604800681 7.87993049969 7.84929393862 7.83405273837
# log_avg_fmort_dir:
-1.62318486217
# fmort_dir_dev:
 -2.12072546828 -2.09814807616 -1.48053012109 -1.11599974881 -0.809705465070 -0.666710786452 -0.418956503379 -0.201675561938 -0.108514417300 0.0492013810588 0.0571430647429 0.234949529665 0.343493199463 0.403131431009 0.463140563645 0.477997690301 0.450427803666 0.360386077442 0.321627961543 0.324069327133 0.378235004952 0.221629730292 0.306511931625 0.171642449339 0.224255555165 0.288039520727 0.146180010790 0.183386813855 0.188939155987 0.104098637434 0.0670101399204 0.0846769592564 0.102614471782 0.117672916830 0.187443029789 0.0372662794120 0.123208911740 0.0458563478957 0.0746379274554 -0.0547867719496 0.0675314822832 0.0577031358387 0.0970244338806 0.0353545288748 0.0560175896628 0.0799715421387 0.141783655909 0.0524713819398 0.0876016590631 0.0624310946834 0.0556096231853 0.199428272093 0.0867280627468 0.263611478997 0.170658433960 0.0567064092378 0.200279930146 0.262251535887 0.0702369932827 -0.0705016065193 0.236369930075 0.306419026542 0.00524756665487 -0.0440570640417
# mean_log_rec:
11.3328785736
# rec_dev:
 0.572336211387 0.548729763978 0.550140836675 0.543828875506 0.524065362601 0.504355944025 0.481309478952 0.454445891416 0.431609535416 0.410159501866 0.383866785453 0.344401626258 0.305405380078 0.267394554092 0.205340395121 0.140459835122 0.107201292796 0.0745771962234 0.0399564282830 0.0137195677852 -0.000180624822176 -0.0125435590933 -0.0234849105587 -0.0496854301584 -0.0857319207216 -0.123772294745 -0.130842457198 -0.128247394760 -0.137501411376 -0.141253726793 -0.170754351985 -0.228586651390 -0.293851497751 -0.336669583515 -0.275754570037 -0.212926459511 -0.230433880199 -0.257048168131 -0.253246387141 -0.232833054999 -0.226203471117 -0.222752736116 -0.215480349815 -0.194588982303 -0.173832032417 -0.165560359905 -0.144757677376 -0.129651573821 -0.129086639064 -0.125830147249 -0.137907546755 -0.134853542804 -0.141917869574 -0.156960921185 -0.159926130913 -0.156922032033 -0.158612594211 -0.162162601910 -0.161210890740 -0.135517899966 -0.0991185765062 -0.0685163041512 -0.0882926170483 -0.0882926311709
# log_avg_NatM:
-1.47890400000
# m_dev:
 0.00000000000 0.00000000000 0.00000000000 0.00000000000 0.00000000000 0.00000000000 0.00000000000 0.00000000000 0.00000000000 0.00000000000 0.00000000000 0.00000000000 0.00000000000 0.00000000000 0.00000000000 0.00000000000 0.00000000000 0.00000000000 0.00000000000 0.00000000000 0.00000000000 0.00000000000 0.00000000000 0.00000000000 0.00000000000 0.00000000000 0.00000000000 0.00000000000 0.00000000000 0.00000000000 0.00000000000 0.00000000000 0.00000000000 0.00000000000 0.00000000000 0.00000000000 0.00000000000 0.00000000000 0.00000000000 0.00000000000 0.00000000000 0.00000000000 0.00000000000 0.00000000000 0.00000000000 0.00000000000 0.00000000000 0.00000000000 0.00000000000 0.00000000000 0.00000000000 0.00000000000 0.00000000000 0.00000000000 0.00000000000 0.00000000000 0.00000000000 0.00000000000 0.00000000000 0.00000000000 0.00000000000 0.00000000000 0.00000000000 0.00000000000
# log_avg_GrowthK:
-1.60943800000
# log_avg_Linf:
4.88280200000
# GrowthK_dev:
 0.00000000000 0.00000000000 0.00000000000 0.00000000000 0.00000000000 0.00000000000 0.00000000000 0.00000000000 0.00000000000 0.00000000000 0.00000000000 0.00000000000 0.00000000000 0.00000000000 0.00000000000 0.00000000000 0.00000000000 0.00000000000 0.00000000000 0.00000000000 0.00000000000 0.00000000000 0.00000000000 0.00000000000 0.00000000000 0.00000000000 0.00000000000 0.00000000000 0.00000000000 0.00000000000 0.00000000000 0.00000000000 0.00000000000 0.00000000000 0.00000000000 0.00000000000 0.00000000000 0.00000000000 0.00000000000 0.00000000000 0.00000000000 0.00000000000 0.00000000000 0.00000000000 0.00000000000 0.00000000000 0.00000000000 0.00000000000 0.00000000000 0.00000000000 0.00000000000 0.00000000000 0.00000000000 0.00000000000 0.00000000000 0.00000000000 0.00000000000 0.00000000000 0.00000000000 0.00000000000 0.00000000000 0.00000000000 0.00000000000 0.00000000000
# Linf_dev:
 0.00000000000 0.00000000000 0.00000000000 0.00000000000 0.00000000000 0.00000000000 0.00000000000 0.00000000000 0.00000000000 0.00000000000 0.00000000000 0.00000000000 0.00000000000 0.00000000000 0.00000000000 0.00000000000 0.00000000000 0.00000000000 0.00000000000 0.00000000000 0.00000000000 0.00000000000 0.00000000000 0.00000000000 0.00000000000 0.00000000000 0.00000000000 0.00000000000 0.00000000000 0.00000000000 0.00000000000 0.00000000000 0.00000000000 0.00000000000 0.00000000000 0.00000000000 0.00000000000 0.00000000000 0.00000000000 0.00000000000 0.00000000000 0.00000000000 0.00000000000 0.00000000000 0.00000000000 0.00000000000 0.00000000000 0.00000000000 0.00000000000 0.00000000000 0.00000000000 0.00000000000 0.00000000000 0.00000000000 0.00000000000 0.00000000000 0.00000000000 0.00000000000 0.00000000000 0.00000000000 0.00000000000 0.00000000000 0.00000000000 0.00000000000
# SelPars50:
2.26599402726
# SelPars95:
4.16361320545
# SelPars_dev50:
 0.00000000000 0.00000000000 0.00000000000 0.00000000000 0.00000000000 0.00000000000 0.00000000000 0.00000000000 0.00000000000 0.00000000000 0.00000000000 0.00000000000 0.00000000000 0.00000000000 0.00000000000 0.00000000000 0.00000000000 0.00000000000 0.00000000000 0.00000000000 0.00000000000 0.00000000000 0.00000000000 0.00000000000 0.00000000000 0.00000000000 0.00000000000 0.00000000000 0.00000000000 0.00000000000 0.00000000000 0.00000000000 0.00000000000 0.00000000000 0.00000000000 0.00000000000 0.00000000000 0.00000000000 0.00000000000 0.00000000000 0.00000000000 0.00000000000 0.00000000000 0.00000000000 0.00000000000 0.00000000000 0.00000000000 0.00000000000 0.00000000000 0.00000000000 0.00000000000 0.00000000000 0.00000000000 0.00000000000 0.00000000000 0.00000000000 0.00000000000 0.00000000000 0.00000000000 0.00000000000 0.00000000000 0.00000000000 0.00000000000 0.00000000000
# SelPars_dev95:
 0.00000000000 0.00000000000 0.00000000000 0.00000000000 0.00000000000 0.00000000000 0.00000000000 0.00000000000 0.00000000000 0.00000000000 0.00000000000 0.00000000000 0.00000000000 0.00000000000 0.00000000000 0.00000000000 0.00000000000 0.00000000000 0.00000000000 0.00000000000 0.00000000000 0.00000000000 0.00000000000 0.00000000000 0.00000000000 0.00000000000 0.00000000000 0.00000000000 0.00000000000 0.00000000000 0.00000000000 0.00000000000 0.00000000000 0.00000000000 0.00000000000 0.00000000000 0.00000000000 0.00000000000 0.00000000000 0.00000000000 0.00000000000 0.00000000000 0.00000000000 0.00000000000 0.00000000000 0.00000000000 0.00000000000 0.00000000000 0.00000000000 0.00000000000 0.00000000000 0.00000000000 0.00000000000 0.00000000000 0.00000000000 0.00000000000 0.00000000000 0.00000000000 0.00000000000 0.00000000000 0.00000000000 0.00000000000 0.00000000000 0.00000000000
