# Number of parameters = 221 Objective function value = 75473.1  Maximum gradient component = 0.00139363
# srv_sel50:
1.46200944333
# srv_sel95:
2.40672592820
# stNatLen:
 11.1611218693 11.0352277145 10.8370601847 10.6450967784 10.4587945794 10.2578889509 10.0346927445 9.79569525648 9.55260696240 9.31573157809 9.09190173503 8.88480135474 8.69594750752 8.52558037814 8.37322346727 8.23809341500 8.11930483683 8.01595979664 7.92721976520 7.85240540667 7.79088544515 7.74218328965 7.70593197475 7.68180936982 7.66979606015
# log_avg_fmort_dir:
-1.57850651967
# fmort_dir_dev:
 -1.86660817861 -1.85465386795 -1.30219365005 -1.01528726468 -0.823519809933 -0.514383132021 -0.458565907100 -0.235553504348 -0.0122825894354 0.0580217820874 0.272542094123 0.289805591942 0.370997967111 0.359580291016 0.413272165218 0.432145409611 0.484062234744 0.428914172725 0.512645191336 0.527951947215 0.378303904226 0.263239372418 0.294932492599 0.344876122157 0.351589113836 0.265105764752 0.310470646531 0.248045711558 0.241123315634 0.358314208132 0.273375003398 0.189222925942 0.163585849149 0.0432233425391 -0.0275796850228 0.105962463919 0.124092684835 0.109280915112 0.0389608697779 0.0799046305406 0.00951074715584 -0.0159394625920 0.0833884219855 0.0198317010182 0.00978560436015 -0.0661717383134 -0.0241219501595 -0.0183601516519 -0.0189347594975 -0.00443077539495 -0.140530027105 -0.0847631073938 0.0428809957111 -0.176459257692 0.155600440745 0.0455598794675 -0.0600009551033 0.0216022827533 -0.424293617330 0.173189888865 0.168115613793 0.107867400291 -0.0262477689423
# mean_log_rec:
11.0908150462
# rec_dev:
 0.257351178664 0.295696031131 0.353921306431 0.378904908470 0.369926968419 0.338107519264 0.291879941925 0.217759070230 0.155993773518 0.122091946377 0.109507287182 0.100887105534 0.108129674209 0.113769544271 0.0885553640500 0.0380981940122 -0.0543192497915 -0.146454352455 -0.202597857495 -0.218683323935 -0.187927929676 -0.162727657076 -0.180519188549 -0.224437929263 -0.287697714801 -0.335170750560 -0.345351734451 -0.352139806936 -0.371313030368 -0.367219062069 -0.333394637636 -0.271618057997 -0.208596685053 -0.148205954459 -0.0560939639202 -0.0253537838146 -0.0452639854513 -0.0303557203846 -0.00566853722868 0.0178412893734 0.0147931021934 -0.0168211391947 -0.00750322478221 0.0513066545584 0.102397585194 0.0989933960374 0.0536412831754 0.0421198160283 0.0483685838619 0.0442468099043 0.0442649093092 0.0535965485069 0.0759486764699 0.0626712303698 0.0449921851721 0.0453299296657 0.0520571065394 0.0908106670327 0.118992888354 0.109742112280 0.0562136574005 0.00826352771244 0.00826350452052
# log_avg_NatM:
-1.62401193374
# m_dev:
 -0.630679606518 -0.575407171593 -0.272437310731 -0.152664474762 -0.0142350279486 0.128388845863 0.0687011159643 0.224111391532 0.0548374460877 -0.184528970455 -0.294195985915 -0.332166446659 -0.448465134642 -0.346292879899 -0.273922741895 -0.138193136183 0.123074895274 -0.00590084986206 -0.0990016064119 -0.262881593269 -0.399265115855 -0.352680240814 -0.164179145277 0.0221835813235 0.175988023314 0.00935121667923 -0.0979615638448 -0.170267182392 -0.112523763277 -0.173574153543 -0.363433789647 -0.534999964470 -0.514869691132 -0.256296350571 0.146742813181 0.368004190841 0.256501351266 0.0243692707477 0.0659874268422 0.0911473029521 0.248813480328 0.411329259685 0.162405034716 -0.0758685245804 0.000698776077814 0.298692144343 0.432214898797 0.194940581136 0.281669829880 0.281539740431 0.222611792199 0.186338527198 0.137797609046 0.299176673910 0.278857360468 0.226443457679 0.197785498992 -0.0173896205808 0.174661189873 0.272991560844 0.348301711381 0.413499404895 0.434124638980
# log_avg_GrowthK:
-1.63325200000
# log_avg_Linf:
4.89722700000
# GrowthK_dev:
 0.00000000000 0.00000000000 0.00000000000 0.00000000000 0.00000000000 0.00000000000 0.00000000000 0.00000000000 0.00000000000 0.00000000000 0.00000000000 0.00000000000 0.00000000000 0.00000000000 0.00000000000 0.00000000000 0.00000000000 0.00000000000 0.00000000000 0.00000000000 0.00000000000 0.00000000000 0.00000000000 0.00000000000 0.00000000000 0.00000000000 0.00000000000 0.00000000000 0.00000000000 0.00000000000 0.00000000000 0.00000000000 0.00000000000 0.00000000000 0.00000000000 0.00000000000 0.00000000000 0.00000000000 0.00000000000 0.00000000000 0.00000000000 0.00000000000 0.00000000000 0.00000000000 0.00000000000 0.00000000000 0.00000000000 0.00000000000 0.00000000000 0.00000000000 0.00000000000 0.00000000000 0.00000000000 0.00000000000 0.00000000000 0.00000000000 0.00000000000 0.00000000000 0.00000000000 0.00000000000 0.00000000000 0.00000000000 0.00000000000
# Linf_dev:
 0.00000000000 0.00000000000 0.00000000000 0.00000000000 0.00000000000 0.00000000000 0.00000000000 0.00000000000 0.00000000000 0.00000000000 0.00000000000 0.00000000000 0.00000000000 0.00000000000 0.00000000000 0.00000000000 0.00000000000 0.00000000000 0.00000000000 0.00000000000 0.00000000000 0.00000000000 0.00000000000 0.00000000000 0.00000000000 0.00000000000 0.00000000000 0.00000000000 0.00000000000 0.00000000000 0.00000000000 0.00000000000 0.00000000000 0.00000000000 0.00000000000 0.00000000000 0.00000000000 0.00000000000 0.00000000000 0.00000000000 0.00000000000 0.00000000000 0.00000000000 0.00000000000 0.00000000000 0.00000000000 0.00000000000 0.00000000000 0.00000000000 0.00000000000 0.00000000000 0.00000000000 0.00000000000 0.00000000000 0.00000000000 0.00000000000 0.00000000000 0.00000000000 0.00000000000 0.00000000000 0.00000000000 0.00000000000 0.00000000000
# SelPars50:
2.01970918349
# SelPars95:
3.60094218810
# SelPars_dev50:
 0.00000000000 0.00000000000 0.00000000000 0.00000000000 0.00000000000 0.00000000000 0.00000000000 0.00000000000 0.00000000000 0.00000000000 0.00000000000 0.00000000000 0.00000000000 0.00000000000 0.00000000000 0.00000000000 0.00000000000 0.00000000000 0.00000000000 0.00000000000 0.00000000000 0.00000000000 0.00000000000 0.00000000000 0.00000000000 0.00000000000 0.00000000000 0.00000000000 0.00000000000 0.00000000000 0.00000000000 0.00000000000 0.00000000000 0.00000000000 0.00000000000 0.00000000000 0.00000000000 0.00000000000 0.00000000000 0.00000000000 0.00000000000 0.00000000000 0.00000000000 0.00000000000 0.00000000000 0.00000000000 0.00000000000 0.00000000000 0.00000000000 0.00000000000 0.00000000000 0.00000000000 0.00000000000 0.00000000000 0.00000000000 0.00000000000 0.00000000000 0.00000000000 0.00000000000 0.00000000000 0.00000000000 0.00000000000 0.00000000000
# SelPars_dev95:
 0.00000000000 0.00000000000 0.00000000000 0.00000000000 0.00000000000 0.00000000000 0.00000000000 0.00000000000 0.00000000000 0.00000000000 0.00000000000 0.00000000000 0.00000000000 0.00000000000 0.00000000000 0.00000000000 0.00000000000 0.00000000000 0.00000000000 0.00000000000 0.00000000000 0.00000000000 0.00000000000 0.00000000000 0.00000000000 0.00000000000 0.00000000000 0.00000000000 0.00000000000 0.00000000000 0.00000000000 0.00000000000 0.00000000000 0.00000000000 0.00000000000 0.00000000000 0.00000000000 0.00000000000 0.00000000000 0.00000000000 0.00000000000 0.00000000000 0.00000000000 0.00000000000 0.00000000000 0.00000000000 0.00000000000 0.00000000000 0.00000000000 0.00000000000 0.00000000000 0.00000000000 0.00000000000 0.00000000000 0.00000000000 0.00000000000 0.00000000000 0.00000000000 0.00000000000 0.00000000000 0.00000000000 0.00000000000 0.00000000000
