# Number of parameters = 139 Objective function value = 64769.6  Maximum gradient component = 0.00116102
# srv_sel50:
1.53278899634
# srv_sel95:
2.59638226494
# stNatLen:
 11.4143899210 11.2629506342 11.0511761236 10.8573711522 10.6688196323 10.4607639700 10.2293763825 9.98618563074 9.74509620658 9.51600644093 9.30421397103 9.11176028981 8.93880841254 8.78460758260 8.64804454978 8.52791754858 8.42309077301 8.33250989476 8.25527826661 8.19065129631 8.13795002835 8.09667309456 8.06637276609 8.04651248013 8.03672694527
# log_avg_fmort_dir:
-1.64558615496
# fmort_dir_dev:
 -1.71822357003 -1.78600845324 -1.30102776957 -1.02541416169 -0.694549677493 -0.462331028859 -0.358539261375 -0.244265831071 -0.0262568307580 0.0776509191308 0.0711140382361 0.308267318871 0.360932275373 0.482644818054 0.545942890956 0.492929190867 0.511251859487 0.471733678048 0.508876201967 0.509866661944 0.343073836565 0.329989058480 0.354527632227 0.387186208216 0.353744954873 0.223667177928 0.287854702109 0.266978800807 0.274462451420 0.219529962018 0.173468719034 0.149937436334 0.219423959569 0.0606597629748 0.138531502296 0.0496705285732 0.0104936548703 0.0835355521110 0.156232808645 0.150569435283 0.0565034256096 0.0836447024627 0.0428564592356 -0.0198542009678 0.131122401109 0.0668283897215 0.0588287254579 0.0138557949129 0.0486317796978 0.0231690499338 -0.411701097146 -0.508250968796 -0.330815893107 -0.212949981301
# mean_log_rec:
11.1385875909
# rec_dev:
 0.351103305945 0.337322894345 0.348006329506 0.351789815240 0.352475076460 0.353449510485 0.352595640715 0.345015570286 0.326463923319 0.310671108009 0.277474882011 0.231570025490 0.185092140077 0.131237888895 0.0896984036245 0.0719469722600 0.0388712980416 0.00370662171772 -0.0331441181608 -0.0472199769426 -0.0654714124980 -0.115236983252 -0.153006222067 -0.169846626945 -0.175329251363 -0.177804266388 -0.189060823893 -0.205417684480 -0.218525186809 -0.212592256957 -0.209744610751 -0.212538874152 -0.202211083841 -0.178158843848 -0.167985338316 -0.152507586611 -0.141333624969 -0.146088370429 -0.164632875034 -0.164765485125 -0.152792654128 -0.141010920875 -0.136652281687 -0.129328285311 -0.119896039823 -0.103195518863 -0.0865472872354 -0.0671835555970 -0.0430180104834 -0.0293633829841 -0.0136243380628 0.0182536432755 0.0242443645331 0.0242443636446
# log_avg_NatM:
-1.60426700000
# m_dev:
 0.00000000000 0.00000000000 0.00000000000 0.00000000000 0.00000000000 0.00000000000 0.00000000000 0.00000000000 0.00000000000 0.00000000000 0.00000000000 0.00000000000 0.00000000000 0.00000000000 0.00000000000 0.00000000000 0.00000000000 0.00000000000 0.00000000000 0.00000000000 0.00000000000 0.00000000000 0.00000000000 0.00000000000 0.00000000000 0.00000000000 0.00000000000 0.00000000000 0.00000000000 0.00000000000 0.00000000000 0.00000000000 0.00000000000 0.00000000000 0.00000000000 0.00000000000 0.00000000000 0.00000000000 0.00000000000 0.00000000000 0.00000000000 0.00000000000 0.00000000000 0.00000000000 0.00000000000 0.00000000000 0.00000000000 0.00000000000 0.00000000000 0.00000000000 0.00000000000 0.00000000000 0.00000000000 0.00000000000
# log_avg_GrowthK:
-1.59747900000
# log_avg_Linf:
4.81592600000
# GrowthK_dev:
 0.00000000000 0.00000000000 0.00000000000 0.00000000000 0.00000000000 0.00000000000 0.00000000000 0.00000000000 0.00000000000 0.00000000000 0.00000000000 0.00000000000 0.00000000000 0.00000000000 0.00000000000 0.00000000000 0.00000000000 0.00000000000 0.00000000000 0.00000000000 0.00000000000 0.00000000000 0.00000000000 0.00000000000 0.00000000000 0.00000000000 0.00000000000 0.00000000000 0.00000000000 0.00000000000 0.00000000000 0.00000000000 0.00000000000 0.00000000000 0.00000000000 0.00000000000 0.00000000000 0.00000000000 0.00000000000 0.00000000000 0.00000000000 0.00000000000 0.00000000000 0.00000000000 0.00000000000 0.00000000000 0.00000000000 0.00000000000 0.00000000000 0.00000000000 0.00000000000 0.00000000000 0.00000000000 0.00000000000
# Linf_dev:
 0.00000000000 0.00000000000 0.00000000000 0.00000000000 0.00000000000 0.00000000000 0.00000000000 0.00000000000 0.00000000000 0.00000000000 0.00000000000 0.00000000000 0.00000000000 0.00000000000 0.00000000000 0.00000000000 0.00000000000 0.00000000000 0.00000000000 0.00000000000 0.00000000000 0.00000000000 0.00000000000 0.00000000000 0.00000000000 0.00000000000 0.00000000000 0.00000000000 0.00000000000 0.00000000000 0.00000000000 0.00000000000 0.00000000000 0.00000000000 0.00000000000 0.00000000000 0.00000000000 0.00000000000 0.00000000000 0.00000000000 0.00000000000 0.00000000000 0.00000000000 0.00000000000 0.00000000000 0.00000000000 0.00000000000 0.00000000000 0.00000000000 0.00000000000 0.00000000000 0.00000000000 0.00000000000 0.00000000000
# SelPars50:
2.11196069240
# SelPars95:
3.81399429729
# SelPars_dev50:
 0.00000000000 0.00000000000 0.00000000000 0.00000000000 0.00000000000 0.00000000000 0.00000000000 0.00000000000 0.00000000000 0.00000000000 0.00000000000 0.00000000000 0.00000000000 0.00000000000 0.00000000000 0.00000000000 0.00000000000 0.00000000000 0.00000000000 0.00000000000 0.00000000000 0.00000000000 0.00000000000 0.00000000000 0.00000000000 0.00000000000 0.00000000000 0.00000000000 0.00000000000 0.00000000000 0.00000000000 0.00000000000 0.00000000000 0.00000000000 0.00000000000 0.00000000000 0.00000000000 0.00000000000 0.00000000000 0.00000000000 0.00000000000 0.00000000000 0.00000000000 0.00000000000 0.00000000000 0.00000000000 0.00000000000 0.00000000000 0.00000000000 0.00000000000 0.00000000000 0.00000000000 0.00000000000 0.00000000000
# SelPars_dev95:
 0.00000000000 0.00000000000 0.00000000000 0.00000000000 0.00000000000 0.00000000000 0.00000000000 0.00000000000 0.00000000000 0.00000000000 0.00000000000 0.00000000000 0.00000000000 0.00000000000 0.00000000000 0.00000000000 0.00000000000 0.00000000000 0.00000000000 0.00000000000 0.00000000000 0.00000000000 0.00000000000 0.00000000000 0.00000000000 0.00000000000 0.00000000000 0.00000000000 0.00000000000 0.00000000000 0.00000000000 0.00000000000 0.00000000000 0.00000000000 0.00000000000 0.00000000000 0.00000000000 0.00000000000 0.00000000000 0.00000000000 0.00000000000 0.00000000000 0.00000000000 0.00000000000 0.00000000000 0.00000000000 0.00000000000 0.00000000000 0.00000000000 0.00000000000 0.00000000000 0.00000000000 0.00000000000 0.00000000000
