# Number of parameters = 230 Objective function value = 79106.7  Maximum gradient component = 0.000335438
# srv_sel50:
1.46639799686
# srv_sel95:
2.41323820240
# stNatLen:
 11.6983564942 11.5472054102 11.3469020032 11.1582572486 10.9723754409 10.7687509525 10.5420953091 10.3009349634 10.0577361232 9.82265249109 9.60198178346 9.39886112195 9.21436751370 9.04844882843 8.90043544019 8.76938263936 8.65433676882 8.55434068923 8.46861920130 8.39640195767 8.33710928544 8.29029639280 8.25558595864 8.23260818088 8.22121798618
# log_avg_fmort_dir:
-1.61205270368
# fmort_dir_dev:
 -1.86840143992 -1.89424734942 -1.29621405653 -0.965554277549 -0.629012875626 -0.499769668759 -0.265381497506 -0.173377613781 -0.0731208414570 0.108672361809 0.228509478338 0.327404954178 0.363214467306 0.464923723537 0.479160428295 0.490974496358 0.449887663532 0.449288070228 0.446951476577 0.473382306016 0.506360243480 0.448989309043 0.425110209855 0.421099926628 0.437605800375 0.287873285606 0.275071826553 0.290756975627 0.235559009916 0.274166288577 0.116045600291 0.137029384942 0.0287865969068 0.0514077039850 0.113492176015 -0.0242707335646 0.101823396019 -0.0478588462547 -0.0108134267009 -0.0210370271655 -0.0417349455292 -0.0907896103969 -0.0266482776267 -0.108342892313 -0.141402889650 -0.147395292874 -0.0784181050260 -0.149007977621 -0.0433432321278 0.0145637024599 -0.276718292045 -0.0102529377453 0.0594012436973 0.0442698474708 0.169234558475 0.0438715163098 0.0758598555750 0.275320275989 0.214610463885 -0.0411526355166 -0.653873934139 0.0516399392832 0.243378155866 -0.188362863308 -0.0778661317996 0.218672952955
# mean_log_rec:
11.1069239043
# rec_dev:
 0.456311417539 0.363240260282 0.284138611155 0.266789511841 0.291428152940 0.302739243303 0.283382861569 0.262495149720 0.202843364333 0.142962563979 0.0894869531532 0.0608005436184 0.0594695241967 0.0304958968870 -0.0145052890414 -0.0694110334294 -0.113719438894 -0.165207774163 -0.220157691915 -0.265093671606 -0.300644976059 -0.313595541910 -0.327951999478 -0.328034047779 -0.320764670407 -0.313658975957 -0.304514116508 -0.293008060952 -0.290234488132 -0.265354385683 -0.231380084419 -0.221173797638 -0.206487379057 -0.172774746913 -0.0406128319941 0.0613889230301 0.0838148803459 0.0782955686358 0.0865151617517 0.0959546178163 0.137759196951 0.169628514255 0.185953808331 0.189561684061 0.150372042858 0.142425133603 0.143934179379 0.134769440938 0.0504434532732 -0.00907358625421 -0.0151016164155 -0.000989268808687 0.0212546283927 0.0371309739058 0.0558676059411 0.0516985553806 0.0243481900707 -0.00949129324175 -0.0366500869491 -0.0170223128843 0.0218759828699 0.0309154834421 5.54440670453e-005 -0.0443649467956 -0.0697847085585 -0.0697847019727
# log_avg_NatM:
-1.54536026828
# m_dev:
 0.572608263996 0.310599209831 0.264700717732 -0.0936972792178 -0.302433671639 -0.244977946796 -0.0746626373358 -0.209646997352 0.0794840854596 -0.0734546908964 -0.0442411311039 -0.368910158336 -0.517366149642 -0.267809799721 -0.201351636436 -0.165616114854 -0.186532279577 -0.0846730015670 -0.203379138810 -0.223488336004 -0.232355590223 -0.274276152424 -0.322218622338 -0.416734723711 -0.256986568720 -0.269828013050 -0.276563506363 -0.233210892150 -0.241394640767 -0.269430118777 -0.190738758071 -0.0612759021257 -0.223768445260 -0.186635476063 -0.0680639927549 0.0789008387588 0.0913590820380 0.176595445798 0.159573762834 0.219202268259 -0.00911555596532 0.109240803644 0.172841049850 0.264616972842 0.417328139569 0.275637317674 0.223800034887 0.161830697702 0.551145614128 0.310735868663 0.180821382584 0.138512631705 0.00343549471256 0.139260770320 0.0631323714216 0.0267196998826 0.215397295231 0.301548150551 0.198399083862 -0.0742630151410 0.0201957834270 0.272679948962 0.179875687296 0.178200422554 0.275972192700 0.234749854321
# log_avg_GrowthK:
-1.58213900000
# log_avg_Linf:
4.87633000000
# GrowthK_dev:
 0.00000000000 0.00000000000 0.00000000000 0.00000000000 0.00000000000 0.00000000000 0.00000000000 0.00000000000 0.00000000000 0.00000000000 0.00000000000 0.00000000000 0.00000000000 0.00000000000 0.00000000000 0.00000000000 0.00000000000 0.00000000000 0.00000000000 0.00000000000 0.00000000000 0.00000000000 0.00000000000 0.00000000000 0.00000000000 0.00000000000 0.00000000000 0.00000000000 0.00000000000 0.00000000000 0.00000000000 0.00000000000 0.00000000000 0.00000000000 0.00000000000 0.00000000000 0.00000000000 0.00000000000 0.00000000000 0.00000000000 0.00000000000 0.00000000000 0.00000000000 0.00000000000 0.00000000000 0.00000000000 0.00000000000 0.00000000000 0.00000000000 0.00000000000 0.00000000000 0.00000000000 0.00000000000 0.00000000000 0.00000000000 0.00000000000 0.00000000000 0.00000000000 0.00000000000 0.00000000000 0.00000000000 0.00000000000 0.00000000000 0.00000000000 0.00000000000 0.00000000000
# Linf_dev:
 0.00000000000 0.00000000000 0.00000000000 0.00000000000 0.00000000000 0.00000000000 0.00000000000 0.00000000000 0.00000000000 0.00000000000 0.00000000000 0.00000000000 0.00000000000 0.00000000000 0.00000000000 0.00000000000 0.00000000000 0.00000000000 0.00000000000 0.00000000000 0.00000000000 0.00000000000 0.00000000000 0.00000000000 0.00000000000 0.00000000000 0.00000000000 0.00000000000 0.00000000000 0.00000000000 0.00000000000 0.00000000000 0.00000000000 0.00000000000 0.00000000000 0.00000000000 0.00000000000 0.00000000000 0.00000000000 0.00000000000 0.00000000000 0.00000000000 0.00000000000 0.00000000000 0.00000000000 0.00000000000 0.00000000000 0.00000000000 0.00000000000 0.00000000000 0.00000000000 0.00000000000 0.00000000000 0.00000000000 0.00000000000 0.00000000000 0.00000000000 0.00000000000 0.00000000000 0.00000000000 0.00000000000 0.00000000000 0.00000000000 0.00000000000 0.00000000000 0.00000000000
# SelPars50:
2.01661708293
# SelPars95:
3.58605549886
# SelPars_dev50:
 0.00000000000 0.00000000000 0.00000000000 0.00000000000 0.00000000000 0.00000000000 0.00000000000 0.00000000000 0.00000000000 0.00000000000 0.00000000000 0.00000000000 0.00000000000 0.00000000000 0.00000000000 0.00000000000 0.00000000000 0.00000000000 0.00000000000 0.00000000000 0.00000000000 0.00000000000 0.00000000000 0.00000000000 0.00000000000 0.00000000000 0.00000000000 0.00000000000 0.00000000000 0.00000000000 0.00000000000 0.00000000000 0.00000000000 0.00000000000 0.00000000000 0.00000000000 0.00000000000 0.00000000000 0.00000000000 0.00000000000 0.00000000000 0.00000000000 0.00000000000 0.00000000000 0.00000000000 0.00000000000 0.00000000000 0.00000000000 0.00000000000 0.00000000000 0.00000000000 0.00000000000 0.00000000000 0.00000000000 0.00000000000 0.00000000000 0.00000000000 0.00000000000 0.00000000000 0.00000000000 0.00000000000 0.00000000000 0.00000000000 0.00000000000 0.00000000000 0.00000000000
# SelPars_dev95:
 0.00000000000 0.00000000000 0.00000000000 0.00000000000 0.00000000000 0.00000000000 0.00000000000 0.00000000000 0.00000000000 0.00000000000 0.00000000000 0.00000000000 0.00000000000 0.00000000000 0.00000000000 0.00000000000 0.00000000000 0.00000000000 0.00000000000 0.00000000000 0.00000000000 0.00000000000 0.00000000000 0.00000000000 0.00000000000 0.00000000000 0.00000000000 0.00000000000 0.00000000000 0.00000000000 0.00000000000 0.00000000000 0.00000000000 0.00000000000 0.00000000000 0.00000000000 0.00000000000 0.00000000000 0.00000000000 0.00000000000 0.00000000000 0.00000000000 0.00000000000 0.00000000000 0.00000000000 0.00000000000 0.00000000000 0.00000000000 0.00000000000 0.00000000000 0.00000000000 0.00000000000 0.00000000000 0.00000000000 0.00000000000 0.00000000000 0.00000000000 0.00000000000 0.00000000000 0.00000000000 0.00000000000 0.00000000000 0.00000000000 0.00000000000 0.00000000000 0.00000000000
