# Number of parameters = 212 Objective function value = 71850.7  Maximum gradient component = 0.00149790
# srv_sel50:
1.47040414512
# srv_sel95:
2.42789966415
# stNatLen:
 11.5391691024 11.3933346330 11.1934146585 11.0044074018 10.8186040156 10.6153061666 10.3889731431 10.1480293466 9.90494070751 9.66988165367 9.44919621651 9.24603307308 9.06148959243 8.89546509585 8.74730870305 8.61613236789 8.50100221443 8.40097661102 8.31522915490 8.24300263394 8.18367324222 8.13675934294 8.10189886185 8.07882417280 8.06740925452
# log_avg_fmort_dir:
-1.59396786642
# fmort_dir_dev:
 -1.78580270135 -1.83066231166 -1.18780719792 -1.00134038539 -0.549257244646 -0.433340936508 -0.219324012549 -0.0471791894097 0.0238218705250 0.133069034027 0.219494925068 0.199776729313 0.308178077265 0.530558238542 0.582454310611 0.593752871988 0.516648843858 0.353025852698 0.392146186184 0.286760008316 0.337609443062 0.390409453970 0.352536125221 0.405714078131 0.365858404696 0.288782589101 0.263562689326 0.0423792317132 0.0837562389300 0.0598505681481 0.138731734038 0.0748752316768 0.0619833444775 0.0308177053231 -0.0179931615744 -0.0783325786086 0.0447539742401 -0.0372793517085 -0.0191234348317 0.0429449901763 0.00573111552974 0.0305031381159 -0.0462843106787 -0.0573959643979 -0.147558777323 0.0378003068291 0.0958153899430 0.0929214159047 0.159995872055 0.0177002047349 -0.100362924167 0.234669913625 0.334730650713 0.184555244636 -0.756289820185 -0.172426023392 0.0846214358369 0.0403538810406 0.193579921333 -0.149470914620
# mean_log_rec:
11.1124935685
# rec_dev:
 0.333424459170 0.287229631503 0.274797243983 0.259705623338 0.228098763181 0.179176213112 0.136140508107 0.130092026726 0.140153837633 0.160778718801 0.171433338522 0.120935152224 -0.00619050611040 -0.0828503241769 -0.118102736791 -0.110718897364 -0.0778346506869 -0.0588874227355 -0.0658309134544 -0.110993128467 -0.203098134728 -0.243976341517 -0.265137257371 -0.260154451315 -0.240520636217 -0.191827107425 -0.130258094062 -0.110880437986 -0.132473758847 -0.159242014776 -0.158339060870 -0.155150023264 -0.127947016402 -0.0798612916766 0.0437647595091 0.0930962053487 0.0746037114238 0.0438952959084 0.0109454161785 -0.0260379664496 -0.0179365900843 0.0492218691754 0.144493857100 0.193151531920 0.131461865274 0.00676855278676 -0.0647658726426 -0.0767790426849 -0.0220606658878 0.0524781423135 0.0780026977628 0.0297528588071 -0.0537114887010 -0.0789512365196 -0.0423476041177 0.0248382724152 0.0603706666046 0.0307138808850 -0.00833019952064 -0.00833022686248
# log_avg_NatM:
-1.59111834341
# m_dev:
 0.521538748907 0.116902177419 -0.0232695562837 -0.0462718911476 -0.0162964190886 0.0610727667956 -0.0200035495709 -0.284507296829 -0.403569949126 -0.539937251844 -0.381192989924 -0.0614576446162 0.234217020847 -0.203199466287 -0.468484887309 -0.705273774884 -0.571566636845 -0.421828356564 -0.223632098309 0.0293829114461 0.227354922036 -0.109698059609 -0.124757236474 -0.227123282601 -0.386751470112 -0.510011363717 -0.347142848031 -0.0413681884692 0.135251961258 0.0959888543892 0.000543541723562 0.00165309707310 -0.261814843905 -0.150511797971 0.0316583582199 0.414644296733 0.235805299690 0.339048656745 0.294869578595 0.413162034081 0.190492468687 -0.0690933673436 -0.264166710616 0.0634487763094 0.449183451763 0.605630500265 0.415806024655 0.167850868171 -0.144443367647 -0.175875113191 0.0861289708677 0.344029040143 0.428378869453 0.150711619071 0.0212449169214 0.0428742964615 0.0694812688732 0.285264567209 0.329232364129 0.380397189378
# log_avg_GrowthK:
-1.59694300000
# log_avg_Linf:
4.94892400000
# GrowthK_dev:
 0.00000000000 0.00000000000 0.00000000000 0.00000000000 0.00000000000 0.00000000000 0.00000000000 0.00000000000 0.00000000000 0.00000000000 0.00000000000 0.00000000000 0.00000000000 0.00000000000 0.00000000000 0.00000000000 0.00000000000 0.00000000000 0.00000000000 0.00000000000 0.00000000000 0.00000000000 0.00000000000 0.00000000000 0.00000000000 0.00000000000 0.00000000000 0.00000000000 0.00000000000 0.00000000000 0.00000000000 0.00000000000 0.00000000000 0.00000000000 0.00000000000 0.00000000000 0.00000000000 0.00000000000 0.00000000000 0.00000000000 0.00000000000 0.00000000000 0.00000000000 0.00000000000 0.00000000000 0.00000000000 0.00000000000 0.00000000000 0.00000000000 0.00000000000 0.00000000000 0.00000000000 0.00000000000 0.00000000000 0.00000000000 0.00000000000 0.00000000000 0.00000000000 0.00000000000 0.00000000000
# Linf_dev:
 0.00000000000 0.00000000000 0.00000000000 0.00000000000 0.00000000000 0.00000000000 0.00000000000 0.00000000000 0.00000000000 0.00000000000 0.00000000000 0.00000000000 0.00000000000 0.00000000000 0.00000000000 0.00000000000 0.00000000000 0.00000000000 0.00000000000 0.00000000000 0.00000000000 0.00000000000 0.00000000000 0.00000000000 0.00000000000 0.00000000000 0.00000000000 0.00000000000 0.00000000000 0.00000000000 0.00000000000 0.00000000000 0.00000000000 0.00000000000 0.00000000000 0.00000000000 0.00000000000 0.00000000000 0.00000000000 0.00000000000 0.00000000000 0.00000000000 0.00000000000 0.00000000000 0.00000000000 0.00000000000 0.00000000000 0.00000000000 0.00000000000 0.00000000000 0.00000000000 0.00000000000 0.00000000000 0.00000000000 0.00000000000 0.00000000000 0.00000000000 0.00000000000 0.00000000000 0.00000000000
# SelPars50:
2.02326381496
# SelPars95:
3.60179770423
# SelPars_dev50:
 0.00000000000 0.00000000000 0.00000000000 0.00000000000 0.00000000000 0.00000000000 0.00000000000 0.00000000000 0.00000000000 0.00000000000 0.00000000000 0.00000000000 0.00000000000 0.00000000000 0.00000000000 0.00000000000 0.00000000000 0.00000000000 0.00000000000 0.00000000000 0.00000000000 0.00000000000 0.00000000000 0.00000000000 0.00000000000 0.00000000000 0.00000000000 0.00000000000 0.00000000000 0.00000000000 0.00000000000 0.00000000000 0.00000000000 0.00000000000 0.00000000000 0.00000000000 0.00000000000 0.00000000000 0.00000000000 0.00000000000 0.00000000000 0.00000000000 0.00000000000 0.00000000000 0.00000000000 0.00000000000 0.00000000000 0.00000000000 0.00000000000 0.00000000000 0.00000000000 0.00000000000 0.00000000000 0.00000000000 0.00000000000 0.00000000000 0.00000000000 0.00000000000 0.00000000000 0.00000000000
# SelPars_dev95:
 0.00000000000 0.00000000000 0.00000000000 0.00000000000 0.00000000000 0.00000000000 0.00000000000 0.00000000000 0.00000000000 0.00000000000 0.00000000000 0.00000000000 0.00000000000 0.00000000000 0.00000000000 0.00000000000 0.00000000000 0.00000000000 0.00000000000 0.00000000000 0.00000000000 0.00000000000 0.00000000000 0.00000000000 0.00000000000 0.00000000000 0.00000000000 0.00000000000 0.00000000000 0.00000000000 0.00000000000 0.00000000000 0.00000000000 0.00000000000 0.00000000000 0.00000000000 0.00000000000 0.00000000000 0.00000000000 0.00000000000 0.00000000000 0.00000000000 0.00000000000 0.00000000000 0.00000000000 0.00000000000 0.00000000000 0.00000000000 0.00000000000 0.00000000000 0.00000000000 0.00000000000 0.00000000000 0.00000000000 0.00000000000 0.00000000000 0.00000000000 0.00000000000 0.00000000000 0.00000000000
