# Number of parameters = 159 Objective function value = 76693.5  Maximum gradient component = 0.000362738
# srv_sel50:
1.65060301572
# srv_sel95:
2.93110854011
# stNatLen:
 11.8614047479 11.6812378225 11.4229871542 11.2033211572 11.0228070182 10.8457666136 10.6434351799 10.4076791229 10.1470847712 9.87651088820 9.60942541799 9.35516010591 9.11907069931 8.90367467226 8.70972822805 8.53698449935 8.38474665167 8.25210381344 8.13814513796 8.04203938656 7.96305157161 7.90062477353 7.85427399258 7.82364339074 7.80841354602
# log_avg_fmort_dir:
-1.61795712002
# fmort_dir_dev:
 -2.02239029739 -2.00337196759 -1.52583285762 -1.16005688799 -0.864583652833 -0.675515631619 -0.421100002079 -0.271457711479 -0.169354470337 -0.114047041653 0.124995790190 0.150569032592 0.253965608872 0.252776769761 0.375563044823 0.429147267446 0.461720909306 0.435673300820 0.434658189701 0.361638358400 0.340100100267 0.342587904261 0.309359686263 0.270891132917 0.274935287357 0.180400891057 0.169587784976 0.132328792951 0.258487594698 0.122830463033 0.137184237754 0.221624538709 0.0623759534130 0.105566379130 0.163999043736 -0.0417285730902 0.100595326307 0.139003363639 0.0276583825174 0.127539901257 0.0236005269253 0.0655288983401 0.0352907069469 0.0441366834129 0.0389349081639 0.0578177858926 -0.0193494238031 0.0316162581499 0.0551045565200 0.132996677500 0.425096509947 0.336934166197 0.495262279885 0.205825295508 0.00965138370627 0.0975396976869 0.0646282837400 0.267375531839 -0.0572077892804 0.131200554964 0.0227254668224 -0.148330140139 -0.0482372470443 0.233532485641
# mean_log_rec:
11.3380764253
# rec_dev:
 0.581205466764 0.554861895392 0.550640437623 0.540829779637 0.532219386803 0.513978005800 0.493382024045 0.472082276277 0.437111296962 0.400931404805 0.350815449223 0.308635429466 0.282097651653 0.235385901227 0.189283584612 0.143686363210 0.0910015078674 0.0448016464689 0.00680545719023 -0.0158767129277 -0.0235293451041 -0.0438126243357 -0.0486841753090 -0.0637532728860 -0.0814030320375 -0.101182653931 -0.128097128051 -0.144262591735 -0.162791108390 -0.185988639593 -0.207921904422 -0.231834441276 -0.266871848953 -0.288229973963 -0.203720688158 -0.124852339034 -0.143240681013 -0.172255984670 -0.164986764015 -0.163226849701 -0.162122005491 -0.163274951184 -0.168268666438 -0.173653163989 -0.175468941425 -0.174439007638 -0.179670915565 -0.180810322943 -0.198149176296 -0.211816231915 -0.196225403760 -0.193740221792 -0.199070203177 -0.216161016609 -0.218410443598 -0.208552881243 -0.203940845186 -0.175688237276 -0.146067282788 -0.119942016057 -0.0717811848792 -0.00921036423661 -0.00838437223869 -0.00838434979967
# log_avg_NatM:
-1.46679800000
# m_dev:
 0.00000000000 0.00000000000 0.00000000000 0.00000000000 0.00000000000 0.00000000000 0.00000000000 0.00000000000 0.00000000000 0.00000000000 0.00000000000 0.00000000000 0.00000000000 0.00000000000 0.00000000000 0.00000000000 0.00000000000 0.00000000000 0.00000000000 0.00000000000 0.00000000000 0.00000000000 0.00000000000 0.00000000000 0.00000000000 0.00000000000 0.00000000000 0.00000000000 0.00000000000 0.00000000000 0.00000000000 0.00000000000 0.00000000000 0.00000000000 0.00000000000 0.00000000000 0.00000000000 0.00000000000 0.00000000000 0.00000000000 0.00000000000 0.00000000000 0.00000000000 0.00000000000 0.00000000000 0.00000000000 0.00000000000 0.00000000000 0.00000000000 0.00000000000 0.00000000000 0.00000000000 0.00000000000 0.00000000000 0.00000000000 0.00000000000 0.00000000000 0.00000000000 0.00000000000 0.00000000000 0.00000000000 0.00000000000 0.00000000000 0.00000000000
# log_avg_GrowthK:
-1.64186400000
# log_avg_Linf:
5.21073900000
# GrowthK_dev:
 0.00000000000 0.00000000000 0.00000000000 0.00000000000 0.00000000000 0.00000000000 0.00000000000 0.00000000000 0.00000000000 0.00000000000 0.00000000000 0.00000000000 0.00000000000 0.00000000000 0.00000000000 0.00000000000 0.00000000000 0.00000000000 0.00000000000 0.00000000000 0.00000000000 0.00000000000 0.00000000000 0.00000000000 0.00000000000 0.00000000000 0.00000000000 0.00000000000 0.00000000000 0.00000000000 0.00000000000 0.00000000000 0.00000000000 0.00000000000 0.00000000000 0.00000000000 0.00000000000 0.00000000000 0.00000000000 0.00000000000 0.00000000000 0.00000000000 0.00000000000 0.00000000000 0.00000000000 0.00000000000 0.00000000000 0.00000000000 0.00000000000 0.00000000000 0.00000000000 0.00000000000 0.00000000000 0.00000000000 0.00000000000 0.00000000000 0.00000000000 0.00000000000 0.00000000000 0.00000000000 0.00000000000 0.00000000000 0.00000000000 0.00000000000
# Linf_dev:
 0.00000000000 0.00000000000 0.00000000000 0.00000000000 0.00000000000 0.00000000000 0.00000000000 0.00000000000 0.00000000000 0.00000000000 0.00000000000 0.00000000000 0.00000000000 0.00000000000 0.00000000000 0.00000000000 0.00000000000 0.00000000000 0.00000000000 0.00000000000 0.00000000000 0.00000000000 0.00000000000 0.00000000000 0.00000000000 0.00000000000 0.00000000000 0.00000000000 0.00000000000 0.00000000000 0.00000000000 0.00000000000 0.00000000000 0.00000000000 0.00000000000 0.00000000000 0.00000000000 0.00000000000 0.00000000000 0.00000000000 0.00000000000 0.00000000000 0.00000000000 0.00000000000 0.00000000000 0.00000000000 0.00000000000 0.00000000000 0.00000000000 0.00000000000 0.00000000000 0.00000000000 0.00000000000 0.00000000000 0.00000000000 0.00000000000 0.00000000000 0.00000000000 0.00000000000 0.00000000000 0.00000000000 0.00000000000 0.00000000000 0.00000000000
# SelPars50:
2.22484177917
# SelPars95:
4.04219084765
# SelPars_dev50:
 0.00000000000 0.00000000000 0.00000000000 0.00000000000 0.00000000000 0.00000000000 0.00000000000 0.00000000000 0.00000000000 0.00000000000 0.00000000000 0.00000000000 0.00000000000 0.00000000000 0.00000000000 0.00000000000 0.00000000000 0.00000000000 0.00000000000 0.00000000000 0.00000000000 0.00000000000 0.00000000000 0.00000000000 0.00000000000 0.00000000000 0.00000000000 0.00000000000 0.00000000000 0.00000000000 0.00000000000 0.00000000000 0.00000000000 0.00000000000 0.00000000000 0.00000000000 0.00000000000 0.00000000000 0.00000000000 0.00000000000 0.00000000000 0.00000000000 0.00000000000 0.00000000000 0.00000000000 0.00000000000 0.00000000000 0.00000000000 0.00000000000 0.00000000000 0.00000000000 0.00000000000 0.00000000000 0.00000000000 0.00000000000 0.00000000000 0.00000000000 0.00000000000 0.00000000000 0.00000000000 0.00000000000 0.00000000000 0.00000000000 0.00000000000
# SelPars_dev95:
 0.00000000000 0.00000000000 0.00000000000 0.00000000000 0.00000000000 0.00000000000 0.00000000000 0.00000000000 0.00000000000 0.00000000000 0.00000000000 0.00000000000 0.00000000000 0.00000000000 0.00000000000 0.00000000000 0.00000000000 0.00000000000 0.00000000000 0.00000000000 0.00000000000 0.00000000000 0.00000000000 0.00000000000 0.00000000000 0.00000000000 0.00000000000 0.00000000000 0.00000000000 0.00000000000 0.00000000000 0.00000000000 0.00000000000 0.00000000000 0.00000000000 0.00000000000 0.00000000000 0.00000000000 0.00000000000 0.00000000000 0.00000000000 0.00000000000 0.00000000000 0.00000000000 0.00000000000 0.00000000000 0.00000000000 0.00000000000 0.00000000000 0.00000000000 0.00000000000 0.00000000000 0.00000000000 0.00000000000 0.00000000000 0.00000000000 0.00000000000 0.00000000000 0.00000000000 0.00000000000 0.00000000000 0.00000000000 0.00000000000 0.00000000000
