# Number of parameters = 147 Objective function value = 69501.6828023583  Maximum gradient component = 0.000444064960701184
# srv_sel50:
1.66280646295
# srv_sel95:
2.95441548390
# stNatLen:
 11.8825485343 11.7037874952 11.4388927723 11.2152030732 11.0339918486 10.8576830744 10.6574384016 10.4256158985 10.1706433758 9.90668145515 9.64646120937 9.39880264633 9.16881620271 8.95889527058 8.76979734829 8.60129765004 8.45271036908 8.32318153001 8.21182583544 8.11783553019 8.04046036575 7.97916445651 7.93357005391 7.90328148353 7.88814233062
# log_avg_fmort_dir:
-1.62776661307
# fmort_dir_dev:
 -2.19281802662 -2.12973106396 -1.47153104686 -1.14654295695 -0.834515339571 -0.550979118923 -0.371033180405 -0.227728905684 -0.165710639962 0.0366785603573 0.161176693579 0.129702249909 0.333211535791 0.415239452866 0.473695691405 0.458031166445 0.414655928899 0.439072721656 0.379603622763 0.302354501783 0.311776450774 0.381770612959 0.261985787146 0.200177904209 0.200568681983 0.260342222363 0.242087498223 0.197043208148 0.191178232470 0.0778274404721 0.222553483717 0.157392573985 0.169479949341 0.0134995500349 0.182411114135 0.149745284277 0.113157793799 0.0668788964314 0.253201185992 0.0868971424276 0.100460957050 0.0996325334771 0.0629311318541 0.0338615212785 0.0491973176715 0.120150724748 0.0756262308092 0.0169494957011 0.175817132550 0.154741021249 0.311474891553 0.200406596828 0.110790728085 -0.131960539650 -0.0183026911335 0.0845298795491 0.222544601606 0.138341607379
# mean_log_rec:
11.3724665449
# rec_dev:
 0.549120672369 0.522926219982 0.502900305218 0.485376094760 0.475670897388 0.456701416067 0.438081117255 0.423774390891 0.406037053092 0.381993760108 0.344408064274 0.319903084452 0.257330527190 0.190003932226 0.138964853022 0.0817364592565 0.0302265155022 -0.0241411309228 -0.0653520806018 -0.0820351932401 -0.0872687876404 -0.106176416149 -0.112781826617 -0.123941123418 -0.140252980227 -0.138278094924 -0.137496597182 -0.145675464838 -0.142169071165 -0.169679555550 -0.223421701551 -0.262619318842 -0.321918579308 -0.359821457148 -0.282542430736 -0.206135429345 -0.219626952471 -0.241743548298 -0.244701668838 -0.246430071952 -0.251859434063 -0.238366505018 -0.223406979462 -0.212991261069 -0.205268135923 -0.179067253428 -0.174115751184 -0.180938414326 -0.162957440948 -0.124196316318 -0.0962876283849 -0.0944925609677 -0.0782492097652 -0.0430410763560 0.0338519684132 0.109249356569 0.100595386293 0.100595373852
# log_avg_NatM:
-1.47890400000
# m_dev:
 0.00000000000 0.00000000000 0.00000000000 0.00000000000 0.00000000000 0.00000000000 0.00000000000 0.00000000000 0.00000000000 0.00000000000 0.00000000000 0.00000000000 0.00000000000 0.00000000000 0.00000000000 0.00000000000 0.00000000000 0.00000000000 0.00000000000 0.00000000000 0.00000000000 0.00000000000 0.00000000000 0.00000000000 0.00000000000 0.00000000000 0.00000000000 0.00000000000 0.00000000000 0.00000000000 0.00000000000 0.00000000000 0.00000000000 0.00000000000 0.00000000000 0.00000000000 0.00000000000 0.00000000000 0.00000000000 0.00000000000 0.00000000000 0.00000000000 0.00000000000 0.00000000000 0.00000000000 0.00000000000 0.00000000000 0.00000000000 0.00000000000 0.00000000000 0.00000000000 0.00000000000 0.00000000000 0.00000000000 0.00000000000 0.00000000000 0.00000000000 0.00000000000
# log_avg_GrowthK:
-1.60943800000
# log_avg_Linf:
4.88280200000
# GrowthK_dev:
 0.00000000000 0.00000000000 0.00000000000 0.00000000000 0.00000000000 0.00000000000 0.00000000000 0.00000000000 0.00000000000 0.00000000000 0.00000000000 0.00000000000 0.00000000000 0.00000000000 0.00000000000 0.00000000000 0.00000000000 0.00000000000 0.00000000000 0.00000000000 0.00000000000 0.00000000000 0.00000000000 0.00000000000 0.00000000000 0.00000000000 0.00000000000 0.00000000000 0.00000000000 0.00000000000 0.00000000000 0.00000000000 0.00000000000 0.00000000000 0.00000000000 0.00000000000 0.00000000000 0.00000000000 0.00000000000 0.00000000000 0.00000000000 0.00000000000 0.00000000000 0.00000000000 0.00000000000 0.00000000000 0.00000000000 0.00000000000 0.00000000000 0.00000000000 0.00000000000 0.00000000000 0.00000000000 0.00000000000 0.00000000000 0.00000000000 0.00000000000 0.00000000000
# Linf_dev:
 0.00000000000 0.00000000000 0.00000000000 0.00000000000 0.00000000000 0.00000000000 0.00000000000 0.00000000000 0.00000000000 0.00000000000 0.00000000000 0.00000000000 0.00000000000 0.00000000000 0.00000000000 0.00000000000 0.00000000000 0.00000000000 0.00000000000 0.00000000000 0.00000000000 0.00000000000 0.00000000000 0.00000000000 0.00000000000 0.00000000000 0.00000000000 0.00000000000 0.00000000000 0.00000000000 0.00000000000 0.00000000000 0.00000000000 0.00000000000 0.00000000000 0.00000000000 0.00000000000 0.00000000000 0.00000000000 0.00000000000 0.00000000000 0.00000000000 0.00000000000 0.00000000000 0.00000000000 0.00000000000 0.00000000000 0.00000000000 0.00000000000 0.00000000000 0.00000000000 0.00000000000 0.00000000000 0.00000000000 0.00000000000 0.00000000000 0.00000000000 0.00000000000
# SelPars50:
2.29330966036
# SelPars95:
4.21698544981
# SelPars_dev50:
 0.00000000000 0.00000000000 0.00000000000 0.00000000000 0.00000000000 0.00000000000 0.00000000000 0.00000000000 0.00000000000 0.00000000000 0.00000000000 0.00000000000 0.00000000000 0.00000000000 0.00000000000 0.00000000000 0.00000000000 0.00000000000 0.00000000000 0.00000000000 0.00000000000 0.00000000000 0.00000000000 0.00000000000 0.00000000000 0.00000000000 0.00000000000 0.00000000000 0.00000000000 0.00000000000 0.00000000000 0.00000000000 0.00000000000 0.00000000000 0.00000000000 0.00000000000 0.00000000000 0.00000000000 0.00000000000 0.00000000000 0.00000000000 0.00000000000 0.00000000000 0.00000000000 0.00000000000 0.00000000000 0.00000000000 0.00000000000 0.00000000000 0.00000000000 0.00000000000 0.00000000000 0.00000000000 0.00000000000 0.00000000000 0.00000000000 0.00000000000 0.00000000000
# SelPars_dev95:
 0.00000000000 0.00000000000 0.00000000000 0.00000000000 0.00000000000 0.00000000000 0.00000000000 0.00000000000 0.00000000000 0.00000000000 0.00000000000 0.00000000000 0.00000000000 0.00000000000 0.00000000000 0.00000000000 0.00000000000 0.00000000000 0.00000000000 0.00000000000 0.00000000000 0.00000000000 0.00000000000 0.00000000000 0.00000000000 0.00000000000 0.00000000000 0.00000000000 0.00000000000 0.00000000000 0.00000000000 0.00000000000 0.00000000000 0.00000000000 0.00000000000 0.00000000000 0.00000000000 0.00000000000 0.00000000000 0.00000000000 0.00000000000 0.00000000000 0.00000000000 0.00000000000 0.00000000000 0.00000000000 0.00000000000 0.00000000000 0.00000000000 0.00000000000 0.00000000000 0.00000000000 0.00000000000 0.00000000000 0.00000000000 0.00000000000 0.00000000000 0.00000000000
