# Number of parameters = 149 Objective function value = 70541.9  Maximum gradient component = 0.000758700
# srv_sel50:
1.65577171694
# srv_sel95:
2.94188418910
# stNatLen:
 11.7940432537 11.5886824361 11.2895799115 11.0297744216 10.8111977103 10.6009407405 10.3752324659 10.1288320726 9.86922477611 9.60779770369 9.35439839544 9.11564313398 8.89520895269 8.69468533359 8.51436728785 8.35383456613 8.21233421332 8.08900676456 7.98297041296 7.89344268892 7.81976872465 7.76141873887 7.71798222472 7.68917835543 7.67478979451
# log_avg_fmort_dir:
-1.51001979259
# fmort_dir_dev:
 -0.977051232475 -0.793349325022 -0.559157169216 -0.435690624488 -0.198122891409 -0.200309196273 -0.0183919236033 0.0805979621485 0.0560503976642 0.250170126855 0.300652218487 0.318519025720 0.247585768426 0.255870885971 0.255137201581 0.211225853650 0.227749162374 0.200046096478 0.172722684321 0.216026837887 0.0725873207736 0.103515723409 0.0898073589999 0.0740991060786 0.0296245830056 0.00266996744505 -0.0661522982801 0.0285460988091 -0.0253256385116 -0.0566160090903 -0.0130822214770 -0.0740837703697 0.0200302829324 0.0253768049455 0.0133987062825 -0.0456083775836 0.0537560464460 0.00615596146027 -0.0262789448937 -0.0924721784596 0.0667398728360 0.0630625589551 -0.0253103130289 -0.0244350682236 -0.0407980763808 -0.0524246986130 0.295652358337 -0.0821776507355 0.0866377370088 -0.200085950914 0.0523696165706 0.133281946374 0.0921745928525 0.236047352246 0.160110635498 -0.278587892263 -0.211931942417 0.113135284478 -0.113690743578
# mean_log_rec:
11.3113368369
# rec_dev:
 0.518293322960 0.482183539361 0.461912576880 0.433241535364 0.405721136566 0.386381019821 0.368814747623 0.344433920172 0.309804292129 0.279479597408 0.251454259574 0.203347971863 0.141048391780 0.0757542706506 0.0196369712519 0.00160583341983 -0.0200727852970 -0.0441336201575 -0.0750394467200 -0.116879618013 -0.124552990661 -0.138119415135 -0.145097585399 -0.143749382280 -0.140272630998 -0.130818960337 -0.156607731380 -0.198045211795 -0.246845477159 -0.280412541940 -0.217274187391 -0.166893089146 -0.184791812410 -0.187477715458 -0.185794100250 -0.183471414262 -0.162051719210 -0.131300778429 -0.122858052561 -0.120428291708 -0.124703384338 -0.126964004930 -0.127913815995 -0.115186632207 -0.0998531095896 -0.109112274575 -0.114034104350 -0.132747008735 -0.132248591375 -0.110720794688 -0.0936034730319 -0.0717459522145 -0.0413422242093 -0.0159102054338 -0.00269438972223 0.0419349554956 0.102278759772 0.107220726197 0.107220695202
# log_avg_NatM:
-1.47890400000
# m_dev:
 0.00000000000 0.00000000000 0.00000000000 0.00000000000 0.00000000000 0.00000000000 0.00000000000 0.00000000000 0.00000000000 0.00000000000 0.00000000000 0.00000000000 0.00000000000 0.00000000000 0.00000000000 0.00000000000 0.00000000000 0.00000000000 0.00000000000 0.00000000000 0.00000000000 0.00000000000 0.00000000000 0.00000000000 0.00000000000 0.00000000000 0.00000000000 0.00000000000 0.00000000000 0.00000000000 0.00000000000 0.00000000000 0.00000000000 0.00000000000 0.00000000000 0.00000000000 0.00000000000 0.00000000000 0.00000000000 0.00000000000 0.00000000000 0.00000000000 0.00000000000 0.00000000000 0.00000000000 0.00000000000 0.00000000000 0.00000000000 0.00000000000 0.00000000000 0.00000000000 0.00000000000 0.00000000000 0.00000000000 0.00000000000 0.00000000000 0.00000000000 0.00000000000 0.00000000000
# log_avg_GrowthK:
-1.60943800000
# log_avg_Linf:
4.88280200000
# GrowthK_dev:
 0.00000000000 0.00000000000 0.00000000000 0.00000000000 0.00000000000 0.00000000000 0.00000000000 0.00000000000 0.00000000000 0.00000000000 0.00000000000 0.00000000000 0.00000000000 0.00000000000 0.00000000000 0.00000000000 0.00000000000 0.00000000000 0.00000000000 0.00000000000 0.00000000000 0.00000000000 0.00000000000 0.00000000000 0.00000000000 0.00000000000 0.00000000000 0.00000000000 0.00000000000 0.00000000000 0.00000000000 0.00000000000 0.00000000000 0.00000000000 0.00000000000 0.00000000000 0.00000000000 0.00000000000 0.00000000000 0.00000000000 0.00000000000 0.00000000000 0.00000000000 0.00000000000 0.00000000000 0.00000000000 0.00000000000 0.00000000000 0.00000000000 0.00000000000 0.00000000000 0.00000000000 0.00000000000 0.00000000000 0.00000000000 0.00000000000 0.00000000000 0.00000000000 0.00000000000
# Linf_dev:
 0.00000000000 0.00000000000 0.00000000000 0.00000000000 0.00000000000 0.00000000000 0.00000000000 0.00000000000 0.00000000000 0.00000000000 0.00000000000 0.00000000000 0.00000000000 0.00000000000 0.00000000000 0.00000000000 0.00000000000 0.00000000000 0.00000000000 0.00000000000 0.00000000000 0.00000000000 0.00000000000 0.00000000000 0.00000000000 0.00000000000 0.00000000000 0.00000000000 0.00000000000 0.00000000000 0.00000000000 0.00000000000 0.00000000000 0.00000000000 0.00000000000 0.00000000000 0.00000000000 0.00000000000 0.00000000000 0.00000000000 0.00000000000 0.00000000000 0.00000000000 0.00000000000 0.00000000000 0.00000000000 0.00000000000 0.00000000000 0.00000000000 0.00000000000 0.00000000000 0.00000000000 0.00000000000 0.00000000000 0.00000000000 0.00000000000 0.00000000000 0.00000000000 0.00000000000
# SelPars50:
2.22612903104
# SelPars95:
4.03745315999
# SelPars_dev50:
 0.00000000000 0.00000000000 0.00000000000 0.00000000000 0.00000000000 0.00000000000 0.00000000000 0.00000000000 0.00000000000 0.00000000000 0.00000000000 0.00000000000 0.00000000000 0.00000000000 0.00000000000 0.00000000000 0.00000000000 0.00000000000 0.00000000000 0.00000000000 0.00000000000 0.00000000000 0.00000000000 0.00000000000 0.00000000000 0.00000000000 0.00000000000 0.00000000000 0.00000000000 0.00000000000 0.00000000000 0.00000000000 0.00000000000 0.00000000000 0.00000000000 0.00000000000 0.00000000000 0.00000000000 0.00000000000 0.00000000000 0.00000000000 0.00000000000 0.00000000000 0.00000000000 0.00000000000 0.00000000000 0.00000000000 0.00000000000 0.00000000000 0.00000000000 0.00000000000 0.00000000000 0.00000000000 0.00000000000 0.00000000000 0.00000000000 0.00000000000 0.00000000000 0.00000000000
# SelPars_dev95:
 0.00000000000 0.00000000000 0.00000000000 0.00000000000 0.00000000000 0.00000000000 0.00000000000 0.00000000000 0.00000000000 0.00000000000 0.00000000000 0.00000000000 0.00000000000 0.00000000000 0.00000000000 0.00000000000 0.00000000000 0.00000000000 0.00000000000 0.00000000000 0.00000000000 0.00000000000 0.00000000000 0.00000000000 0.00000000000 0.00000000000 0.00000000000 0.00000000000 0.00000000000 0.00000000000 0.00000000000 0.00000000000 0.00000000000 0.00000000000 0.00000000000 0.00000000000 0.00000000000 0.00000000000 0.00000000000 0.00000000000 0.00000000000 0.00000000000 0.00000000000 0.00000000000 0.00000000000 0.00000000000 0.00000000000 0.00000000000 0.00000000000 0.00000000000 0.00000000000 0.00000000000 0.00000000000 0.00000000000 0.00000000000 0.00000000000 0.00000000000 0.00000000000 0.00000000000
