# Number of parameters = 221 Objective function value = 75379.8  Maximum gradient component = 0.000754747
# srv_sel50:
1.48502942068
# srv_sel95:
2.46521726107
# stNatLen:
 11.1828389221 11.0441336476 10.8420684335 10.6298165126 10.4104083717 10.1762958193 9.92812980338 9.67455382645 9.42572699602 9.18931766210 8.96977335303 8.76903384766 8.58747058348 8.42458386791 8.27948857145 8.15114844614 8.03855191448 7.94071788197 7.85679923438 7.78612170288 7.72807663383 7.68220405332 7.64815653855 7.62568443610 7.61457972953
# log_avg_fmort_dir:
-1.52971876801
# fmort_dir_dev:
 -0.0602504803162 -0.381130071227 -0.218041613398 -0.165665479960 -0.149498715917 -0.0857188296115 0.0592473244184 0.0772463200895 0.208330329344 0.336119768611 0.502136726088 0.468693678671 0.367307598427 0.257824125054 0.293056815261 0.0691887316797 0.102296383433 0.191560833129 0.283284648693 0.249353683073 0.201606291770 0.188558089372 0.123653020332 0.107088530660 0.147033325239 0.0736777246883 0.125071727389 0.0137226367118 -0.0404723935077 -0.0269339064339 -0.0172119898619 -0.138504272565 -0.0985904162929 0.0139618031223 0.0614426841023 -0.0590280575998 0.0242901223668 -0.109927039190 -0.0297789736606 -0.106540887032 -0.0876299417815 0.0307047749707 -0.0645398444310 0.00101174246121 -0.00247053502611 -0.0107544027352 -1.07730633225 -0.235565283128 0.157049466456 0.385912200887 -0.0984364372186 -0.764805924226 -0.364448499999 0.102733976504 -0.0469800655837 0.104896136560 -0.315539664523 -0.164018482000 -0.144026804397 0.145261215589 0.117980203326 0.105205913943 -0.632693208556
# mean_log_rec:
11.1232971446
# rec_dev:
 0.0552388577110 0.0485674702571 0.0919778050988 0.154065051669 0.212396844921 0.244214790079 0.250180609242 0.194873484649 0.0804200067474 0.0136772506446 -0.0243953145169 -0.0267940153381 -0.0204420218703 -0.000505431462626 0.0335668958800 0.0337316336143 -0.0590913130621 -0.168243643503 -0.219857516736 -0.230134058864 -0.254746604387 -0.253323771136 -0.247875761511 -0.248995949638 -0.263791200397 -0.273268876983 -0.251544272457 -0.210845229675 -0.200397824987 -0.165731299788 -0.0202152676313 0.0744443878863 0.0321944779737 -0.0801424147113 -0.103046278146 -0.0582700126565 -0.0273320081333 -0.0178379979599 0.0288695889076 0.0561647562439 0.0120225430834 -0.0323394968731 -0.0545413511945 -0.0822254530744 -0.0367264449670 0.0569349637137 0.188763753388 0.269914615163 0.192465317302 0.0683988482567 0.00716000680232 0.0384615060413 0.0763843995457 0.0794187190325 0.0375848348510 0.0178657197642 0.0471995167148 0.113812546534 0.172929159980 0.188384595289 0.164370783100 0.148002560796 0.148002530777
# log_avg_NatM:
-1.57139628510
# m_dev:
 -0.0698483840376 -0.348436369986 -0.585725498202 -0.660120230040 -0.601821930767 -0.445248936779 -0.332350911161 0.0735556058808 0.208420290629 -0.220757591689 -0.307861580073 -0.408435881733 -0.303507320518 -0.401027217631 -0.268810694867 -0.0658360657654 0.317041867947 0.282313860524 -0.00489753332793 -0.118814541711 0.00744141744391 -0.157798897781 -0.163390303241 -0.0778546355663 0.0194140666401 -0.0424228794651 -0.237141799286 -0.214676313415 -0.0831575136275 -0.151311197426 -0.122548957539 0.162229635973 0.324571126886 0.565442341613 0.116233947102 -0.0115766126448 0.0951776215547 0.178789415018 -0.0600907801569 0.0944675971575 0.380562678634 0.292680544621 0.257468096874 0.338251485766 -0.0226083988513 -0.426209699731 -0.307224880330 0.121078817932 0.547635469619 0.501788116596 0.232212805795 0.104221476430 0.242138199780 0.208771786952 0.355964407324 0.189888527159 0.0582191146999 -0.102454604154 0.0972493363170 0.219941970268 0.340061984488 0.146959806281 0.243774741597
# log_avg_GrowthK:
-1.60943800000
# log_avg_Linf:
4.88280200000
# GrowthK_dev:
 0.00000000000 0.00000000000 0.00000000000 0.00000000000 0.00000000000 0.00000000000 0.00000000000 0.00000000000 0.00000000000 0.00000000000 0.00000000000 0.00000000000 0.00000000000 0.00000000000 0.00000000000 0.00000000000 0.00000000000 0.00000000000 0.00000000000 0.00000000000 0.00000000000 0.00000000000 0.00000000000 0.00000000000 0.00000000000 0.00000000000 0.00000000000 0.00000000000 0.00000000000 0.00000000000 0.00000000000 0.00000000000 0.00000000000 0.00000000000 0.00000000000 0.00000000000 0.00000000000 0.00000000000 0.00000000000 0.00000000000 0.00000000000 0.00000000000 0.00000000000 0.00000000000 0.00000000000 0.00000000000 0.00000000000 0.00000000000 0.00000000000 0.00000000000 0.00000000000 0.00000000000 0.00000000000 0.00000000000 0.00000000000 0.00000000000 0.00000000000 0.00000000000 0.00000000000 0.00000000000 0.00000000000 0.00000000000 0.00000000000
# Linf_dev:
 0.00000000000 0.00000000000 0.00000000000 0.00000000000 0.00000000000 0.00000000000 0.00000000000 0.00000000000 0.00000000000 0.00000000000 0.00000000000 0.00000000000 0.00000000000 0.00000000000 0.00000000000 0.00000000000 0.00000000000 0.00000000000 0.00000000000 0.00000000000 0.00000000000 0.00000000000 0.00000000000 0.00000000000 0.00000000000 0.00000000000 0.00000000000 0.00000000000 0.00000000000 0.00000000000 0.00000000000 0.00000000000 0.00000000000 0.00000000000 0.00000000000 0.00000000000 0.00000000000 0.00000000000 0.00000000000 0.00000000000 0.00000000000 0.00000000000 0.00000000000 0.00000000000 0.00000000000 0.00000000000 0.00000000000 0.00000000000 0.00000000000 0.00000000000 0.00000000000 0.00000000000 0.00000000000 0.00000000000 0.00000000000 0.00000000000 0.00000000000 0.00000000000 0.00000000000 0.00000000000 0.00000000000 0.00000000000 0.00000000000
# SelPars50:
2.00418043612
# SelPars95:
3.53633603863
# SelPars_dev50:
 0.00000000000 0.00000000000 0.00000000000 0.00000000000 0.00000000000 0.00000000000 0.00000000000 0.00000000000 0.00000000000 0.00000000000 0.00000000000 0.00000000000 0.00000000000 0.00000000000 0.00000000000 0.00000000000 0.00000000000 0.00000000000 0.00000000000 0.00000000000 0.00000000000 0.00000000000 0.00000000000 0.00000000000 0.00000000000 0.00000000000 0.00000000000 0.00000000000 0.00000000000 0.00000000000 0.00000000000 0.00000000000 0.00000000000 0.00000000000 0.00000000000 0.00000000000 0.00000000000 0.00000000000 0.00000000000 0.00000000000 0.00000000000 0.00000000000 0.00000000000 0.00000000000 0.00000000000 0.00000000000 0.00000000000 0.00000000000 0.00000000000 0.00000000000 0.00000000000 0.00000000000 0.00000000000 0.00000000000 0.00000000000 0.00000000000 0.00000000000 0.00000000000 0.00000000000 0.00000000000 0.00000000000 0.00000000000 0.00000000000
# SelPars_dev95:
 0.00000000000 0.00000000000 0.00000000000 0.00000000000 0.00000000000 0.00000000000 0.00000000000 0.00000000000 0.00000000000 0.00000000000 0.00000000000 0.00000000000 0.00000000000 0.00000000000 0.00000000000 0.00000000000 0.00000000000 0.00000000000 0.00000000000 0.00000000000 0.00000000000 0.00000000000 0.00000000000 0.00000000000 0.00000000000 0.00000000000 0.00000000000 0.00000000000 0.00000000000 0.00000000000 0.00000000000 0.00000000000 0.00000000000 0.00000000000 0.00000000000 0.00000000000 0.00000000000 0.00000000000 0.00000000000 0.00000000000 0.00000000000 0.00000000000 0.00000000000 0.00000000000 0.00000000000 0.00000000000 0.00000000000 0.00000000000 0.00000000000 0.00000000000 0.00000000000 0.00000000000 0.00000000000 0.00000000000 0.00000000000 0.00000000000 0.00000000000 0.00000000000 0.00000000000 0.00000000000 0.00000000000 0.00000000000 0.00000000000
