# Number of parameters = 233 Objective function value = 80318.8178676535  Maximum gradient component = 0.000416745805259667
# srv_sel50:
1.46834302787
# srv_sel95:
2.42210372208
# stNatLen:
 11.3259787182 11.2015729569 11.0029111055 10.8102718674 10.6247351285 10.4260668981 10.2052468144 9.96747929399 9.72399345650 9.48526523210 9.25855101581 9.04796843311 8.85537825526 8.68126352445 8.52531958669 8.38685729964 8.26500852479 8.15890533240 8.06773728590 7.99078348008 7.92751144184 7.87743811710 7.84008989486 7.81520399615 7.80273046481
# log_avg_fmort_dir:
-1.61791099445
# fmort_dir_dev:
 -1.90389403290 -1.83839566068 -1.47887339131 -1.11253294405 -0.861557029482 -0.620675083167 -0.560786414787 -0.270662164516 -0.0115856857320 0.181994187548 0.279657136838 0.394326823707 0.451210039413 0.547916151890 0.579968825580 0.628759316685 0.542454315527 0.596747177313 0.558362782516 0.475625808849 0.373044007056 0.429377036443 0.372442586745 0.298837475047 0.319152073773 0.310548096127 0.299859143463 0.236176371937 0.196493935292 0.171597203222 0.253085188796 0.177576824675 0.266372862330 0.147826938289 0.0594855628652 0.142972101375 0.180118725227 0.111555170258 0.0838833778170 0.0619954425140 0.0497436970427 -0.0365458181958 -0.0300703714735 -0.185961174316 -0.197770390393 -0.180667181659 -0.0382382829076 0.0127588737932 0.169291330352 0.128403525147 -0.0252520345107 -0.0923339670303 0.187902530764 0.441903479811 0.252978059908 -0.798231632809 0.0295583472596 0.468410068029 0.294416093585 -0.697481754527 -0.937750630828 0.0657645260021 0.0429575713619 0.122334024556 -0.0185540460757 0.0112774278008 -0.109302553169
# mean_log_rec:
11.1147243818
# rec_dev:
 0.417152238445 0.454105799378 0.490074855174 0.467897072384 0.455604849642 0.456104702041 0.380293028889 0.236873671903 0.0954406255548 0.000430809636070 -0.0428410152156 -0.0523553733913 -0.0557452332148 -0.0813306988470 -0.117956571601 -0.154350331930 -0.205301998159 -0.242556975674 -0.258954158443 -0.242850720733 -0.222716853988 -0.198142466484 -0.204861108968 -0.230756476422 -0.244267072253 -0.264921919507 -0.265110755474 -0.258815747000 -0.259114168335 -0.259290552628 -0.272346640208 -0.303925302015 -0.320930925735 -0.287954535716 -0.166817898149 -0.0881535396024 -0.0666295595953 -0.0289495802317 0.0168740994304 0.0143805161725 0.0596028336455 0.138972730146 0.206310068217 0.259802264662 0.250232541226 0.179617656451 0.0417797184141 -0.102460592587 -0.105135396483 -0.0352926660577 0.0442395335095 0.0850200972472 0.0772573853432 0.0543687734872 0.0625572500500 0.101689673147 0.105607192251 0.0455917648071 -0.0111171552525 -0.0159605510698 0.0224588510512 0.0609602664628 0.0532642678524 0.0508200078805 0.0781379262596 0.102195745056 0.102195725154
# log_avg_NatM:
-1.61143515875
# m_dev:
 -0.748458624628 -0.522540689339 -0.111438267333 0.216440724967 -0.000448304924975 -0.0650893818528 0.310835329569 0.425390609637 0.364033442533 0.158151095083 -0.274924079375 -0.508948718765 -0.588540826253 -0.479096788490 -0.421210091993 -0.369139959959 -0.274980363401 -0.296412338230 -0.263270652261 -0.426361641805 -0.511377389329 -0.431525763851 -0.0509406352663 -0.0694326674868 -0.0669763322802 -0.0174319776588 -0.145858860984 -0.0732089248448 -0.127369385451 -0.118593293855 -0.0239122713262 0.0339881714362 -0.0835647382327 -0.153109601435 -0.00779875281852 0.205416256304 0.0348289315543 -0.0975035427347 -0.0373947934608 0.340806357388 0.0353949898136 -0.0411784117054 0.0393326614752 0.104819122321 0.420011509961 0.466349788738 0.719926018723 0.668067484991 0.0381842332125 -0.0724697351560 -0.161857243516 -0.0108849756562 0.315010193696 0.300437141905 -0.0366075522589 0.0865559878294 0.314952093809 0.508489864169 0.313773545838 0.122747347298 0.296112150553 0.197653610346 0.284779212828 0.127609804215 0.130688753547 0.0478550600810 0.0612160840959
# log_avg_GrowthK:
-1.60943800000
# log_avg_Linf:
4.88280200000
# GrowthK_dev:
 0.00000000000 0.00000000000 0.00000000000 0.00000000000 0.00000000000 0.00000000000 0.00000000000 0.00000000000 0.00000000000 0.00000000000 0.00000000000 0.00000000000 0.00000000000 0.00000000000 0.00000000000 0.00000000000 0.00000000000 0.00000000000 0.00000000000 0.00000000000 0.00000000000 0.00000000000 0.00000000000 0.00000000000 0.00000000000 0.00000000000 0.00000000000 0.00000000000 0.00000000000 0.00000000000 0.00000000000 0.00000000000 0.00000000000 0.00000000000 0.00000000000 0.00000000000 0.00000000000 0.00000000000 0.00000000000 0.00000000000 0.00000000000 0.00000000000 0.00000000000 0.00000000000 0.00000000000 0.00000000000 0.00000000000 0.00000000000 0.00000000000 0.00000000000 0.00000000000 0.00000000000 0.00000000000 0.00000000000 0.00000000000 0.00000000000 0.00000000000 0.00000000000 0.00000000000 0.00000000000 0.00000000000 0.00000000000 0.00000000000 0.00000000000 0.00000000000 0.00000000000 0.00000000000
# Linf_dev:
 0.00000000000 0.00000000000 0.00000000000 0.00000000000 0.00000000000 0.00000000000 0.00000000000 0.00000000000 0.00000000000 0.00000000000 0.00000000000 0.00000000000 0.00000000000 0.00000000000 0.00000000000 0.00000000000 0.00000000000 0.00000000000 0.00000000000 0.00000000000 0.00000000000 0.00000000000 0.00000000000 0.00000000000 0.00000000000 0.00000000000 0.00000000000 0.00000000000 0.00000000000 0.00000000000 0.00000000000 0.00000000000 0.00000000000 0.00000000000 0.00000000000 0.00000000000 0.00000000000 0.00000000000 0.00000000000 0.00000000000 0.00000000000 0.00000000000 0.00000000000 0.00000000000 0.00000000000 0.00000000000 0.00000000000 0.00000000000 0.00000000000 0.00000000000 0.00000000000 0.00000000000 0.00000000000 0.00000000000 0.00000000000 0.00000000000 0.00000000000 0.00000000000 0.00000000000 0.00000000000 0.00000000000 0.00000000000 0.00000000000 0.00000000000 0.00000000000 0.00000000000 0.00000000000
# SelPars50:
2.01683276474
# SelPars95:
3.58767089928
# SelPars_dev50:
 0.00000000000 0.00000000000 0.00000000000 0.00000000000 0.00000000000 0.00000000000 0.00000000000 0.00000000000 0.00000000000 0.00000000000 0.00000000000 0.00000000000 0.00000000000 0.00000000000 0.00000000000 0.00000000000 0.00000000000 0.00000000000 0.00000000000 0.00000000000 0.00000000000 0.00000000000 0.00000000000 0.00000000000 0.00000000000 0.00000000000 0.00000000000 0.00000000000 0.00000000000 0.00000000000 0.00000000000 0.00000000000 0.00000000000 0.00000000000 0.00000000000 0.00000000000 0.00000000000 0.00000000000 0.00000000000 0.00000000000 0.00000000000 0.00000000000 0.00000000000 0.00000000000 0.00000000000 0.00000000000 0.00000000000 0.00000000000 0.00000000000 0.00000000000 0.00000000000 0.00000000000 0.00000000000 0.00000000000 0.00000000000 0.00000000000 0.00000000000 0.00000000000 0.00000000000 0.00000000000 0.00000000000 0.00000000000 0.00000000000 0.00000000000 0.00000000000 0.00000000000 0.00000000000
# SelPars_dev95:
 0.00000000000 0.00000000000 0.00000000000 0.00000000000 0.00000000000 0.00000000000 0.00000000000 0.00000000000 0.00000000000 0.00000000000 0.00000000000 0.00000000000 0.00000000000 0.00000000000 0.00000000000 0.00000000000 0.00000000000 0.00000000000 0.00000000000 0.00000000000 0.00000000000 0.00000000000 0.00000000000 0.00000000000 0.00000000000 0.00000000000 0.00000000000 0.00000000000 0.00000000000 0.00000000000 0.00000000000 0.00000000000 0.00000000000 0.00000000000 0.00000000000 0.00000000000 0.00000000000 0.00000000000 0.00000000000 0.00000000000 0.00000000000 0.00000000000 0.00000000000 0.00000000000 0.00000000000 0.00000000000 0.00000000000 0.00000000000 0.00000000000 0.00000000000 0.00000000000 0.00000000000 0.00000000000 0.00000000000 0.00000000000 0.00000000000 0.00000000000 0.00000000000 0.00000000000 0.00000000000 0.00000000000 0.00000000000 0.00000000000 0.00000000000 0.00000000000 0.00000000000 0.00000000000
