# Number of parameters = 236 Objective function value = 81527.4543617243  Maximum gradient component = 0.000842494921690616
# srv_sel50:
1.47090449351
# srv_sel95:
2.42422696506
# stNatLen:
 11.3467524019 11.2083431213 11.0110017615 10.8219255176 10.6362992535 10.4342758322 10.2095658030 9.96965245448 9.72656965824 9.49053319181 9.26811860229 9.06276830060 8.87580729627 8.70733313767 8.55679265053 8.42335266520 8.30611997748 8.20417620005 8.11673264473 8.04308724954 7.98260110981 7.93478055131 7.89915874961 7.87561287218 7.86384886503
# log_avg_fmort_dir:
-1.60743190789
# fmort_dir_dev:
 -1.82759823830 -1.79173042736 -1.20998502315 -0.907174789718 -0.585418510501 -0.371574834491 -0.204078373706 -0.0132613955411 0.0141667929415 0.128183985014 0.222664119545 0.330290683768 0.345341022467 0.442973509140 0.508153789306 0.597298325188 0.495426249317 0.477722123869 0.558439803726 0.456911396342 0.468502361213 0.411657618021 0.275604580991 0.312701376776 0.221562601235 0.252972317180 0.187708287857 0.286288943778 0.161584286036 0.101520180115 0.0735960284908 0.0751330266802 0.0518625867165 -0.0310783509068 0.0170351948381 0.0814973129772 0.165784421470 -0.0176964789333 -0.0813615272476 0.0234755933202 0.0294458927514 -0.0104865467753 -0.0229630489283 0.0816078247843 0.0179874305952 -0.0286073130881 -0.00801423526566 -0.0235540260879 -0.0884151709333 -0.0911392785592 0.318041268645 -0.362164569428 -0.392007634825 0.215428101584 -0.392741178156 0.0342038646640 -0.000948264436000 0.496619097972 0.176690238859 -0.655018078099 -0.406006715367 0.347208208024 0.0523080474139 0.120155458676 -0.569484799768 0.0543075091658 0.162762672284 0.239684675840
# mean_log_rec:
11.1270897072
# rec_dev:
 0.306857677254 0.268468349618 0.247319411874 0.182800496621 0.123612460185 0.0983555368844 0.102806237712 0.131655145814 0.144341902572 0.147616394827 0.131993517437 0.0886305828227 0.0384588334924 -0.0235826038311 -0.0840046339272 -0.131477389773 -0.170198838362 -0.212687908055 -0.234520154697 -0.242998693412 -0.238315864899 -0.219537759711 -0.210234648313 -0.207751933544 -0.210185267540 -0.214411311157 -0.229541921442 -0.222756364849 -0.201599552226 -0.166951805628 -0.132617675052 -0.141500788333 -0.183997508425 -0.211242422678 -0.136616173013 -0.0421243518310 0.0245175930757 0.0887708403632 0.0825332401599 0.0313682761455 -0.0242273080101 -0.0263369465972 -0.0162551721549 -0.0180650054275 0.0312860250694 0.0906883934837 0.134401091759 0.139067942671 0.115728108949 0.0371004465880 -0.0176026645261 -0.0229654811980 0.00716952909977 0.0792275041063 0.151004753755 0.186782428005 0.104052188763 0.000844446488971 -0.0338031915603 0.00859102492202 0.0741307030037 0.116581950274 0.116496210274 0.125181752621 0.141523170204 0.138069157666 0.0950389768282 0.0950390387834
# log_avg_NatM:
-1.56731011093
# m_dev:
 -0.163174543742 0.0633427265831 -0.116381401017 0.270015584965 0.0514877946846 -0.117921059506 -0.396617628915 -0.510718322804 -0.425486428238 -0.469525510234 -0.288910260179 -0.152219713702 -0.135763480690 -0.135463684970 -0.225121815354 -0.213529960822 -0.271788980661 -0.305826955398 -0.399080760969 -0.368758485448 -0.389851546401 -0.309648667029 -0.206878393798 -0.200659867240 -0.0653882573359 -0.0980679729100 -0.0688465955306 -0.101293054331 -0.130904005513 -0.219961023850 -0.223468861234 0.0445824015268 0.141120419664 0.195029267257 0.226429376789 0.0538665359900 -0.120644629603 -0.149186122617 0.216997711290 0.378439048065 0.440947413173 0.149786902444 0.164074396325 0.213228022332 -0.0643372109568 -0.0271139289543 0.0158665194665 0.239160139111 0.277766834065 0.572431955865 0.311967095970 0.136616599283 0.159226830417 -0.130191787186 -0.0735572438867 -0.00596580574183 0.557093173079 0.490279861182 0.127890527911 -0.113284062388 0.0897772813365 0.0897112780276 0.257744727280 0.0281274650526 0.150091975252 0.284941326894 0.505187590715 0.492309247160
# log_avg_GrowthK:
-1.60943800000
# log_avg_Linf:
4.88280200000
# GrowthK_dev:
 0.00000000000 0.00000000000 0.00000000000 0.00000000000 0.00000000000 0.00000000000 0.00000000000 0.00000000000 0.00000000000 0.00000000000 0.00000000000 0.00000000000 0.00000000000 0.00000000000 0.00000000000 0.00000000000 0.00000000000 0.00000000000 0.00000000000 0.00000000000 0.00000000000 0.00000000000 0.00000000000 0.00000000000 0.00000000000 0.00000000000 0.00000000000 0.00000000000 0.00000000000 0.00000000000 0.00000000000 0.00000000000 0.00000000000 0.00000000000 0.00000000000 0.00000000000 0.00000000000 0.00000000000 0.00000000000 0.00000000000 0.00000000000 0.00000000000 0.00000000000 0.00000000000 0.00000000000 0.00000000000 0.00000000000 0.00000000000 0.00000000000 0.00000000000 0.00000000000 0.00000000000 0.00000000000 0.00000000000 0.00000000000 0.00000000000 0.00000000000 0.00000000000 0.00000000000 0.00000000000 0.00000000000 0.00000000000 0.00000000000 0.00000000000 0.00000000000 0.00000000000 0.00000000000 0.00000000000
# Linf_dev:
 0.00000000000 0.00000000000 0.00000000000 0.00000000000 0.00000000000 0.00000000000 0.00000000000 0.00000000000 0.00000000000 0.00000000000 0.00000000000 0.00000000000 0.00000000000 0.00000000000 0.00000000000 0.00000000000 0.00000000000 0.00000000000 0.00000000000 0.00000000000 0.00000000000 0.00000000000 0.00000000000 0.00000000000 0.00000000000 0.00000000000 0.00000000000 0.00000000000 0.00000000000 0.00000000000 0.00000000000 0.00000000000 0.00000000000 0.00000000000 0.00000000000 0.00000000000 0.00000000000 0.00000000000 0.00000000000 0.00000000000 0.00000000000 0.00000000000 0.00000000000 0.00000000000 0.00000000000 0.00000000000 0.00000000000 0.00000000000 0.00000000000 0.00000000000 0.00000000000 0.00000000000 0.00000000000 0.00000000000 0.00000000000 0.00000000000 0.00000000000 0.00000000000 0.00000000000 0.00000000000 0.00000000000 0.00000000000 0.00000000000 0.00000000000 0.00000000000 0.00000000000 0.00000000000 0.00000000000
# SelPars50:
2.01366033180
# SelPars95:
3.57346984408
# SelPars_dev50:
 0.00000000000 0.00000000000 0.00000000000 0.00000000000 0.00000000000 0.00000000000 0.00000000000 0.00000000000 0.00000000000 0.00000000000 0.00000000000 0.00000000000 0.00000000000 0.00000000000 0.00000000000 0.00000000000 0.00000000000 0.00000000000 0.00000000000 0.00000000000 0.00000000000 0.00000000000 0.00000000000 0.00000000000 0.00000000000 0.00000000000 0.00000000000 0.00000000000 0.00000000000 0.00000000000 0.00000000000 0.00000000000 0.00000000000 0.00000000000 0.00000000000 0.00000000000 0.00000000000 0.00000000000 0.00000000000 0.00000000000 0.00000000000 0.00000000000 0.00000000000 0.00000000000 0.00000000000 0.00000000000 0.00000000000 0.00000000000 0.00000000000 0.00000000000 0.00000000000 0.00000000000 0.00000000000 0.00000000000 0.00000000000 0.00000000000 0.00000000000 0.00000000000 0.00000000000 0.00000000000 0.00000000000 0.00000000000 0.00000000000 0.00000000000 0.00000000000 0.00000000000 0.00000000000 0.00000000000
# SelPars_dev95:
 0.00000000000 0.00000000000 0.00000000000 0.00000000000 0.00000000000 0.00000000000 0.00000000000 0.00000000000 0.00000000000 0.00000000000 0.00000000000 0.00000000000 0.00000000000 0.00000000000 0.00000000000 0.00000000000 0.00000000000 0.00000000000 0.00000000000 0.00000000000 0.00000000000 0.00000000000 0.00000000000 0.00000000000 0.00000000000 0.00000000000 0.00000000000 0.00000000000 0.00000000000 0.00000000000 0.00000000000 0.00000000000 0.00000000000 0.00000000000 0.00000000000 0.00000000000 0.00000000000 0.00000000000 0.00000000000 0.00000000000 0.00000000000 0.00000000000 0.00000000000 0.00000000000 0.00000000000 0.00000000000 0.00000000000 0.00000000000 0.00000000000 0.00000000000 0.00000000000 0.00000000000 0.00000000000 0.00000000000 0.00000000000 0.00000000000 0.00000000000 0.00000000000 0.00000000000 0.00000000000 0.00000000000 0.00000000000 0.00000000000 0.00000000000 0.00000000000 0.00000000000 0.00000000000 0.00000000000
