# Number of parameters = 135 Objective function value = 62237.7  Maximum gradient component = 0.00119799
# srv_sel50:
1.65769976430
# srv_sel95:
2.93939617190
# stNatLen:
 11.8636130964 11.6845988825 11.4205369242 11.1955897744 11.0122965823 10.8339475412 10.6322097835 10.3997555239 10.1450309723 9.88198027877 9.62306208426 9.37685813196 9.14831318319 8.93974690352 8.75184186143 8.58438002992 8.43669704443 8.30795193466 8.19725454588 8.10380311342 8.02687544510 7.96594096736 7.92060825184 7.89062676654 7.87569711203
# log_avg_fmort_dir:
-1.62638709453
# fmort_dir_dev:
 -1.96647690584 -1.93336579317 -1.40280949305 -1.06851342643 -0.872107483717 -0.574550881908 -0.563691248562 -0.280760917877 -0.208685038052 -0.0745460070627 0.144380686743 0.198845669106 0.281178264268 0.417369891578 0.402692361047 0.475610504095 0.402039742084 0.420966631455 0.397758158875 0.363782103005 0.407820792844 0.328940951093 0.334987641726 0.280081353046 0.186753360942 0.249293764840 0.208704733476 0.111303274333 0.170352334505 0.102020914381 0.151072693043 0.207437017881 0.0220199643274 0.129486770463 0.120386055857 0.143565572388 0.0567239571076 0.130401409120 0.238033822867 0.158867195810 0.120208702488 0.0701820576119 0.155355678072 0.127759918128 0.194126920666 0.101753496893 0.106281367722 0.158236675346 0.128690059527 0.143886913146 0.0923404101858 0.303807403576
# mean_log_rec:
11.3549779900
# rec_dev:
 0.552238252566 0.517422188881 0.500421841462 0.489947069711 0.484394691744 0.476885191155 0.467231589606 0.451940405051 0.428828272323 0.399819561299 0.364427908769 0.320125317739 0.269930178805 0.215988548374 0.156250334174 0.104369857148 0.0580777924735 0.0157892607077 -0.0149457416734 -0.0398900033425 -0.0666895452188 -0.110111338504 -0.137032983223 -0.153715368303 -0.153178850971 -0.135913807291 -0.141122907254 -0.164147882954 -0.186630776780 -0.214745258421 -0.243778810945 -0.262529634110 -0.315677158724 -0.356314929178 -0.263844549571 -0.196536280085 -0.206931126104 -0.215355826538 -0.225944767325 -0.225890607600 -0.217070469624 -0.219505602232 -0.234313608307 -0.235130711558 -0.217910351769 -0.203381594849 -0.196248875553 -0.185280156281 -0.159506470023 -0.116578774995 -0.129116713333 -0.129116779348
# log_avg_NatM:
-1.43576900000
# m_dev:
 0.00000000000 0.00000000000 0.00000000000 0.00000000000 0.00000000000 0.00000000000 0.00000000000 0.00000000000 0.00000000000 0.00000000000 0.00000000000 0.00000000000 0.00000000000 0.00000000000 0.00000000000 0.00000000000 0.00000000000 0.00000000000 0.00000000000 0.00000000000 0.00000000000 0.00000000000 0.00000000000 0.00000000000 0.00000000000 0.00000000000 0.00000000000 0.00000000000 0.00000000000 0.00000000000 0.00000000000 0.00000000000 0.00000000000 0.00000000000 0.00000000000 0.00000000000 0.00000000000 0.00000000000 0.00000000000 0.00000000000 0.00000000000 0.00000000000 0.00000000000 0.00000000000 0.00000000000 0.00000000000 0.00000000000 0.00000000000 0.00000000000 0.00000000000 0.00000000000 0.00000000000
# log_avg_GrowthK:
-1.63481600000
# log_avg_Linf:
4.82133200000
# GrowthK_dev:
 0.00000000000 0.00000000000 0.00000000000 0.00000000000 0.00000000000 0.00000000000 0.00000000000 0.00000000000 0.00000000000 0.00000000000 0.00000000000 0.00000000000 0.00000000000 0.00000000000 0.00000000000 0.00000000000 0.00000000000 0.00000000000 0.00000000000 0.00000000000 0.00000000000 0.00000000000 0.00000000000 0.00000000000 0.00000000000 0.00000000000 0.00000000000 0.00000000000 0.00000000000 0.00000000000 0.00000000000 0.00000000000 0.00000000000 0.00000000000 0.00000000000 0.00000000000 0.00000000000 0.00000000000 0.00000000000 0.00000000000 0.00000000000 0.00000000000 0.00000000000 0.00000000000 0.00000000000 0.00000000000 0.00000000000 0.00000000000 0.00000000000 0.00000000000 0.00000000000 0.00000000000
# Linf_dev:
 0.00000000000 0.00000000000 0.00000000000 0.00000000000 0.00000000000 0.00000000000 0.00000000000 0.00000000000 0.00000000000 0.00000000000 0.00000000000 0.00000000000 0.00000000000 0.00000000000 0.00000000000 0.00000000000 0.00000000000 0.00000000000 0.00000000000 0.00000000000 0.00000000000 0.00000000000 0.00000000000 0.00000000000 0.00000000000 0.00000000000 0.00000000000 0.00000000000 0.00000000000 0.00000000000 0.00000000000 0.00000000000 0.00000000000 0.00000000000 0.00000000000 0.00000000000 0.00000000000 0.00000000000 0.00000000000 0.00000000000 0.00000000000 0.00000000000 0.00000000000 0.00000000000 0.00000000000 0.00000000000 0.00000000000 0.00000000000 0.00000000000 0.00000000000 0.00000000000 0.00000000000
# SelPars50:
2.32368669286
# SelPars95:
4.30477134041
# SelPars_dev50:
 0.00000000000 0.00000000000 0.00000000000 0.00000000000 0.00000000000 0.00000000000 0.00000000000 0.00000000000 0.00000000000 0.00000000000 0.00000000000 0.00000000000 0.00000000000 0.00000000000 0.00000000000 0.00000000000 0.00000000000 0.00000000000 0.00000000000 0.00000000000 0.00000000000 0.00000000000 0.00000000000 0.00000000000 0.00000000000 0.00000000000 0.00000000000 0.00000000000 0.00000000000 0.00000000000 0.00000000000 0.00000000000 0.00000000000 0.00000000000 0.00000000000 0.00000000000 0.00000000000 0.00000000000 0.00000000000 0.00000000000 0.00000000000 0.00000000000 0.00000000000 0.00000000000 0.00000000000 0.00000000000 0.00000000000 0.00000000000 0.00000000000 0.00000000000 0.00000000000 0.00000000000
# SelPars_dev95:
 0.00000000000 0.00000000000 0.00000000000 0.00000000000 0.00000000000 0.00000000000 0.00000000000 0.00000000000 0.00000000000 0.00000000000 0.00000000000 0.00000000000 0.00000000000 0.00000000000 0.00000000000 0.00000000000 0.00000000000 0.00000000000 0.00000000000 0.00000000000 0.00000000000 0.00000000000 0.00000000000 0.00000000000 0.00000000000 0.00000000000 0.00000000000 0.00000000000 0.00000000000 0.00000000000 0.00000000000 0.00000000000 0.00000000000 0.00000000000 0.00000000000 0.00000000000 0.00000000000 0.00000000000 0.00000000000 0.00000000000 0.00000000000 0.00000000000 0.00000000000 0.00000000000 0.00000000000 0.00000000000 0.00000000000 0.00000000000 0.00000000000 0.00000000000 0.00000000000 0.00000000000
