# Number of parameters = 153 Objective function value = 73154.9  Maximum gradient component = 0.000829458
# srv_sel50:
1.66374888746
# srv_sel95:
2.95827296692
# stNatLen:
 11.8482628796 11.6659092149 11.4095035948 11.1907043266 11.0049267256 10.8177925167 10.6078094024 10.3732045619 10.1239124622 9.87234832662 9.62850900132 9.39885074230 9.18685911690 8.99399096385 8.82047971192 8.66592268368 8.52965746917 8.41090132255 8.30888843529 8.22295505559 8.15248859217 8.09693969132 8.05584042819 8.02878652259 8.01536711245
# log_avg_fmort_dir:
-1.61128068917
# fmort_dir_dev:
 -2.00558020112 -2.02196209348 -1.47744971467 -1.08129626155 -0.848124584637 -0.654590833914 -0.440632765141 -0.268836505584 -0.196323759428 -0.0844854273341 0.0960450103888 0.187035198929 0.287130334729 0.317046759926 0.419212530962 0.502964985791 0.336296722679 0.352193567986 0.305815830295 0.424440629688 0.362348276646 0.202158254312 0.223138648161 0.258382141076 0.260362829561 0.202223215677 0.150044397754 0.166374551712 0.260456343583 0.204190628199 0.144065376089 0.0990736467147 0.136001603363 0.177683404419 0.162246576101 0.179364956316 0.169496259476 0.0773092903182 0.212676998343 0.0862236952176 0.140708166497 0.126267151413 0.0881070663419 0.103733804239 0.0798823779236 0.0989763591088 0.102092511204 0.0531501855945 0.0623562438641 0.0508283125872 0.232680055439 -0.0967463809711 0.155166768179 0.427153415783 0.208807305160 0.0345603735540 0.0865054022088 -0.200683951862 -0.0309873962270 0.164842205669 0.229879506746
# mean_log_rec:
11.3532714688
# rec_dev:
 0.546960808102 0.515975561335 0.508069603640 0.504165789192 0.493258709443 0.465513041090 0.442851639174 0.422719310777 0.385758772497 0.354898149221 0.335658387479 0.308809410842 0.273757895453 0.228584809294 0.180556796599 0.137083451277 0.0944275283217 0.0428082775433 -0.0155377280243 -0.0433492063472 -0.0462968827962 -0.0762874736179 -0.116324633089 -0.136390715615 -0.166211909015 -0.171546635175 -0.172766318988 -0.182433089918 -0.199868528232 -0.211629324835 -0.233804505720 -0.264407127647 -0.302083750227 -0.326768843595 -0.238866252529 -0.176743484035 -0.187820889566 -0.208677365041 -0.204686597662 -0.201033172783 -0.228901174550 -0.233924468497 -0.228852538858 -0.215163033874 -0.203123965228 -0.188107137381 -0.159954399092 -0.142489247201 -0.130448305820 -0.152268901609 -0.165410970616 -0.151040831316 -0.128900073371 -0.116004216989 -0.0955329504937 -0.0674948333170 -0.0467813793331 0.00297974425823 0.0887523834044 0.102171413801 0.102171379259
# log_avg_NatM:
-1.47890400000
# m_dev:
 0.00000000000 0.00000000000 0.00000000000 0.00000000000 0.00000000000 0.00000000000 0.00000000000 0.00000000000 0.00000000000 0.00000000000 0.00000000000 0.00000000000 0.00000000000 0.00000000000 0.00000000000 0.00000000000 0.00000000000 0.00000000000 0.00000000000 0.00000000000 0.00000000000 0.00000000000 0.00000000000 0.00000000000 0.00000000000 0.00000000000 0.00000000000 0.00000000000 0.00000000000 0.00000000000 0.00000000000 0.00000000000 0.00000000000 0.00000000000 0.00000000000 0.00000000000 0.00000000000 0.00000000000 0.00000000000 0.00000000000 0.00000000000 0.00000000000 0.00000000000 0.00000000000 0.00000000000 0.00000000000 0.00000000000 0.00000000000 0.00000000000 0.00000000000 0.00000000000 0.00000000000 0.00000000000 0.00000000000 0.00000000000 0.00000000000 0.00000000000 0.00000000000 0.00000000000 0.00000000000 0.00000000000
# log_avg_GrowthK:
-1.60943800000
# log_avg_Linf:
4.88280200000
# GrowthK_dev:
 0.00000000000 0.00000000000 0.00000000000 0.00000000000 0.00000000000 0.00000000000 0.00000000000 0.00000000000 0.00000000000 0.00000000000 0.00000000000 0.00000000000 0.00000000000 0.00000000000 0.00000000000 0.00000000000 0.00000000000 0.00000000000 0.00000000000 0.00000000000 0.00000000000 0.00000000000 0.00000000000 0.00000000000 0.00000000000 0.00000000000 0.00000000000 0.00000000000 0.00000000000 0.00000000000 0.00000000000 0.00000000000 0.00000000000 0.00000000000 0.00000000000 0.00000000000 0.00000000000 0.00000000000 0.00000000000 0.00000000000 0.00000000000 0.00000000000 0.00000000000 0.00000000000 0.00000000000 0.00000000000 0.00000000000 0.00000000000 0.00000000000 0.00000000000 0.00000000000 0.00000000000 0.00000000000 0.00000000000 0.00000000000 0.00000000000 0.00000000000 0.00000000000 0.00000000000 0.00000000000 0.00000000000
# Linf_dev:
 0.00000000000 0.00000000000 0.00000000000 0.00000000000 0.00000000000 0.00000000000 0.00000000000 0.00000000000 0.00000000000 0.00000000000 0.00000000000 0.00000000000 0.00000000000 0.00000000000 0.00000000000 0.00000000000 0.00000000000 0.00000000000 0.00000000000 0.00000000000 0.00000000000 0.00000000000 0.00000000000 0.00000000000 0.00000000000 0.00000000000 0.00000000000 0.00000000000 0.00000000000 0.00000000000 0.00000000000 0.00000000000 0.00000000000 0.00000000000 0.00000000000 0.00000000000 0.00000000000 0.00000000000 0.00000000000 0.00000000000 0.00000000000 0.00000000000 0.00000000000 0.00000000000 0.00000000000 0.00000000000 0.00000000000 0.00000000000 0.00000000000 0.00000000000 0.00000000000 0.00000000000 0.00000000000 0.00000000000 0.00000000000 0.00000000000 0.00000000000 0.00000000000 0.00000000000 0.00000000000 0.00000000000
# SelPars50:
2.29114262243
# SelPars95:
4.21076507087
# SelPars_dev50:
 0.00000000000 0.00000000000 0.00000000000 0.00000000000 0.00000000000 0.00000000000 0.00000000000 0.00000000000 0.00000000000 0.00000000000 0.00000000000 0.00000000000 0.00000000000 0.00000000000 0.00000000000 0.00000000000 0.00000000000 0.00000000000 0.00000000000 0.00000000000 0.00000000000 0.00000000000 0.00000000000 0.00000000000 0.00000000000 0.00000000000 0.00000000000 0.00000000000 0.00000000000 0.00000000000 0.00000000000 0.00000000000 0.00000000000 0.00000000000 0.00000000000 0.00000000000 0.00000000000 0.00000000000 0.00000000000 0.00000000000 0.00000000000 0.00000000000 0.00000000000 0.00000000000 0.00000000000 0.00000000000 0.00000000000 0.00000000000 0.00000000000 0.00000000000 0.00000000000 0.00000000000 0.00000000000 0.00000000000 0.00000000000 0.00000000000 0.00000000000 0.00000000000 0.00000000000 0.00000000000 0.00000000000
# SelPars_dev95:
 0.00000000000 0.00000000000 0.00000000000 0.00000000000 0.00000000000 0.00000000000 0.00000000000 0.00000000000 0.00000000000 0.00000000000 0.00000000000 0.00000000000 0.00000000000 0.00000000000 0.00000000000 0.00000000000 0.00000000000 0.00000000000 0.00000000000 0.00000000000 0.00000000000 0.00000000000 0.00000000000 0.00000000000 0.00000000000 0.00000000000 0.00000000000 0.00000000000 0.00000000000 0.00000000000 0.00000000000 0.00000000000 0.00000000000 0.00000000000 0.00000000000 0.00000000000 0.00000000000 0.00000000000 0.00000000000 0.00000000000 0.00000000000 0.00000000000 0.00000000000 0.00000000000 0.00000000000 0.00000000000 0.00000000000 0.00000000000 0.00000000000 0.00000000000 0.00000000000 0.00000000000 0.00000000000 0.00000000000 0.00000000000 0.00000000000 0.00000000000 0.00000000000 0.00000000000 0.00000000000 0.00000000000
