# Number of parameters = 165 Objective function value = 80365.4  Maximum gradient component = 0.000973014
# srv_sel50:
1.62125871610
# srv_sel95:
2.84002642393
# stNatLen:
 11.8764529782 11.7040283639 11.4492889949 11.2298485665 11.0499702776 10.8747422190 10.6739701988 10.4379978674 10.1750155193 9.90040996801 9.62843966006 9.36907131534 9.12807382360 8.90818683300 8.71022242835 8.53394829042 8.37858785564 8.24320508198 8.12684204997 8.02870359019 7.94805521126 7.88425930955 7.83685065064 7.80543469548 7.78978298447
# log_avg_fmort_dir:
-1.62508675563
# fmort_dir_dev:
 -2.04958811068 -2.00267955070 -1.39602212732 -1.14044810684 -0.776738568224 -0.656304172203 -0.339581680972 -0.219458092090 -0.149514506668 0.0284057484696 0.0615153912007 0.190194663282 0.238594126607 0.320366565067 0.395264510269 0.428458961176 0.429567254481 0.403711336706 0.472166224697 0.346431393015 0.206613069968 0.224510203779 0.381211903198 0.264134200490 0.223866439894 0.143773002618 0.122131917541 0.147775163298 0.129861200077 0.0832033248380 0.00695932871499 0.0635485040188 0.114456006197 0.0540538564138 -0.0511741860651 0.0590535604602 0.0377114572114 0.149014631842 0.172092732890 0.0553028609281 -0.00526681842396 4.15645915977e-006 -0.0194847765981 0.0771581877630 -0.00902698973690 0.0414355407330 0.0725014550789 0.0272933186740 0.0284263440680 0.101814713723 0.339808122575 0.144924031530 0.0723054776758 0.291362948222 0.178678011341 0.233725876572 0.0477370989801 -0.0833145027125 -0.148284378669 0.182550264960 0.166160219210 0.300662955115 0.405051699554 0.354582288708 0.0447940368680 0.205803146342 -0.223842865597
# mean_log_rec:
11.3266651384
# rec_dev:
 0.601552889158 0.573948096083 0.564517739393 0.554466917563 0.530901783494 0.487991241393 0.455678895307 0.429391938585 0.404901971807 0.377252251646 0.352247605048 0.311203167937 0.278569355503 0.254683939399 0.224034131765 0.180229823624 0.125342449114 0.0676344298606 0.0267884166224 0.0192582682785 -0.00808546237520 -0.0307736256811 -0.0378039081501 -0.0628574142253 -0.0965431369270 -0.106301729373 -0.110633518975 -0.133210207738 -0.148018999450 -0.171782253098 -0.214025642171 -0.261652312194 -0.303629461896 -0.313384932507 -0.217089849029 -0.138465778253 -0.153879773958 -0.198882063209 -0.222584476696 -0.210810333291 -0.191115779098 -0.184547786471 -0.185988020581 -0.179871068932 -0.167311235766 -0.174518309312 -0.157813571957 -0.146412864514 -0.146029904998 -0.136520752624 -0.137282805260 -0.147959244807 -0.142802658876 -0.132951372111 -0.127212026464 -0.116135625953 -0.121364110005 -0.135003607399 -0.143276546961 -0.135612546321 -0.123396874923 -0.114266142274 -0.112208466136 -0.0882484702595 -0.0672485298171 -0.0825410585833 -0.0825410519840
# log_avg_NatM:
-1.44900900000
# m_dev:
 0.00000000000 0.00000000000 0.00000000000 0.00000000000 0.00000000000 0.00000000000 0.00000000000 0.00000000000 0.00000000000 0.00000000000 0.00000000000 0.00000000000 0.00000000000 0.00000000000 0.00000000000 0.00000000000 0.00000000000 0.00000000000 0.00000000000 0.00000000000 0.00000000000 0.00000000000 0.00000000000 0.00000000000 0.00000000000 0.00000000000 0.00000000000 0.00000000000 0.00000000000 0.00000000000 0.00000000000 0.00000000000 0.00000000000 0.00000000000 0.00000000000 0.00000000000 0.00000000000 0.00000000000 0.00000000000 0.00000000000 0.00000000000 0.00000000000 0.00000000000 0.00000000000 0.00000000000 0.00000000000 0.00000000000 0.00000000000 0.00000000000 0.00000000000 0.00000000000 0.00000000000 0.00000000000 0.00000000000 0.00000000000 0.00000000000 0.00000000000 0.00000000000 0.00000000000 0.00000000000 0.00000000000 0.00000000000 0.00000000000 0.00000000000 0.00000000000 0.00000000000 0.00000000000
# log_avg_GrowthK:
-1.55498300000
# log_avg_Linf:
4.86580900000
# GrowthK_dev:
 0.00000000000 0.00000000000 0.00000000000 0.00000000000 0.00000000000 0.00000000000 0.00000000000 0.00000000000 0.00000000000 0.00000000000 0.00000000000 0.00000000000 0.00000000000 0.00000000000 0.00000000000 0.00000000000 0.00000000000 0.00000000000 0.00000000000 0.00000000000 0.00000000000 0.00000000000 0.00000000000 0.00000000000 0.00000000000 0.00000000000 0.00000000000 0.00000000000 0.00000000000 0.00000000000 0.00000000000 0.00000000000 0.00000000000 0.00000000000 0.00000000000 0.00000000000 0.00000000000 0.00000000000 0.00000000000 0.00000000000 0.00000000000 0.00000000000 0.00000000000 0.00000000000 0.00000000000 0.00000000000 0.00000000000 0.00000000000 0.00000000000 0.00000000000 0.00000000000 0.00000000000 0.00000000000 0.00000000000 0.00000000000 0.00000000000 0.00000000000 0.00000000000 0.00000000000 0.00000000000 0.00000000000 0.00000000000 0.00000000000 0.00000000000 0.00000000000 0.00000000000 0.00000000000
# Linf_dev:
 0.00000000000 0.00000000000 0.00000000000 0.00000000000 0.00000000000 0.00000000000 0.00000000000 0.00000000000 0.00000000000 0.00000000000 0.00000000000 0.00000000000 0.00000000000 0.00000000000 0.00000000000 0.00000000000 0.00000000000 0.00000000000 0.00000000000 0.00000000000 0.00000000000 0.00000000000 0.00000000000 0.00000000000 0.00000000000 0.00000000000 0.00000000000 0.00000000000 0.00000000000 0.00000000000 0.00000000000 0.00000000000 0.00000000000 0.00000000000 0.00000000000 0.00000000000 0.00000000000 0.00000000000 0.00000000000 0.00000000000 0.00000000000 0.00000000000 0.00000000000 0.00000000000 0.00000000000 0.00000000000 0.00000000000 0.00000000000 0.00000000000 0.00000000000 0.00000000000 0.00000000000 0.00000000000 0.00000000000 0.00000000000 0.00000000000 0.00000000000 0.00000000000 0.00000000000 0.00000000000 0.00000000000 0.00000000000 0.00000000000 0.00000000000 0.00000000000 0.00000000000 0.00000000000
# SelPars50:
2.21685481852
# SelPars95:
4.04076360145
# SelPars_dev50:
 0.00000000000 0.00000000000 0.00000000000 0.00000000000 0.00000000000 0.00000000000 0.00000000000 0.00000000000 0.00000000000 0.00000000000 0.00000000000 0.00000000000 0.00000000000 0.00000000000 0.00000000000 0.00000000000 0.00000000000 0.00000000000 0.00000000000 0.00000000000 0.00000000000 0.00000000000 0.00000000000 0.00000000000 0.00000000000 0.00000000000 0.00000000000 0.00000000000 0.00000000000 0.00000000000 0.00000000000 0.00000000000 0.00000000000 0.00000000000 0.00000000000 0.00000000000 0.00000000000 0.00000000000 0.00000000000 0.00000000000 0.00000000000 0.00000000000 0.00000000000 0.00000000000 0.00000000000 0.00000000000 0.00000000000 0.00000000000 0.00000000000 0.00000000000 0.00000000000 0.00000000000 0.00000000000 0.00000000000 0.00000000000 0.00000000000 0.00000000000 0.00000000000 0.00000000000 0.00000000000 0.00000000000 0.00000000000 0.00000000000 0.00000000000 0.00000000000 0.00000000000 0.00000000000
# SelPars_dev95:
 0.00000000000 0.00000000000 0.00000000000 0.00000000000 0.00000000000 0.00000000000 0.00000000000 0.00000000000 0.00000000000 0.00000000000 0.00000000000 0.00000000000 0.00000000000 0.00000000000 0.00000000000 0.00000000000 0.00000000000 0.00000000000 0.00000000000 0.00000000000 0.00000000000 0.00000000000 0.00000000000 0.00000000000 0.00000000000 0.00000000000 0.00000000000 0.00000000000 0.00000000000 0.00000000000 0.00000000000 0.00000000000 0.00000000000 0.00000000000 0.00000000000 0.00000000000 0.00000000000 0.00000000000 0.00000000000 0.00000000000 0.00000000000 0.00000000000 0.00000000000 0.00000000000 0.00000000000 0.00000000000 0.00000000000 0.00000000000 0.00000000000 0.00000000000 0.00000000000 0.00000000000 0.00000000000 0.00000000000 0.00000000000 0.00000000000 0.00000000000 0.00000000000 0.00000000000 0.00000000000 0.00000000000 0.00000000000 0.00000000000 0.00000000000 0.00000000000 0.00000000000 0.00000000000
