#Simulated generalized assessment 
# 
#start/end year 
1 67 
#number of ages 
25 
#ages 
1 2 3 4 5 6 7 8 9 10 11 12 13 14 15 16 17 18 19 20 21 22 23 24 25 
#Number of length bins 
25 
#CPUE years 
67 
#years for CPUE 
1 2 3 4 5 6 7 8 9 10 11 12 13 14 15 16 17 18 19 20 21 22 23 24 25 26 27 28 29 30 31 32 33 34 35 36 37 38 39 40 41 42 43 44 45 46 47 48 49 50 51 52 53 54 55 56 57 58 59 60 61 62 63 64 65 66 67 
#survey years 
67 
#years for survey 
1 2 3 4 5 6 7 8 9 10 11 12 13 14 15 16 17 18 19 20 21 22 23 24 25 26 27 28 29 30 31 32 33 34 35 36 37 38 39 40 41 42 43 44 45 46 47 48 49 50 51 52 53 54 55 56 57 58 59 60 61 62 63 64 65 66 67 
#length freq from catch years 
67 
#years for length freq catch 
1 2 3 4 5 6 7 8 9 10 11 12 13 14 15 16 17 18 19 20 21 22 23 24 25 26 27 28 29 30 31 32 33 34 35 36 37 38 39 40 41 42 43 44 45 46 47 48 49 50 51 52 53 54 55 56 57 58 59 60 61 62 63 64 65 66 67 
#catch length sample sizes 
200 200 200 200 200 200 200 200 200 200 200 200 200 200 200 200 200 200 200 200 200 200 200 200 200 200 200 200 200 200 200 200 200 200 200 200 200 200 200 200 200 200 200 200 200 200 200 200 200 200 200 200 200 200 200 200 200 200 200 200 200 200 200 200 200 200 200 
#length freq from survey years 
67 
#years for length freq survey 
1 2 3 4 5 6 7 8 9 10 11 12 13 14 15 16 17 18 19 20 21 22 23 24 25 26 27 28 29 30 31 32 33 34 35 36 37 38 39 40 41 42 43 44 45 46 47 48 49 50 51 52 53 54 55 56 57 58 59 60 61 62 63 64 65 66 67 
#survey sample sizes 
200 200 200 200 200 200 200 200 200 200 200 200 200 200 200 200 200 200 200 200 200 200 200 200 200 200 200 200 200 200 200 200 200 200 200 200 200 200 200 200 200 200 200 200 200 200 200 200 200 200 200 200 200 200 200 200 200 200 200 200 200 200 200 200 200 200 200 
#total survey biomass 
5197779 3459150 2678965 3578910 2777518 2842111 1975161 2415689 1505760 1679908 1467171 1058470 975136 998211.5 921828.2 730802.9 957677.6 815710.5 661248.8 496070.1 614739.1 540045.5 485760.8 527834.6 488514.4 439237 599211.8 586287.3 632043.2 488343.7 605242.4 392337.8 547986.6 386296 564199.1 594709 422960.5 472676.2 797535.8 591403.1 508001.5 369538.2 606109.7 527590.6 405910.8 450106.3 404371.5 444784 755225.5 421693.2 776734.3 601255.5 617948.5 546288.8 567330.7 688256.6 462480.7 630028 435766.5 614244.3 525065.3 451411.8 587264.4 440133 603908.5 671196.1 645972.3 
#survey CV 
0.2 0.2 0.2 0.2 0.2 0.2 0.2 0.2 0.2 0.2 0.2 0.2 0.2 0.2 0.2 0.2 0.2 0.2 0.2 0.2 0.2 0.2 0.2 0.2 0.2 0.2 0.2 0.2 0.2 0.2 0.2 0.2 0.2 0.2 0.2 0.2 0.2 0.2 0.2 0.2 0.2 0.2 0.2 0.2 0.2 0.2 0.2 0.2 0.2 0.2 0.2 0.2 0.2 0.2 0.2 0.2 0.2 0.2 0.2 0.2 0.2 0.2 0.2 0.2 0.2 0.2 0.2 
#total CPUE 
3368513 2366473 3063089 3080721 2450452 2602663 1919452 3380721 1930019 1316896 1345500 1222855 1146767 1171228 1146361 841734.8 830320.5 469626.1 673510.6 487268.3 762233 454009.6 694236.6 753413.6 816676.5 469485.1 578500.5 557273.9 504230.9 437069.6 534145.3 464215.1 525694.7 627998.4 457124.1 860159.2 350493.6 405767.5 536632.7 580404.2 433041.2 483945 382730.7 640553.2 474133 718523.3 717784.2 687611.2 394804.1 646159.8 567721.2 507125.7 557056.7 519185.4 690636.6 656558.9 530820.4 400165.7 371921.2 454659.8 411377.9 433471.4 376552.8 401641.3 568434.9 783490.8 575009.2 
#CPUE CV 
0.2 0.2 0.2 0.2 0.2 0.2 0.2 0.2 0.2 0.2 0.2 0.2 0.2 0.2 0.2 0.2 0.2 0.2 0.2 0.2 0.2 0.2 0.2 0.2 0.2 0.2 0.2 0.2 0.2 0.2 0.2 0.2 0.2 0.2 0.2 0.2 0.2 0.2 0.2 0.2 0.2 0.2 0.2 0.2 0.2 0.2 0.2 0.2 0.2 0.2 0.2 0.2 0.2 0.2 0.2 0.2 0.2 0.2 0.2 0.2 0.2 0.2 0.2 0.2 0.2 0.2 0.2 
#total catch biomass 
0 106899.1 164426.8 201100.3 252357.3 257879.5 329567.2 308290.7 309239.6 299731.7 271669.7 264136.6 253751.6 278585.3 232193.5 219794 177980.4 150874.1 150191.1 155608.6 129190.5 116580.9 120416.1 115355.4 111176.9 104089.8 96461.6 102957.4 92893.66 97593.99 97913.03 98599.83 100363.2 97278.63 92765.51 90891.49 84523.53 89080.63 82923.73 84895.24 96947.8 83943.88 79833.42 85505.44 84403.08 86142.24 86382.06 91089.87 91110.98 92144.17 93447.72 105489.8 100825.5 108357.1 94007.48 116309.6 115268.1 103752.8 85902.9 71983.49 85345.57 78739.96 75904.02 75770.46 72354.18 81817.1 110315.8 
#catch CV 
0.05 0.05 0.05 0.05 0.05 0.05 0.05 0.05 0.05 0.05 0.05 0.05 0.05 0.05 0.05 0.05 0.05 0.05 0.05 0.05 0.05 0.05 0.05 0.05 0.05 0.05 0.05 0.05 0.05 0.05 0.05 0.05 0.05 0.05 0.05 0.05 0.05 0.05 0.05 0.05 0.05 0.05 0.05 0.05 0.05 0.05 0.05 0.05 0.05 0.05 0.05 0.05 0.05 0.05 0.05 0.05 0.05 0.05 0.05 0.05 0.05 0.05 0.05 0.05 0.05 0.05 0.05 
#Length Bins 
2.752644 8.257932 13.76322 19.26851 24.7738 30.27908 35.78437 41.28966 46.79495 52.30024 57.80552 63.31081 68.8161 74.32139 79.82667 85.33196 90.83725 96.34254 101.8478 107.3531 112.8584 118.3637 123.869 129.3743 134.8796 
#catch length counts 
0 0 0 0 0 0 0 0 0 0 0 0 0 0 0 0 0 0 0 0 0 0 0 0 0 
35.74499 58.35334 88.61856 127.1259 174.179 229.1793 290.043 353.3755 415.3613 472.6416 522.7337 564.1819 596.6745 621.0239 638.8662 652.1609 662.5954 670.8228 675.4595 672.1834 653.8539 612.637 544.0266 450.7733 343.7968 
57.59285 93.93687 142.4844 204.0774 279.0781 366.3822 462.5031 561.8922 658.4189 746.8148 823.3365 885.9509 934.4486 970.3486 996.3841 1015.699 1030.928 1043.04 1049.813 1044.463 1015.838 951.7275 845.1053 700.2264 534.0431 
83.38538 135.9323 206.0198 294.7486 402.4667 527.3374 664.0321 804.2487 938.9357 1060.463 1163.625 1245.89 1307.504 1351.242 1381.548 1403.278 1420.347 1434.148 1441.528 1432.991 1393.047 1304.783 1158.443 959.7746 731.9634 
104.5863 170.4463 258.216 369.1747 503.5878 658.8935 828.0683 1000.318 1163.943 1309.142 1429.342 1521.562 1586.554 1628.463 1653.651 1668.971 1679.955 1688.808 1692.023 1678.361 1629.389 1524.968 1353.354 1121.003 854.8187 
128.069 208.6177 315.8334 451.1532 614.7243 803.1801 1007.638 1214.556 1409.269 1579.474 1716.901 1817.812 1883.231 1918.588 1932.299 1933.627 1930.374 1926.369 1918.567 1894.701 1833.942 1713.221 1518.764 1257.243 958.3865 
148.3657 241.5387 365.3749 521.3574 709.4162 925.3623 1158.591 1393.116 1611.726 1800.041 1948.433 2052.544 2113.516 2137.623 2134.745 2116.034 2091.372 2066.559 2040.031 2000.131 1925.629 1792.316 1585.207 1310.418 998.1113 
165.9067 270.0306 408.3148 582.2714 791.5768 1031.186 1288.797 1546.09 1783.495 1984.808 2139.334 2242.365 2295.321 2305.251 2283.137 2241.432 2191.509 2140.88 2089.859 2028.602 1937.283 1792.381 1578.751 1301.603 989.7486 
183.0771 297.8566 450.1345 641.4212 871.1424 1133.452 1414.435 1693.502 1948.701 2161.898 2321.198 2421.494 2464.552 2458.346 2415.063 2348.384 2270.879 2191.415 2112.062 2025.21 1913.453 1755.26 1536.313 1261.057 956.1107 
201.6501 327.9326 495.2811 705.1598 956.6596 1242.996 1548.462 1850.037 2123.324 2348.3 2511.962 2608.852 2641.067 2617.475 2551.49 2458.069 2350.984 2240.342 2129.828 2014.093 1878.554 1704.406 1478.931 1206.185 910.3549 
218.0492 354.4905 535.1375 761.3781 1031.927 1339.035 1665.231 1985.169 2272.181 2504.605 2668.641 2758.817 2777.838 2735.584 2646.604 2526.882 2391.046 2250.099 2109.083 1964.885 1806.083 1617.277 1388.066 1122.429 841.7386 
230.7566 374.9281 565.5329 803.788 1088.026 1409.701 1749.966 2081.666 2376.341 2611.012 2771.264 2851.714 2855.762 2794.366 2683.222 2539.239 2377.655 2210.008 2042.308 1873.415 1695.053 1495.486 1266.998 1013.685 753.8791 
241.025 391.6017 590.6114 839.176 1135.246 1469.403 1821.343 2162.125 2461.692 2696.07 2850.55 2920.043 2908.664 2828.364 2695.906 2529.122 2343.906 2152.315 1961.164 1770.956 1576.162 1368.383 1142.453 902.6531 664.4724 
253.883 412.2124 621.1381 881.5791 1191.104 1539.543 1905.277 2257.583 2564.566 2800.839 2950.99 3010.021 2982.864 2882.771 2727.942 2537.439 2328.045 2112.477 1898.349 1687.57 1476.885 1260.654 1035.853 806.9264 586.9351 
260.2347 422.459 636.391 902.7613 1218.705 1573.252 1943.629 2297.857 2603.108 2833.658 2974.323 3020.674 2978.365 2861.439 2688.895 2480.511 2253.622 2021.386 1792.019 1568.583 1349.75 1132.234 914.7562 701.6661 503.5319 
260.4044 422.7291 636.7567 903.1263 1218.771 1572.366 1940.628 2290.99 2590.107 2811.988 2941.575 2974.983 2918.711 2787.71 2601.709 2380.917 2142.834 1900.723 1663.129 1433.988 1213.498 1000.212 794.1127 599.2113 423.7175 
238.2339 386.7696 582.6459 826.4545 1115.363 1438.922 1775.641 2095.417 2367.323 2567.095 2680.53 2703.864 2643.176 2512.646 2331.068 2117.707 1889.218 1658.211 1432.975 1217.817 1013.985 821.3698 640.7153 475.3096 330.8792 
225.8083 366.7245 552.704 784.4259 1059.319 1367.55 1688.746 1994.256 2254.482 2445.961 2554.595 2576.124 2515.728 2386.561 2206.565 1994.544 1767.124 1537.223 1313.689 1101.619 903.2621 719.4917 551.54 402.174 275.4578 
215.6265 349.9607 527.0255 747.3721 1008.577 1301.48 1607.019 1898.246 2147.152 2331.302 2436.913 2459.365 2402.912 2279.411 2105.436 1898.705 1675.28 1448.128 1226.677 1016.99 822.4534 644.9469 486.1842 348.5518 234.845 
207.4535 336.481 506.3015 717.2603 966.8704 1246.263 1537.205 1814.077 2050.427 2225.266 2325.842 2347.9 2295.269 2178.664 2013.127 1814.851 1598.751 1377.242 1159.883 953.4626 762.456 589.8147 437.8801 308.9131 204.8238 
192.592 312.322 469.8348 665.3833 896.5726 1155.074 1423.874 1679.155 1896.425 2056.418 2147.662 2166.64 2117.25 2009.519 1857.115 1674.453 1474.637 1268.617 1065.116 870.833 690.7655 528.6562 387.4454 269.4433 176.0051 
185.0966 300.1598 451.5307 639.4616 861.675 1110.203 1368.727 1614.347 1823.452 1977.398 2065.034 2082.943 2034.967 1930.939 1784.176 1608.54 1416.393 1217.869 1021.018 832.2478 656.7514 498.8193 361.968 248.7747 160.4076 
178.4809 289.317 435.0082 615.7381 829.3055 1068.11 1316.581 1552.824 1754.214 1902.807 1987.774 2005.653 1959.968 1860.074 1718.779 1549.5 1364.187 1172.546 982.1894 799.195 628.6699 475.0994 342.3331 233.1821 148.7881 
173.6174 281.319 422.7602 598.0309 804.9253 1036.046 1276.324 1504.622 1699.155 1842.715 1924.963 1942.605 1898.97 1802.929 1666.67 1503.026 1323.507 1137.512 952.4299 774.1753 607.7908 457.8308 328.3138 222.2043 140.6693 
166.3312 269.4953 404.9531 572.7639 770.7778 991.8643 1221.548 1439.569 1625.099 1761.761 1839.817 1856.287 1814.483 1722.917 1593.157 1437.297 1266.143 1088.524 911.4293 740.525 580.726 436.5569 312.0711 210.2816 132.3697 
161.4041 261.4537 392.7642 555.3711 747.2007 961.3949 1184.001 1395.438 1575.515 1708.288 1784.224 1800.371 1759.949 1671.276 1545.636 1394.775 1229.11 1057.085 885.3583 719.3578 563.8769 423.4219 302.0936 202.9691 127.27 
159.8159 258.8931 388.9377 549.9856 739.9745 952.0974 1172.528 1381.896 1560.263 1691.915 1767.457 1783.943 1744.467 1657.15 1533.092 1383.911 1219.946 1049.573 879.3571 714.6371 560.1532 420.4277 299.6398 200.9653 125.6947 
153.3249 248.3106 372.9177 527.1532 709.05 912.144 1123.277 1323.964 1495.122 1621.66 1694.511 1710.804 1673.478 1590.292 1471.842 1329.209 1172.257 1008.989 845.6981 687.5079 538.981 404.4994 288.1505 193.0728 120.5739 
154.6967 250.5434 376.2888 531.939 715.4987 920.4285 1133.444 1335.922 1508.68 1636.588 1710.569 1727.717 1690.902 1607.811 1489.009 1345.591 1187.471 1022.719 857.6995 697.61 547.1024 410.6676 292.519 195.9164 122.2489 
147.7421 239.2153 359.1576 507.5458 682.4789 877.765 1080.806 1273.899 1438.769 1560.961 1631.788 1648.478 1613.79 1535.069 1422.356 1286.15 1135.805 978.9368 821.5707 668.6652 524.6937 394.0064 280.7081 187.9974 117.2683 
144.7193 234.3916 352.0493 497.7155 669.5534 861.488 1061.143 1251.141 1413.563 1534.245 1604.654 1622.006 1588.902 1512.447 1402.421 1269.102 1121.663 967.5714 812.7343 662.0261 519.8777 390.6362 278.4358 186.5239 116.353 
142.4039 230.6436 346.4352 489.8328 659.0908 848.3238 1045.451 1233.431 1394.602 1514.907 1585.775 1604.305 1572.947 1498.624 1390.923 1259.934 1114.68 962.5239 809.3113 659.8858 518.675 390.0532 278.2103 186.4686 116.356 
142.4775 230.746 346.5595 489.9694 659.2431 848.5347 1045.834 1234.191 1396.041 1517.382 1589.63 1609.771 1580.065 1507.224 1400.665 1270.375 1125.345 972.9497 819.0777 668.6339 526.1318 396.0591 282.7426 189.6445 118.4043 
137.0939 222.0005 333.3767 471.2615 633.9946 815.9838 1005.731 1187 1342.956 1460.186 1530.465 1550.901 1523.623 1454.978 1353.858 1229.685 1090.952 944.6646 796.4637 651.109 513.03 386.6693 276.3393 185.5227 115.9204 
135.6934 219.8347 330.3197 467.258 629.0499 810.1533 999.1317 1179.838 1335.544 1452.93 1523.825 1545.333 1519.524 1452.633 1353.401 1231.076 1093.971 948.9287 801.4829 656.3551 518.0157 391.0156 279.8205 188.0789 117.6338 
129.8026 210.245 315.8377 446.695 601.3529 774.645 955.8035 1129.515 1279.79 1393.757 1463.382 1485.684 1462.509 1399.768 1305.816 1189.492 1058.714 919.9703 778.4895 638.7567 505.0817 381.9327 273.7632 184.2702 115.3933 
153.3008 242.5282 353.4535 482.672 627.0296 782.6518 942.5304 1095.764 1229.632 1332.666 1396.716 1417.912 1396.989 1338.809 1250.85 1141.286 1017.565 885.8342 751.0576 617.4931 489.2636 370.7048 266.2081 179.4854 112.5627 
159.7433 257.3737 383.4741 535.7968 709.0877 892.9605 1071.024 1224.476 1338.8 1408.21 1434.672 1423.688 1380.983 1311.639 1220.508 1112.546 992.6791 865.526 735.2612 605.772 481.0053 365.2191 262.7995 177.5194 111.5178 
157.7321 254.5506 380.5125 534.8103 714.5448 912.1082 1112.715 1295.665 1439.647 1528.786 1556.424 1526.011 1449.317 1342.212 1219.45 1091.065 961.9164 833.5866 706.7007 582.4522 463.1942 352.3929 254.0979 171.9861 108.2423 
161.6371 260.6306 389.2108 546.5263 729.8813 932.3344 1140.371 1335.017 1496.372 1608.165 1660.112 1648.918 1579.105 1462.757 1316.823 1158.495 1000.899 851.1967 711.4825 581.3544 460.4788 350.0096 252.5779 171.2205 107.9507 
158.6017 255.5972 381.4091 535.0601 713.7683 910.6671 1112.657 1301.697 1459.427 1571.559 1629.569 1630.528 1576.811 1475.885 1339.403 1181.365 1015.659 853.6069 702.3757 564.999 441.942 333.1596 239.3805 162.0293 102.1737 
158.8416 256.0796 382.2989 536.5475 715.9946 913.6157 1116.067 1305.087 1462.295 1573.771 1631.831 1634.702 1585.687 1492.143 1364.021 1212.37 1048.291 882.1295 722.5384 575.5994 444.663 331.1267 235.5708 158.3766 99.48859 
157.7319 254.2073 379.3567 532.2111 709.991 905.8208 1106.578 1294.197 1450.364 1561.099 1618.68 1621.531 1573.483 1482.552 1358.977 1213.214 1054.798 892.1862 732.8783 583.2552 448.2011 330.9149 233.0969 155.2559 96.79747 
158.8537 256.0042 382.0097 535.8678 714.7399 911.6588 1113.389 1301.778 1458.489 1569.59 1627.413 1630.403 1582.427 1491.657 1368.628 1224.038 1067.297 906.1972 747.2981 596.3526 458.3939 337.4895 236.3954 156.2968 96.69105 
158.0752 254.805 380.3242 533.6664 712.0122 908.3908 1109.55 1297.321 1453.374 1563.81 1621.048 1623.652 1575.618 1485.224 1363.086 1219.951 1065.183 906.3374 749.4935 599.8439 462.0881 340.4125 238.0742 156.8276 96.50696 
161.4459 260.1459 388.1265 544.3585 725.9689 925.9156 1130.794 1322.171 1481.374 1594.161 1652.682 1655.378 1606.311 1514.004 1389.431 1243.707 1086.479 925.4204 766.5318 614.7783 474.6368 350.2563 245.1129 161.3259 99.03515 
160.7444 259.1043 386.7298 542.6221 723.886 923.3956 1127.644 1318.155 1476.332 1588.118 1645.875 1648.176 1599.09 1507.055 1382.957 1237.887 1081.524 921.5661 763.9584 613.4937 474.4132 350.681 245.7398 161.8355 99.30538 
159.2486 256.7119 383.2046 537.7752 717.6109 915.7131 1118.734 1308.326 1465.927 1577.401 1634.992 1637.223 1588.205 1496.468 1372.957 1228.757 1073.503 914.8455 758.6682 609.6676 471.9402 349.2976 245.0915 161.5821 99.20641 
163.6797 263.7809 393.618 552.1716 736.5431 939.5902 1147.705 1342.175 1504.045 1618.837 1678.531 1681.458 1631.654 1537.743 1410.94 1262.709 1103.079 940.0156 779.6196 626.7042 485.4126 359.5719 252.5574 166.6778 102.4256 
162.0154 261.0734 389.521 546.3109 728.5219 929.0269 1134.317 1325.88 1485.048 1597.668 1656.005 1658.566 1609.383 1516.894 1392.028 1245.97 1088.559 927.6806 769.4207 618.5811 479.256 355.1841 249.6456 164.8902 101.4122 
161.2206 259.971 388.2127 545.0084 727.485 928.4615 1134.286 1326.275 1485.623 1598.119 1656.069 1658.099 1608.409 1515.586 1390.629 1244.694 1087.526 926.913 768.8864 618.2424 479.0884 355.1659 249.7408 165.0462 101.5751 
195.4491 314.8209 469.4726 658.0677 877.0581 1117.895 1364.38 1594.265 1785.032 1919.553 1988.462 1990.038 1929.366 1816.918 1666.099 1490.458 1301.738 1109.226 920.035 739.7966 573.3495 425.129 299.022 197.6901 121.7225 
187.585 302.0177 450.0694 630.2331 838.7829 1067.136 1299.424 1514.224 1690.275 1811.927 1871.204 1867.355 1805.793 1696.684 1552.719 1386.596 1209.24 1029.202 852.9347 685.4669 531.0918 393.7647 276.9837 183.1575 112.8086 
193.6933 312.2744 466.1404 653.9542 871.8807 1110.724 1353.428 1577.034 1758.864 1882.377 1939.445 1929.882 1860.206 1741.91 1588.883 1414.633 1230.465 1044.986 864.5167 693.8743 537.1238 398.0177 279.8996 185.0752 114.0013 
177.8666 286.6436 427.7037 599.8539 799.7515 1019.288 1243.166 1450.447 1619.99 1735.812 1789.458 1780.023 1713.355 1600.527 1455.232 1290.874 1118.582 946.6058 780.7176 625.05 482.9263 357.371 251.091 165.9392 102.1887 
205.9168 331.8069 494.994 694.0225 924.9261 1178.24 1436.283 1675.046 1870.5 2004.633 2067.869 2058.816 1983.39 1853.451 1684.309 1491.651 1289.122 1087.233 893.4124 712.7568 549.0034 405.2718 284.2257 187.5982 115.432 
235.904 379.3413 564.3693 788.7079 1047.344 1329.306 1614.621 1876.426 2088.123 2230.268 2293.248 2276.72 2188.199 2041.161 1852.23 1638.058 1413.142 1188.947 973.963 774.2498 594.1866 437.1388 305.6935 201.3117 123.6639 
197.7952 318.4834 474.5587 664.179 882.853 1120.606 1359.571 1576.197 1747.756 1858.381 1901.185 1877.41 1794.824 1665.822 1504.847 1325.723 1139.943 956.2485 781.0152 618.8788 473.3055 346.9687 241.8121 158.7629 97.28283 
178.1241 287.4875 429.7247 603.7653 806.0688 1027.851 1252.724 1458.559 1623.366 1730.971 1773.469 1751.095 1671.162 1546.202 1391.084 1219.946 1044.24 872.2574 709.6569 560.3044 427.0087 311.9398 216.6527 141.7793 86.61848 
139.9238 225.6531 337.0341 473.325 632.1358 807.314 986.9312 1154.34 1292.304 1387.199 1431.076 1422.083 1364.272 1266.663 1141.184 1000.08 853.9106 710.6378 575.687 452.5331 343.4177 249.8763 172.9002 112.7528 68.66345 
164.5029 265.126 395.6694 555.1458 740.703 945.2481 1155.194 1351.764 1515.764 1632.181 1692.078 1692.58 1636.572 1532.126 1391.001 1226.44 1051.121 875.7972 708.6869 555.5105 419.9622 304.2955 209.6827 136.2062 82.6493 
156.5825 251.8758 374.9522 524.5094 697.5775 887.3862 1081.269 1261.879 1411.703 1517.446 1571.766 1572.998 1524.408 1433.209 1309.054 1162.381 1003.263 840.8394 683.0004 536.132 404.9866 292.7245 201.0185 130.0806 78.63286 
143.669 231.5386 345.4702 484.4469 645.6694 822.4806 1002.526 1169.169 1305.978 1400.934 1447.954 1446.425 1400.271 1316.802 1205.07 1074.167 932.2393 786.3618 642.8073 507.1997 384.3916 278.1601 190.8759 123.2554 74.28881 
142.8628 230.2658 343.6739 482.2293 643.4242 821.0048 1002.986 1172.799 1313.56 1412.308 1461.926 1461.203 1414.217 1329.091 1215.921 1084.57 943.3347 798.7908 656.3432 520.8397 396.8278 288.3381 198.3412 128.1663 77.19032 
126.495 203.8963 304.3489 427.1279 570.0825 727.8003 889.8632 1041.845 1168.999 1259.866 1307.817 1311.096 1272.479 1198.551 1098.178 980.571 853.8034 724.2456 596.7958 475.4836 363.9894 265.7469 183.561 118.9727 71.77213 
156.6 252.2941 376.3481 527.788 703.9276 898.1434 1097.733 1285.135 1442.453 1555.862 1617.412 1624.929 1581.464 1494.414 1373.871 1230.593 1074.431 913.6062 754.6884 603.0191 463.2435 339.5767 235.5392 153.2511 92.74078 
210.8747 339.0302 504.3289 704.8418 936.3981 1189.774 1447.949 1687.818 1886.331 2026.371 2098.974 2102.782 2042.867 1929.254 1774.69 1592.184 1393.371 1187.988 984.1061 788.617 607.6946 446.9656 311.1466 203.1887 123.3883 
#survey length counts 
0 0 0 0 0 0 0 0 0 0 0 0 0 0 0 0 0 0 0 0 0 0 0 0 0 
1992.663 3264.037 4965.794 7105.789 9638.665 12426.84 15231.96 17777.91 19856.35 21394.42 22441.02 23104.58 23500.04 23726.85 23865.81 23978.55 24101.94 24231.74 24293.22 24111.88 23418.07 21922.18 19456.96 16116.89 12289.83 
1987.384 3255.185 4951.582 7083.271 9602.77 12369.24 15140.23 17635.57 19644.06 21092.42 22032.14 22577.28 22850.53 22959.76 22993.01 23016.52 23068.81 23145.52 23172.77 22980.62 22308.65 20878.13 18527.73 15346.04 11701.57 
1973.483 3232.834 4918.068 7035.272 9535.587 12275.84 15010.42 17455.47 19396.08 20755.93 21585.16 21999.15 22125.15 22078.61 21956.97 21835.83 21761.39 21735.17 21689.08 21461.88 20806.05 19456.66 17258.89 14291.82 10896.39 
1954.03 3200.868 4869.069 6964.076 9436.302 12141.88 14834.53 17229.25 19108.86 20393.59 21129.65 21429.43 21419.44 21217.58 20927.15 20632.49 20390.51 20214.57 20049.96 19751.46 19090.31 17818.74 15788.65 13066.3 9958.674 
1931.181 3162.864 4809.938 6876.742 9312.635 11973.14 14612.03 16944.67 18753.89 19958.93 20604.11 20799.33 20668.54 20327.8 19880.36 19413.7 18992.05 18641.13 18324.25 17919.95 17226.58 16020.13 14161.94 11703.68 8912.877 
1901.313 3114.388 4736.765 6772.219 9169.348 11782.97 14366.57 16635.6 18372.92 19497.47 20053.01 20148.69 19907.4 19443.48 18858.12 18237.54 17647.84 17122.77 16642.47 16112.03 15362.78 14200.93 12501.93 10304.18 7834.009 
1866.624 3057.492 4649.934 6647.16 8997.667 11557.12 14080.88 16286.36 17957.05 19010.61 19488.39 19497.38 19159.2 18587.46 17882.26 17128.27 16391.04 15708.17 15072.46 14413.34 13595.95 12460.21 10900.09 8944.39 6780.243 
1827.313 2993.115 4551.843 6506.076 8804.162 11302.73 13759.56 15895.15 17495.27 18478.05 18883.62 18816.91 18397.39 17736.64 16932.8 16068.53 15208.13 14391.12 13619.63 12843.54 11959.15 10839.87 9400.552 7664.391 5783.513 
1781.33 2918.141 4438.244 6343.735 8582.993 11013.85 13396.84 15456 16979.92 17887.82 18219.59 18079.36 17585.73 16849.03 15965.37 15014.64 14058.5 13136.4 12256.76 11386.05 10447.67 9345.907 8016.573 6480.195 4858.684 
1733.505 2839.172 4316.809 6167.602 8340.113 10694.42 12995.53 14972.81 16418.61 17253.15 17515.2 17307.41 16747.47 15945.28 14996.13 13978.12 12950.46 11951.4 10993.09 10054.39 9080.817 8003.126 6776.124 5419.382 4029.535 
1677.973 2749.221 4181.655 5976.347 8082.291 10361.28 12581.9 14478.19 15846.59 16609.43 16805.74 16537.37 15920.95 15065.36 14064.79 12995.9 11916.26 10863.3 9851.681 8869.466 7879.263 6832.951 5701.024 4502.638 3313.778 
1621.728 2656.417 4039.211 5770.523 7800.364 9994.377 12127.86 13942.25 15238.8 15940.53 16084.05 15768.29 15108.13 14211.89 13173.54 12069.16 10955.22 9868.553 8825.744 7821.769 6832.223 5825.177 4783.119 3724.51 2708.439 
1559.876 2555.673 3886.821 5553.349 7505.806 9612.36 11653.5 13377.52 14591.95 15223.59 15310.06 14949.35 14254.33 13331.04 12271.39 11149.8 10021.51 8922.876 7871.949 6868.907 5899.053 4942.469 3990.236 3059.393 2194.919 
1492.572 2446.054 3721.199 5318.089 7188.799 9205.557 11155.69 12795.21 13937.15 14509.9 14549.72 14152.57 13430.04 12487.53 11416.25 10289.36 9160.59 8065.299 7022.282 6035.441 5097.145 4196.034 3328.891 2510.719 1774.899 
1426.516 2337.396 3555.095 5079.306 6863.801 8786.015 10642.12 12198.11 13274.15 13800.45 13810.58 13395.89 12663.85 11717.28 10646.21 9523.454 8402.662 7319.278 6293.006 5330.476 4428.987 3582.976 2792.682 2070.713 1441.061 
1363.226 2234.378 3399.742 4859.59 6570.21 8414.643 10197.84 11695.42 12734.14 13245.27 13258.3 12857.69 12143.89 11214.09 10155.03 9038.733 7920.098 6837.15 5812.945 4858.173 3974.841 3161.867 2421.752 1764.986 1208.49 
1309.905 2145.429 3261.612 4658.05 6292.953 8055.461 9760.734 11195.79 12195.64 12693.92 12716.88 12342.59 11664.05 10771.38 9745.527 8654.754 7552.797 6479.062 5460.086 4511.433 3640.491 2850.822 2147.182 1538.506 1036.253 
1267.165 2074.012 3150.317 4494.616 6065.743 7756.495 9389.137 10759.7 11711.35 12182.75 12201.46 11843.51 11197.18 10346.13 9364.285 8313.733 7244.055 6193.209 5189.145 4251.264 3392.17 2620.41 1943.671 1370.439 908.3417 
1231.422 2014.656 3058.48 4360.729 5880.726 7513.9 9087.552 10403.99 11311.9 11753.48 11757.83 11401.19 10770.96 9948.483 9003.737 7993.673 6962.582 5944.364 4965.278 4045.875 3202.244 2447.281 1791.964 1245.477 813.2681 
1200.748 1964.263 2981.615 4250.623 5731.685 7323.063 8856.655 10139.84 11024.93 11455.02 11458 11108.07 10490.94 9686.862 8764.874 7780.49 6775.721 5781.686 4822.338 3917.506 3084.653 2339.572 1696.176 1165.077 750.949 
1176.29 1923.298 2917.677 4156.79 5601.785 7153.651 8649.003 9900.611 10764.82 11186.17 11191.42 10852.23 10251.47 9466.984 8566.169 7603.581 6620.5 5647.079 4706.053 3816.334 2995.47 2260.556 1627.373 1107.849 706.6256 
1158.31 1892.991 2869.975 4086.033 5502.543 7022.184 8484.865 9707.497 10550.1 10959.43 10962.76 10630.81 10044.47 9279.015 8399.301 7457.88 6494.796 5539.542 4614.448 3738.172 2928.355 2202.742 1578.177 1067.496 675.5356 
1143.922 1869.073 2832.916 4031.9 5427.547 6923.54 8361.793 9561.795 10385.95 10782.64 10779.99 10448.92 9869.943 9117.301 8254.222 7331.34 6386.875 5448.928 4538.995 3675.423 2875.992 2158.966 1541.935 1038.39 653.4059 
1134.464 1852.983 2807.368 3993.792 5374.102 6853.255 8275.32 9462.107 10277.57 10670.39 10668.01 10340.38 9767.279 9022.56 8169.155 7257.24 6324.287 5397.454 4497.351 3641.763 2848.39 2135.882 1522.486 1022.325 640.7962 
1126.281 1839.689 2787.341 3965.431 5336.011 6804.596 8216.28 9394.226 10203.69 10594.18 10593.26 10270.34 9704.123 8967.313 8121.957 7217.772 6292.072 5371.881 4477.544 3626.526 2836.364 2125.87 1513.749 1014.666 634.3873 
1122.305 1832.34 2774.639 3944.964 5305.446 6762.487 8162.784 9331.26 10134.39 10522.04 10521.51 10201.66 9640.707 8910.78 8073.267 7177.182 6259.236 5346.054 4457.749 3611.637 2825.185 2117.289 1506.918 1009.111 629.9501 
1119.821 1828.469 2769.105 3937.572 5296.056 6751.025 8149.353 9316.345 10119.03 10507.87 10510.4 10195.31 9640.086 8915.973 8083.562 7191.369 6275.906 5363.782 4475.196 3627.62 2838.761 2127.855 1514.312 1013.632 632.2529 
1121.122 1829.681 2769.251 3935.164 5289.438 6738.92 8131.322 9292.881 10091.3 10477.31 10478.59 10163.93 9610.95 8890.824 8063.732 7177.479 6267.768 5360.546 4475.612 3630.307 2842.424 2131.454 1517.178 1015.503 633.2073 
1123.279 1833.59 2775.884 3945.681 5304.959 6760.173 8158.379 9325.199 10128.09 10517.95 10522.75 10211.36 9661.18 8943.006 8116.753 7230.132 6318.846 5408.82 4519.82 3669.232 2875.082 2157.306 1536.292 1028.564 641.3723 
1126.679 1838.987 2783.834 3956.811 5320.106 6780.493 8185.285 9360.078 10171.87 10570.73 10583.71 10278.97 9733.529 9018.129 8192.701 7304.985 6390.723 5475.938 4580.558 3722.213 2919.298 2192.292 1562.277 1046.5 652.7678 
1131.845 1847.244 2796.02 3973.69 5342.346 6808.634 8219.711 9401.068 10219.75 10625.98 10646.8 10349.96 9811.706 9101.817 8279.494 7392.117 6475.42 5555.632 4653.006 3785.587 2972.311 2234.364 1593.666 1068.308 666.7462 
1140.213 1860.312 2814.703 3998.523 5373.469 6845.794 8262.223 9447.879 10269.72 10678.34 10701.44 10407.45 9872.876 9167.232 8348.948 7464.417 6548.505 5626.919 4719.804 3845.463 3023.385 2275.545 1624.803 1090.198 680.9346 
1147.143 1872.391 2834.422 4028.804 5417.184 6904.953 8337.22 9537.286 10370.83 10788.07 10817.11 10526.98 9994.721 9290.105 8471.548 7585.174 6665.388 5737.42 4821.132 3934.925 3098.853 2335.88 1670.131 1121.923 701.4442 
1157.502 1888.572 2857.656 4060.109 5457.602 6955.78 8399.941 9613.157 10460.3 10890.36 10930.15 10647.85 10120.27 9417.496 8598.478 7709.706 6785.63 5851.238 4926.058 4028.351 3178.456 2400.168 1718.882 1156.323 723.8411 
1369.224 2180.053 3198.862 4390.282 5702.148 7053.351 8324.334 9378.004 10106.82 10468.58 10484.39 10210.46 9711.676 9048.864 8274.696 7431.86 6552.686 5660.93 4775.214 3912.955 3093.741 2340.85 1679.523 1131.745 709.5029 
1413.376 2294.686 3446.857 4846.687 6423.451 8035.757 9476.592 10535.15 11087.01 11142.64 10816.55 10251.07 9556.207 8793.769 7991.654 7162.933 6317.334 5465.315 4618.987 3792.886 3005.276 2278.753 1638.291 1106.037 694.5605 
1400.214 2276.21 3427.828 4842.198 6465.767 8177.687 9783.289 11058.82 11831.28 12038.17 11730.96 11035.78 10104.61 9075.745 8047.703 7070.188 6153.059 5285.831 4456.001 3659.508 2903.754 2206.077 1589.333 1075.14 676.4122 
1395.365 2266.537 3410.136 4813.09 6423.973 8128.355 9743.441 11061.15 11921.57 12261.9 12110.61 11549.21 10680.74 9616.254 8465.517 7321.935 6247.126 5265.947 4375.38 3561.33 2814.015 2135.728 1539.784 1043.206 657.4763 
1398.205 2269.735 3412.146 4811.111 6414.102 8106.324 9706.209 11009.67 11864.53 12218.99 12111.64 11625.93 10851.75 9872.102 8765.056 7605.709 6461.9 5385.539 4405.847 3530.405 2754.526 2073.19 1488.132 1006.645 634.5301 
1398.562 2271.227 3416.004 4818.845 6426.847 8123.905 9726.456 11028.66 11878.2 12225.93 12116.34 11640.65 10894.86 9961.333 8907.309 7789.181 6657.11 5556.697 4526.291 3592.431 2768.421 2058.26 1462.787 982.803 617.1175 
1402.402 2276.586 3422.505 4825.774 6433.591 8130.492 9733.746 11037.86 11889.91 12239.41 12129.96 11653.85 10910.62 9987.371 8953.9 7863.605 6757.483 5669.816 4632.137 3673.144 2815.913 2075.806 1460.719 972.2815 605.929 
1407.822 2285.326 3435.481 4843.675 6456.628 8158.129 9764.595 11070 11921.59 12269.72 12158.95 11682.12 10939.1 10017.81 8989.564 7909.004 6816.081 5740.752 4708.53 3744.047 2871.198 2110.694 1476.98 975.8987 603.4702 
1410.836 2290.675 3444.363 4857.477 6476.61 8184.903 9797.631 11107.48 11960.77 12307.68 12193.43 11712.04 10964.73 10040.59 9011.9 7933.936 6846.654 5778.718 4752.828 3790.288 2913.076 2142.798 1497.153 985.5998 606.2544 
1417.341 2300.521 3457.883 4874.672 6497.395 8209.428 9826.377 11141.01 11999.2 12350.26 12238.38 11756.97 11007.31 10079.34 9046.647 7965.828 6877.72 5810.985 4787.226 3825.815 2946.887 2171.408 1518.115 998.5536 612.7423 
1419.874 2305.42 3466.631 4888.943 6518.443 8237.247 9859.165 11175.45 12031.67 12378.15 12260.84 11774.59 11021.24 10090.52 9055.722 7973.486 6885.046 5819.415 4798.01 3839.285 2962.052 2186.262 1530.558 1007.346 617.8752 
1421.586 2308.261 3471.087 4895.7 6528.474 8251.812 9879.563 11202.5 12065.06 12416.12 12300.45 11812.59 11055.18 10119.29 9079.416 7992.939 6901.381 5833.831 4811.613 3852.805 2975.531 2199.005 1541.499 1015.639 623.3185 
1426.069 2315.077 3480.497 4907.723 6543.04 8268.989 9899.729 11226.37 12093.53 12449.91 12339.64 11856.19 11101.09 10164.76 9121.874 8030.641 6933.704 5861.09 4834.645 3872.508 2992.511 2213.425 1553.19 1024.411 629.2599 
1431.69 2323.861 3492.997 4924.06 6562.711 8290.681 9921.28 11245.1 12107.03 12456.96 12340.7 11853.17 11096.42 10160.45 9118.884 8028.95 6932.799 5860.529 4834.356 3872.733 2993.518 2215.241 1555.521 1026.782 631.2461 
1430.024 2322.778 3494.372 4930.65 6577.459 8315.601 9956.469 11288.46 12154.84 12504.99 12385.3 11892.06 11128.89 10187.14 9141.15 8048.137 6949.741 5875.5 4847.331 3883.693 3002.583 2222.612 1561.372 1031.226 634.3958 
1430.024 2322.778 3494.372 4930.65 6577.459 8315.601 9956.469 11288.46 12154.84 12504.99 12385.3 11892.06 11128.89 10187.14 9141.15 8048.137 6949.741 5875.5 4847.331 3883.693 3002.583 2222.612 1561.372 1031.226 634.3958 
1431.016 2323.593 3494.253 4928.743 6573.482 8310.663 9953.453 11291.43 12167.47 12528.85 12419 11931.77 11169.93 10225.58 9174.716 8076.265 6972.96 5894.698 4863.266 3896.844 3013.243 2231.012 1567.753 1035.85 637.5458 
1430.922 2322.018 3488.879 4915.511 6546.219 8261.127 9872.131 11169.32 11998.7 12313.11 12162.5 11645.99 10868.91 9923.044 8882.405 7803.376 6726.303 5678.913 4680.929 3748.53 2897.657 2145.233 1507.584 996.2935 613.3838 
1415.328 2300.407 3463.229 4889.855 6525.278 8248.088 9866.682 11166.93 11991.39 12291.38 12117.79 11573.06 10767.31 9797.293 8740.589 7655.075 6580.678 5543.519 4561.238 3647.863 2817.279 2084.566 1464.55 967.7996 595.9014 
1403.261 2279.005 3427.903 4835.716 6448.795 8149.317 9750.688 11042.82 11868.7 12175.71 12008.39 11463.79 10650.19 9666.474 8594.914 7498.401 6420.43 5388.468 4419.438 3525.3 2717.277 2007.771 1409.306 930.7928 572.9691 
1390.031 2258.87 3400.114 4800.374 6406.683 8101.747 9699.764 10992.06 11823.46 12142.54 11993.07 11468.56 10671.81 9696.446 8622.247 7513.542 6418.338 5369.514 4388.187 3488.211 2680.502 1975.752 1384.3 913.1167 561.6283 
1383.43 2245.027 3373.339 4752.921 6329.821 7987.731 9543.827 10793.46 11585.4 11871.6 11698.83 11163.12 10368.42 9407.115 8355.246 7272.291 6202.421 5177.091 4218.241 3341.379 2558.362 1879.362 1312.989 864.1234 530.61 
1364.933 2216.294 3332.048 4696.311 6253.231 7883.071 9399.281 10595.36 11322.08 11537.74 11298.26 10708.95 9880.696 8909.165 7869.839 6818.393 5793.165 4819.456 3914.312 3090.279 2357.717 1725.715 1201.504 788.3476 482.8627 
1332.33 2167.747 3267.609 4619.813 6172.281 7808.202 9342.298 10566.53 11326.23 11570.97 11347.56 10756.01 9908.129 8906.009 7833.88 6754.978 5711.919 4730.736 3826.761 3009.926 2288.215 1668.942 1157.956 757.2777 462.4524 
1320.066 2143.87 3224.816 4550.046 6070.171 7675.878 9192.935 10423.54 11217.16 11518.48 11361.92 10832.15 10028.03 9044.792 7967.165 6864.907 5789.988 4777.093 3847.18 3012.332 2280.142 1656.324 1144.862 746.0826 454.1412 
1321.79 2146.621 3228.886 4555.785 6078.222 7687.774 9212.224 10457.32 11277.27 11620.9 11523.27 11063.7 10329.49 9401.418 8352.133 7246.146 6138.446 5072.954 4082.07 3187.763 2403.951 1739.029 1197.062 777.0587 471.3051 
1341.566 2173.881 3260.656 4585.659 6097.322 7686.654 9182.847 10394.64 11180.6 11495.55 11381.71 10925.01 10215.97 9332.56 8338.175 7284.443 6214.691 5166.745 4173.953 3264.445 2459.958 1775.234 1217.811 787.5161 475.8335 
1350.509 2191.966 3294.177 4642 6182.362 7801.08 9319.418 10538.68 11314.27 11603.85 11457.22 10969.57 10239.57 9350.31 8366.018 7334.301 6290.46 5263.091 4278.787 3363.918 2543.365 1837.615 1259.703 812.8887 489.7273 
1359.45 2206.531 3316.571 4675.413 6231.71 7873.371 9422.872 10680.11 11495.37 11818.29 11690.86 11204.42 10459.8 9547.227 8539.637 7491.017 6438.368 5407.236 4418.562 3493.669 2655.569 1926.614 1323.958 854.971 514.6968 
1373.343 2228.24 3347.657 4716.905 6284.249 7937.532 9499.59 10771.2 11603.89 11947.94 11844.06 11379.65 10650.15 9741.639 8726.691 7663.003 6593.08 5546.562 4545.132 3607.989 2755.407 2008.625 1386.054 897.7718 541.3624 
1391.215 2257.578 3392.464 4781.437 6372.679 8053.29 9644.593 10945.56 11806.4 12177.06 12098.43 11657.58 10948.17 10052.98 9040.934 7967.644 6876.479 5800.561 4765.816 3794.513 2908.235 2128.673 1475.078 959.1414 580.1895 
1411.814 2288.959 3435.59 4835.334 6434.142 8116.789 9702.459 10988.95 11827.38 12171.29 12067.14 11607.87 10891.25 10001.15 9004.261 7951.489 6880.853 5821.427 4797.419 3831.344 2945.837 2163.597 1504.757 982.0641 596.1323 
