# Number of parameters = 145 Objective function value = 68129.2  Maximum gradient component = 0.000225362
# srv_sel50:
1.65589080529
# srv_sel95:
2.94137081859
# stNatLen:
 11.7940439153 11.5885545201 11.2885724982 11.0282002417 10.8094921240 10.5993123375 10.3737697533 10.1275912848 9.86824655729 9.60710250285 9.35398610246 9.11549847722 8.89530811864 8.69500108946 8.51487212837 8.35450219594 8.21314016456 8.08992888649 7.98398845634 7.89453841627 7.82092588906 7.76262276792 7.71922007226 7.69043811349 7.67606032780
# log_avg_fmort_dir:
-1.50948092587
# fmort_dir_dev:
 -0.976063921486 -0.792607047257 -0.558288696539 -0.434718434724 -0.197059684161 -0.199187910051 -0.0172055714999 0.0818540388109 0.0573434129027 0.251541627955 0.302099639421 0.320026523147 0.249112271869 0.257408090886 0.256680843475 0.212760264335 0.229286803301 0.201565468935 0.174232804545 0.217543055653 0.0740602977128 0.104973809096 0.0912478502235 0.0755415519463 0.0310629649708 0.00409610596790 -0.0647547157443 0.0299389992691 -0.0239518506555 -0.0552772996854 -0.0117740110697 -0.0728240107969 0.0212957265243 0.0267034937680 0.0147888765583 -0.0442236382056 0.0551408959363 0.00752697510336 -0.0249260215867 -0.0911535829695 0.0680722780335 0.0643879842451 -0.0240240387734 -0.0231986643156 -0.0396376810570 -0.0513754058350 0.296614858363 -0.0814786006434 0.0870053321915 -0.200249041057 0.0515102208463 0.131368041242 0.0886766479652 0.230062542994 0.150236111594 -0.293986984046 -0.237799597628
# mean_log_rec:
11.3083006695
# rec_dev:
 0.520805471005 0.484850778865 0.464508979510 0.435722871138 0.408192124049 0.388906292420 0.371211058041 0.346819926980 0.312108379436 0.281858727847 0.253776693776 0.205532220799 0.143238608953 0.0779312785552 0.0220510260050 0.00393773923371 -0.0177585382342 -0.0417179016289 -0.0728921098311 -0.114587467309 -0.122323629445 -0.135834534481 -0.142741332529 -0.141376615816 -0.137919956865 -0.128482212653 -0.154323237539 -0.195769836563 -0.244502832843 -0.278099261361 -0.214966466521 -0.164658960006 -0.182389309720 -0.185086246321 -0.183489727099 -0.181125706380 -0.159528407795 -0.128939762029 -0.120489369751 -0.118049332510 -0.122230028417 -0.124369509521 -0.125135307464 -0.112168437375 -0.0966861435002 -0.105369500840 -0.109627419088 -0.127557978240 -0.125736466082 -0.102361711545 -0.0821500886590 -0.0551034035780 -0.0160982137332 0.0271435310219 0.0504694721840 0.0362908647508 0.0362909187063
# log_avg_NatM:
-1.47890400000
# m_dev:
 0.00000000000 0.00000000000 0.00000000000 0.00000000000 0.00000000000 0.00000000000 0.00000000000 0.00000000000 0.00000000000 0.00000000000 0.00000000000 0.00000000000 0.00000000000 0.00000000000 0.00000000000 0.00000000000 0.00000000000 0.00000000000 0.00000000000 0.00000000000 0.00000000000 0.00000000000 0.00000000000 0.00000000000 0.00000000000 0.00000000000 0.00000000000 0.00000000000 0.00000000000 0.00000000000 0.00000000000 0.00000000000 0.00000000000 0.00000000000 0.00000000000 0.00000000000 0.00000000000 0.00000000000 0.00000000000 0.00000000000 0.00000000000 0.00000000000 0.00000000000 0.00000000000 0.00000000000 0.00000000000 0.00000000000 0.00000000000 0.00000000000 0.00000000000 0.00000000000 0.00000000000 0.00000000000 0.00000000000 0.00000000000 0.00000000000 0.00000000000
# log_avg_GrowthK:
-1.60943800000
# log_avg_Linf:
4.88280200000
# GrowthK_dev:
 0.00000000000 0.00000000000 0.00000000000 0.00000000000 0.00000000000 0.00000000000 0.00000000000 0.00000000000 0.00000000000 0.00000000000 0.00000000000 0.00000000000 0.00000000000 0.00000000000 0.00000000000 0.00000000000 0.00000000000 0.00000000000 0.00000000000 0.00000000000 0.00000000000 0.00000000000 0.00000000000 0.00000000000 0.00000000000 0.00000000000 0.00000000000 0.00000000000 0.00000000000 0.00000000000 0.00000000000 0.00000000000 0.00000000000 0.00000000000 0.00000000000 0.00000000000 0.00000000000 0.00000000000 0.00000000000 0.00000000000 0.00000000000 0.00000000000 0.00000000000 0.00000000000 0.00000000000 0.00000000000 0.00000000000 0.00000000000 0.00000000000 0.00000000000 0.00000000000 0.00000000000 0.00000000000 0.00000000000 0.00000000000 0.00000000000 0.00000000000
# Linf_dev:
 0.00000000000 0.00000000000 0.00000000000 0.00000000000 0.00000000000 0.00000000000 0.00000000000 0.00000000000 0.00000000000 0.00000000000 0.00000000000 0.00000000000 0.00000000000 0.00000000000 0.00000000000 0.00000000000 0.00000000000 0.00000000000 0.00000000000 0.00000000000 0.00000000000 0.00000000000 0.00000000000 0.00000000000 0.00000000000 0.00000000000 0.00000000000 0.00000000000 0.00000000000 0.00000000000 0.00000000000 0.00000000000 0.00000000000 0.00000000000 0.00000000000 0.00000000000 0.00000000000 0.00000000000 0.00000000000 0.00000000000 0.00000000000 0.00000000000 0.00000000000 0.00000000000 0.00000000000 0.00000000000 0.00000000000 0.00000000000 0.00000000000 0.00000000000 0.00000000000 0.00000000000 0.00000000000 0.00000000000 0.00000000000 0.00000000000 0.00000000000
# SelPars50:
2.23544698423
# SelPars95:
4.06219322328
# SelPars_dev50:
 0.00000000000 0.00000000000 0.00000000000 0.00000000000 0.00000000000 0.00000000000 0.00000000000 0.00000000000 0.00000000000 0.00000000000 0.00000000000 0.00000000000 0.00000000000 0.00000000000 0.00000000000 0.00000000000 0.00000000000 0.00000000000 0.00000000000 0.00000000000 0.00000000000 0.00000000000 0.00000000000 0.00000000000 0.00000000000 0.00000000000 0.00000000000 0.00000000000 0.00000000000 0.00000000000 0.00000000000 0.00000000000 0.00000000000 0.00000000000 0.00000000000 0.00000000000 0.00000000000 0.00000000000 0.00000000000 0.00000000000 0.00000000000 0.00000000000 0.00000000000 0.00000000000 0.00000000000 0.00000000000 0.00000000000 0.00000000000 0.00000000000 0.00000000000 0.00000000000 0.00000000000 0.00000000000 0.00000000000 0.00000000000 0.00000000000 0.00000000000
# SelPars_dev95:
 0.00000000000 0.00000000000 0.00000000000 0.00000000000 0.00000000000 0.00000000000 0.00000000000 0.00000000000 0.00000000000 0.00000000000 0.00000000000 0.00000000000 0.00000000000 0.00000000000 0.00000000000 0.00000000000 0.00000000000 0.00000000000 0.00000000000 0.00000000000 0.00000000000 0.00000000000 0.00000000000 0.00000000000 0.00000000000 0.00000000000 0.00000000000 0.00000000000 0.00000000000 0.00000000000 0.00000000000 0.00000000000 0.00000000000 0.00000000000 0.00000000000 0.00000000000 0.00000000000 0.00000000000 0.00000000000 0.00000000000 0.00000000000 0.00000000000 0.00000000000 0.00000000000 0.00000000000 0.00000000000 0.00000000000 0.00000000000 0.00000000000 0.00000000000 0.00000000000 0.00000000000 0.00000000000 0.00000000000 0.00000000000 0.00000000000 0.00000000000
