# Number of parameters = 188 Objective function value = 62062.0  Maximum gradient component = 0.00165052
# srv_sel50:
1.47374074131
# srv_sel95:
2.43657909429
# stNatLen:
 11.2504036662 11.0969710249 10.8660399812 10.6358189640 10.4115788958 10.1799497527 9.93617628453 9.68591435889 9.43837086736 9.20135159518 8.97980206634 8.77617509696 8.59125945524 8.42486042569 8.27629271484 8.14465424540 8.02899364690 7.92839316099 7.84206191890 7.76927755894 7.70948045684 7.66222532851 7.62704777885 7.60370763218 7.59203427561
# log_avg_fmort_dir:
-1.52496333320
# fmort_dir_dev:
 -0.652349171299 -0.500848901054 -0.316324392582 -0.261763906616 -0.115224491352 -0.106144544313 0.0289260137413 0.116117136975 0.241680242817 0.306054122286 0.304702388930 0.430451414311 0.459376168649 0.258898902311 0.396640332127 0.311270943487 0.364570440948 0.280255306717 0.293891351816 0.111448579161 0.188959772496 0.0405591264358 0.133230571678 0.119072366566 0.123221019454 0.206203846025 -0.0111791325167 -0.0714050027946 -0.124414965512 -0.181652690737 -0.0833333444712 -0.0540918275043 -0.000244100951751 -0.0675215453913 -0.0345416923806 -0.0730992734072 -0.0934772536997 -0.0590802166510 -0.106774849311 0.115011259626 0.102196312703 0.0176766146794 0.0607999184522 -0.118116612718 -0.0387584544239 -0.174489301527 0.187079736459 0.134670839133 -0.487381889334 -1.28149485368 -0.274229204674 -0.0450231090769
# mean_log_rec:
11.0976991693
# rec_dev:
 0.268204953469 0.264729882996 0.271959905413 0.251025923996 0.253540466459 0.269746751386 0.254988846812 0.220328377849 0.159057476023 0.108233773869 0.0607911898818 0.0167861732840 -0.0220475129665 -0.0808614705551 -0.157245346174 -0.205637342403 -0.198157503389 -0.193486130101 -0.175783702290 -0.170495359317 -0.184938807442 -0.186426571526 -0.202173353361 -0.216905273232 -0.219942570476 -0.188665686859 -0.135463886619 -0.0659432951704 -0.0297360491362 -0.0356949781198 -0.0181453138707 -0.0241808190105 -0.0293404708344 -0.00609841275832 0.0371501102600 0.0480862253750 0.0332845457057 0.00540004251977 -0.0503823362704 -0.111738858220 -0.123941449897 -0.0607118600917 0.0463515453520 0.130514127774 0.168747033874 0.110348277201 -0.0169915548924 -0.108522415478 -0.0802754215484 0.0488881949954 0.135885018533 0.135884908985
# log_avg_NatM:
-1.62236500356
# m_dev:
 -0.505351734296 -0.322975497548 -0.165684093254 0.0447337454095 -0.238677247069 -0.257354482307 -0.0969812923636 -0.103740039377 0.0964972305164 -0.0134641737237 -0.154518526673 -0.219869628604 -0.0743994560657 -0.0136584950500 0.185058632412 -0.0803721543288 -0.276399386688 -0.227098202454 -0.257880917247 -0.0190415273751 0.0719279136447 -0.0700193272210 0.0327291943793 0.0125191044444 -0.0702198290942 -0.168581264235 -0.190142691978 -0.269152570363 -0.101132475570 0.0937122659115 0.516420426528 0.539703837643 0.246788959647 0.0461105171164 -0.00569600394130 0.219719822690 0.308106590176 0.307758781769 0.352041105122 0.453258585092 0.212484582053 -0.168038292203 -0.321235557856 -0.248857762275 0.117818461108 0.482506488616 0.656837308608 0.493640817466 0.00291562566327 -0.178908531422 -0.328738201771 -0.345100633660
# log_avg_GrowthK:
-1.60943800000
# log_avg_Linf:
4.88280200000
# GrowthK_dev:
 0.00000000000 0.00000000000 0.00000000000 0.00000000000 0.00000000000 0.00000000000 0.00000000000 0.00000000000 0.00000000000 0.00000000000 0.00000000000 0.00000000000 0.00000000000 0.00000000000 0.00000000000 0.00000000000 0.00000000000 0.00000000000 0.00000000000 0.00000000000 0.00000000000 0.00000000000 0.00000000000 0.00000000000 0.00000000000 0.00000000000 0.00000000000 0.00000000000 0.00000000000 0.00000000000 0.00000000000 0.00000000000 0.00000000000 0.00000000000 0.00000000000 0.00000000000 0.00000000000 0.00000000000 0.00000000000 0.00000000000 0.00000000000 0.00000000000 0.00000000000 0.00000000000 0.00000000000 0.00000000000 0.00000000000 0.00000000000 0.00000000000 0.00000000000 0.00000000000 0.00000000000
# Linf_dev:
 0.00000000000 0.00000000000 0.00000000000 0.00000000000 0.00000000000 0.00000000000 0.00000000000 0.00000000000 0.00000000000 0.00000000000 0.00000000000 0.00000000000 0.00000000000 0.00000000000 0.00000000000 0.00000000000 0.00000000000 0.00000000000 0.00000000000 0.00000000000 0.00000000000 0.00000000000 0.00000000000 0.00000000000 0.00000000000 0.00000000000 0.00000000000 0.00000000000 0.00000000000 0.00000000000 0.00000000000 0.00000000000 0.00000000000 0.00000000000 0.00000000000 0.00000000000 0.00000000000 0.00000000000 0.00000000000 0.00000000000 0.00000000000 0.00000000000 0.00000000000 0.00000000000 0.00000000000 0.00000000000 0.00000000000 0.00000000000 0.00000000000 0.00000000000 0.00000000000 0.00000000000
# SelPars50:
2.01525090911
# SelPars95:
3.57546987618
# SelPars_dev50:
 0.00000000000 0.00000000000 0.00000000000 0.00000000000 0.00000000000 0.00000000000 0.00000000000 0.00000000000 0.00000000000 0.00000000000 0.00000000000 0.00000000000 0.00000000000 0.00000000000 0.00000000000 0.00000000000 0.00000000000 0.00000000000 0.00000000000 0.00000000000 0.00000000000 0.00000000000 0.00000000000 0.00000000000 0.00000000000 0.00000000000 0.00000000000 0.00000000000 0.00000000000 0.00000000000 0.00000000000 0.00000000000 0.00000000000 0.00000000000 0.00000000000 0.00000000000 0.00000000000 0.00000000000 0.00000000000 0.00000000000 0.00000000000 0.00000000000 0.00000000000 0.00000000000 0.00000000000 0.00000000000 0.00000000000 0.00000000000 0.00000000000 0.00000000000 0.00000000000 0.00000000000
# SelPars_dev95:
 0.00000000000 0.00000000000 0.00000000000 0.00000000000 0.00000000000 0.00000000000 0.00000000000 0.00000000000 0.00000000000 0.00000000000 0.00000000000 0.00000000000 0.00000000000 0.00000000000 0.00000000000 0.00000000000 0.00000000000 0.00000000000 0.00000000000 0.00000000000 0.00000000000 0.00000000000 0.00000000000 0.00000000000 0.00000000000 0.00000000000 0.00000000000 0.00000000000 0.00000000000 0.00000000000 0.00000000000 0.00000000000 0.00000000000 0.00000000000 0.00000000000 0.00000000000 0.00000000000 0.00000000000 0.00000000000 0.00000000000 0.00000000000 0.00000000000 0.00000000000 0.00000000000 0.00000000000 0.00000000000 0.00000000000 0.00000000000 0.00000000000 0.00000000000 0.00000000000 0.00000000000
