# Number of parameters = 157 Objective function value = 75701.4  Maximum gradient component = 1.46410e-005
# srv_sel50:
1.48824102517
# srv_sel95:
2.46647956137
# stNatLen:
 11.4779456808 11.3175109736 11.0880197915 10.8593065178 10.6351779288 10.4028717760 10.1579614142 9.90619789829 9.65688910781 9.41796552491 9.19449620619 8.98902933092 8.80239317779 8.63442129219 8.48444083446 8.35155295169 8.23479756685 8.13325605756 8.04606382079 7.97249877378 7.91201024312 7.86413189525 7.82854326825 7.80504174171 7.79340664903
# log_avg_fmort_dir:
-1.61306237260
# fmort_dir_dev:
 -0.389758932714 -0.550039361638 -0.353447104260 -0.172839758113 -0.0606601355466 -0.0847025887755 0.133819622659 0.142968177184 0.237786764058 0.313725352646 0.411562372038 0.448756633231 0.426361441902 0.355379056849 0.412792717128 0.347091467279 0.331761396966 0.228423108769 0.346618926341 0.283886195349 0.197404634452 0.180251951136 0.113187979136 0.173600722182 0.162877800647 0.100486223173 0.0785278621932 0.0364597176787 0.0783911835433 0.106471461685 0.0373401841038 -0.00932504576796 -0.00928501270213 0.0161587748714 -0.0604591919078 0.00207601813330 0.0407492093554 0.0633997849033 0.0272209519134 0.0464846079396 0.0196312554453 -0.0402069580153 -0.101056636186 -0.00602787611826 -0.0317867272737 -0.0489686494872 -0.357495150270 -0.421767391407 -0.306866995139 -0.274557380455 -0.219142475543 -0.149461623982 -0.292299309226 -0.136819185398 -0.0509266672414 -0.129542509332 -0.228097840480 -0.169152803960 -0.290390854353 -0.163407870598 -0.289259990456 -0.291566400680 -0.212335127866
# mean_log_rec:
11.0984145140
# rec_dev:
 0.421481806625 0.384820182922 0.363928936497 0.340323880968 0.320150849600 0.295848365492 0.285411737720 0.269609908226 0.240927274580 0.201133583670 0.148555420031 0.100834981088 0.0728684175105 0.0429508304338 0.00195706250692 -0.0205545154603 -0.0536683318155 -0.118740472474 -0.164736384435 -0.177114103787 -0.179273823219 -0.173667382181 -0.190321739583 -0.197895840136 -0.186903353034 -0.184593118517 -0.187125412142 -0.190540961360 -0.183653506194 -0.154001044015 -0.120705730060 -0.0880882424890 -0.0616906576433 -0.0462245165881 -0.0381018384104 -0.0518979010552 -0.0654724344416 -0.0835028507371 -0.109268163220 -0.107451297956 -0.107831445718 -0.104281074219 -0.0924726255283 -0.0710459116300 -0.0545691018239 -0.0453382875357 -0.0372500827478 -0.0270822572066 -0.0183199757706 -0.00588051900293 -0.000181495630607 -0.00215497436451 0.00103319384981 0.00214258050874 0.00640746198479 0.0108864619994 0.0189204619541 0.0369882317578 0.0378882694406 0.0238053775068 0.0254799375621 0.0236230764934 0.0236230812020
# log_avg_NatM:
-1.60943800000
# m_dev:
 0.00000000000 0.00000000000 0.00000000000 0.00000000000 0.00000000000 0.00000000000 0.00000000000 0.00000000000 0.00000000000 0.00000000000 0.00000000000 0.00000000000 0.00000000000 0.00000000000 0.00000000000 0.00000000000 0.00000000000 0.00000000000 0.00000000000 0.00000000000 0.00000000000 0.00000000000 0.00000000000 0.00000000000 0.00000000000 0.00000000000 0.00000000000 0.00000000000 0.00000000000 0.00000000000 0.00000000000 0.00000000000 0.00000000000 0.00000000000 0.00000000000 0.00000000000 0.00000000000 0.00000000000 0.00000000000 0.00000000000 0.00000000000 0.00000000000 0.00000000000 0.00000000000 0.00000000000 0.00000000000 0.00000000000 0.00000000000 0.00000000000 0.00000000000 0.00000000000 0.00000000000 0.00000000000 0.00000000000 0.00000000000 0.00000000000 0.00000000000 0.00000000000 0.00000000000 0.00000000000 0.00000000000 0.00000000000 0.00000000000
# log_avg_GrowthK:
-1.60943800000
# log_avg_Linf:
4.88280200000
# GrowthK_dev:
 0.00000000000 0.00000000000 0.00000000000 0.00000000000 0.00000000000 0.00000000000 0.00000000000 0.00000000000 0.00000000000 0.00000000000 0.00000000000 0.00000000000 0.00000000000 0.00000000000 0.00000000000 0.00000000000 0.00000000000 0.00000000000 0.00000000000 0.00000000000 0.00000000000 0.00000000000 0.00000000000 0.00000000000 0.00000000000 0.00000000000 0.00000000000 0.00000000000 0.00000000000 0.00000000000 0.00000000000 0.00000000000 0.00000000000 0.00000000000 0.00000000000 0.00000000000 0.00000000000 0.00000000000 0.00000000000 0.00000000000 0.00000000000 0.00000000000 0.00000000000 0.00000000000 0.00000000000 0.00000000000 0.00000000000 0.00000000000 0.00000000000 0.00000000000 0.00000000000 0.00000000000 0.00000000000 0.00000000000 0.00000000000 0.00000000000 0.00000000000 0.00000000000 0.00000000000 0.00000000000 0.00000000000 0.00000000000 0.00000000000
# Linf_dev:
 0.00000000000 0.00000000000 0.00000000000 0.00000000000 0.00000000000 0.00000000000 0.00000000000 0.00000000000 0.00000000000 0.00000000000 0.00000000000 0.00000000000 0.00000000000 0.00000000000 0.00000000000 0.00000000000 0.00000000000 0.00000000000 0.00000000000 0.00000000000 0.00000000000 0.00000000000 0.00000000000 0.00000000000 0.00000000000 0.00000000000 0.00000000000 0.00000000000 0.00000000000 0.00000000000 0.00000000000 0.00000000000 0.00000000000 0.00000000000 0.00000000000 0.00000000000 0.00000000000 0.00000000000 0.00000000000 0.00000000000 0.00000000000 0.00000000000 0.00000000000 0.00000000000 0.00000000000 0.00000000000 0.00000000000 0.00000000000 0.00000000000 0.00000000000 0.00000000000 0.00000000000 0.00000000000 0.00000000000 0.00000000000 0.00000000000 0.00000000000 0.00000000000 0.00000000000 0.00000000000 0.00000000000 0.00000000000 0.00000000000
# SelPars50:
2.01589378401
# SelPars95:
3.56989542491
# SelPars_dev50:
 0.00000000000 0.00000000000 0.00000000000 0.00000000000 0.00000000000 0.00000000000 0.00000000000 0.00000000000 0.00000000000 0.00000000000 0.00000000000 0.00000000000 0.00000000000 0.00000000000 0.00000000000 0.00000000000 0.00000000000 0.00000000000 0.00000000000 0.00000000000 0.00000000000 0.00000000000 0.00000000000 0.00000000000 0.00000000000 0.00000000000 0.00000000000 0.00000000000 0.00000000000 0.00000000000 0.00000000000 0.00000000000 0.00000000000 0.00000000000 0.00000000000 0.00000000000 0.00000000000 0.00000000000 0.00000000000 0.00000000000 0.00000000000 0.00000000000 0.00000000000 0.00000000000 0.00000000000 0.00000000000 0.00000000000 0.00000000000 0.00000000000 0.00000000000 0.00000000000 0.00000000000 0.00000000000 0.00000000000 0.00000000000 0.00000000000 0.00000000000 0.00000000000 0.00000000000 0.00000000000 0.00000000000 0.00000000000 0.00000000000
# SelPars_dev95:
 0.00000000000 0.00000000000 0.00000000000 0.00000000000 0.00000000000 0.00000000000 0.00000000000 0.00000000000 0.00000000000 0.00000000000 0.00000000000 0.00000000000 0.00000000000 0.00000000000 0.00000000000 0.00000000000 0.00000000000 0.00000000000 0.00000000000 0.00000000000 0.00000000000 0.00000000000 0.00000000000 0.00000000000 0.00000000000 0.00000000000 0.00000000000 0.00000000000 0.00000000000 0.00000000000 0.00000000000 0.00000000000 0.00000000000 0.00000000000 0.00000000000 0.00000000000 0.00000000000 0.00000000000 0.00000000000 0.00000000000 0.00000000000 0.00000000000 0.00000000000 0.00000000000 0.00000000000 0.00000000000 0.00000000000 0.00000000000 0.00000000000 0.00000000000 0.00000000000 0.00000000000 0.00000000000 0.00000000000 0.00000000000 0.00000000000 0.00000000000 0.00000000000 0.00000000000 0.00000000000 0.00000000000 0.00000000000 0.00000000000
