# Number of parameters = 230 Objective function value = 79109.9638842060  Maximum gradient component = 0.000977925802831298
# srv_sel50:
1.46758411182
# srv_sel95:
2.41968300821
# stNatLen:
 11.3261999802 11.2018735310 11.0030187415 10.8102263689 10.6246447432 10.4259924184 10.2052067101 9.96747189335 9.72401139666 9.48530126472 9.25859923006 9.04802442859 8.85543880923 8.68132658555 8.52538370539 8.38692121897 8.26507127893 8.15896618047 8.06779587452 7.99083955542 7.92756505161 7.87748960056 7.84013961934 7.81525246700 7.80277830932
# log_avg_fmort_dir:
-1.61498966781
# fmort_dir_dev:
 -1.90675450205 -1.84125370282 -1.48173418096 -1.11538476522 -0.864401098246 -0.623521159617 -0.563632668838 -0.273500487060 -0.0144094448969 0.179195913889 0.276881520048 0.391557868533 0.448439483713 0.545146569556 0.577207785385 0.626008343223 0.539717778111 0.594031776174 0.555671640183 0.472949860433 0.370352628327 0.426657887586 0.369717489189 0.296129658193 0.316447892395 0.307849681884 0.297162348885 0.233474922927 0.193790190910 0.168883680342 0.250368342899 0.174868124575 0.263671686589 0.145112955475 0.0567536640775 0.140247480186 0.177417389836 0.108861352048 0.0811811235585 0.0593024278772 0.0470729081643 -0.0392239012896 -0.0327565631656 -0.188662161188 -0.200479047012 -0.183376608660 -0.0409467799504 0.0100765067770 0.166625610032 0.125723947157 -0.0279528392040 -0.0950569978131 0.185189597973 0.439230679429 0.250321260575 -0.800904829124 0.0269010050456 0.465800969094 0.291770636999 -0.700462125725 -0.941612173392 0.0604854830553 0.0370615550569 0.120523052028 -0.00283827108202 0.0670216289203
# mean_log_rec:
11.1116012318
# rec_dev:
 0.420452483756 0.457461174622 0.493417978989 0.471226052119 0.458939798139 0.459440951585 0.383613625066 0.240180955108 0.0987448063427 0.00373722874467 -0.0395544412895 -0.0489946668017 -0.0523505746695 -0.0779236800552 -0.114499201762 -0.150906635103 -0.201823374530 -0.239083954206 -0.255520545791 -0.239436918525 -0.219220519369 -0.194637043174 -0.201400197309 -0.227313990095 -0.240838525140 -0.261472497784 -0.261657169559 -0.255372977615 -0.255681441295 -0.255836079574 -0.268899611788 -0.300489307461 -0.317500996554 -0.284500493456 -0.163344142018 -0.0847144573112 -0.0632183031073 -0.0254624332712 0.0203332572331 0.0178179179573 0.0630874600946 0.142443695454 0.209781073374 0.263258312024 0.253689273685 0.183086971361 0.0452017980211 -0.0990392406785 -0.101734819888 -0.0318406054414 0.0477313464902 0.0884773798630 0.0807389660415 0.0578898644496 0.0660232662140 0.105114794700 0.109074248299 0.0492026940781 -0.00721399413984 -0.0113793618152 0.0285040124959 0.0681053642144 0.0588552492885 0.0420356314096 0.0325972630109 0.0325973063460
# log_avg_NatM:
-1.60728663794
# m_dev:
 -0.752583616483 -0.526635881519 -0.115492428991 0.212429655454 -0.00447142048457 -0.0691197501379 0.306831667640 0.421398784565 0.360096250044 0.154322434404 -0.278681225494 -0.512594820198 -0.592076456249 -0.482481487608 -0.424537495235 -0.372448169655 -0.278232277639 -0.299681855872 -0.266482006642 -0.429684163319 -0.514794516072 -0.434998887759 -0.0543120727474 -0.0729475121572 -0.0705555117067 -0.0209968941325 -0.149481906919 -0.0767912927925 -0.130986763553 -0.122226723441 -0.0275288090539 0.0303869118477 -0.0872186200783 -0.156810660548 -0.0114897779845 0.201767667381 0.0311098637634 -0.101258019413 -0.0411460618046 0.337186263396 0.0316694576113 -0.0449211356658 0.0355913445015 0.101014452820 0.416188372580 0.462441570778 0.716017928753 0.664234889058 0.0343519883419 -0.0762032426528 -0.165593054355 -0.0146179347870 0.311340465599 0.296768956239 -0.0403676531677 0.0828494593658 0.311301723505 0.504755054314 0.309388595859 0.116986155015 0.287995070996 0.189999535691 0.285489193267 0.158381463544 0.228427003956 0.219727926027
# log_avg_GrowthK:
-1.60943800000
# log_avg_Linf:
4.88280200000
# GrowthK_dev:
 0.00000000000 0.00000000000 0.00000000000 0.00000000000 0.00000000000 0.00000000000 0.00000000000 0.00000000000 0.00000000000 0.00000000000 0.00000000000 0.00000000000 0.00000000000 0.00000000000 0.00000000000 0.00000000000 0.00000000000 0.00000000000 0.00000000000 0.00000000000 0.00000000000 0.00000000000 0.00000000000 0.00000000000 0.00000000000 0.00000000000 0.00000000000 0.00000000000 0.00000000000 0.00000000000 0.00000000000 0.00000000000 0.00000000000 0.00000000000 0.00000000000 0.00000000000 0.00000000000 0.00000000000 0.00000000000 0.00000000000 0.00000000000 0.00000000000 0.00000000000 0.00000000000 0.00000000000 0.00000000000 0.00000000000 0.00000000000 0.00000000000 0.00000000000 0.00000000000 0.00000000000 0.00000000000 0.00000000000 0.00000000000 0.00000000000 0.00000000000 0.00000000000 0.00000000000 0.00000000000 0.00000000000 0.00000000000 0.00000000000 0.00000000000 0.00000000000 0.00000000000
# Linf_dev:
 0.00000000000 0.00000000000 0.00000000000 0.00000000000 0.00000000000 0.00000000000 0.00000000000 0.00000000000 0.00000000000 0.00000000000 0.00000000000 0.00000000000 0.00000000000 0.00000000000 0.00000000000 0.00000000000 0.00000000000 0.00000000000 0.00000000000 0.00000000000 0.00000000000 0.00000000000 0.00000000000 0.00000000000 0.00000000000 0.00000000000 0.00000000000 0.00000000000 0.00000000000 0.00000000000 0.00000000000 0.00000000000 0.00000000000 0.00000000000 0.00000000000 0.00000000000 0.00000000000 0.00000000000 0.00000000000 0.00000000000 0.00000000000 0.00000000000 0.00000000000 0.00000000000 0.00000000000 0.00000000000 0.00000000000 0.00000000000 0.00000000000 0.00000000000 0.00000000000 0.00000000000 0.00000000000 0.00000000000 0.00000000000 0.00000000000 0.00000000000 0.00000000000 0.00000000000 0.00000000000 0.00000000000 0.00000000000 0.00000000000 0.00000000000 0.00000000000 0.00000000000
# SelPars50:
2.01910484223
# SelPars95:
3.59437704204
# SelPars_dev50:
 0.00000000000 0.00000000000 0.00000000000 0.00000000000 0.00000000000 0.00000000000 0.00000000000 0.00000000000 0.00000000000 0.00000000000 0.00000000000 0.00000000000 0.00000000000 0.00000000000 0.00000000000 0.00000000000 0.00000000000 0.00000000000 0.00000000000 0.00000000000 0.00000000000 0.00000000000 0.00000000000 0.00000000000 0.00000000000 0.00000000000 0.00000000000 0.00000000000 0.00000000000 0.00000000000 0.00000000000 0.00000000000 0.00000000000 0.00000000000 0.00000000000 0.00000000000 0.00000000000 0.00000000000 0.00000000000 0.00000000000 0.00000000000 0.00000000000 0.00000000000 0.00000000000 0.00000000000 0.00000000000 0.00000000000 0.00000000000 0.00000000000 0.00000000000 0.00000000000 0.00000000000 0.00000000000 0.00000000000 0.00000000000 0.00000000000 0.00000000000 0.00000000000 0.00000000000 0.00000000000 0.00000000000 0.00000000000 0.00000000000 0.00000000000 0.00000000000 0.00000000000
# SelPars_dev95:
 0.00000000000 0.00000000000 0.00000000000 0.00000000000 0.00000000000 0.00000000000 0.00000000000 0.00000000000 0.00000000000 0.00000000000 0.00000000000 0.00000000000 0.00000000000 0.00000000000 0.00000000000 0.00000000000 0.00000000000 0.00000000000 0.00000000000 0.00000000000 0.00000000000 0.00000000000 0.00000000000 0.00000000000 0.00000000000 0.00000000000 0.00000000000 0.00000000000 0.00000000000 0.00000000000 0.00000000000 0.00000000000 0.00000000000 0.00000000000 0.00000000000 0.00000000000 0.00000000000 0.00000000000 0.00000000000 0.00000000000 0.00000000000 0.00000000000 0.00000000000 0.00000000000 0.00000000000 0.00000000000 0.00000000000 0.00000000000 0.00000000000 0.00000000000 0.00000000000 0.00000000000 0.00000000000 0.00000000000 0.00000000000 0.00000000000 0.00000000000 0.00000000000 0.00000000000 0.00000000000 0.00000000000 0.00000000000 0.00000000000 0.00000000000 0.00000000000 0.00000000000
