# Number of parameters = 236 Objective function value = 81527.6  Maximum gradient component = 0.00431985
# srv_sel50:
1.46628867460
# srv_sel95:
2.41452734826
# stNatLen:
 11.6979595503 11.5469704608 11.3469149403 11.1583734137 10.9724849246 10.7688178475 10.5421201278 10.3009280288 10.0577072118 9.82260882974 9.60192829879 9.39880140439 9.21430411073 9.04838372124 8.90037025580 8.76931854858 8.65427464116 8.55428122389 8.46856269069 8.39634862630 8.33705900113 8.29024879628 8.25554054181 8.23256428464 8.22117476583
# log_avg_fmort_dir:
-1.61364060553
# fmort_dir_dev:
 -1.86687019576 -1.89271402016 -1.29468557805 -0.964033965044 -0.627490579822 -0.498242100522 -0.263857546618 -0.171853563420 -0.0716022929985 0.110168586590 0.229976781009 0.328845368278 0.364675472378 0.466400761863 0.480620786122 0.492414217960 0.451317746525 0.450704866012 0.448348509606 0.474780623033 0.507753890259 0.450373393037 0.426486891537 0.422489278232 0.439006428266 0.289261298599 0.276457505602 0.292139572886 0.236935609669 0.275550535009 0.117442371080 0.138407924536 0.0301489500656 0.0527904097258 0.114892062029 -0.0228723055699 0.103206999925 -0.0464933843199 -0.00946327810581 -0.0197031856724 -0.0404040503746 -0.0894353434228 -0.0252863108037 -0.106973473418 -0.140048244326 -0.146059751264 -0.0770733699203 -0.147630050840 -0.0419642029974 0.0159058631851 -0.275368219479 -0.00889593553348 0.0607725934862 0.0456442418062 0.170592239882 0.0452427301337 0.0772429428156 0.276683445876 0.215959151539 -0.0397441141283 -0.652339570472 0.0532375413868 0.244755263329 -0.187912290892 -0.0795789159428 0.213088568013 -0.0156633972727 -0.0664621841420
# mean_log_rec:
11.0991780540
# rec_dev:
 0.463550628035 0.370544303340 0.291434274795 0.274039636445 0.298613857222 0.309921377613 0.290528230993 0.269628575013 0.209958548724 0.150052157254 0.0965997071646 0.0678467062283 0.0664468797459 0.0374261687386 -0.00758846495059 -0.0624957376601 -0.106820885963 -0.158293297979 -0.213230610736 -0.258173025166 -0.293747413580 -0.306684855187 -0.321055399204 -0.321169942170 -0.313906726373 -0.306773162763 -0.297635718635 -0.286127813097 -0.283331322287 -0.258524233982 -0.224537011348 -0.214282547210 -0.199586618312 -0.165935756655 -0.0338185795837 0.0682068266690 0.0906201296806 0.0851060787144 0.0933299315512 0.102759235355 0.144549537127 0.176440430103 0.192712674575 0.196339374952 0.157184373030 0.149242746447 0.150736539125 0.141567786780 0.0572705131799 -0.00224362244789 -0.00822943219588 0.00587059734897 0.0280978045083 0.0439695099215 0.0626935276877 0.0585418211805 0.0311461112593 -0.00276200725377 -0.0299716382475 -0.0104581225518 0.0281508234977 0.0363234439074 0.00300549570102 -0.0476644439825 -0.0959687395836 -0.138532894736 -0.165453126620 -0.165453213151
# log_avg_NatM:
-1.53953497320
# m_dev:
 0.566823074735 0.304746425949 0.258747029120 -0.0997165634775 -0.308514947963 -0.251141288966 -0.0809196905826 -0.215871479438 0.0731012668549 -0.0798701564635 -0.0508787278193 -0.375546052038 -0.524059945583 -0.274797369440 -0.208367065114 -0.172624963358 -0.193493482993 -0.0917551659673 -0.210388079171 -0.230566646698 -0.239525375269 -0.281488383677 -0.329445304765 -0.423859657956 -0.264272578993 -0.277016487367 -0.283674547471 -0.240317685478 -0.248444823448 -0.276396225494 -0.197703063838 -0.0683113654383 -0.230595561011 -0.193422702356 -0.0748249200755 0.0721666336846 0.0847142785211 0.169939292150 0.152926709205 0.212458866231 -0.0157299085277 0.102571722963 0.166222580026 0.258067159119 0.410761944780 0.269131202662 0.217290480505 0.155402014403 0.544577678998 0.304247088375 0.174287617875 0.131881937376 -0.00317815517489 0.132516163365 0.0564465442418 0.0201077734541 0.208737091932 0.294880045918 0.191806496301 -0.0806298325912 0.0138599131708 0.265830013675 0.171388795345 0.166147770226 0.259549324272 0.224762727144 0.227205015187 0.234045526239
# log_avg_GrowthK:
-1.64409100000
# log_avg_Linf:
4.80820800000
# GrowthK_dev:
 0.00000000000 0.00000000000 0.00000000000 0.00000000000 0.00000000000 0.00000000000 0.00000000000 0.00000000000 0.00000000000 0.00000000000 0.00000000000 0.00000000000 0.00000000000 0.00000000000 0.00000000000 0.00000000000 0.00000000000 0.00000000000 0.00000000000 0.00000000000 0.00000000000 0.00000000000 0.00000000000 0.00000000000 0.00000000000 0.00000000000 0.00000000000 0.00000000000 0.00000000000 0.00000000000 0.00000000000 0.00000000000 0.00000000000 0.00000000000 0.00000000000 0.00000000000 0.00000000000 0.00000000000 0.00000000000 0.00000000000 0.00000000000 0.00000000000 0.00000000000 0.00000000000 0.00000000000 0.00000000000 0.00000000000 0.00000000000 0.00000000000 0.00000000000 0.00000000000 0.00000000000 0.00000000000 0.00000000000 0.00000000000 0.00000000000 0.00000000000 0.00000000000 0.00000000000 0.00000000000 0.00000000000 0.00000000000 0.00000000000 0.00000000000 0.00000000000 0.00000000000 0.00000000000 0.00000000000
# Linf_dev:
 0.00000000000 0.00000000000 0.00000000000 0.00000000000 0.00000000000 0.00000000000 0.00000000000 0.00000000000 0.00000000000 0.00000000000 0.00000000000 0.00000000000 0.00000000000 0.00000000000 0.00000000000 0.00000000000 0.00000000000 0.00000000000 0.00000000000 0.00000000000 0.00000000000 0.00000000000 0.00000000000 0.00000000000 0.00000000000 0.00000000000 0.00000000000 0.00000000000 0.00000000000 0.00000000000 0.00000000000 0.00000000000 0.00000000000 0.00000000000 0.00000000000 0.00000000000 0.00000000000 0.00000000000 0.00000000000 0.00000000000 0.00000000000 0.00000000000 0.00000000000 0.00000000000 0.00000000000 0.00000000000 0.00000000000 0.00000000000 0.00000000000 0.00000000000 0.00000000000 0.00000000000 0.00000000000 0.00000000000 0.00000000000 0.00000000000 0.00000000000 0.00000000000 0.00000000000 0.00000000000 0.00000000000 0.00000000000 0.00000000000 0.00000000000 0.00000000000 0.00000000000 0.00000000000 0.00000000000
# SelPars50:
2.01399176358
# SelPars95:
3.57967727837
# SelPars_dev50:
 0.00000000000 0.00000000000 0.00000000000 0.00000000000 0.00000000000 0.00000000000 0.00000000000 0.00000000000 0.00000000000 0.00000000000 0.00000000000 0.00000000000 0.00000000000 0.00000000000 0.00000000000 0.00000000000 0.00000000000 0.00000000000 0.00000000000 0.00000000000 0.00000000000 0.00000000000 0.00000000000 0.00000000000 0.00000000000 0.00000000000 0.00000000000 0.00000000000 0.00000000000 0.00000000000 0.00000000000 0.00000000000 0.00000000000 0.00000000000 0.00000000000 0.00000000000 0.00000000000 0.00000000000 0.00000000000 0.00000000000 0.00000000000 0.00000000000 0.00000000000 0.00000000000 0.00000000000 0.00000000000 0.00000000000 0.00000000000 0.00000000000 0.00000000000 0.00000000000 0.00000000000 0.00000000000 0.00000000000 0.00000000000 0.00000000000 0.00000000000 0.00000000000 0.00000000000 0.00000000000 0.00000000000 0.00000000000 0.00000000000 0.00000000000 0.00000000000 0.00000000000 0.00000000000 0.00000000000
# SelPars_dev95:
 0.00000000000 0.00000000000 0.00000000000 0.00000000000 0.00000000000 0.00000000000 0.00000000000 0.00000000000 0.00000000000 0.00000000000 0.00000000000 0.00000000000 0.00000000000 0.00000000000 0.00000000000 0.00000000000 0.00000000000 0.00000000000 0.00000000000 0.00000000000 0.00000000000 0.00000000000 0.00000000000 0.00000000000 0.00000000000 0.00000000000 0.00000000000 0.00000000000 0.00000000000 0.00000000000 0.00000000000 0.00000000000 0.00000000000 0.00000000000 0.00000000000 0.00000000000 0.00000000000 0.00000000000 0.00000000000 0.00000000000 0.00000000000 0.00000000000 0.00000000000 0.00000000000 0.00000000000 0.00000000000 0.00000000000 0.00000000000 0.00000000000 0.00000000000 0.00000000000 0.00000000000 0.00000000000 0.00000000000 0.00000000000 0.00000000000 0.00000000000 0.00000000000 0.00000000000 0.00000000000 0.00000000000 0.00000000000 0.00000000000 0.00000000000 0.00000000000 0.00000000000 0.00000000000 0.00000000000
