# Number of parameters = 221 Objective function value = 75457.4879829628  Maximum gradient component = 0.0131947791597490
# srv_sel50:
1.47723066238
# srv_sel95:
2.43540601281
# stNatLen:
 11.4114038374 11.2691198793 11.0664088896 10.8758976176 10.6905484576 10.4886852705 10.2637974798 10.0237361562 9.78081670173 9.54531655227 9.32373020520 9.11938239762 8.93352313121 8.76616417285 8.61672076449 8.48433230574 8.36806663858 8.26702647092 8.18036257610 8.10735314740 8.04739792653 8.00001069056 7.96474406975 7.94140052289 7.92978463635
# log_avg_fmort_dir:
-1.62124108644
# fmort_dir_dev:
 -1.88316744558 -1.88016025925 -1.33716163288 -0.844097107098 -0.644773855349 -0.474374416455 -0.190518372541 -0.181776670163 0.0187946621783 0.0800467192628 0.121862936605 0.220932441581 0.313184886924 0.349950661827 0.509427248018 0.523863665626 0.582140617300 0.440053411626 0.408232306295 0.379986139165 0.227544641167 0.286878640170 0.278803477957 0.322879501692 0.338819596432 0.184323584403 0.277177582022 0.239564803927 0.260361067524 0.190041409888 0.164612615214 0.100092622749 -0.00254234464493 0.162719029429 0.00896209675491 -0.00672075499962 0.0325833442367 0.174108194111 0.0402435432065 -0.0407681235366 0.0107374675250 -0.189513787625 -0.199177911367 -0.186882047365 0.000629840742965 -0.0267017806231 -0.0138284173516 -0.0227124477613 -0.0936985341717 -0.00366747272835 0.271031201047 -0.0373825621411 -0.144687854608 -0.0415167571751 0.360803251905 0.415085765673 0.0989151506960 0.138309510734 -0.262665921922 -0.0178302355374 -0.00933081796928 0.0343740737690 0.167579821457
# mean_log_rec:
11.1597025777
# rec_dev:
 0.328718864387 0.304667207541 0.291616471208 0.238768312015 0.186606813417 0.153052037033 0.136162961455 0.126585412744 0.141335276039 0.170449093574 0.186337757082 0.177023970343 0.116333262162 0.0381913824401 -0.0613980489937 -0.150380146688 -0.154227717167 -0.129767864695 -0.102072162979 -0.0938310043047 -0.125569388567 -0.175380906112 -0.227179276759 -0.242685017697 -0.287338611507 -0.292052530585 -0.281328232938 -0.273974659745 -0.258867160743 -0.250105327834 -0.243996652879 -0.238382226191 -0.248245010715 -0.222100559062 -0.0980812642624 -0.0271187837001 -0.0774410783568 -0.0987132650859 -0.0335502840953 0.0796015355361 0.194560783055 0.271006523217 0.225135990446 0.0800045423665 0.0390595134213 0.0345446158640 0.0417106055645 0.0493346577462 0.0439574249455 0.00791500893829 0.00383192480591 0.0438024267890 0.108353038737 0.150298107290 0.132408003479 0.0683362847761 0.000280510053499 -0.0300180953915 -0.0223637814304 0.0219098497923 0.0694958029077 0.0923868753871 0.0923862119240
# log_avg_NatM:
-1.54880332825
# m_dev:
 -0.112669314507 -0.0639572817789 -0.0687389465117 0.188004276485 0.0448913875628 -0.0446032937695 -0.118222863083 -0.184941802866 -0.400815211168 -0.441141925427 -0.379232324331 -0.240068007914 0.00536122359531 -0.0597231194255 0.124753342870 -0.0709689247549 -0.514868881454 -0.586381670209 -0.423046994854 -0.178025242722 0.00963479185366 0.0858967937191 0.0431073032353 -0.106194956428 0.132480000958 -0.207218285231 -0.180065450245 -0.209670042426 -0.224866424068 -0.148020109143 -0.0637528137515 -0.0194574163003 -0.0886176538022 -0.0848659380023 0.0262025783671 0.157918481256 0.387800608935 0.201642233907 -0.117305640750 -0.381919817463 -0.242745712286 -0.0583799358886 0.453756263742 0.715209036093 0.260285554060 0.273653480236 0.131158983732 0.196472025571 0.212259762182 0.348896625558 0.181820641654 0.0183529560451 -0.0600914588495 0.126247150713 0.234095521125 0.293668004098 0.401557141578 0.275006447552 0.218184353010 0.0601365863114 0.00788624939675 0.140067869976 0.124169784030
# log_avg_GrowthK:
-1.60943800000
# log_avg_Linf:
4.88280200000
# GrowthK_dev:
 0.00000000000 0.00000000000 0.00000000000 0.00000000000 0.00000000000 0.00000000000 0.00000000000 0.00000000000 0.00000000000 0.00000000000 0.00000000000 0.00000000000 0.00000000000 0.00000000000 0.00000000000 0.00000000000 0.00000000000 0.00000000000 0.00000000000 0.00000000000 0.00000000000 0.00000000000 0.00000000000 0.00000000000 0.00000000000 0.00000000000 0.00000000000 0.00000000000 0.00000000000 0.00000000000 0.00000000000 0.00000000000 0.00000000000 0.00000000000 0.00000000000 0.00000000000 0.00000000000 0.00000000000 0.00000000000 0.00000000000 0.00000000000 0.00000000000 0.00000000000 0.00000000000 0.00000000000 0.00000000000 0.00000000000 0.00000000000 0.00000000000 0.00000000000 0.00000000000 0.00000000000 0.00000000000 0.00000000000 0.00000000000 0.00000000000 0.00000000000 0.00000000000 0.00000000000 0.00000000000 0.00000000000 0.00000000000 0.00000000000
# Linf_dev:
 0.00000000000 0.00000000000 0.00000000000 0.00000000000 0.00000000000 0.00000000000 0.00000000000 0.00000000000 0.00000000000 0.00000000000 0.00000000000 0.00000000000 0.00000000000 0.00000000000 0.00000000000 0.00000000000 0.00000000000 0.00000000000 0.00000000000 0.00000000000 0.00000000000 0.00000000000 0.00000000000 0.00000000000 0.00000000000 0.00000000000 0.00000000000 0.00000000000 0.00000000000 0.00000000000 0.00000000000 0.00000000000 0.00000000000 0.00000000000 0.00000000000 0.00000000000 0.00000000000 0.00000000000 0.00000000000 0.00000000000 0.00000000000 0.00000000000 0.00000000000 0.00000000000 0.00000000000 0.00000000000 0.00000000000 0.00000000000 0.00000000000 0.00000000000 0.00000000000 0.00000000000 0.00000000000 0.00000000000 0.00000000000 0.00000000000 0.00000000000 0.00000000000 0.00000000000 0.00000000000 0.00000000000 0.00000000000 0.00000000000
# SelPars50:
2.02631003477
# SelPars95:
3.60205335470
# SelPars_dev50:
 0.00000000000 0.00000000000 0.00000000000 0.00000000000 0.00000000000 0.00000000000 0.00000000000 0.00000000000 0.00000000000 0.00000000000 0.00000000000 0.00000000000 0.00000000000 0.00000000000 0.00000000000 0.00000000000 0.00000000000 0.00000000000 0.00000000000 0.00000000000 0.00000000000 0.00000000000 0.00000000000 0.00000000000 0.00000000000 0.00000000000 0.00000000000 0.00000000000 0.00000000000 0.00000000000 0.00000000000 0.00000000000 0.00000000000 0.00000000000 0.00000000000 0.00000000000 0.00000000000 0.00000000000 0.00000000000 0.00000000000 0.00000000000 0.00000000000 0.00000000000 0.00000000000 0.00000000000 0.00000000000 0.00000000000 0.00000000000 0.00000000000 0.00000000000 0.00000000000 0.00000000000 0.00000000000 0.00000000000 0.00000000000 0.00000000000 0.00000000000 0.00000000000 0.00000000000 0.00000000000 0.00000000000 0.00000000000 0.00000000000
# SelPars_dev95:
 0.00000000000 0.00000000000 0.00000000000 0.00000000000 0.00000000000 0.00000000000 0.00000000000 0.00000000000 0.00000000000 0.00000000000 0.00000000000 0.00000000000 0.00000000000 0.00000000000 0.00000000000 0.00000000000 0.00000000000 0.00000000000 0.00000000000 0.00000000000 0.00000000000 0.00000000000 0.00000000000 0.00000000000 0.00000000000 0.00000000000 0.00000000000 0.00000000000 0.00000000000 0.00000000000 0.00000000000 0.00000000000 0.00000000000 0.00000000000 0.00000000000 0.00000000000 0.00000000000 0.00000000000 0.00000000000 0.00000000000 0.00000000000 0.00000000000 0.00000000000 0.00000000000 0.00000000000 0.00000000000 0.00000000000 0.00000000000 0.00000000000 0.00000000000 0.00000000000 0.00000000000 0.00000000000 0.00000000000 0.00000000000 0.00000000000 0.00000000000 0.00000000000 0.00000000000 0.00000000000 0.00000000000 0.00000000000 0.00000000000
