# Number of parameters = 137 Objective function value = 63464.6  Maximum gradient component = 0.00291874
# srv_sel50:
1.69381318031
# srv_sel95:
3.05847645961
# stNatLen:
 11.8789872217 11.6872950632 11.4219879766 11.2021647758 11.0246008127 10.8512158836 10.6521957478 10.4189510294 10.1599585777 9.89019752583 9.62335357767 9.36896047098 9.13254131152 8.91671755939 8.72229007783 8.54908348078 8.39642466236 8.26345687123 8.14925604854 8.05292205540 7.97364786583 7.91077157400 7.86383404300 7.83265647558 7.81712738669
# log_avg_fmort_dir:
-1.65633253855
# fmort_dir_dev:
 -2.07053375621 -2.03189521050 -1.49276371886 -1.10376807094 -0.852820501543 -0.617169278929 -0.372927211428 -0.242198226046 -0.0963822311386 0.0295341101896 0.0264454917276 0.248637248384 0.258349930841 0.380659135886 0.429553680395 0.366083152507 0.533451507758 0.356089942212 0.493442955209 0.326383236976 0.434672263650 0.427262228579 0.294731617604 0.321933373179 0.353077905277 0.236637538296 0.219601829440 0.235834831715 0.0988747168285 0.162064575506 0.140493223683 0.110413040473 0.0399727238935 0.0715673931505 0.126089904601 0.193435075720 0.199543599240 0.124903768452 0.180818897864 0.0864913994861 0.154609618226 0.0861795478534 0.0923482696707 0.0400399658038 0.171243705164 0.0667939771138 0.129303862954 0.164784466716 0.000816059911343 0.0695010131797 0.218145155517 0.185131713808 -0.00548944904309
# mean_log_rec:
11.3859955013
# rec_dev:
 0.527910189922 0.491504594533 0.484152948254 0.487150564701 0.490396210076 0.482616581419 0.462578573154 0.425433991756 0.383235068073 0.345124669912 0.312994411199 0.274545170529 0.233158600246 0.194413915136 0.152169576055 0.0958995480304 0.0486977792658 0.00448114329320 -0.0364235555075 -0.0736069929860 -0.0877673986846 -0.0980465239578 -0.109250592730 -0.119858613792 -0.131187952466 -0.156328426312 -0.192795127662 -0.210246496724 -0.243677807896 -0.275703229657 -0.306760408250 -0.341755561173 -0.387606044748 -0.397251027710 -0.324867356572 -0.264353430174 -0.263067745968 -0.261354412779 -0.225945929533 -0.210393953761 -0.204058099224 -0.196195289023 -0.193888904810 -0.185869816755 -0.153248882106 -0.139883524358 -0.134872155126 -0.0945888126681 -0.0515410129564 0.00683156083464 0.0649021398725 0.0520988633599 0.0520989864477
# log_avg_NatM:
-1.57654500000
# m_dev:
 0.00000000000 0.00000000000 0.00000000000 0.00000000000 0.00000000000 0.00000000000 0.00000000000 0.00000000000 0.00000000000 0.00000000000 0.00000000000 0.00000000000 0.00000000000 0.00000000000 0.00000000000 0.00000000000 0.00000000000 0.00000000000 0.00000000000 0.00000000000 0.00000000000 0.00000000000 0.00000000000 0.00000000000 0.00000000000 0.00000000000 0.00000000000 0.00000000000 0.00000000000 0.00000000000 0.00000000000 0.00000000000 0.00000000000 0.00000000000 0.00000000000 0.00000000000 0.00000000000 0.00000000000 0.00000000000 0.00000000000 0.00000000000 0.00000000000 0.00000000000 0.00000000000 0.00000000000 0.00000000000 0.00000000000 0.00000000000 0.00000000000 0.00000000000 0.00000000000 0.00000000000 0.00000000000
# log_avg_GrowthK:
-1.57957600000
# log_avg_Linf:
4.81897000000
# GrowthK_dev:
 0.00000000000 0.00000000000 0.00000000000 0.00000000000 0.00000000000 0.00000000000 0.00000000000 0.00000000000 0.00000000000 0.00000000000 0.00000000000 0.00000000000 0.00000000000 0.00000000000 0.00000000000 0.00000000000 0.00000000000 0.00000000000 0.00000000000 0.00000000000 0.00000000000 0.00000000000 0.00000000000 0.00000000000 0.00000000000 0.00000000000 0.00000000000 0.00000000000 0.00000000000 0.00000000000 0.00000000000 0.00000000000 0.00000000000 0.00000000000 0.00000000000 0.00000000000 0.00000000000 0.00000000000 0.00000000000 0.00000000000 0.00000000000 0.00000000000 0.00000000000 0.00000000000 0.00000000000 0.00000000000 0.00000000000 0.00000000000 0.00000000000 0.00000000000 0.00000000000 0.00000000000 0.00000000000
# Linf_dev:
 0.00000000000 0.00000000000 0.00000000000 0.00000000000 0.00000000000 0.00000000000 0.00000000000 0.00000000000 0.00000000000 0.00000000000 0.00000000000 0.00000000000 0.00000000000 0.00000000000 0.00000000000 0.00000000000 0.00000000000 0.00000000000 0.00000000000 0.00000000000 0.00000000000 0.00000000000 0.00000000000 0.00000000000 0.00000000000 0.00000000000 0.00000000000 0.00000000000 0.00000000000 0.00000000000 0.00000000000 0.00000000000 0.00000000000 0.00000000000 0.00000000000 0.00000000000 0.00000000000 0.00000000000 0.00000000000 0.00000000000 0.00000000000 0.00000000000 0.00000000000 0.00000000000 0.00000000000 0.00000000000 0.00000000000 0.00000000000 0.00000000000 0.00000000000 0.00000000000 0.00000000000 0.00000000000
# SelPars50:
2.25546806189
# SelPars95:
4.09248861297
# SelPars_dev50:
 0.00000000000 0.00000000000 0.00000000000 0.00000000000 0.00000000000 0.00000000000 0.00000000000 0.00000000000 0.00000000000 0.00000000000 0.00000000000 0.00000000000 0.00000000000 0.00000000000 0.00000000000 0.00000000000 0.00000000000 0.00000000000 0.00000000000 0.00000000000 0.00000000000 0.00000000000 0.00000000000 0.00000000000 0.00000000000 0.00000000000 0.00000000000 0.00000000000 0.00000000000 0.00000000000 0.00000000000 0.00000000000 0.00000000000 0.00000000000 0.00000000000 0.00000000000 0.00000000000 0.00000000000 0.00000000000 0.00000000000 0.00000000000 0.00000000000 0.00000000000 0.00000000000 0.00000000000 0.00000000000 0.00000000000 0.00000000000 0.00000000000 0.00000000000 0.00000000000 0.00000000000 0.00000000000
# SelPars_dev95:
 0.00000000000 0.00000000000 0.00000000000 0.00000000000 0.00000000000 0.00000000000 0.00000000000 0.00000000000 0.00000000000 0.00000000000 0.00000000000 0.00000000000 0.00000000000 0.00000000000 0.00000000000 0.00000000000 0.00000000000 0.00000000000 0.00000000000 0.00000000000 0.00000000000 0.00000000000 0.00000000000 0.00000000000 0.00000000000 0.00000000000 0.00000000000 0.00000000000 0.00000000000 0.00000000000 0.00000000000 0.00000000000 0.00000000000 0.00000000000 0.00000000000 0.00000000000 0.00000000000 0.00000000000 0.00000000000 0.00000000000 0.00000000000 0.00000000000 0.00000000000 0.00000000000 0.00000000000 0.00000000000 0.00000000000 0.00000000000 0.00000000000 0.00000000000 0.00000000000 0.00000000000 0.00000000000
