# Number of parameters = 137 Objective function value = 63439.7759006615  Maximum gradient component = 0.000487344471083029
# srv_sel50:
1.70333323754
# srv_sel95:
3.08348132642
# stNatLen:
 11.8904614287 11.6989057321 11.4253525216 11.1993309538 11.0201340629 10.8476951234 10.6501306638 10.4177288802 10.1587043407 9.88822384784 9.62026958225 9.36461861673 9.12694289370 8.90993564959 8.71442547922 8.54022363609 8.38662036421 8.25272465444 8.13761300135 8.04037826859 7.96027367727 7.89673530930 7.84938174008 7.81796662178 7.80233636504
# log_avg_fmort_dir:
-1.62630532723
# fmort_dir_dev:
 -2.08669322830 -2.05871197003 -1.50604917839 -1.07010747664 -0.840341841954 -0.578868204652 -0.303947190839 -0.229133142524 -0.153879198205 -0.0687272574675 0.0973586703054 0.187378731610 0.342381602765 0.377780760147 0.382870251738 0.532691675752 0.402023059520 0.409579260823 0.330412683921 0.335471315032 0.304872315117 0.397304085978 0.357334559021 0.253427644488 0.289604537241 0.232066662269 0.153765274608 0.192549130482 0.272812005981 0.158082953863 0.0720477570842 0.261198640189 0.288459903469 0.146652655789 0.143035576310 0.117652931330 0.187270116707 0.200901487477 0.178429632114 0.0729211698479 0.0731517275080 0.0425277269096 0.0511138584402 0.100932219917 0.0716865173972 0.0842389129140 0.122962897543 0.0147590001119 0.0594753503692 0.0563737230623 -0.0498622034105 0.230042830869 0.360719076390
# mean_log_rec:
11.3822359764
# rec_dev:
 0.543046298497 0.509158509366 0.492703050363 0.475665135383 0.455351169587 0.437666074948 0.416791369867 0.394479271635 0.370078397265 0.342612332159 0.315932614892 0.276505698453 0.228658599078 0.171849053739 0.107128606550 0.0585830761749 0.0171268468912 -0.0219633044192 -0.0429862018775 -0.0714933887932 -0.112172178533 -0.140019423263 -0.160950276338 -0.168664560229 -0.160808167544 -0.170897080075 -0.167096367285 -0.176499652595 -0.199371321994 -0.207455871096 -0.235365261083 -0.279710429600 -0.337138727259 -0.367323770057 -0.291254745714 -0.232480523019 -0.255177097781 -0.254890671236 -0.249011269564 -0.240879211676 -0.220741081237 -0.213993599864 -0.198541872820 -0.180471983971 -0.155222828265 -0.132664943444 -0.100358302140 -0.0580176537833 -0.0440877252033 -0.00330520505267 0.0784850292067 0.0795967799722 0.0795967827827
# log_avg_NatM:
-1.47890400000
# m_dev:
 0.00000000000 0.00000000000 0.00000000000 0.00000000000 0.00000000000 0.00000000000 0.00000000000 0.00000000000 0.00000000000 0.00000000000 0.00000000000 0.00000000000 0.00000000000 0.00000000000 0.00000000000 0.00000000000 0.00000000000 0.00000000000 0.00000000000 0.00000000000 0.00000000000 0.00000000000 0.00000000000 0.00000000000 0.00000000000 0.00000000000 0.00000000000 0.00000000000 0.00000000000 0.00000000000 0.00000000000 0.00000000000 0.00000000000 0.00000000000 0.00000000000 0.00000000000 0.00000000000 0.00000000000 0.00000000000 0.00000000000 0.00000000000 0.00000000000 0.00000000000 0.00000000000 0.00000000000 0.00000000000 0.00000000000 0.00000000000 0.00000000000 0.00000000000 0.00000000000 0.00000000000 0.00000000000
# log_avg_GrowthK:
-1.60943800000
# log_avg_Linf:
4.88280200000
# GrowthK_dev:
 0.00000000000 0.00000000000 0.00000000000 0.00000000000 0.00000000000 0.00000000000 0.00000000000 0.00000000000 0.00000000000 0.00000000000 0.00000000000 0.00000000000 0.00000000000 0.00000000000 0.00000000000 0.00000000000 0.00000000000 0.00000000000 0.00000000000 0.00000000000 0.00000000000 0.00000000000 0.00000000000 0.00000000000 0.00000000000 0.00000000000 0.00000000000 0.00000000000 0.00000000000 0.00000000000 0.00000000000 0.00000000000 0.00000000000 0.00000000000 0.00000000000 0.00000000000 0.00000000000 0.00000000000 0.00000000000 0.00000000000 0.00000000000 0.00000000000 0.00000000000 0.00000000000 0.00000000000 0.00000000000 0.00000000000 0.00000000000 0.00000000000 0.00000000000 0.00000000000 0.00000000000 0.00000000000
# Linf_dev:
 0.00000000000 0.00000000000 0.00000000000 0.00000000000 0.00000000000 0.00000000000 0.00000000000 0.00000000000 0.00000000000 0.00000000000 0.00000000000 0.00000000000 0.00000000000 0.00000000000 0.00000000000 0.00000000000 0.00000000000 0.00000000000 0.00000000000 0.00000000000 0.00000000000 0.00000000000 0.00000000000 0.00000000000 0.00000000000 0.00000000000 0.00000000000 0.00000000000 0.00000000000 0.00000000000 0.00000000000 0.00000000000 0.00000000000 0.00000000000 0.00000000000 0.00000000000 0.00000000000 0.00000000000 0.00000000000 0.00000000000 0.00000000000 0.00000000000 0.00000000000 0.00000000000 0.00000000000 0.00000000000 0.00000000000 0.00000000000 0.00000000000 0.00000000000 0.00000000000 0.00000000000 0.00000000000
# SelPars50:
2.30304545792
# SelPars95:
4.21692457475
# SelPars_dev50:
 0.00000000000 0.00000000000 0.00000000000 0.00000000000 0.00000000000 0.00000000000 0.00000000000 0.00000000000 0.00000000000 0.00000000000 0.00000000000 0.00000000000 0.00000000000 0.00000000000 0.00000000000 0.00000000000 0.00000000000 0.00000000000 0.00000000000 0.00000000000 0.00000000000 0.00000000000 0.00000000000 0.00000000000 0.00000000000 0.00000000000 0.00000000000 0.00000000000 0.00000000000 0.00000000000 0.00000000000 0.00000000000 0.00000000000 0.00000000000 0.00000000000 0.00000000000 0.00000000000 0.00000000000 0.00000000000 0.00000000000 0.00000000000 0.00000000000 0.00000000000 0.00000000000 0.00000000000 0.00000000000 0.00000000000 0.00000000000 0.00000000000 0.00000000000 0.00000000000 0.00000000000 0.00000000000
# SelPars_dev95:
 0.00000000000 0.00000000000 0.00000000000 0.00000000000 0.00000000000 0.00000000000 0.00000000000 0.00000000000 0.00000000000 0.00000000000 0.00000000000 0.00000000000 0.00000000000 0.00000000000 0.00000000000 0.00000000000 0.00000000000 0.00000000000 0.00000000000 0.00000000000 0.00000000000 0.00000000000 0.00000000000 0.00000000000 0.00000000000 0.00000000000 0.00000000000 0.00000000000 0.00000000000 0.00000000000 0.00000000000 0.00000000000 0.00000000000 0.00000000000 0.00000000000 0.00000000000 0.00000000000 0.00000000000 0.00000000000 0.00000000000 0.00000000000 0.00000000000 0.00000000000 0.00000000000 0.00000000000 0.00000000000 0.00000000000 0.00000000000 0.00000000000 0.00000000000 0.00000000000 0.00000000000 0.00000000000
