# Number of parameters = 163 Objective function value = 79441.1  Maximum gradient component = 0.00690091
# srv_sel50:
1.53085006503
# srv_sel95:
2.59649678850
# stNatLen:
 11.4350909311 11.2830707196 11.0740283832 10.8835934258 10.6958240862 10.4860258410 10.2522826802 10.0077948699 9.76709976371 9.53999878202 9.33139874786 9.14291236829 8.97434696189 8.82471035135 8.69267440893 8.57690221301 8.47616039735 8.38935470405 8.31560133396 8.25402149417 8.20392838523 8.16474059769 8.13594296502 8.11702481218 8.10768170589
# log_avg_fmort_dir:
-1.66531521391
# fmort_dir_dev:
 -1.73407696618 -1.78269312599 -1.21173100563 -0.960041586034 -0.679255485982 -0.485923715340 -0.275777054438 -0.130976339113 0.0261275163496 0.0880448681034 0.171044595978 0.264366396172 0.418875219605 0.493241178506 0.551965868925 0.448264609837 0.560207817484 0.600884450095 0.470507327554 0.432119888641 0.477094745315 0.446394648626 0.427589739884 0.315856144768 0.334264953605 0.317057486205 0.328119970634 0.277146504205 0.257854171855 0.169794783599 0.142571921668 0.232995582460 0.167194710954 0.121896858456 0.156517846057 0.0980907952247 0.0543888852777 0.121130239019 0.00297720468676 0.00247585491644 0.0507761900878 0.107889253721 0.0971984638304 0.0476733484628 0.0281314862665 0.105219044227 0.123037535156 -0.0183591548412 0.106032624552 0.117982636798 -0.268588626838 -0.157439310208 -0.145623080802 -0.238127157341 -0.343057761837 -0.405687092373 -0.249145539516 -0.166815683265 -0.134000702395 -0.0535369270465 -0.0220552692799 -0.0778740655133 -0.0832719545693 -0.00486604719966 -0.0722558793476 -0.0598238366876
# mean_log_rec:
11.1317923175
# rec_dev:
 0.366527521501 0.349895165309 0.358777187701 0.362553272022 0.362262932813 0.361765148578 0.342729052321 0.321202368619 0.307505755174 0.293325816951 0.275766326255 0.237303396978 0.201068881363 0.171594730979 0.135703256902 0.0930751960846 0.0433408421869 -0.00409926615479 -0.0444397152273 -0.0837186549103 -0.122544678850 -0.144873442079 -0.155029673912 -0.158753849066 -0.170556467396 -0.175263597564 -0.171460372842 -0.162576785252 -0.154381336227 -0.158719417775 -0.169814772744 -0.180610236903 -0.186439834435 -0.181047258792 -0.174915409813 -0.169896434721 -0.162180725126 -0.158222621504 -0.152728967612 -0.148881907131 -0.149205480843 -0.137447861211 -0.111420277780 -0.108013418297 -0.112681944444 -0.106033605853 -0.107904943203 -0.111386875973 -0.106203187435 -0.0965641407637 -0.0773142550805 -0.0503852342586 -0.0283229228998 -0.0143995688340 0.00505703374890 0.0183507521813 0.0336292691568 0.0419106495766 0.0408091206256 0.0223755142368 0.00597747996889 -0.00344672314305 -0.00892948790854 -0.00510380652495 -0.0132936985446 -0.0132938121986
# log_avg_NatM:
-1.58426800000
# m_dev:
 0.00000000000 0.00000000000 0.00000000000 0.00000000000 0.00000000000 0.00000000000 0.00000000000 0.00000000000 0.00000000000 0.00000000000 0.00000000000 0.00000000000 0.00000000000 0.00000000000 0.00000000000 0.00000000000 0.00000000000 0.00000000000 0.00000000000 0.00000000000 0.00000000000 0.00000000000 0.00000000000 0.00000000000 0.00000000000 0.00000000000 0.00000000000 0.00000000000 0.00000000000 0.00000000000 0.00000000000 0.00000000000 0.00000000000 0.00000000000 0.00000000000 0.00000000000 0.00000000000 0.00000000000 0.00000000000 0.00000000000 0.00000000000 0.00000000000 0.00000000000 0.00000000000 0.00000000000 0.00000000000 0.00000000000 0.00000000000 0.00000000000 0.00000000000 0.00000000000 0.00000000000 0.00000000000 0.00000000000 0.00000000000 0.00000000000 0.00000000000 0.00000000000 0.00000000000 0.00000000000 0.00000000000 0.00000000000 0.00000000000 0.00000000000 0.00000000000 0.00000000000
# log_avg_GrowthK:
-1.62331600000
# log_avg_Linf:
4.96308600000
# GrowthK_dev:
 0.00000000000 0.00000000000 0.00000000000 0.00000000000 0.00000000000 0.00000000000 0.00000000000 0.00000000000 0.00000000000 0.00000000000 0.00000000000 0.00000000000 0.00000000000 0.00000000000 0.00000000000 0.00000000000 0.00000000000 0.00000000000 0.00000000000 0.00000000000 0.00000000000 0.00000000000 0.00000000000 0.00000000000 0.00000000000 0.00000000000 0.00000000000 0.00000000000 0.00000000000 0.00000000000 0.00000000000 0.00000000000 0.00000000000 0.00000000000 0.00000000000 0.00000000000 0.00000000000 0.00000000000 0.00000000000 0.00000000000 0.00000000000 0.00000000000 0.00000000000 0.00000000000 0.00000000000 0.00000000000 0.00000000000 0.00000000000 0.00000000000 0.00000000000 0.00000000000 0.00000000000 0.00000000000 0.00000000000 0.00000000000 0.00000000000 0.00000000000 0.00000000000 0.00000000000 0.00000000000 0.00000000000 0.00000000000 0.00000000000 0.00000000000 0.00000000000 0.00000000000
# Linf_dev:
 0.00000000000 0.00000000000 0.00000000000 0.00000000000 0.00000000000 0.00000000000 0.00000000000 0.00000000000 0.00000000000 0.00000000000 0.00000000000 0.00000000000 0.00000000000 0.00000000000 0.00000000000 0.00000000000 0.00000000000 0.00000000000 0.00000000000 0.00000000000 0.00000000000 0.00000000000 0.00000000000 0.00000000000 0.00000000000 0.00000000000 0.00000000000 0.00000000000 0.00000000000 0.00000000000 0.00000000000 0.00000000000 0.00000000000 0.00000000000 0.00000000000 0.00000000000 0.00000000000 0.00000000000 0.00000000000 0.00000000000 0.00000000000 0.00000000000 0.00000000000 0.00000000000 0.00000000000 0.00000000000 0.00000000000 0.00000000000 0.00000000000 0.00000000000 0.00000000000 0.00000000000 0.00000000000 0.00000000000 0.00000000000 0.00000000000 0.00000000000 0.00000000000 0.00000000000 0.00000000000 0.00000000000 0.00000000000 0.00000000000 0.00000000000 0.00000000000 0.00000000000
# SelPars50:
2.08259926522
# SelPars95:
3.73369642631
# SelPars_dev50:
 0.00000000000 0.00000000000 0.00000000000 0.00000000000 0.00000000000 0.00000000000 0.00000000000 0.00000000000 0.00000000000 0.00000000000 0.00000000000 0.00000000000 0.00000000000 0.00000000000 0.00000000000 0.00000000000 0.00000000000 0.00000000000 0.00000000000 0.00000000000 0.00000000000 0.00000000000 0.00000000000 0.00000000000 0.00000000000 0.00000000000 0.00000000000 0.00000000000 0.00000000000 0.00000000000 0.00000000000 0.00000000000 0.00000000000 0.00000000000 0.00000000000 0.00000000000 0.00000000000 0.00000000000 0.00000000000 0.00000000000 0.00000000000 0.00000000000 0.00000000000 0.00000000000 0.00000000000 0.00000000000 0.00000000000 0.00000000000 0.00000000000 0.00000000000 0.00000000000 0.00000000000 0.00000000000 0.00000000000 0.00000000000 0.00000000000 0.00000000000 0.00000000000 0.00000000000 0.00000000000 0.00000000000 0.00000000000 0.00000000000 0.00000000000 0.00000000000 0.00000000000
# SelPars_dev95:
 0.00000000000 0.00000000000 0.00000000000 0.00000000000 0.00000000000 0.00000000000 0.00000000000 0.00000000000 0.00000000000 0.00000000000 0.00000000000 0.00000000000 0.00000000000 0.00000000000 0.00000000000 0.00000000000 0.00000000000 0.00000000000 0.00000000000 0.00000000000 0.00000000000 0.00000000000 0.00000000000 0.00000000000 0.00000000000 0.00000000000 0.00000000000 0.00000000000 0.00000000000 0.00000000000 0.00000000000 0.00000000000 0.00000000000 0.00000000000 0.00000000000 0.00000000000 0.00000000000 0.00000000000 0.00000000000 0.00000000000 0.00000000000 0.00000000000 0.00000000000 0.00000000000 0.00000000000 0.00000000000 0.00000000000 0.00000000000 0.00000000000 0.00000000000 0.00000000000 0.00000000000 0.00000000000 0.00000000000 0.00000000000 0.00000000000 0.00000000000 0.00000000000 0.00000000000 0.00000000000 0.00000000000 0.00000000000 0.00000000000 0.00000000000 0.00000000000 0.00000000000
