# Number of parameters = 143 Objective function value = 67103.0  Maximum gradient component = 0.000173663
# srv_sel50:
1.53400213816
# srv_sel95:
2.60487054912
# stNatLen:
 11.4714515908 11.2963373124 11.0497332607 10.8155152065 10.5946854780 10.3690801404 10.1298447537 9.88037806857 9.62963199062 9.38628735826 9.15645659632 8.94360748196 8.74925716449 8.57369163976 8.41651733828 8.27699628380 8.15428533912 8.04751482945 7.95588072588 7.87860945119 7.81507267339 7.76477259404 7.72732143410 7.70244723693 7.69007476260
# log_avg_fmort_dir:
-1.54204047786
# fmort_dir_dev:
 -0.604483490902 -0.594138366874 -0.409154845621 -0.329770193193 -0.214121255988 -0.0248837771600 0.158619978678 0.205653767981 0.274199472647 0.278478762967 0.312064430712 0.455042748228 0.416394592962 0.381854293325 0.349820735789 0.293551598083 0.327477563171 0.307795103643 0.248639049574 0.236900077035 0.243480247547 0.231352565158 0.171563110753 0.161725816624 0.100262576339 0.0703413923991 0.0841440453110 0.0331428854349 0.0704877548089 0.00208879069827 -0.00766116375373 -0.0732577987100 -0.0265897570961 -0.0373440532983 0.0243720480995 -0.0445437793404 -0.0463912422613 -0.128343804808 -0.200733863717 -0.0851118804245 -0.0228876453824 -0.107224959404 -0.111398935223 -0.0852247010775 -0.0646246817317 -0.0236152257617 -0.204947595004 -0.146070321098 -0.188173169362 -0.226727782196 -0.218986253950 -0.252686510880 -0.264036584059 -0.188022924370 -0.182325936658 -0.325970908662
# mean_log_rec:
11.1250498459
# rec_dev:
 0.383880900227 0.359261371708 0.363117605281 0.359831544802 0.345247701063 0.329532766977 0.297789765443 0.267042293691 0.233808137791 0.203373623563 0.142573516959 0.0662107774889 0.00666889249659 -0.0432824485973 -0.0779789880910 -0.0868387592381 -0.109189047981 -0.128049410664 -0.143888637598 -0.165139848044 -0.178967322708 -0.192517100385 -0.204324340170 -0.195937945347 -0.171364039797 -0.165721537111 -0.155801975091 -0.143325281718 -0.145268004550 -0.129312480713 -0.112014965192 -0.0994587330715 -0.100936402904 -0.102920205174 -0.110362617738 -0.116833856200 -0.115228230332 -0.107052660210 -0.100296053590 -0.0857426135529 -0.0579702829641 -0.0401320193400 -0.0478081693248 -0.0688699951031 -0.0706226486221 -0.0566500838369 -0.0315459069146 -0.0180550407712 -0.0106823795389 -0.00340471494934 0.0183779106811 0.0574151026738 0.0926350253532 0.121398529050 0.122664641057 0.122664640827
# log_avg_NatM:
-1.60943800000
# m_dev:
 0.00000000000 0.00000000000 0.00000000000 0.00000000000 0.00000000000 0.00000000000 0.00000000000 0.00000000000 0.00000000000 0.00000000000 0.00000000000 0.00000000000 0.00000000000 0.00000000000 0.00000000000 0.00000000000 0.00000000000 0.00000000000 0.00000000000 0.00000000000 0.00000000000 0.00000000000 0.00000000000 0.00000000000 0.00000000000 0.00000000000 0.00000000000 0.00000000000 0.00000000000 0.00000000000 0.00000000000 0.00000000000 0.00000000000 0.00000000000 0.00000000000 0.00000000000 0.00000000000 0.00000000000 0.00000000000 0.00000000000 0.00000000000 0.00000000000 0.00000000000 0.00000000000 0.00000000000 0.00000000000 0.00000000000 0.00000000000 0.00000000000 0.00000000000 0.00000000000 0.00000000000 0.00000000000 0.00000000000 0.00000000000 0.00000000000
# log_avg_GrowthK:
-1.60943800000
# log_avg_Linf:
4.88280200000
# GrowthK_dev:
 0.00000000000 0.00000000000 0.00000000000 0.00000000000 0.00000000000 0.00000000000 0.00000000000 0.00000000000 0.00000000000 0.00000000000 0.00000000000 0.00000000000 0.00000000000 0.00000000000 0.00000000000 0.00000000000 0.00000000000 0.00000000000 0.00000000000 0.00000000000 0.00000000000 0.00000000000 0.00000000000 0.00000000000 0.00000000000 0.00000000000 0.00000000000 0.00000000000 0.00000000000 0.00000000000 0.00000000000 0.00000000000 0.00000000000 0.00000000000 0.00000000000 0.00000000000 0.00000000000 0.00000000000 0.00000000000 0.00000000000 0.00000000000 0.00000000000 0.00000000000 0.00000000000 0.00000000000 0.00000000000 0.00000000000 0.00000000000 0.00000000000 0.00000000000 0.00000000000 0.00000000000 0.00000000000 0.00000000000 0.00000000000 0.00000000000
# Linf_dev:
 0.00000000000 0.00000000000 0.00000000000 0.00000000000 0.00000000000 0.00000000000 0.00000000000 0.00000000000 0.00000000000 0.00000000000 0.00000000000 0.00000000000 0.00000000000 0.00000000000 0.00000000000 0.00000000000 0.00000000000 0.00000000000 0.00000000000 0.00000000000 0.00000000000 0.00000000000 0.00000000000 0.00000000000 0.00000000000 0.00000000000 0.00000000000 0.00000000000 0.00000000000 0.00000000000 0.00000000000 0.00000000000 0.00000000000 0.00000000000 0.00000000000 0.00000000000 0.00000000000 0.00000000000 0.00000000000 0.00000000000 0.00000000000 0.00000000000 0.00000000000 0.00000000000 0.00000000000 0.00000000000 0.00000000000 0.00000000000 0.00000000000 0.00000000000 0.00000000000 0.00000000000 0.00000000000 0.00000000000 0.00000000000 0.00000000000
# SelPars50:
2.06543165621
# SelPars95:
3.68144119261
# SelPars_dev50:
 0.00000000000 0.00000000000 0.00000000000 0.00000000000 0.00000000000 0.00000000000 0.00000000000 0.00000000000 0.00000000000 0.00000000000 0.00000000000 0.00000000000 0.00000000000 0.00000000000 0.00000000000 0.00000000000 0.00000000000 0.00000000000 0.00000000000 0.00000000000 0.00000000000 0.00000000000 0.00000000000 0.00000000000 0.00000000000 0.00000000000 0.00000000000 0.00000000000 0.00000000000 0.00000000000 0.00000000000 0.00000000000 0.00000000000 0.00000000000 0.00000000000 0.00000000000 0.00000000000 0.00000000000 0.00000000000 0.00000000000 0.00000000000 0.00000000000 0.00000000000 0.00000000000 0.00000000000 0.00000000000 0.00000000000 0.00000000000 0.00000000000 0.00000000000 0.00000000000 0.00000000000 0.00000000000 0.00000000000 0.00000000000 0.00000000000
# SelPars_dev95:
 0.00000000000 0.00000000000 0.00000000000 0.00000000000 0.00000000000 0.00000000000 0.00000000000 0.00000000000 0.00000000000 0.00000000000 0.00000000000 0.00000000000 0.00000000000 0.00000000000 0.00000000000 0.00000000000 0.00000000000 0.00000000000 0.00000000000 0.00000000000 0.00000000000 0.00000000000 0.00000000000 0.00000000000 0.00000000000 0.00000000000 0.00000000000 0.00000000000 0.00000000000 0.00000000000 0.00000000000 0.00000000000 0.00000000000 0.00000000000 0.00000000000 0.00000000000 0.00000000000 0.00000000000 0.00000000000 0.00000000000 0.00000000000 0.00000000000 0.00000000000 0.00000000000 0.00000000000 0.00000000000 0.00000000000 0.00000000000 0.00000000000 0.00000000000 0.00000000000 0.00000000000 0.00000000000 0.00000000000 0.00000000000 0.00000000000
