# Number of parameters = 236 Objective function value = 81561.8  Maximum gradient component = 0.000891052
# srv_sel50:
1.46916025333
# srv_sel95:
2.41733085533
# stNatLen:
 11.6209278058 11.4767687453 11.2733930957 11.0813321874 10.8947642051 10.6923954672 10.4674985841 10.2276421294 9.98496189998 9.74964652836 9.52818815484 9.32393069985 9.13812290498 8.97080173995 8.82137315648 8.68900601857 8.57277069986 8.47172457078 8.38500023099 8.31193802068 8.25196619679 8.20461428922 8.16944331098 8.14609503223 8.13447596488
# log_avg_fmort_dir:
-1.62111356080
# fmort_dir_dev:
 -1.99940813914 -1.99644173243 -1.42319966947 -0.924631894340 -0.491738470249 -0.479705460967 -0.217264046915 -0.137337580585 0.0449258255230 0.322572553233 0.287540207749 0.259180735793 0.318555166236 0.392826482074 0.448189552478 0.427159707534 0.487959079962 0.380014884597 0.408764048193 0.455591814692 0.466393668237 0.505593590487 0.482770581436 0.470053859256 0.414835277125 0.255917769379 0.284316801717 0.229002464870 0.238732264926 0.158471742449 0.0222511089432 0.131989482807 0.128040777109 0.0733010852861 0.104557804975 0.0272169657174 -0.0324124667159 0.157142518604 0.00629003176552 0.00507855917709 -0.0178235442486 0.00997722805816 -0.0556716025371 -0.0782577938728 -0.0520094165943 -0.0269637223660 0.0330308136957 0.0383519060970 -0.0386407691699 -0.0624522921627 0.257510686159 -0.00989680141515 0.0214895692742 0.200802086885 0.271594445585 0.0773642751945 -0.627278395171 -0.134335868932 -0.0626545430309 0.277062397398 0.419741376571 0.0529439437085 -0.616113178263 -0.784430055299 -0.0750835671922 0.317243640797 0.286224963570 -0.314822734265
# mean_log_rec:
11.1194355523
# rec_dev:
 0.529293542503 0.449757309268 0.317476520458 0.209147549358 0.180916467248 0.186067865530 0.173385093550 0.100826851284 0.0239269773147 0.0203761893795 0.0610262922232 0.0983665411682 0.125815061643 0.134365673407 0.118060483650 0.0548515157121 -0.0351897521134 -0.105405172104 -0.169570380819 -0.257608117279 -0.333906160632 -0.360760666194 -0.354472312083 -0.334548093727 -0.291414305648 -0.251002415357 -0.230353410609 -0.208993460730 -0.191493554501 -0.181152813269 -0.195912465082 -0.212700952211 -0.245474675916 -0.227641425340 -0.0620578816003 0.0726003146547 0.0379934561149 -0.0118794400107 0.0175875870494 0.0670167492744 0.0814331276887 0.0727783847768 0.0731332358844 0.0913805321310 0.110159033426 0.0583404262860 0.0404635999175 0.0749801870243 0.0814738339268 0.0340340665884 -0.0148384506617 -0.0381080963837 -0.0636273248014 -0.108939824980 -0.132074255398 -0.0843619820894 0.0260761762701 0.150619176670 0.194775476536 0.130656118177 0.0257242069774 -0.0213507121891 0.0325196293083 0.127907500588 0.166591246342 0.105699735636 0.0336172440786 0.0336171227035
# log_avg_NatM:
-1.55558745557
# m_dev:
 0.110263877097 0.173595858249 0.510692711102 0.306525650454 -0.110670744397 -0.255109606982 -0.208412148509 0.149185499764 -0.0619446934312 -0.492521134035 -0.683525342729 -0.583692548250 -0.533036783320 -0.438347918787 -0.278509335023 -0.0266181047470 0.136387248563 -0.0388737170288 -0.0383514218436 0.120286524454 -0.0718762075280 -0.362452466525 -0.456019289372 -0.452757448156 -0.513356169544 -0.363119612680 -0.252449311838 -0.240062366875 -0.181245447735 -0.0949717954319 0.0489112278913 0.0457901412502 0.103576454642 -0.120404144107 -0.303478077951 -0.0913683112293 0.386154717452 0.285319418717 -0.000790124602763 0.0131550921867 0.162132110088 0.297827556396 0.221008781786 0.172984643180 0.0716445475479 0.472955785007 0.176277117775 0.0423721600250 0.209132637024 0.382627117195 0.220692249351 0.175829525430 0.184645886088 0.326835657552 0.195582501149 -0.184941085007 -0.342465342887 -0.295555819654 0.0630629216553 0.417745922158 0.467190302266 0.236171806563 -0.118708860318 -0.117445441605 0.174997485574 0.374781943440 0.387572709291 0.489165033763
# log_avg_GrowthK:
-1.60943800000
# log_avg_Linf:
4.88280200000
# GrowthK_dev:
 0.00000000000 0.00000000000 0.00000000000 0.00000000000 0.00000000000 0.00000000000 0.00000000000 0.00000000000 0.00000000000 0.00000000000 0.00000000000 0.00000000000 0.00000000000 0.00000000000 0.00000000000 0.00000000000 0.00000000000 0.00000000000 0.00000000000 0.00000000000 0.00000000000 0.00000000000 0.00000000000 0.00000000000 0.00000000000 0.00000000000 0.00000000000 0.00000000000 0.00000000000 0.00000000000 0.00000000000 0.00000000000 0.00000000000 0.00000000000 0.00000000000 0.00000000000 0.00000000000 0.00000000000 0.00000000000 0.00000000000 0.00000000000 0.00000000000 0.00000000000 0.00000000000 0.00000000000 0.00000000000 0.00000000000 0.00000000000 0.00000000000 0.00000000000 0.00000000000 0.00000000000 0.00000000000 0.00000000000 0.00000000000 0.00000000000 0.00000000000 0.00000000000 0.00000000000 0.00000000000 0.00000000000 0.00000000000 0.00000000000 0.00000000000 0.00000000000 0.00000000000 0.00000000000 0.00000000000
# Linf_dev:
 0.00000000000 0.00000000000 0.00000000000 0.00000000000 0.00000000000 0.00000000000 0.00000000000 0.00000000000 0.00000000000 0.00000000000 0.00000000000 0.00000000000 0.00000000000 0.00000000000 0.00000000000 0.00000000000 0.00000000000 0.00000000000 0.00000000000 0.00000000000 0.00000000000 0.00000000000 0.00000000000 0.00000000000 0.00000000000 0.00000000000 0.00000000000 0.00000000000 0.00000000000 0.00000000000 0.00000000000 0.00000000000 0.00000000000 0.00000000000 0.00000000000 0.00000000000 0.00000000000 0.00000000000 0.00000000000 0.00000000000 0.00000000000 0.00000000000 0.00000000000 0.00000000000 0.00000000000 0.00000000000 0.00000000000 0.00000000000 0.00000000000 0.00000000000 0.00000000000 0.00000000000 0.00000000000 0.00000000000 0.00000000000 0.00000000000 0.00000000000 0.00000000000 0.00000000000 0.00000000000 0.00000000000 0.00000000000 0.00000000000 0.00000000000 0.00000000000 0.00000000000 0.00000000000 0.00000000000
# SelPars50:
2.03828333370
# SelPars95:
3.64751258190
# SelPars_dev50:
 0.00000000000 0.00000000000 0.00000000000 0.00000000000 0.00000000000 0.00000000000 0.00000000000 0.00000000000 0.00000000000 0.00000000000 0.00000000000 0.00000000000 0.00000000000 0.00000000000 0.00000000000 0.00000000000 0.00000000000 0.00000000000 0.00000000000 0.00000000000 0.00000000000 0.00000000000 0.00000000000 0.00000000000 0.00000000000 0.00000000000 0.00000000000 0.00000000000 0.00000000000 0.00000000000 0.00000000000 0.00000000000 0.00000000000 0.00000000000 0.00000000000 0.00000000000 0.00000000000 0.00000000000 0.00000000000 0.00000000000 0.00000000000 0.00000000000 0.00000000000 0.00000000000 0.00000000000 0.00000000000 0.00000000000 0.00000000000 0.00000000000 0.00000000000 0.00000000000 0.00000000000 0.00000000000 0.00000000000 0.00000000000 0.00000000000 0.00000000000 0.00000000000 0.00000000000 0.00000000000 0.00000000000 0.00000000000 0.00000000000 0.00000000000 0.00000000000 0.00000000000 0.00000000000 0.00000000000
# SelPars_dev95:
 0.00000000000 0.00000000000 0.00000000000 0.00000000000 0.00000000000 0.00000000000 0.00000000000 0.00000000000 0.00000000000 0.00000000000 0.00000000000 0.00000000000 0.00000000000 0.00000000000 0.00000000000 0.00000000000 0.00000000000 0.00000000000 0.00000000000 0.00000000000 0.00000000000 0.00000000000 0.00000000000 0.00000000000 0.00000000000 0.00000000000 0.00000000000 0.00000000000 0.00000000000 0.00000000000 0.00000000000 0.00000000000 0.00000000000 0.00000000000 0.00000000000 0.00000000000 0.00000000000 0.00000000000 0.00000000000 0.00000000000 0.00000000000 0.00000000000 0.00000000000 0.00000000000 0.00000000000 0.00000000000 0.00000000000 0.00000000000 0.00000000000 0.00000000000 0.00000000000 0.00000000000 0.00000000000 0.00000000000 0.00000000000 0.00000000000 0.00000000000 0.00000000000 0.00000000000 0.00000000000 0.00000000000 0.00000000000 0.00000000000 0.00000000000 0.00000000000 0.00000000000 0.00000000000 0.00000000000
