# Number of parameters = 149 Objective function value = 70721.6068028850  Maximum gradient component = 0.00126322242518152
# srv_sel50:
1.67689990258
# srv_sel95:
3.00565944927
# stNatLen:
 11.8233464527 11.6392098536 11.3820950396 11.1643286529 10.9796573303 10.7931864453 10.5835139513 10.3490540122 10.0998653605 9.84841240905 9.60469789228 9.37517710995 9.16333056888 8.97062537105 8.79733761584 8.64310177431 8.50724189488 8.38895044124 8.28747690742 8.20210787061 8.13225533205 8.07725965511 8.03655882036 8.00963565152 7.99625367274
# log_avg_fmort_dir:
-1.61366216881
# fmort_dir_dev:
 -2.05072400343 -2.04917709180 -1.41686294832 -1.11199151706 -0.827809869998 -0.683681739764 -0.350362105089 -0.378598975951 -0.139771873590 0.0199845839941 0.157858767564 0.218909911531 0.370165681585 0.345916676632 0.381721481446 0.440506090248 0.438601957962 0.415813282571 0.449299447257 0.298180584176 0.276688470111 0.310979736817 0.301744475826 0.241335161674 0.260712669370 0.206884670722 0.171469412141 0.156687640019 0.179428331060 0.0837528561332 0.134779094140 0.150093296093 0.0745500902306 0.110841788130 0.0701543512668 0.193381559682 0.0644419569266 0.121554832857 0.0460283759551 0.103216766472 0.0900422730887 0.0363107728423 0.0234993551427 0.148463332234 0.114776336376 0.136894191660 0.152760992246 0.0769995903285 0.0764341936178 0.0144938785992 0.203569889269 0.203308884036 0.0597036274936 0.335037559968 0.208101698816 0.0549307931867 0.148161479143 0.126355587113 0.00345168924440
# mean_log_rec:
11.3454631215
# rec_dev:
 0.521173687235 0.498446649525 0.503534948122 0.510219213534 0.499988999754 0.485587197154 0.470561510643 0.459576678696 0.428461397208 0.378115374098 0.327952528856 0.286353355817 0.253694259884 0.227266335713 0.203973377205 0.155853170402 0.0896713341181 0.0276567517365 -0.00130966568240 -0.0276313845981 -0.0609061700092 -0.0805367904049 -0.100398428154 -0.119716933240 -0.135661529583 -0.145405560668 -0.161257577549 -0.181525771980 -0.186237982976 -0.198806433344 -0.236696648394 -0.265348005807 -0.309749216580 -0.343437518508 -0.266404187548 -0.190095019597 -0.191641092648 -0.211734799005 -0.243644594118 -0.244950330603 -0.211788974000 -0.195303511748 -0.186906782642 -0.181902531515 -0.180103653969 -0.178120049189 -0.186420290998 -0.170904211540 -0.145867982416 -0.143603898482 -0.161356947548 -0.157741568925 -0.135949418926 -0.111556545450 -0.0804306179894 -0.0265584061731 0.0206263657466 0.00444895130349 0.00444894575822
# log_avg_NatM:
-1.47890400000
# m_dev:
 0.00000000000 0.00000000000 0.00000000000 0.00000000000 0.00000000000 0.00000000000 0.00000000000 0.00000000000 0.00000000000 0.00000000000 0.00000000000 0.00000000000 0.00000000000 0.00000000000 0.00000000000 0.00000000000 0.00000000000 0.00000000000 0.00000000000 0.00000000000 0.00000000000 0.00000000000 0.00000000000 0.00000000000 0.00000000000 0.00000000000 0.00000000000 0.00000000000 0.00000000000 0.00000000000 0.00000000000 0.00000000000 0.00000000000 0.00000000000 0.00000000000 0.00000000000 0.00000000000 0.00000000000 0.00000000000 0.00000000000 0.00000000000 0.00000000000 0.00000000000 0.00000000000 0.00000000000 0.00000000000 0.00000000000 0.00000000000 0.00000000000 0.00000000000 0.00000000000 0.00000000000 0.00000000000 0.00000000000 0.00000000000 0.00000000000 0.00000000000 0.00000000000 0.00000000000
# log_avg_GrowthK:
-1.60943800000
# log_avg_Linf:
4.88280200000
# GrowthK_dev:
 0.00000000000 0.00000000000 0.00000000000 0.00000000000 0.00000000000 0.00000000000 0.00000000000 0.00000000000 0.00000000000 0.00000000000 0.00000000000 0.00000000000 0.00000000000 0.00000000000 0.00000000000 0.00000000000 0.00000000000 0.00000000000 0.00000000000 0.00000000000 0.00000000000 0.00000000000 0.00000000000 0.00000000000 0.00000000000 0.00000000000 0.00000000000 0.00000000000 0.00000000000 0.00000000000 0.00000000000 0.00000000000 0.00000000000 0.00000000000 0.00000000000 0.00000000000 0.00000000000 0.00000000000 0.00000000000 0.00000000000 0.00000000000 0.00000000000 0.00000000000 0.00000000000 0.00000000000 0.00000000000 0.00000000000 0.00000000000 0.00000000000 0.00000000000 0.00000000000 0.00000000000 0.00000000000 0.00000000000 0.00000000000 0.00000000000 0.00000000000 0.00000000000 0.00000000000
# Linf_dev:
 0.00000000000 0.00000000000 0.00000000000 0.00000000000 0.00000000000 0.00000000000 0.00000000000 0.00000000000 0.00000000000 0.00000000000 0.00000000000 0.00000000000 0.00000000000 0.00000000000 0.00000000000 0.00000000000 0.00000000000 0.00000000000 0.00000000000 0.00000000000 0.00000000000 0.00000000000 0.00000000000 0.00000000000 0.00000000000 0.00000000000 0.00000000000 0.00000000000 0.00000000000 0.00000000000 0.00000000000 0.00000000000 0.00000000000 0.00000000000 0.00000000000 0.00000000000 0.00000000000 0.00000000000 0.00000000000 0.00000000000 0.00000000000 0.00000000000 0.00000000000 0.00000000000 0.00000000000 0.00000000000 0.00000000000 0.00000000000 0.00000000000 0.00000000000 0.00000000000 0.00000000000 0.00000000000 0.00000000000 0.00000000000 0.00000000000 0.00000000000 0.00000000000 0.00000000000
# SelPars50:
2.27500210125
# SelPars95:
4.16028874375
# SelPars_dev50:
 0.00000000000 0.00000000000 0.00000000000 0.00000000000 0.00000000000 0.00000000000 0.00000000000 0.00000000000 0.00000000000 0.00000000000 0.00000000000 0.00000000000 0.00000000000 0.00000000000 0.00000000000 0.00000000000 0.00000000000 0.00000000000 0.00000000000 0.00000000000 0.00000000000 0.00000000000 0.00000000000 0.00000000000 0.00000000000 0.00000000000 0.00000000000 0.00000000000 0.00000000000 0.00000000000 0.00000000000 0.00000000000 0.00000000000 0.00000000000 0.00000000000 0.00000000000 0.00000000000 0.00000000000 0.00000000000 0.00000000000 0.00000000000 0.00000000000 0.00000000000 0.00000000000 0.00000000000 0.00000000000 0.00000000000 0.00000000000 0.00000000000 0.00000000000 0.00000000000 0.00000000000 0.00000000000 0.00000000000 0.00000000000 0.00000000000 0.00000000000 0.00000000000 0.00000000000
# SelPars_dev95:
 0.00000000000 0.00000000000 0.00000000000 0.00000000000 0.00000000000 0.00000000000 0.00000000000 0.00000000000 0.00000000000 0.00000000000 0.00000000000 0.00000000000 0.00000000000 0.00000000000 0.00000000000 0.00000000000 0.00000000000 0.00000000000 0.00000000000 0.00000000000 0.00000000000 0.00000000000 0.00000000000 0.00000000000 0.00000000000 0.00000000000 0.00000000000 0.00000000000 0.00000000000 0.00000000000 0.00000000000 0.00000000000 0.00000000000 0.00000000000 0.00000000000 0.00000000000 0.00000000000 0.00000000000 0.00000000000 0.00000000000 0.00000000000 0.00000000000 0.00000000000 0.00000000000 0.00000000000 0.00000000000 0.00000000000 0.00000000000 0.00000000000 0.00000000000 0.00000000000 0.00000000000 0.00000000000 0.00000000000 0.00000000000 0.00000000000 0.00000000000 0.00000000000 0.00000000000
