# Number of parameters = 127 Objective function value = 57386.7  Maximum gradient component = 0.000620606
# srv_sel50:
1.51226859159
# srv_sel95:
2.54023354638
# stNatLen:
 11.4825692509 11.3163126143 11.0654269075 10.8237669151 10.6013186024 10.3795848288 10.1446458927 9.89567143572 9.64031706085 9.38808985314 9.14663655619 8.92085100453 8.71329545333 8.52493087957 8.35574248106 8.20518708875 8.07249304518 7.95680298119 7.85728468084 7.77317327029 7.70382181723 7.64881083785 7.60788119866 7.58074499658 7.56718627173
# log_avg_fmort_dir:
-1.52222997320
# fmort_dir_dev:
 -0.789807308914 -0.604711072139 -0.576468004590 -0.300717639791 -0.117882251886 -0.0168880502494 0.0903269762597 0.104663019310 0.184163662903 0.295071855318 0.448301106420 0.463279837986 0.330161856087 0.367924750434 0.224362966048 0.278675524421 0.336831426026 0.206884036355 0.235222709015 0.172717886336 0.190634744956 0.137808850159 0.151744497725 0.108332394241 0.107197913087 0.0145453937491 0.0137557023730 0.0244832904921 -0.0194755012698 -0.110819084877 -0.00419431789268 -0.0608372390110 -0.185349432809 -0.0369803283952 0.0231085777182 -0.0943128551736 -0.00359738185017 -0.130381374060 -0.0519489456816 -0.0537648561210 -0.0365011905339 -0.0753342599036 -0.152554813991 -0.0483116042210 -0.0447475405846 -0.0129862288923 -0.513951988709 -0.467675705874
# mean_log_rec:
11.1016775269
# rec_dev:
 0.450010697258 0.433329797225 0.420826431472 0.387405249853 0.362660697209 0.347552580818 0.332193513644 0.317702357755 0.278745453907 0.223137759133 0.164952922397 0.102258285600 0.0468872100255 0.0152328954403 -0.00943847113551 -0.0591422604500 -0.0971743150437 -0.111676488070 -0.122515266301 -0.131064712016 -0.155290435879 -0.180962223596 -0.196136189258 -0.202129578405 -0.214225245494 -0.206922368204 -0.185709465896 -0.165681722618 -0.139518233632 -0.142794039847 -0.119088191699 -0.0763514148481 -0.0614557469304 -0.0575155698325 -0.0658017061344 -0.0895066576918 -0.0788266287865 -0.0788837270986 -0.103961512800 -0.125748437272 -0.110215129825 -0.0932094177778 -0.0838828743526 -0.0836259077210 -0.0856534507171 -0.0778118630895 -0.0854882826915 -0.0854883166241
# log_avg_NatM:
-1.60943800000
# m_dev:
 0.00000000000 0.00000000000 0.00000000000 0.00000000000 0.00000000000 0.00000000000 0.00000000000 0.00000000000 0.00000000000 0.00000000000 0.00000000000 0.00000000000 0.00000000000 0.00000000000 0.00000000000 0.00000000000 0.00000000000 0.00000000000 0.00000000000 0.00000000000 0.00000000000 0.00000000000 0.00000000000 0.00000000000 0.00000000000 0.00000000000 0.00000000000 0.00000000000 0.00000000000 0.00000000000 0.00000000000 0.00000000000 0.00000000000 0.00000000000 0.00000000000 0.00000000000 0.00000000000 0.00000000000 0.00000000000 0.00000000000 0.00000000000 0.00000000000 0.00000000000 0.00000000000 0.00000000000 0.00000000000 0.00000000000 0.00000000000
# log_avg_GrowthK:
-1.60943800000
# log_avg_Linf:
4.88280200000
# GrowthK_dev:
 0.00000000000 0.00000000000 0.00000000000 0.00000000000 0.00000000000 0.00000000000 0.00000000000 0.00000000000 0.00000000000 0.00000000000 0.00000000000 0.00000000000 0.00000000000 0.00000000000 0.00000000000 0.00000000000 0.00000000000 0.00000000000 0.00000000000 0.00000000000 0.00000000000 0.00000000000 0.00000000000 0.00000000000 0.00000000000 0.00000000000 0.00000000000 0.00000000000 0.00000000000 0.00000000000 0.00000000000 0.00000000000 0.00000000000 0.00000000000 0.00000000000 0.00000000000 0.00000000000 0.00000000000 0.00000000000 0.00000000000 0.00000000000 0.00000000000 0.00000000000 0.00000000000 0.00000000000 0.00000000000 0.00000000000 0.00000000000
# Linf_dev:
 0.00000000000 0.00000000000 0.00000000000 0.00000000000 0.00000000000 0.00000000000 0.00000000000 0.00000000000 0.00000000000 0.00000000000 0.00000000000 0.00000000000 0.00000000000 0.00000000000 0.00000000000 0.00000000000 0.00000000000 0.00000000000 0.00000000000 0.00000000000 0.00000000000 0.00000000000 0.00000000000 0.00000000000 0.00000000000 0.00000000000 0.00000000000 0.00000000000 0.00000000000 0.00000000000 0.00000000000 0.00000000000 0.00000000000 0.00000000000 0.00000000000 0.00000000000 0.00000000000 0.00000000000 0.00000000000 0.00000000000 0.00000000000 0.00000000000 0.00000000000 0.00000000000 0.00000000000 0.00000000000 0.00000000000 0.00000000000
# SelPars50:
2.07271997349
# SelPars95:
3.71946624814
# SelPars_dev50:
 0.00000000000 0.00000000000 0.00000000000 0.00000000000 0.00000000000 0.00000000000 0.00000000000 0.00000000000 0.00000000000 0.00000000000 0.00000000000 0.00000000000 0.00000000000 0.00000000000 0.00000000000 0.00000000000 0.00000000000 0.00000000000 0.00000000000 0.00000000000 0.00000000000 0.00000000000 0.00000000000 0.00000000000 0.00000000000 0.00000000000 0.00000000000 0.00000000000 0.00000000000 0.00000000000 0.00000000000 0.00000000000 0.00000000000 0.00000000000 0.00000000000 0.00000000000 0.00000000000 0.00000000000 0.00000000000 0.00000000000 0.00000000000 0.00000000000 0.00000000000 0.00000000000 0.00000000000 0.00000000000 0.00000000000 0.00000000000
# SelPars_dev95:
 0.00000000000 0.00000000000 0.00000000000 0.00000000000 0.00000000000 0.00000000000 0.00000000000 0.00000000000 0.00000000000 0.00000000000 0.00000000000 0.00000000000 0.00000000000 0.00000000000 0.00000000000 0.00000000000 0.00000000000 0.00000000000 0.00000000000 0.00000000000 0.00000000000 0.00000000000 0.00000000000 0.00000000000 0.00000000000 0.00000000000 0.00000000000 0.00000000000 0.00000000000 0.00000000000 0.00000000000 0.00000000000 0.00000000000 0.00000000000 0.00000000000 0.00000000000 0.00000000000 0.00000000000 0.00000000000 0.00000000000 0.00000000000 0.00000000000 0.00000000000 0.00000000000 0.00000000000 0.00000000000 0.00000000000 0.00000000000
