# Number of parameters = 155 Objective function value = 74462.8  Maximum gradient component = 0.00606024
# srv_sel50:
1.49317731386
# srv_sel95:
2.47808641288
# stNatLen:
 11.4875759832 11.3241590178 11.0814313254 10.8456144995 10.6226119036 10.3958477263 10.1561567459 9.90629411412 9.65486328814 9.41049463133 9.17937925008 8.96509305068 8.76924555961 8.59220132809 8.43362779727 8.29281515639 8.16889810852 8.06101029873 7.96835086875 7.89025865602 7.82611950511 7.77542800900 7.73780043720 7.71289712969 7.70045657760
# log_avg_fmort_dir:
-1.58801745119
# fmort_dir_dev:
 -0.600641341693 -0.450611049363 -0.430540083370 -0.127273658609 -0.152380797286 0.0475387819239 0.121219306348 0.172078871584 0.233443716090 0.355562340572 0.379722091472 0.444610704340 0.415308156050 0.390438423132 0.417036541625 0.327283787932 0.339625718227 0.257584044199 0.250180990894 0.198651867256 0.132103471683 0.247287876302 0.281601068527 0.130598610497 0.155242255044 0.112266949381 0.150354615086 0.0216188809445 0.0330880054705 -0.0544322682548 -0.000382540471701 0.0323997913522 0.00427509701708 -0.106765174471 -0.0696458017635 -0.0939274179436 -0.00662267627696 -0.0498298012204 0.0463175132713 -0.0609029588312 -0.0392121421713 0.0295922548892 -0.0458444580956 -0.0335020127539 0.0328269186904 -0.0427397005692 -0.219997880253 -0.192246654588 -0.133189041407 -0.334777183793 -0.181243723542 -0.191426415829 -0.133963336695 -0.372023392109 -0.333075075172 -0.158412989089 -0.109935570301 -0.191325243774 -0.240178107173 -0.241237917156 -0.0656730088041 -0.295899226970
# mean_log_rec:
11.1088713180
# rec_dev:
 0.422494854895 0.397999176551 0.387400164644 0.378617204759 0.363098795351 0.331145585030 0.303787372266 0.282802735337 0.261551118291 0.218902457961 0.134098346938 0.0478046202465 -0.0109948432729 -0.0548294191850 -0.0753896104749 -0.0867424229510 -0.103246876250 -0.100912048202 -0.0803839030516 -0.0851417422441 -0.114416811451 -0.147678573318 -0.156479953283 -0.169643040639 -0.185436531638 -0.188616292574 -0.178811708060 -0.170053893974 -0.155246270794 -0.148745035064 -0.144988762184 -0.139814247450 -0.122470933057 -0.105166854803 -0.104060827306 -0.100019849950 -0.0806429226408 -0.0652317079497 -0.0506845113109 -0.0465851340976 -0.0556641307346 -0.0537266917977 -0.0584780904495 -0.0708503509719 -0.0717900153397 -0.0630800784899 -0.0507374586690 -0.0460159032006 -0.0387979952693 -0.0169253151481 0.00840312116352 0.0163286664016 0.00637059162903 0.0131207527122 0.0351222382632 0.0414443902953 0.0190408693438 0.00606253194698 0.0164588344096 0.0133912180764 -0.00347254053516 -0.00347234872743
# log_avg_NatM:
-1.60943800000
# m_dev:
 0.00000000000 0.00000000000 0.00000000000 0.00000000000 0.00000000000 0.00000000000 0.00000000000 0.00000000000 0.00000000000 0.00000000000 0.00000000000 0.00000000000 0.00000000000 0.00000000000 0.00000000000 0.00000000000 0.00000000000 0.00000000000 0.00000000000 0.00000000000 0.00000000000 0.00000000000 0.00000000000 0.00000000000 0.00000000000 0.00000000000 0.00000000000 0.00000000000 0.00000000000 0.00000000000 0.00000000000 0.00000000000 0.00000000000 0.00000000000 0.00000000000 0.00000000000 0.00000000000 0.00000000000 0.00000000000 0.00000000000 0.00000000000 0.00000000000 0.00000000000 0.00000000000 0.00000000000 0.00000000000 0.00000000000 0.00000000000 0.00000000000 0.00000000000 0.00000000000 0.00000000000 0.00000000000 0.00000000000 0.00000000000 0.00000000000 0.00000000000 0.00000000000 0.00000000000 0.00000000000 0.00000000000 0.00000000000
# log_avg_GrowthK:
-1.60943800000
# log_avg_Linf:
4.88280200000
# GrowthK_dev:
 0.00000000000 0.00000000000 0.00000000000 0.00000000000 0.00000000000 0.00000000000 0.00000000000 0.00000000000 0.00000000000 0.00000000000 0.00000000000 0.00000000000 0.00000000000 0.00000000000 0.00000000000 0.00000000000 0.00000000000 0.00000000000 0.00000000000 0.00000000000 0.00000000000 0.00000000000 0.00000000000 0.00000000000 0.00000000000 0.00000000000 0.00000000000 0.00000000000 0.00000000000 0.00000000000 0.00000000000 0.00000000000 0.00000000000 0.00000000000 0.00000000000 0.00000000000 0.00000000000 0.00000000000 0.00000000000 0.00000000000 0.00000000000 0.00000000000 0.00000000000 0.00000000000 0.00000000000 0.00000000000 0.00000000000 0.00000000000 0.00000000000 0.00000000000 0.00000000000 0.00000000000 0.00000000000 0.00000000000 0.00000000000 0.00000000000 0.00000000000 0.00000000000 0.00000000000 0.00000000000 0.00000000000 0.00000000000
# Linf_dev:
 0.00000000000 0.00000000000 0.00000000000 0.00000000000 0.00000000000 0.00000000000 0.00000000000 0.00000000000 0.00000000000 0.00000000000 0.00000000000 0.00000000000 0.00000000000 0.00000000000 0.00000000000 0.00000000000 0.00000000000 0.00000000000 0.00000000000 0.00000000000 0.00000000000 0.00000000000 0.00000000000 0.00000000000 0.00000000000 0.00000000000 0.00000000000 0.00000000000 0.00000000000 0.00000000000 0.00000000000 0.00000000000 0.00000000000 0.00000000000 0.00000000000 0.00000000000 0.00000000000 0.00000000000 0.00000000000 0.00000000000 0.00000000000 0.00000000000 0.00000000000 0.00000000000 0.00000000000 0.00000000000 0.00000000000 0.00000000000 0.00000000000 0.00000000000 0.00000000000 0.00000000000 0.00000000000 0.00000000000 0.00000000000 0.00000000000 0.00000000000 0.00000000000 0.00000000000 0.00000000000 0.00000000000 0.00000000000
# SelPars50:
2.05441426804
# SelPars95:
3.68197874968
# SelPars_dev50:
 0.00000000000 0.00000000000 0.00000000000 0.00000000000 0.00000000000 0.00000000000 0.00000000000 0.00000000000 0.00000000000 0.00000000000 0.00000000000 0.00000000000 0.00000000000 0.00000000000 0.00000000000 0.00000000000 0.00000000000 0.00000000000 0.00000000000 0.00000000000 0.00000000000 0.00000000000 0.00000000000 0.00000000000 0.00000000000 0.00000000000 0.00000000000 0.00000000000 0.00000000000 0.00000000000 0.00000000000 0.00000000000 0.00000000000 0.00000000000 0.00000000000 0.00000000000 0.00000000000 0.00000000000 0.00000000000 0.00000000000 0.00000000000 0.00000000000 0.00000000000 0.00000000000 0.00000000000 0.00000000000 0.00000000000 0.00000000000 0.00000000000 0.00000000000 0.00000000000 0.00000000000 0.00000000000 0.00000000000 0.00000000000 0.00000000000 0.00000000000 0.00000000000 0.00000000000 0.00000000000 0.00000000000 0.00000000000
# SelPars_dev95:
 0.00000000000 0.00000000000 0.00000000000 0.00000000000 0.00000000000 0.00000000000 0.00000000000 0.00000000000 0.00000000000 0.00000000000 0.00000000000 0.00000000000 0.00000000000 0.00000000000 0.00000000000 0.00000000000 0.00000000000 0.00000000000 0.00000000000 0.00000000000 0.00000000000 0.00000000000 0.00000000000 0.00000000000 0.00000000000 0.00000000000 0.00000000000 0.00000000000 0.00000000000 0.00000000000 0.00000000000 0.00000000000 0.00000000000 0.00000000000 0.00000000000 0.00000000000 0.00000000000 0.00000000000 0.00000000000 0.00000000000 0.00000000000 0.00000000000 0.00000000000 0.00000000000 0.00000000000 0.00000000000 0.00000000000 0.00000000000 0.00000000000 0.00000000000 0.00000000000 0.00000000000 0.00000000000 0.00000000000 0.00000000000 0.00000000000 0.00000000000 0.00000000000 0.00000000000 0.00000000000 0.00000000000 0.00000000000
