# Number of parameters = 139 Objective function value = 64664.8  Maximum gradient component = 0.00107982
# srv_sel50:
1.67763776873
# srv_sel95:
3.01047156369
# stNatLen:
 11.8504127445 11.6657804330 11.3953377286 11.1685416818 10.9883818506 10.8157784330 10.6174883870 10.3824273357 10.1186612553 9.84208743223 9.56755510687 9.30545614284 9.06179974970 8.83941953767 8.63917931201 8.46087385989 8.30376438127 8.16688949638 8.04929318286 7.95007212299 7.86851216984 7.80399971965 7.75603411060 7.72427466965 7.70848804689
# log_avg_fmort_dir:
-1.62028814164
# fmort_dir_dev:
 -2.02786078335 -2.00691286447 -1.38729104705 -1.04180942535 -0.791537529838 -0.617373848437 -0.480677876432 -0.227723147662 -0.0963113165724 -0.0378306737990 0.0552784392061 0.174097802577 0.340185122568 0.388065220124 0.462333351362 0.430750266730 0.390195171902 0.312171835717 0.337602418628 0.441908112099 0.345579613959 0.267079919034 0.297321135036 0.191212260351 0.225379917407 0.177719516592 0.200176663676 0.137877605640 0.153712422146 0.0729920008942 0.192605314371 0.175820269928 0.120464893326 0.0622964852761 0.142233033192 0.0869222285987 0.119142405431 0.0819796660853 0.115108570889 0.0665316368278 0.127414565654 0.0719288774332 0.147384540044 0.100414938502 0.104375244287 0.0916272243489 0.0967368682552 0.148456999100 0.120003717234 0.0791245537027 0.166409901749 0.359997224159 0.287926490708 0.248784068206
# mean_log_rec:
11.3502398500
# rec_dev:
 0.549492864070 0.525754507359 0.521647060394 0.510655879726 0.493484476246 0.481582780964 0.457509945015 0.428527383487 0.393999011944 0.355798753003 0.320705136466 0.279308773623 0.243275491399 0.215397159646 0.177652122390 0.145231430399 0.108932131843 0.0690666981674 0.0257085383249 -0.0258415605257 -0.0720162838232 -0.0855920765671 -0.0965743764022 -0.114073973630 -0.117039100052 -0.128560780752 -0.152707113520 -0.178184759040 -0.191122363800 -0.215875929873 -0.265152228909 -0.299938999176 -0.340203135513 -0.377203388702 -0.296465437167 -0.215803264369 -0.220564452412 -0.230882024355 -0.210302893804 -0.189108614003 -0.191590817890 -0.201213963113 -0.207551772070 -0.186553375441 -0.175963931022 -0.180294574012 -0.176671093637 -0.186621436470 -0.183376973424 -0.160777057463 -0.128306520596 -0.0877858572941 -0.106904997479 -0.106905018162
# log_avg_NatM:
-1.41511900000
# m_dev:
 0.00000000000 0.00000000000 0.00000000000 0.00000000000 0.00000000000 0.00000000000 0.00000000000 0.00000000000 0.00000000000 0.00000000000 0.00000000000 0.00000000000 0.00000000000 0.00000000000 0.00000000000 0.00000000000 0.00000000000 0.00000000000 0.00000000000 0.00000000000 0.00000000000 0.00000000000 0.00000000000 0.00000000000 0.00000000000 0.00000000000 0.00000000000 0.00000000000 0.00000000000 0.00000000000 0.00000000000 0.00000000000 0.00000000000 0.00000000000 0.00000000000 0.00000000000 0.00000000000 0.00000000000 0.00000000000 0.00000000000 0.00000000000 0.00000000000 0.00000000000 0.00000000000 0.00000000000 0.00000000000 0.00000000000 0.00000000000 0.00000000000 0.00000000000 0.00000000000 0.00000000000 0.00000000000 0.00000000000
# log_avg_GrowthK:
-1.55825100000
# log_avg_Linf:
4.89676000000
# GrowthK_dev:
 0.00000000000 0.00000000000 0.00000000000 0.00000000000 0.00000000000 0.00000000000 0.00000000000 0.00000000000 0.00000000000 0.00000000000 0.00000000000 0.00000000000 0.00000000000 0.00000000000 0.00000000000 0.00000000000 0.00000000000 0.00000000000 0.00000000000 0.00000000000 0.00000000000 0.00000000000 0.00000000000 0.00000000000 0.00000000000 0.00000000000 0.00000000000 0.00000000000 0.00000000000 0.00000000000 0.00000000000 0.00000000000 0.00000000000 0.00000000000 0.00000000000 0.00000000000 0.00000000000 0.00000000000 0.00000000000 0.00000000000 0.00000000000 0.00000000000 0.00000000000 0.00000000000 0.00000000000 0.00000000000 0.00000000000 0.00000000000 0.00000000000 0.00000000000 0.00000000000 0.00000000000 0.00000000000 0.00000000000
# Linf_dev:
 0.00000000000 0.00000000000 0.00000000000 0.00000000000 0.00000000000 0.00000000000 0.00000000000 0.00000000000 0.00000000000 0.00000000000 0.00000000000 0.00000000000 0.00000000000 0.00000000000 0.00000000000 0.00000000000 0.00000000000 0.00000000000 0.00000000000 0.00000000000 0.00000000000 0.00000000000 0.00000000000 0.00000000000 0.00000000000 0.00000000000 0.00000000000 0.00000000000 0.00000000000 0.00000000000 0.00000000000 0.00000000000 0.00000000000 0.00000000000 0.00000000000 0.00000000000 0.00000000000 0.00000000000 0.00000000000 0.00000000000 0.00000000000 0.00000000000 0.00000000000 0.00000000000 0.00000000000 0.00000000000 0.00000000000 0.00000000000 0.00000000000 0.00000000000 0.00000000000 0.00000000000 0.00000000000 0.00000000000
# SelPars50:
2.28182178037
# SelPars95:
4.18001676341
# SelPars_dev50:
 0.00000000000 0.00000000000 0.00000000000 0.00000000000 0.00000000000 0.00000000000 0.00000000000 0.00000000000 0.00000000000 0.00000000000 0.00000000000 0.00000000000 0.00000000000 0.00000000000 0.00000000000 0.00000000000 0.00000000000 0.00000000000 0.00000000000 0.00000000000 0.00000000000 0.00000000000 0.00000000000 0.00000000000 0.00000000000 0.00000000000 0.00000000000 0.00000000000 0.00000000000 0.00000000000 0.00000000000 0.00000000000 0.00000000000 0.00000000000 0.00000000000 0.00000000000 0.00000000000 0.00000000000 0.00000000000 0.00000000000 0.00000000000 0.00000000000 0.00000000000 0.00000000000 0.00000000000 0.00000000000 0.00000000000 0.00000000000 0.00000000000 0.00000000000 0.00000000000 0.00000000000 0.00000000000 0.00000000000
# SelPars_dev95:
 0.00000000000 0.00000000000 0.00000000000 0.00000000000 0.00000000000 0.00000000000 0.00000000000 0.00000000000 0.00000000000 0.00000000000 0.00000000000 0.00000000000 0.00000000000 0.00000000000 0.00000000000 0.00000000000 0.00000000000 0.00000000000 0.00000000000 0.00000000000 0.00000000000 0.00000000000 0.00000000000 0.00000000000 0.00000000000 0.00000000000 0.00000000000 0.00000000000 0.00000000000 0.00000000000 0.00000000000 0.00000000000 0.00000000000 0.00000000000 0.00000000000 0.00000000000 0.00000000000 0.00000000000 0.00000000000 0.00000000000 0.00000000000 0.00000000000 0.00000000000 0.00000000000 0.00000000000 0.00000000000 0.00000000000 0.00000000000 0.00000000000 0.00000000000 0.00000000000 0.00000000000 0.00000000000 0.00000000000
