# Number of parameters = 149 Objective function value = 70810.9  Maximum gradient component = 0.000384352
# srv_sel50:
1.50424255339
# srv_sel95:
2.51135663726
# stNatLen:
 11.4575604542 11.2927798263 11.0530146956 10.8201495692 10.5950586708 10.3619439766 10.1165274517 9.86561623429 9.61897256480 9.38431731381 9.16621147419 8.96669392207 8.78619335257 8.62426067027 8.48003126622 8.35251131840 8.24069501416 8.14363349764 8.06047094734 7.99048115375 7.93312791624 7.88794912692 7.85453013250 7.83245305270 7.82143992815
# log_avg_fmort_dir:
-1.56984155890
# fmort_dir_dev:
 -0.589907964454 -0.527871692168 -0.473098536984 -0.165365443251 -0.157105420007 -0.00726139905742 0.0537960495380 0.0791401483317 0.259936726985 0.415128120622 0.392104976703 0.479450598622 0.455923025206 0.212403466891 0.335554051338 0.362371324322 0.275364903367 0.300222060400 0.294356501945 0.296273777370 0.221074029944 0.157593008431 0.187368551280 0.122665852842 0.161000438649 0.204451998879 0.0567177373678 0.0153438668277 0.0483995042029 0.128414456087 -0.0581799746619 -0.0914723810189 0.0149747592398 -0.0337174715806 -0.0124653878266 0.00552378585220 0.0176256815667 -0.0317080284639 -0.0574079348192 0.0239646184021 -0.0907995154243 -0.106022867176 0.00477867421653 -0.0538560585152 0.0721491919736 -0.0638678039938 -0.288163129607 -0.238427050248 -0.640648810281 -0.454945358640 -0.446841431867 -0.231039527771 -0.167251893284 -0.0945482746643 -0.202866073956 -0.0495518947101 -0.129657071781 -0.117210136655 -0.0728133545342
# mean_log_rec:
11.1003847851
# rec_dev:
 0.398445639876 0.377182575050 0.365537211058 0.343249212665 0.317114992229 0.303854510546 0.292908466565 0.263298018322 0.214838263334 0.158185760161 0.101445914455 0.0532768450784 0.0444427960158 0.0258356856717 0.000326846072487 -0.0233550840154 -0.0515617779728 -0.0828336856187 -0.107901149256 -0.126448498725 -0.143817188048 -0.158486163081 -0.169421635775 -0.169754407585 -0.176548429003 -0.169225404272 -0.157497407316 -0.156120610942 -0.141965670017 -0.136895509245 -0.131337911339 -0.108064146837 -0.0905443307743 -0.0845450818854 -0.0670525300376 -0.0568256654098 -0.0663644127141 -0.0731760947182 -0.0869396389902 -0.100909453433 -0.0977975215496 -0.0901849344971 -0.0810010173639 -0.0741554029402 -0.0619433854598 -0.0375891585368 -0.0361356857094 -0.0330449996827 -0.0261843477907 -0.00314971102542 0.0193063190923 0.0296946361509 0.0257302593248 0.0191047451036 0.0131083702346 0.00687279069572 0.00610595108856 -0.000543858683286 -0.000543898543010
# log_avg_NatM:
-1.60943800000
# m_dev:
 0.00000000000 0.00000000000 0.00000000000 0.00000000000 0.00000000000 0.00000000000 0.00000000000 0.00000000000 0.00000000000 0.00000000000 0.00000000000 0.00000000000 0.00000000000 0.00000000000 0.00000000000 0.00000000000 0.00000000000 0.00000000000 0.00000000000 0.00000000000 0.00000000000 0.00000000000 0.00000000000 0.00000000000 0.00000000000 0.00000000000 0.00000000000 0.00000000000 0.00000000000 0.00000000000 0.00000000000 0.00000000000 0.00000000000 0.00000000000 0.00000000000 0.00000000000 0.00000000000 0.00000000000 0.00000000000 0.00000000000 0.00000000000 0.00000000000 0.00000000000 0.00000000000 0.00000000000 0.00000000000 0.00000000000 0.00000000000 0.00000000000 0.00000000000 0.00000000000 0.00000000000 0.00000000000 0.00000000000 0.00000000000 0.00000000000 0.00000000000 0.00000000000 0.00000000000
# log_avg_GrowthK:
-1.60943800000
# log_avg_Linf:
4.88280200000
# GrowthK_dev:
 0.00000000000 0.00000000000 0.00000000000 0.00000000000 0.00000000000 0.00000000000 0.00000000000 0.00000000000 0.00000000000 0.00000000000 0.00000000000 0.00000000000 0.00000000000 0.00000000000 0.00000000000 0.00000000000 0.00000000000 0.00000000000 0.00000000000 0.00000000000 0.00000000000 0.00000000000 0.00000000000 0.00000000000 0.00000000000 0.00000000000 0.00000000000 0.00000000000 0.00000000000 0.00000000000 0.00000000000 0.00000000000 0.00000000000 0.00000000000 0.00000000000 0.00000000000 0.00000000000 0.00000000000 0.00000000000 0.00000000000 0.00000000000 0.00000000000 0.00000000000 0.00000000000 0.00000000000 0.00000000000 0.00000000000 0.00000000000 0.00000000000 0.00000000000 0.00000000000 0.00000000000 0.00000000000 0.00000000000 0.00000000000 0.00000000000 0.00000000000 0.00000000000 0.00000000000
# Linf_dev:
 0.00000000000 0.00000000000 0.00000000000 0.00000000000 0.00000000000 0.00000000000 0.00000000000 0.00000000000 0.00000000000 0.00000000000 0.00000000000 0.00000000000 0.00000000000 0.00000000000 0.00000000000 0.00000000000 0.00000000000 0.00000000000 0.00000000000 0.00000000000 0.00000000000 0.00000000000 0.00000000000 0.00000000000 0.00000000000 0.00000000000 0.00000000000 0.00000000000 0.00000000000 0.00000000000 0.00000000000 0.00000000000 0.00000000000 0.00000000000 0.00000000000 0.00000000000 0.00000000000 0.00000000000 0.00000000000 0.00000000000 0.00000000000 0.00000000000 0.00000000000 0.00000000000 0.00000000000 0.00000000000 0.00000000000 0.00000000000 0.00000000000 0.00000000000 0.00000000000 0.00000000000 0.00000000000 0.00000000000 0.00000000000 0.00000000000 0.00000000000 0.00000000000 0.00000000000
# SelPars50:
2.06707441330
# SelPars95:
3.70893997833
# SelPars_dev50:
 0.00000000000 0.00000000000 0.00000000000 0.00000000000 0.00000000000 0.00000000000 0.00000000000 0.00000000000 0.00000000000 0.00000000000 0.00000000000 0.00000000000 0.00000000000 0.00000000000 0.00000000000 0.00000000000 0.00000000000 0.00000000000 0.00000000000 0.00000000000 0.00000000000 0.00000000000 0.00000000000 0.00000000000 0.00000000000 0.00000000000 0.00000000000 0.00000000000 0.00000000000 0.00000000000 0.00000000000 0.00000000000 0.00000000000 0.00000000000 0.00000000000 0.00000000000 0.00000000000 0.00000000000 0.00000000000 0.00000000000 0.00000000000 0.00000000000 0.00000000000 0.00000000000 0.00000000000 0.00000000000 0.00000000000 0.00000000000 0.00000000000 0.00000000000 0.00000000000 0.00000000000 0.00000000000 0.00000000000 0.00000000000 0.00000000000 0.00000000000 0.00000000000 0.00000000000
# SelPars_dev95:
 0.00000000000 0.00000000000 0.00000000000 0.00000000000 0.00000000000 0.00000000000 0.00000000000 0.00000000000 0.00000000000 0.00000000000 0.00000000000 0.00000000000 0.00000000000 0.00000000000 0.00000000000 0.00000000000 0.00000000000 0.00000000000 0.00000000000 0.00000000000 0.00000000000 0.00000000000 0.00000000000 0.00000000000 0.00000000000 0.00000000000 0.00000000000 0.00000000000 0.00000000000 0.00000000000 0.00000000000 0.00000000000 0.00000000000 0.00000000000 0.00000000000 0.00000000000 0.00000000000 0.00000000000 0.00000000000 0.00000000000 0.00000000000 0.00000000000 0.00000000000 0.00000000000 0.00000000000 0.00000000000 0.00000000000 0.00000000000 0.00000000000 0.00000000000 0.00000000000 0.00000000000 0.00000000000 0.00000000000 0.00000000000 0.00000000000 0.00000000000 0.00000000000 0.00000000000
