# Number of parameters = 137 Objective function value = 63552.7  Maximum gradient component = 0.000354578
# srv_sel50:
1.53429670995
# srv_sel95:
2.60535670641
# stNatLen:
 11.4155193542 11.2626785633 11.0525935240 10.8610889983 10.6762576115 10.4736616481 10.2475222203 10.0072928722 9.76607296277 9.53405858046 9.31729887381 9.11861761665 8.93883359546 8.77765948002 8.63428951689 8.50772281292 8.39687948407 8.30078035422 8.21857824190 8.14945756449 8.09279672116 8.04809252353 8.01482327752 7.99272876796 7.98172309030
# log_avg_fmort_dir:
-1.63022271995
# fmort_dir_dev:
 -1.75710804739 -1.74974656992 -1.21164415426 -0.927840447638 -0.759208500158 -0.514626410251 -0.395780336582 -0.200358281109 -0.0833747236851 0.114113983298 0.175009183266 0.305387722457 0.401531338298 0.296911929205 0.517178782682 0.478757996075 0.508292756609 0.412760922543 0.390835723502 0.415402726218 0.504158325055 0.360781869085 0.442259679625 0.430550051194 0.377472005075 0.282390018450 0.235801099682 0.221040911408 0.260936699400 0.181948188773 0.159829875382 0.174804743394 0.103678260017 0.0616864217848 -0.0348462079815 0.0184135234908 0.116556894712 0.0500845395293 -0.00260539222738 0.0706067207579 0.0464290417218 0.0217249050701 0.0180069196905 0.0459600330439 -0.0119094832662 0.0448169674542 0.00300138339359 -0.00955728639539 0.0851549453049 0.0139387712994 -0.169745188741 -0.219666620587 -0.300198207750
# mean_log_rec:
11.1367936052
# rec_dev:
 0.337238416976 0.311639834019 0.318145925663 0.324383039832 0.326630548013 0.334593388957 0.331476579564 0.323722433781 0.316340024813 0.299602584566 0.272961694649 0.243669887281 0.213879701845 0.165466677900 0.101163107623 0.0504620930985 0.0107689727430 -0.0185723102595 -0.0307192806329 -0.0594338850110 -0.0801294745899 -0.0983713451081 -0.134912899848 -0.159462500904 -0.161195966302 -0.174347550079 -0.192618645030 -0.208387868186 -0.219664605634 -0.211225227289 -0.200010672010 -0.186513997926 -0.163834974528 -0.149382398703 -0.147220827119 -0.133851025044 -0.125934728569 -0.113918939826 -0.114810022327 -0.110955974851 -0.107467540207 -0.121902792291 -0.137079248989 -0.114149575752 -0.0930231463507 -0.0901979899990 -0.0963253676759 -0.0946960523849 -0.0751254835370 -0.0467673572389 -0.0344932984019 -0.0377209705081 -0.0377209682143
# log_avg_NatM:
-1.63623700000
# m_dev:
 0.00000000000 0.00000000000 0.00000000000 0.00000000000 0.00000000000 0.00000000000 0.00000000000 0.00000000000 0.00000000000 0.00000000000 0.00000000000 0.00000000000 0.00000000000 0.00000000000 0.00000000000 0.00000000000 0.00000000000 0.00000000000 0.00000000000 0.00000000000 0.00000000000 0.00000000000 0.00000000000 0.00000000000 0.00000000000 0.00000000000 0.00000000000 0.00000000000 0.00000000000 0.00000000000 0.00000000000 0.00000000000 0.00000000000 0.00000000000 0.00000000000 0.00000000000 0.00000000000 0.00000000000 0.00000000000 0.00000000000 0.00000000000 0.00000000000 0.00000000000 0.00000000000 0.00000000000 0.00000000000 0.00000000000 0.00000000000 0.00000000000 0.00000000000 0.00000000000 0.00000000000 0.00000000000
# log_avg_GrowthK:
-1.62079500000
# log_avg_Linf:
4.85492200000
# GrowthK_dev:
 0.00000000000 0.00000000000 0.00000000000 0.00000000000 0.00000000000 0.00000000000 0.00000000000 0.00000000000 0.00000000000 0.00000000000 0.00000000000 0.00000000000 0.00000000000 0.00000000000 0.00000000000 0.00000000000 0.00000000000 0.00000000000 0.00000000000 0.00000000000 0.00000000000 0.00000000000 0.00000000000 0.00000000000 0.00000000000 0.00000000000 0.00000000000 0.00000000000 0.00000000000 0.00000000000 0.00000000000 0.00000000000 0.00000000000 0.00000000000 0.00000000000 0.00000000000 0.00000000000 0.00000000000 0.00000000000 0.00000000000 0.00000000000 0.00000000000 0.00000000000 0.00000000000 0.00000000000 0.00000000000 0.00000000000 0.00000000000 0.00000000000 0.00000000000 0.00000000000 0.00000000000 0.00000000000
# Linf_dev:
 0.00000000000 0.00000000000 0.00000000000 0.00000000000 0.00000000000 0.00000000000 0.00000000000 0.00000000000 0.00000000000 0.00000000000 0.00000000000 0.00000000000 0.00000000000 0.00000000000 0.00000000000 0.00000000000 0.00000000000 0.00000000000 0.00000000000 0.00000000000 0.00000000000 0.00000000000 0.00000000000 0.00000000000 0.00000000000 0.00000000000 0.00000000000 0.00000000000 0.00000000000 0.00000000000 0.00000000000 0.00000000000 0.00000000000 0.00000000000 0.00000000000 0.00000000000 0.00000000000 0.00000000000 0.00000000000 0.00000000000 0.00000000000 0.00000000000 0.00000000000 0.00000000000 0.00000000000 0.00000000000 0.00000000000 0.00000000000 0.00000000000 0.00000000000 0.00000000000 0.00000000000 0.00000000000
# SelPars50:
2.09566897018
# SelPars95:
3.76463441780
# SelPars_dev50:
 0.00000000000 0.00000000000 0.00000000000 0.00000000000 0.00000000000 0.00000000000 0.00000000000 0.00000000000 0.00000000000 0.00000000000 0.00000000000 0.00000000000 0.00000000000 0.00000000000 0.00000000000 0.00000000000 0.00000000000 0.00000000000 0.00000000000 0.00000000000 0.00000000000 0.00000000000 0.00000000000 0.00000000000 0.00000000000 0.00000000000 0.00000000000 0.00000000000 0.00000000000 0.00000000000 0.00000000000 0.00000000000 0.00000000000 0.00000000000 0.00000000000 0.00000000000 0.00000000000 0.00000000000 0.00000000000 0.00000000000 0.00000000000 0.00000000000 0.00000000000 0.00000000000 0.00000000000 0.00000000000 0.00000000000 0.00000000000 0.00000000000 0.00000000000 0.00000000000 0.00000000000 0.00000000000
# SelPars_dev95:
 0.00000000000 0.00000000000 0.00000000000 0.00000000000 0.00000000000 0.00000000000 0.00000000000 0.00000000000 0.00000000000 0.00000000000 0.00000000000 0.00000000000 0.00000000000 0.00000000000 0.00000000000 0.00000000000 0.00000000000 0.00000000000 0.00000000000 0.00000000000 0.00000000000 0.00000000000 0.00000000000 0.00000000000 0.00000000000 0.00000000000 0.00000000000 0.00000000000 0.00000000000 0.00000000000 0.00000000000 0.00000000000 0.00000000000 0.00000000000 0.00000000000 0.00000000000 0.00000000000 0.00000000000 0.00000000000 0.00000000000 0.00000000000 0.00000000000 0.00000000000 0.00000000000 0.00000000000 0.00000000000 0.00000000000 0.00000000000 0.00000000000 0.00000000000 0.00000000000 0.00000000000 0.00000000000
