# Number of parameters = 151 Objective function value = 72033.1  Maximum gradient component = 0.000312277
# srv_sel50:
1.50924184971
# srv_sel95:
2.52581560025
# stNatLen:
 11.4806093983 11.3107868950 11.0632894026 10.8272283802 10.6023584013 10.3706494954 10.1264900537 9.87619028009 9.62948698755 9.39425500138 9.17524880927 8.97464911033 8.79298173639 8.62986246734 8.48446519759 8.35580394052 8.24289644408 8.14486328982 8.06091279994 7.99038862685 7.93264973119 7.88715121583 7.85349785906 7.83129490711 7.82022837860
# log_avg_fmort_dir:
-1.57006893556
# fmort_dir_dev:
 -0.674902031177 -0.637151083235 -0.449706494694 -0.241417567809 -0.0657494425291 0.0360762909641 0.132144280673 0.165141603340 0.164184042786 0.319799270760 0.420543859392 0.383229855720 0.341854565045 0.407760561484 0.369465418235 0.388509646937 0.343784440329 0.317889099577 0.286064511771 0.235387275970 0.216071570735 0.285257938230 0.177921813745 0.233394934035 0.0855868133537 0.135239869607 0.121443684819 0.0396230808511 0.0726121420947 -0.00370478056876 -0.0580762355903 -0.0704620418675 0.0433389127077 -0.0232494795778 -0.0164612618978 -0.0282383083169 -0.0336228722105 -0.0348979220794 0.0410917838696 -0.0191700135482 0.0346939597437 0.0545949089144 0.0476178311052 0.0105729232575 0.0122643119158 -0.0613905193102 -0.634132365852 -0.548910790588 -0.271802595388 -0.133454242599 -0.100537821227 -0.170811516147 -0.199037792884 -0.180564344832 -0.304407174696 -0.171049403334 -0.0837953683447 -0.138240425474 -0.318052685056 -0.250164621136
# mean_log_rec:
11.1006710379
# rec_dev:
 0.433657298079 0.411162778787 0.400356861653 0.385759131044 0.369168773018 0.333335721988 0.296145987520 0.259890724790 0.214853260412 0.166043749745 0.121570077447 0.0709123534631 0.0283726296821 -0.0138118778794 -0.0693902781092 -0.104385792209 -0.111538545685 -0.119810718333 -0.126641239121 -0.136656797228 -0.141626252394 -0.141015911405 -0.134410369684 -0.141879049431 -0.158485608122 -0.164076828666 -0.153353227694 -0.161450276112 -0.157175948403 -0.145585766163 -0.141970612596 -0.133003359747 -0.117160966264 -0.105599394060 -0.101637218217 -0.103879045491 -0.0869758881578 -0.0738168784944 -0.0635023658705 -0.0519120587600 -0.0486538697987 -0.0411476167691 -0.0441473982401 -0.0467525159509 -0.0420808155850 -0.0569732063764 -0.0644766955860 -0.0322203376055 0.00403499256335 0.0197746414085 0.0126722347266 -0.00145122200980 -0.0186047735287 -0.0101287387043 0.00877943953779 0.0167952916185 0.0170134964866 0.00547014515802 -0.00419005421152 -0.00419007046305
# log_avg_NatM:
-1.60943800000
# m_dev:
 0.00000000000 0.00000000000 0.00000000000 0.00000000000 0.00000000000 0.00000000000 0.00000000000 0.00000000000 0.00000000000 0.00000000000 0.00000000000 0.00000000000 0.00000000000 0.00000000000 0.00000000000 0.00000000000 0.00000000000 0.00000000000 0.00000000000 0.00000000000 0.00000000000 0.00000000000 0.00000000000 0.00000000000 0.00000000000 0.00000000000 0.00000000000 0.00000000000 0.00000000000 0.00000000000 0.00000000000 0.00000000000 0.00000000000 0.00000000000 0.00000000000 0.00000000000 0.00000000000 0.00000000000 0.00000000000 0.00000000000 0.00000000000 0.00000000000 0.00000000000 0.00000000000 0.00000000000 0.00000000000 0.00000000000 0.00000000000 0.00000000000 0.00000000000 0.00000000000 0.00000000000 0.00000000000 0.00000000000 0.00000000000 0.00000000000 0.00000000000 0.00000000000 0.00000000000 0.00000000000
# log_avg_GrowthK:
-1.60943800000
# log_avg_Linf:
4.88280200000
# GrowthK_dev:
 0.00000000000 0.00000000000 0.00000000000 0.00000000000 0.00000000000 0.00000000000 0.00000000000 0.00000000000 0.00000000000 0.00000000000 0.00000000000 0.00000000000 0.00000000000 0.00000000000 0.00000000000 0.00000000000 0.00000000000 0.00000000000 0.00000000000 0.00000000000 0.00000000000 0.00000000000 0.00000000000 0.00000000000 0.00000000000 0.00000000000 0.00000000000 0.00000000000 0.00000000000 0.00000000000 0.00000000000 0.00000000000 0.00000000000 0.00000000000 0.00000000000 0.00000000000 0.00000000000 0.00000000000 0.00000000000 0.00000000000 0.00000000000 0.00000000000 0.00000000000 0.00000000000 0.00000000000 0.00000000000 0.00000000000 0.00000000000 0.00000000000 0.00000000000 0.00000000000 0.00000000000 0.00000000000 0.00000000000 0.00000000000 0.00000000000 0.00000000000 0.00000000000 0.00000000000 0.00000000000
# Linf_dev:
 0.00000000000 0.00000000000 0.00000000000 0.00000000000 0.00000000000 0.00000000000 0.00000000000 0.00000000000 0.00000000000 0.00000000000 0.00000000000 0.00000000000 0.00000000000 0.00000000000 0.00000000000 0.00000000000 0.00000000000 0.00000000000 0.00000000000 0.00000000000 0.00000000000 0.00000000000 0.00000000000 0.00000000000 0.00000000000 0.00000000000 0.00000000000 0.00000000000 0.00000000000 0.00000000000 0.00000000000 0.00000000000 0.00000000000 0.00000000000 0.00000000000 0.00000000000 0.00000000000 0.00000000000 0.00000000000 0.00000000000 0.00000000000 0.00000000000 0.00000000000 0.00000000000 0.00000000000 0.00000000000 0.00000000000 0.00000000000 0.00000000000 0.00000000000 0.00000000000 0.00000000000 0.00000000000 0.00000000000 0.00000000000 0.00000000000 0.00000000000 0.00000000000 0.00000000000 0.00000000000
# SelPars50:
2.07966641660
# SelPars95:
3.74290347874
# SelPars_dev50:
 0.00000000000 0.00000000000 0.00000000000 0.00000000000 0.00000000000 0.00000000000 0.00000000000 0.00000000000 0.00000000000 0.00000000000 0.00000000000 0.00000000000 0.00000000000 0.00000000000 0.00000000000 0.00000000000 0.00000000000 0.00000000000 0.00000000000 0.00000000000 0.00000000000 0.00000000000 0.00000000000 0.00000000000 0.00000000000 0.00000000000 0.00000000000 0.00000000000 0.00000000000 0.00000000000 0.00000000000 0.00000000000 0.00000000000 0.00000000000 0.00000000000 0.00000000000 0.00000000000 0.00000000000 0.00000000000 0.00000000000 0.00000000000 0.00000000000 0.00000000000 0.00000000000 0.00000000000 0.00000000000 0.00000000000 0.00000000000 0.00000000000 0.00000000000 0.00000000000 0.00000000000 0.00000000000 0.00000000000 0.00000000000 0.00000000000 0.00000000000 0.00000000000 0.00000000000 0.00000000000
# SelPars_dev95:
 0.00000000000 0.00000000000 0.00000000000 0.00000000000 0.00000000000 0.00000000000 0.00000000000 0.00000000000 0.00000000000 0.00000000000 0.00000000000 0.00000000000 0.00000000000 0.00000000000 0.00000000000 0.00000000000 0.00000000000 0.00000000000 0.00000000000 0.00000000000 0.00000000000 0.00000000000 0.00000000000 0.00000000000 0.00000000000 0.00000000000 0.00000000000 0.00000000000 0.00000000000 0.00000000000 0.00000000000 0.00000000000 0.00000000000 0.00000000000 0.00000000000 0.00000000000 0.00000000000 0.00000000000 0.00000000000 0.00000000000 0.00000000000 0.00000000000 0.00000000000 0.00000000000 0.00000000000 0.00000000000 0.00000000000 0.00000000000 0.00000000000 0.00000000000 0.00000000000 0.00000000000 0.00000000000 0.00000000000 0.00000000000 0.00000000000 0.00000000000 0.00000000000 0.00000000000 0.00000000000
