# Number of parameters = 203 Objective function value = 68108.9  Maximum gradient component = 0.00237160
# srv_sel50:
1.46287921636
# srv_sel95:
2.40340299341
# stNatLen:
 11.2896179481 11.1404624134 10.9192810989 10.6959316835 10.4737771184 10.2410787315 9.99539957545 9.74393380482 9.49642713273 9.26059185044 9.04105483459 8.83994581402 8.65778318985 8.49418226177 8.34832179819 8.21921114567 8.10587008219 8.00738205049 7.92292531626 7.85177947079 7.79333782598 7.74714092820 7.71282271818 7.69005441944 7.67873961181
# log_avg_fmort_dir:
-1.47652144555
# fmort_dir_dev:
 -0.437350832313 -0.476677292296 -0.333672734860 -0.184152969296 -0.105372066970 0.155996863884 0.0163415795028 0.197383856880 0.252887287110 0.337449473680 0.387842042769 0.445020590354 0.364749407492 0.399657110196 0.350312692493 0.485652264490 0.199355127913 0.175334374816 0.139734464582 0.0526118483671 0.0971840879655 -0.0126135250897 0.0595141395283 0.141126999779 0.0598376823612 -0.0316490119685 0.0125154129179 0.0659243979626 0.0547164200464 0.0233417704846 0.0368613468297 -0.0459593844496 -0.0675057515491 -0.148443535365 -0.103022077568 -0.128699762241 -0.185710492129 -0.189552289599 -0.111212497505 -0.0742753490151 -0.0684070118765 -0.0147259421447 -0.0823962523691 -0.116358556575 -0.161588058417 -0.231383872726 0.307534335506 -0.600154678471 -0.0687463609748 -0.0723890390170 -0.106202790244 -0.690816149372 -0.104772537813 -0.0981376356852 -0.0203352329230 0.0122790686644 0.241119044249
# mean_log_rec:
11.0813475456
# rec_dev:
 0.253929953443 0.235819452360 0.215617762659 0.182993548605 0.148165710614 0.124069035156 0.0997600230266 0.0775934035895 0.0553779413565 0.0171058817745 -0.0573716296948 -0.112286376389 -0.144067958945 -0.164455763650 -0.174938406337 -0.154319703395 -0.132986492853 -0.0973880061005 -0.0624463136837 -0.0559228155913 -0.0820542328450 -0.149296885989 -0.246848756049 -0.242519460631 -0.192641567271 -0.172076247629 -0.185686559821 -0.237274353946 -0.282690924588 -0.264312437045 -0.110516682392 0.0111784695412 0.0494314207547 0.0680540542607 0.0878051109834 0.0997781456204 0.0759148660792 0.0566897746895 0.0472827777166 0.0409875426364 0.0276086357052 0.0321376347888 0.0578591253077 0.0969683516838 0.133947697825 0.0978138630061 0.0637366484645 0.0332630391745 0.0266419275774 0.0212106549661 0.0379126560668 0.0851041882865 0.152821442427 0.185917297113 0.154719860254 0.0834418146995 0.0834418626357
# log_avg_NatM:
-1.59886379526
# m_dev:
 -0.250813932063 -0.266720303863 -0.0842846551205 -0.162671554825 -0.197206752659 -0.165333194839 -0.212942142270 -0.333864080397 -0.363352962961 -0.268737133372 -0.0659477963557 -0.180645196358 -0.320145881742 -0.470629401119 -0.481667058095 -0.376123629644 -0.313994739687 -0.369614728526 -0.224759203345 -0.110856138516 0.124602438641 0.280985883338 0.372849291206 -0.257128504146 -0.239072549673 -0.236492398654 -0.0413518380284 0.202290897815 0.0745539186447 -0.146344859966 -0.230549054642 0.0608699970993 0.00411492185595 0.121604710161 0.148930723517 0.216793422862 0.336394077038 0.309363610407 0.209665426053 0.211012865738 0.204916829177 0.215543915119 0.0980831268302 0.0623592641997 0.0518064777199 0.432965738383 0.218272828021 0.275691988299 0.292830253658 0.333108774615 0.0443341543455 0.0217319565342 0.0392164532857 0.0977656100327 0.226325846140 0.561129631917 0.521134658214
# log_avg_GrowthK:
-1.60943800000
# log_avg_Linf:
4.88280200000
# GrowthK_dev:
 0.00000000000 0.00000000000 0.00000000000 0.00000000000 0.00000000000 0.00000000000 0.00000000000 0.00000000000 0.00000000000 0.00000000000 0.00000000000 0.00000000000 0.00000000000 0.00000000000 0.00000000000 0.00000000000 0.00000000000 0.00000000000 0.00000000000 0.00000000000 0.00000000000 0.00000000000 0.00000000000 0.00000000000 0.00000000000 0.00000000000 0.00000000000 0.00000000000 0.00000000000 0.00000000000 0.00000000000 0.00000000000 0.00000000000 0.00000000000 0.00000000000 0.00000000000 0.00000000000 0.00000000000 0.00000000000 0.00000000000 0.00000000000 0.00000000000 0.00000000000 0.00000000000 0.00000000000 0.00000000000 0.00000000000 0.00000000000 0.00000000000 0.00000000000 0.00000000000 0.00000000000 0.00000000000 0.00000000000 0.00000000000 0.00000000000 0.00000000000
# Linf_dev:
 0.00000000000 0.00000000000 0.00000000000 0.00000000000 0.00000000000 0.00000000000 0.00000000000 0.00000000000 0.00000000000 0.00000000000 0.00000000000 0.00000000000 0.00000000000 0.00000000000 0.00000000000 0.00000000000 0.00000000000 0.00000000000 0.00000000000 0.00000000000 0.00000000000 0.00000000000 0.00000000000 0.00000000000 0.00000000000 0.00000000000 0.00000000000 0.00000000000 0.00000000000 0.00000000000 0.00000000000 0.00000000000 0.00000000000 0.00000000000 0.00000000000 0.00000000000 0.00000000000 0.00000000000 0.00000000000 0.00000000000 0.00000000000 0.00000000000 0.00000000000 0.00000000000 0.00000000000 0.00000000000 0.00000000000 0.00000000000 0.00000000000 0.00000000000 0.00000000000 0.00000000000 0.00000000000 0.00000000000 0.00000000000 0.00000000000 0.00000000000
# SelPars50:
2.02668197571
# SelPars95:
3.61936835361
# SelPars_dev50:
 0.00000000000 0.00000000000 0.00000000000 0.00000000000 0.00000000000 0.00000000000 0.00000000000 0.00000000000 0.00000000000 0.00000000000 0.00000000000 0.00000000000 0.00000000000 0.00000000000 0.00000000000 0.00000000000 0.00000000000 0.00000000000 0.00000000000 0.00000000000 0.00000000000 0.00000000000 0.00000000000 0.00000000000 0.00000000000 0.00000000000 0.00000000000 0.00000000000 0.00000000000 0.00000000000 0.00000000000 0.00000000000 0.00000000000 0.00000000000 0.00000000000 0.00000000000 0.00000000000 0.00000000000 0.00000000000 0.00000000000 0.00000000000 0.00000000000 0.00000000000 0.00000000000 0.00000000000 0.00000000000 0.00000000000 0.00000000000 0.00000000000 0.00000000000 0.00000000000 0.00000000000 0.00000000000 0.00000000000 0.00000000000 0.00000000000 0.00000000000
# SelPars_dev95:
 0.00000000000 0.00000000000 0.00000000000 0.00000000000 0.00000000000 0.00000000000 0.00000000000 0.00000000000 0.00000000000 0.00000000000 0.00000000000 0.00000000000 0.00000000000 0.00000000000 0.00000000000 0.00000000000 0.00000000000 0.00000000000 0.00000000000 0.00000000000 0.00000000000 0.00000000000 0.00000000000 0.00000000000 0.00000000000 0.00000000000 0.00000000000 0.00000000000 0.00000000000 0.00000000000 0.00000000000 0.00000000000 0.00000000000 0.00000000000 0.00000000000 0.00000000000 0.00000000000 0.00000000000 0.00000000000 0.00000000000 0.00000000000 0.00000000000 0.00000000000 0.00000000000 0.00000000000 0.00000000000 0.00000000000 0.00000000000 0.00000000000 0.00000000000 0.00000000000 0.00000000000 0.00000000000 0.00000000000 0.00000000000 0.00000000000 0.00000000000
