# Number of parameters = 159 Objective function value = 76712.8883771678  Maximum gradient component = 0.000524901908853660
# srv_sel50:
1.64626817853
# srv_sel95:
2.91972316728
# stNatLen:
 11.8783199105 11.6993945870 11.4452713766 11.2284566598 11.0479248521 10.8690836599 10.6655206872 10.4308367492 10.1738682833 9.90873015438 9.64795461472 9.40014179252 9.17023249114 8.96053877041 8.77172199272 8.60352876678 8.45526107024 8.32604394804 8.21500366307 8.12132009403 8.04427242532 7.98333311382 7.93806415829 7.90810727653 7.89317659685
# log_avg_fmort_dir:
-1.61461448559
# fmort_dir_dev:
 -2.08074435202 -2.04064423672 -1.57553715999 -1.18288520928 -0.883540759718 -0.572380673652 -0.490417166240 -0.408768550744 -0.244126722005 -0.0644357739748 0.189688507621 0.195990111565 0.295425376911 0.325993954215 0.409353136269 0.462801560912 0.454074485329 0.461933973618 0.421800115706 0.398662944212 0.329500673492 0.322338125167 0.184483314408 0.362277219541 0.221682447954 0.183808541411 0.0783396447581 0.101275671779 0.174800663108 0.152726269738 0.0924409860871 0.0378021243174 0.199491878531 0.0584224492079 0.110238900332 0.100684162909 -0.00819292199650 -0.00904817698575 0.0606224557219 0.0101827701527 0.0462039883283 0.120152405253 0.0549966386045 0.00721382072851 0.128086140494 0.0573280829784 0.0880383250455 0.0758687218046 0.0747853605182 0.0765316428858 0.0608743741842 0.308391323904 0.0813624681460 0.293012685965 0.328116062061 0.282205133265 0.178989064470 0.189443488405 0.120695136142 0.0288257068367 0.186333260099 0.256825540380 0.159097350800 -0.0394974829461
# mean_log_rec:
11.3444687080
# rec_dev:
 0.584699029910 0.555485057466 0.546955220045 0.532692905544 0.519644232589 0.508631894852 0.500377309390 0.488624903592 0.463057657741 0.425114345744 0.385546327986 0.342242141006 0.293869209394 0.259429736078 0.222675719600 0.187577050474 0.137839869784 0.0736920889175 0.0387415951874 0.0139890809967 -0.00964816315676 -0.0366681482331 -0.0580413951045 -0.0683755259478 -0.0798358720183 -0.0745374085866 -0.0869753836139 -0.113871043795 -0.130638100680 -0.155190918404 -0.188454234421 -0.241414116044 -0.309572242448 -0.337423004977 -0.261649039036 -0.162682906388 -0.159511456719 -0.186767940778 -0.186557866721 -0.193584944583 -0.208322362762 -0.210017462889 -0.211741882188 -0.207579899566 -0.186129085014 -0.145747596936 -0.132727752890 -0.152886479303 -0.170341964860 -0.180577211936 -0.188097336549 -0.183113975649 -0.190071721099 -0.199639888350 -0.206896405238 -0.215005879985 -0.207549653416 -0.192444189972 -0.169821918332 -0.148615440656 -0.106283593165 -0.0687287607264 -0.0785726008526 -0.0785726023068
# log_avg_NatM:
-1.47890400000
# m_dev:
 0.00000000000 0.00000000000 0.00000000000 0.00000000000 0.00000000000 0.00000000000 0.00000000000 0.00000000000 0.00000000000 0.00000000000 0.00000000000 0.00000000000 0.00000000000 0.00000000000 0.00000000000 0.00000000000 0.00000000000 0.00000000000 0.00000000000 0.00000000000 0.00000000000 0.00000000000 0.00000000000 0.00000000000 0.00000000000 0.00000000000 0.00000000000 0.00000000000 0.00000000000 0.00000000000 0.00000000000 0.00000000000 0.00000000000 0.00000000000 0.00000000000 0.00000000000 0.00000000000 0.00000000000 0.00000000000 0.00000000000 0.00000000000 0.00000000000 0.00000000000 0.00000000000 0.00000000000 0.00000000000 0.00000000000 0.00000000000 0.00000000000 0.00000000000 0.00000000000 0.00000000000 0.00000000000 0.00000000000 0.00000000000 0.00000000000 0.00000000000 0.00000000000 0.00000000000 0.00000000000 0.00000000000 0.00000000000 0.00000000000 0.00000000000
# log_avg_GrowthK:
-1.60943800000
# log_avg_Linf:
4.88280200000
# GrowthK_dev:
 0.00000000000 0.00000000000 0.00000000000 0.00000000000 0.00000000000 0.00000000000 0.00000000000 0.00000000000 0.00000000000 0.00000000000 0.00000000000 0.00000000000 0.00000000000 0.00000000000 0.00000000000 0.00000000000 0.00000000000 0.00000000000 0.00000000000 0.00000000000 0.00000000000 0.00000000000 0.00000000000 0.00000000000 0.00000000000 0.00000000000 0.00000000000 0.00000000000 0.00000000000 0.00000000000 0.00000000000 0.00000000000 0.00000000000 0.00000000000 0.00000000000 0.00000000000 0.00000000000 0.00000000000 0.00000000000 0.00000000000 0.00000000000 0.00000000000 0.00000000000 0.00000000000 0.00000000000 0.00000000000 0.00000000000 0.00000000000 0.00000000000 0.00000000000 0.00000000000 0.00000000000 0.00000000000 0.00000000000 0.00000000000 0.00000000000 0.00000000000 0.00000000000 0.00000000000 0.00000000000 0.00000000000 0.00000000000 0.00000000000 0.00000000000
# Linf_dev:
 0.00000000000 0.00000000000 0.00000000000 0.00000000000 0.00000000000 0.00000000000 0.00000000000 0.00000000000 0.00000000000 0.00000000000 0.00000000000 0.00000000000 0.00000000000 0.00000000000 0.00000000000 0.00000000000 0.00000000000 0.00000000000 0.00000000000 0.00000000000 0.00000000000 0.00000000000 0.00000000000 0.00000000000 0.00000000000 0.00000000000 0.00000000000 0.00000000000 0.00000000000 0.00000000000 0.00000000000 0.00000000000 0.00000000000 0.00000000000 0.00000000000 0.00000000000 0.00000000000 0.00000000000 0.00000000000 0.00000000000 0.00000000000 0.00000000000 0.00000000000 0.00000000000 0.00000000000 0.00000000000 0.00000000000 0.00000000000 0.00000000000 0.00000000000 0.00000000000 0.00000000000 0.00000000000 0.00000000000 0.00000000000 0.00000000000 0.00000000000 0.00000000000 0.00000000000 0.00000000000 0.00000000000 0.00000000000 0.00000000000 0.00000000000
# SelPars50:
2.22010312722
# SelPars95:
4.03242082309
# SelPars_dev50:
 0.00000000000 0.00000000000 0.00000000000 0.00000000000 0.00000000000 0.00000000000 0.00000000000 0.00000000000 0.00000000000 0.00000000000 0.00000000000 0.00000000000 0.00000000000 0.00000000000 0.00000000000 0.00000000000 0.00000000000 0.00000000000 0.00000000000 0.00000000000 0.00000000000 0.00000000000 0.00000000000 0.00000000000 0.00000000000 0.00000000000 0.00000000000 0.00000000000 0.00000000000 0.00000000000 0.00000000000 0.00000000000 0.00000000000 0.00000000000 0.00000000000 0.00000000000 0.00000000000 0.00000000000 0.00000000000 0.00000000000 0.00000000000 0.00000000000 0.00000000000 0.00000000000 0.00000000000 0.00000000000 0.00000000000 0.00000000000 0.00000000000 0.00000000000 0.00000000000 0.00000000000 0.00000000000 0.00000000000 0.00000000000 0.00000000000 0.00000000000 0.00000000000 0.00000000000 0.00000000000 0.00000000000 0.00000000000 0.00000000000 0.00000000000
# SelPars_dev95:
 0.00000000000 0.00000000000 0.00000000000 0.00000000000 0.00000000000 0.00000000000 0.00000000000 0.00000000000 0.00000000000 0.00000000000 0.00000000000 0.00000000000 0.00000000000 0.00000000000 0.00000000000 0.00000000000 0.00000000000 0.00000000000 0.00000000000 0.00000000000 0.00000000000 0.00000000000 0.00000000000 0.00000000000 0.00000000000 0.00000000000 0.00000000000 0.00000000000 0.00000000000 0.00000000000 0.00000000000 0.00000000000 0.00000000000 0.00000000000 0.00000000000 0.00000000000 0.00000000000 0.00000000000 0.00000000000 0.00000000000 0.00000000000 0.00000000000 0.00000000000 0.00000000000 0.00000000000 0.00000000000 0.00000000000 0.00000000000 0.00000000000 0.00000000000 0.00000000000 0.00000000000 0.00000000000 0.00000000000 0.00000000000 0.00000000000 0.00000000000 0.00000000000 0.00000000000 0.00000000000 0.00000000000 0.00000000000 0.00000000000 0.00000000000
