# Number of parameters = 135 Objective function value = 62349.7  Maximum gradient component = 0.000958715
# srv_sel50:
1.53541686366
# srv_sel95:
2.60805713016
# stNatLen:
 11.4626760035 11.3107766255 11.0975658791 10.9025553567 10.7170287904 10.5163241565 10.2925522470 10.0533399584 9.81113068743 9.57631463251 9.35544361509 9.15186399738 8.96678883797 8.80021949791 8.65155020240 8.51990281223 8.40432743914 8.30387433457 8.21764922145 8.14488509880 8.08505771053 8.03775017312 8.00269545239 7.97955123712 7.96805572813
# log_avg_fmort_dir:
-1.62058342346
# fmort_dir_dev:
 -1.73917944297 -1.75205423847 -1.34500499192 -0.968236561884 -0.697864038152 -0.483603846552 -0.421099624036 -0.204392686764 -0.00982606896354 0.110822321276 0.203748204630 0.307744468751 0.332356153268 0.369863759913 0.464003738896 0.518730024169 0.600040479197 0.469978306148 0.544483288657 0.512770948281 0.420260090624 0.352139469125 0.444318319008 0.376061831089 0.384948670522 0.419175075493 0.387106302570 0.258260628150 0.224265010419 0.126295942518 0.200203423305 0.111272843934 0.0571136316945 -0.0491483789426 0.0387776398313 -0.00582144058122 0.0588030999848 0.0499898176390 0.0596464707866 -0.00408029582704 -0.0316866389976 0.0265071939850 0.0154070197413 -0.00327340591682 -0.0822963439228 -0.00114964067336 0.0366281666865 0.0228537997180 0.00161236743653 -0.0191922775077 -0.441555763357 -0.246722822009
# mean_log_rec:
11.1400881894
# rec_dev:
 0.395463424125 0.376366163639 0.375729550328 0.368736541010 0.361056956535 0.360586558123 0.361726394727 0.347031604585 0.320557669001 0.292728822091 0.257140410123 0.236205811918 0.221860845647 0.182522811616 0.141028101644 0.0875272160842 0.0312721220661 -0.0280604922782 -0.0800413136096 -0.0947275434991 -0.100620662655 -0.127862694623 -0.142107397035 -0.161499891160 -0.182642495688 -0.190293972788 -0.198015061898 -0.199702030212 -0.212497190785 -0.233097643953 -0.225305306131 -0.215973280403 -0.198592468679 -0.172115409355 -0.156321610562 -0.148664305103 -0.151523192975 -0.150343199053 -0.141206006809 -0.143976886002 -0.139832150537 -0.152472947397 -0.153015736143 -0.120261468850 -0.110523322261 -0.0992746911257 -0.0759056707037 -0.0595020107320 -0.0418073065293 -0.0300540663671 -0.0398508432733 -0.0398507340894
# log_avg_NatM:
-1.60943800000
# m_dev:
 0.00000000000 0.00000000000 0.00000000000 0.00000000000 0.00000000000 0.00000000000 0.00000000000 0.00000000000 0.00000000000 0.00000000000 0.00000000000 0.00000000000 0.00000000000 0.00000000000 0.00000000000 0.00000000000 0.00000000000 0.00000000000 0.00000000000 0.00000000000 0.00000000000 0.00000000000 0.00000000000 0.00000000000 0.00000000000 0.00000000000 0.00000000000 0.00000000000 0.00000000000 0.00000000000 0.00000000000 0.00000000000 0.00000000000 0.00000000000 0.00000000000 0.00000000000 0.00000000000 0.00000000000 0.00000000000 0.00000000000 0.00000000000 0.00000000000 0.00000000000 0.00000000000 0.00000000000 0.00000000000 0.00000000000 0.00000000000 0.00000000000 0.00000000000 0.00000000000 0.00000000000
# log_avg_GrowthK:
-1.60943800000
# log_avg_Linf:
4.88280200000
# GrowthK_dev:
 0.00000000000 0.00000000000 0.00000000000 0.00000000000 0.00000000000 0.00000000000 0.00000000000 0.00000000000 0.00000000000 0.00000000000 0.00000000000 0.00000000000 0.00000000000 0.00000000000 0.00000000000 0.00000000000 0.00000000000 0.00000000000 0.00000000000 0.00000000000 0.00000000000 0.00000000000 0.00000000000 0.00000000000 0.00000000000 0.00000000000 0.00000000000 0.00000000000 0.00000000000 0.00000000000 0.00000000000 0.00000000000 0.00000000000 0.00000000000 0.00000000000 0.00000000000 0.00000000000 0.00000000000 0.00000000000 0.00000000000 0.00000000000 0.00000000000 0.00000000000 0.00000000000 0.00000000000 0.00000000000 0.00000000000 0.00000000000 0.00000000000 0.00000000000 0.00000000000 0.00000000000
# Linf_dev:
 0.00000000000 0.00000000000 0.00000000000 0.00000000000 0.00000000000 0.00000000000 0.00000000000 0.00000000000 0.00000000000 0.00000000000 0.00000000000 0.00000000000 0.00000000000 0.00000000000 0.00000000000 0.00000000000 0.00000000000 0.00000000000 0.00000000000 0.00000000000 0.00000000000 0.00000000000 0.00000000000 0.00000000000 0.00000000000 0.00000000000 0.00000000000 0.00000000000 0.00000000000 0.00000000000 0.00000000000 0.00000000000 0.00000000000 0.00000000000 0.00000000000 0.00000000000 0.00000000000 0.00000000000 0.00000000000 0.00000000000 0.00000000000 0.00000000000 0.00000000000 0.00000000000 0.00000000000 0.00000000000 0.00000000000 0.00000000000 0.00000000000 0.00000000000 0.00000000000 0.00000000000
# SelPars50:
2.11521058476
# SelPars95:
3.82163272488
# SelPars_dev50:
 0.00000000000 0.00000000000 0.00000000000 0.00000000000 0.00000000000 0.00000000000 0.00000000000 0.00000000000 0.00000000000 0.00000000000 0.00000000000 0.00000000000 0.00000000000 0.00000000000 0.00000000000 0.00000000000 0.00000000000 0.00000000000 0.00000000000 0.00000000000 0.00000000000 0.00000000000 0.00000000000 0.00000000000 0.00000000000 0.00000000000 0.00000000000 0.00000000000 0.00000000000 0.00000000000 0.00000000000 0.00000000000 0.00000000000 0.00000000000 0.00000000000 0.00000000000 0.00000000000 0.00000000000 0.00000000000 0.00000000000 0.00000000000 0.00000000000 0.00000000000 0.00000000000 0.00000000000 0.00000000000 0.00000000000 0.00000000000 0.00000000000 0.00000000000 0.00000000000 0.00000000000
# SelPars_dev95:
 0.00000000000 0.00000000000 0.00000000000 0.00000000000 0.00000000000 0.00000000000 0.00000000000 0.00000000000 0.00000000000 0.00000000000 0.00000000000 0.00000000000 0.00000000000 0.00000000000 0.00000000000 0.00000000000 0.00000000000 0.00000000000 0.00000000000 0.00000000000 0.00000000000 0.00000000000 0.00000000000 0.00000000000 0.00000000000 0.00000000000 0.00000000000 0.00000000000 0.00000000000 0.00000000000 0.00000000000 0.00000000000 0.00000000000 0.00000000000 0.00000000000 0.00000000000 0.00000000000 0.00000000000 0.00000000000 0.00000000000 0.00000000000 0.00000000000 0.00000000000 0.00000000000 0.00000000000 0.00000000000 0.00000000000 0.00000000000 0.00000000000 0.00000000000 0.00000000000 0.00000000000
