# Number of parameters = 131 Objective function value = 59810.2  Maximum gradient component = 0.000293989
# srv_sel50:
1.71757270136
# srv_sel95:
3.12044044782
# stNatLen:
 11.9097094932 11.7195921284 11.4473894480 11.2223637696 11.0416746386 10.8656605944 10.6658481458 10.4355302408 10.1834342777 9.92338563820 9.66757972166 9.42438965412 9.19862487968 8.99254973627 8.80685096526 8.64131859471 8.49526942311 8.36787855724 8.25827065747 8.16562874987 8.08931270880 8.02874764046 7.98360382094 7.95363578511 7.93869199199
# log_avg_fmort_dir:
-1.63174459403
# fmort_dir_dev:
 -1.97864705550 -1.93131937204 -1.48151780646 -1.10891966440 -0.785616532308 -0.630756735487 -0.339544987714 -0.261657178185 -0.112914053274 -0.0198619207136 0.0815649182439 0.163834933599 0.317740554046 0.358108251113 0.482723075418 0.527510646684 0.427202902738 0.413550664718 0.359379204112 0.381640091180 0.410351608563 0.402599650336 0.307168455679 0.382704310008 0.251445026622 0.252829760630 0.244029557069 0.215912981131 0.106078438605 0.146270750703 0.173139824385 0.245877946833 0.0964560139517 0.130521582984 0.196515280345 0.102965765104 0.222228309648 0.217878195708 0.197068448240 0.157826908357 0.172064434377 0.177720367843 0.120955358522 0.180691859348 -0.0211077766680 0.0188770267655 0.0517474601882 0.0569125753816 -0.122722286499 0.0424922300795
# mean_log_rec:
11.4020133424
# rec_dev:
 0.532034692339 0.497353170336 0.479050555240 0.464432451430 0.440616228247 0.421434749418 0.406393306591 0.383613967132 0.369583135965 0.343790852570 0.305572903010 0.262873188901 0.214983880989 0.152147470837 0.0871220083006 0.0276414753660 -0.00925439113875 -0.0286044675127 -0.0497847948253 -0.0853290723725 -0.0998681751087 -0.126697088207 -0.166222416818 -0.179969626517 -0.192361856095 -0.213482497057 -0.218621357067 -0.230897756476 -0.253364654396 -0.290980255351 -0.317383036919 -0.330225906043 -0.363032405697 -0.394056397502 -0.302155746965 -0.219598743364 -0.203793581716 -0.204468703826 -0.213054546777 -0.209297481413 -0.193671516638 -0.179575042609 -0.157345677120 -0.124991822379 -0.0852617690226 -0.0340774806205 0.0274938332762 0.0907076782960 0.0852913200931 0.0852913992155
# log_avg_NatM:
-1.45791300000
# m_dev:
 0.00000000000 0.00000000000 0.00000000000 0.00000000000 0.00000000000 0.00000000000 0.00000000000 0.00000000000 0.00000000000 0.00000000000 0.00000000000 0.00000000000 0.00000000000 0.00000000000 0.00000000000 0.00000000000 0.00000000000 0.00000000000 0.00000000000 0.00000000000 0.00000000000 0.00000000000 0.00000000000 0.00000000000 0.00000000000 0.00000000000 0.00000000000 0.00000000000 0.00000000000 0.00000000000 0.00000000000 0.00000000000 0.00000000000 0.00000000000 0.00000000000 0.00000000000 0.00000000000 0.00000000000 0.00000000000 0.00000000000 0.00000000000 0.00000000000 0.00000000000 0.00000000000 0.00000000000 0.00000000000 0.00000000000 0.00000000000 0.00000000000 0.00000000000
# log_avg_GrowthK:
-1.59930600000
# log_avg_Linf:
4.89223500000
# GrowthK_dev:
 0.00000000000 0.00000000000 0.00000000000 0.00000000000 0.00000000000 0.00000000000 0.00000000000 0.00000000000 0.00000000000 0.00000000000 0.00000000000 0.00000000000 0.00000000000 0.00000000000 0.00000000000 0.00000000000 0.00000000000 0.00000000000 0.00000000000 0.00000000000 0.00000000000 0.00000000000 0.00000000000 0.00000000000 0.00000000000 0.00000000000 0.00000000000 0.00000000000 0.00000000000 0.00000000000 0.00000000000 0.00000000000 0.00000000000 0.00000000000 0.00000000000 0.00000000000 0.00000000000 0.00000000000 0.00000000000 0.00000000000 0.00000000000 0.00000000000 0.00000000000 0.00000000000 0.00000000000 0.00000000000 0.00000000000 0.00000000000 0.00000000000 0.00000000000
# Linf_dev:
 0.00000000000 0.00000000000 0.00000000000 0.00000000000 0.00000000000 0.00000000000 0.00000000000 0.00000000000 0.00000000000 0.00000000000 0.00000000000 0.00000000000 0.00000000000 0.00000000000 0.00000000000 0.00000000000 0.00000000000 0.00000000000 0.00000000000 0.00000000000 0.00000000000 0.00000000000 0.00000000000 0.00000000000 0.00000000000 0.00000000000 0.00000000000 0.00000000000 0.00000000000 0.00000000000 0.00000000000 0.00000000000 0.00000000000 0.00000000000 0.00000000000 0.00000000000 0.00000000000 0.00000000000 0.00000000000 0.00000000000 0.00000000000 0.00000000000 0.00000000000 0.00000000000 0.00000000000 0.00000000000 0.00000000000 0.00000000000 0.00000000000 0.00000000000
# SelPars50:
2.33495468493
# SelPars95:
4.28908807174
# SelPars_dev50:
 0.00000000000 0.00000000000 0.00000000000 0.00000000000 0.00000000000 0.00000000000 0.00000000000 0.00000000000 0.00000000000 0.00000000000 0.00000000000 0.00000000000 0.00000000000 0.00000000000 0.00000000000 0.00000000000 0.00000000000 0.00000000000 0.00000000000 0.00000000000 0.00000000000 0.00000000000 0.00000000000 0.00000000000 0.00000000000 0.00000000000 0.00000000000 0.00000000000 0.00000000000 0.00000000000 0.00000000000 0.00000000000 0.00000000000 0.00000000000 0.00000000000 0.00000000000 0.00000000000 0.00000000000 0.00000000000 0.00000000000 0.00000000000 0.00000000000 0.00000000000 0.00000000000 0.00000000000 0.00000000000 0.00000000000 0.00000000000 0.00000000000 0.00000000000
# SelPars_dev95:
 0.00000000000 0.00000000000 0.00000000000 0.00000000000 0.00000000000 0.00000000000 0.00000000000 0.00000000000 0.00000000000 0.00000000000 0.00000000000 0.00000000000 0.00000000000 0.00000000000 0.00000000000 0.00000000000 0.00000000000 0.00000000000 0.00000000000 0.00000000000 0.00000000000 0.00000000000 0.00000000000 0.00000000000 0.00000000000 0.00000000000 0.00000000000 0.00000000000 0.00000000000 0.00000000000 0.00000000000 0.00000000000 0.00000000000 0.00000000000 0.00000000000 0.00000000000 0.00000000000 0.00000000000 0.00000000000 0.00000000000 0.00000000000 0.00000000000 0.00000000000 0.00000000000 0.00000000000 0.00000000000 0.00000000000 0.00000000000 0.00000000000 0.00000000000
