# Number of parameters = 230 Objective function value = 79067.2470832595  Maximum gradient component = 0.00420328548553019
# srv_sel50:
1.47822751616
# srv_sel95:
2.43681221479
# stNatLen:
 11.4117323562 11.2691974622 11.0663462039 10.8758247849 10.6905110329 10.4886819082 10.2638163197 10.0237678700 9.78085542170 9.54535908421 9.32377471832 9.11942797454 8.93356910924 8.76620985244 8.61676532904 8.48437576811 8.36810830083 8.26706679209 8.18040074198 8.10738893384 8.04743096620 8.00004115936 7.96477258161 7.94142748274 7.92981045525
# log_avg_fmort_dir:
-1.61686816624
# fmort_dir_dev:
 -1.88752786623 -1.88452338060 -1.34152588599 -0.848461353016 -0.649136370304 -0.478736999019 -0.194878396791 -0.186127868278 0.0144476902196 0.0756926081621 0.117497308946 0.216553767157 0.308804952732 0.345574222859 0.505067858418 0.519558883372 0.577856155481 0.435739246151 0.403881915864 0.375620463507 0.223189796476 0.282543082783 0.274479738882 0.318544794562 0.334492287171 0.180018540065 0.272860702507 0.235245059828 0.256034061842 0.185707667251 0.160282112359 0.0957753704059 -0.00685173180046 0.158399784658 0.00462832975783 -0.0110665865925 0.0282545108956 0.169827934260 0.0359900368999 -0.0450400733764 0.00642832639344 -0.193853213919 -0.203524068815 -0.191189432944 -0.00365672891576 -0.0310009622643 -0.0181344294877 -0.0270313408568 -0.0980241831756 -0.00798486184878 0.266736838662 -0.0416690272509 -0.148981468274 -0.0458003141006 0.356567367189 0.410867342670 0.0944718157278 0.133079816220 -0.269308278411 -0.0255385962232 -0.0145951913005 0.0439486828355 0.215448492775 0.140062015745 0.0743531686404 -0.000364140546346
# mean_log_rec:
11.1612002250
# rec_dev:
 0.327612871163 0.303516317106 0.290516137965 0.237697575678 0.185554589635 0.152028272187 0.135162149975 0.125596790148 0.140385172053 0.169538991133 0.185471661147 0.176185459443 0.115488025512 0.0373698954001 -0.0622625854034 -0.151261099798 -0.155067127530 -0.130545290391 -0.102802615835 -0.0945730389299 -0.126338274345 -0.176181279545 -0.227963411426 -0.243448673240 -0.288149505509 -0.292862103550 -0.282126080620 -0.274767193175 -0.259650616228 -0.250890039999 -0.244780868240 -0.239184710676 -0.249049941268 -0.222840987354 -0.0988135809813 -0.0278680533612 -0.0782198805087 -0.0995075307459 -0.0343436575020 0.0788563338655 0.193846263716 0.270311868469 0.224394420671 0.0792094369523 0.0382899031832 0.0337807214011 0.0409568687721 0.0485982618739 0.0432134863628 0.00715692798991 0.00309727463236 0.0430785767346 0.107656960431 0.149639830000 0.131871940262 0.0682234699001 0.00115146649372 -0.0274084764575 -0.0177530741353 0.0251025932431 0.0656696486611 0.0843848133452 0.0643451967043 0.0321462959742 0.0207765827493 0.0207766458220
# log_avg_NatM:
-1.53492537717
# m_dev:
 -0.126543011207 -0.0778145623979 -0.0825579081654 0.174243407208 0.0311672113463 -0.0582629392100 -0.131796982018 -0.198418151166 -0.414262199434 -0.454534544974 -0.392591385770 -0.253413516475 -0.00792484054315 -0.0730495060431 0.111625976557 -0.0839929637085 -0.527980151568 -0.599437945221 -0.436035135863 -0.191018273035 -0.00345121665583 0.0727178925919 0.0298796205807 -0.119469858543 0.119419498059 -0.220415155478 -0.193164911057 -0.222756767884 -0.237978314914 -0.161135870725 -0.0768841693648 -0.0326121923386 -0.101848321283 -0.0981429917785 0.0128859508154 0.144555359034 0.374520612641 0.188438661577 -0.130450615178 -0.395099214065 -0.255885536784 -0.0716583976216 0.440404368592 0.701785908771 0.246799696560 0.260287655846 0.117792161360 0.183137593517 0.198896128023 0.335598288154 0.168545692479 0.00511801242021 -0.0733035409005 0.113138873131 0.220949131654 0.280178715655 0.387010484934 0.258511778804 0.200451199401 0.0491015004711 0.0223410850203 0.215800403127 0.273720508036 0.249006297696 0.153045291006 0.162816126303
# log_avg_GrowthK:
-1.60943800000
# log_avg_Linf:
4.88280200000
# GrowthK_dev:
 0.00000000000 0.00000000000 0.00000000000 0.00000000000 0.00000000000 0.00000000000 0.00000000000 0.00000000000 0.00000000000 0.00000000000 0.00000000000 0.00000000000 0.00000000000 0.00000000000 0.00000000000 0.00000000000 0.00000000000 0.00000000000 0.00000000000 0.00000000000 0.00000000000 0.00000000000 0.00000000000 0.00000000000 0.00000000000 0.00000000000 0.00000000000 0.00000000000 0.00000000000 0.00000000000 0.00000000000 0.00000000000 0.00000000000 0.00000000000 0.00000000000 0.00000000000 0.00000000000 0.00000000000 0.00000000000 0.00000000000 0.00000000000 0.00000000000 0.00000000000 0.00000000000 0.00000000000 0.00000000000 0.00000000000 0.00000000000 0.00000000000 0.00000000000 0.00000000000 0.00000000000 0.00000000000 0.00000000000 0.00000000000 0.00000000000 0.00000000000 0.00000000000 0.00000000000 0.00000000000 0.00000000000 0.00000000000 0.00000000000 0.00000000000 0.00000000000 0.00000000000
# Linf_dev:
 0.00000000000 0.00000000000 0.00000000000 0.00000000000 0.00000000000 0.00000000000 0.00000000000 0.00000000000 0.00000000000 0.00000000000 0.00000000000 0.00000000000 0.00000000000 0.00000000000 0.00000000000 0.00000000000 0.00000000000 0.00000000000 0.00000000000 0.00000000000 0.00000000000 0.00000000000 0.00000000000 0.00000000000 0.00000000000 0.00000000000 0.00000000000 0.00000000000 0.00000000000 0.00000000000 0.00000000000 0.00000000000 0.00000000000 0.00000000000 0.00000000000 0.00000000000 0.00000000000 0.00000000000 0.00000000000 0.00000000000 0.00000000000 0.00000000000 0.00000000000 0.00000000000 0.00000000000 0.00000000000 0.00000000000 0.00000000000 0.00000000000 0.00000000000 0.00000000000 0.00000000000 0.00000000000 0.00000000000 0.00000000000 0.00000000000 0.00000000000 0.00000000000 0.00000000000 0.00000000000 0.00000000000 0.00000000000 0.00000000000 0.00000000000 0.00000000000 0.00000000000
# SelPars50:
2.02723836598
# SelPars95:
3.60399652777
# SelPars_dev50:
 0.00000000000 0.00000000000 0.00000000000 0.00000000000 0.00000000000 0.00000000000 0.00000000000 0.00000000000 0.00000000000 0.00000000000 0.00000000000 0.00000000000 0.00000000000 0.00000000000 0.00000000000 0.00000000000 0.00000000000 0.00000000000 0.00000000000 0.00000000000 0.00000000000 0.00000000000 0.00000000000 0.00000000000 0.00000000000 0.00000000000 0.00000000000 0.00000000000 0.00000000000 0.00000000000 0.00000000000 0.00000000000 0.00000000000 0.00000000000 0.00000000000 0.00000000000 0.00000000000 0.00000000000 0.00000000000 0.00000000000 0.00000000000 0.00000000000 0.00000000000 0.00000000000 0.00000000000 0.00000000000 0.00000000000 0.00000000000 0.00000000000 0.00000000000 0.00000000000 0.00000000000 0.00000000000 0.00000000000 0.00000000000 0.00000000000 0.00000000000 0.00000000000 0.00000000000 0.00000000000 0.00000000000 0.00000000000 0.00000000000 0.00000000000 0.00000000000 0.00000000000
# SelPars_dev95:
 0.00000000000 0.00000000000 0.00000000000 0.00000000000 0.00000000000 0.00000000000 0.00000000000 0.00000000000 0.00000000000 0.00000000000 0.00000000000 0.00000000000 0.00000000000 0.00000000000 0.00000000000 0.00000000000 0.00000000000 0.00000000000 0.00000000000 0.00000000000 0.00000000000 0.00000000000 0.00000000000 0.00000000000 0.00000000000 0.00000000000 0.00000000000 0.00000000000 0.00000000000 0.00000000000 0.00000000000 0.00000000000 0.00000000000 0.00000000000 0.00000000000 0.00000000000 0.00000000000 0.00000000000 0.00000000000 0.00000000000 0.00000000000 0.00000000000 0.00000000000 0.00000000000 0.00000000000 0.00000000000 0.00000000000 0.00000000000 0.00000000000 0.00000000000 0.00000000000 0.00000000000 0.00000000000 0.00000000000 0.00000000000 0.00000000000 0.00000000000 0.00000000000 0.00000000000 0.00000000000 0.00000000000 0.00000000000 0.00000000000 0.00000000000 0.00000000000 0.00000000000
