# Number of parameters = 163 Objective function value = 79433.1  Maximum gradient component = 0.000439616
# srv_sel50:
1.52587995081
# srv_sel95:
2.57689541939
# stNatLen:
 11.4146498587 11.2637166036 11.0556619897 10.8646775034 10.6796753704 10.4768917574 10.2506513985 10.0102930637 9.76883222671 9.53645446012 9.31923927132 9.12005038468 8.93974177450 8.77805191903 8.63419262518 8.50717396869 8.39592246774 8.29946215886 8.21694701291 8.14756141439 8.09068268391 8.04580615768 8.01240904952 7.99022991343 7.97918176448
# log_avg_fmort_dir:
-1.65552874179
# fmort_dir_dev:
 -1.73437740147 -1.72651449222 -1.18857605232 -0.904895430796 -0.736333701670 -0.491816060483 -0.373021480693 -0.177654091975 -0.0607359942518 0.136639655269 0.197454229388 0.327714220364 0.423721714091 0.319076872390 0.539221813236 0.500711821303 0.530149326443 0.434603077081 0.412692902387 0.437244973784 0.525936677142 0.382573663235 0.464034757460 0.452313030149 0.399236159598 0.304203366287 0.257697698272 0.242989220222 0.282892719689 0.203935564986 0.181826274041 0.196793327385 0.125682264188 0.0837189817725 -0.0127396785252 0.0405441732813 0.138627998350 0.0721397050352 0.0194261809945 0.0925589563721 0.0682678319425 0.0434287359604 0.0395137724996 0.0671757019272 0.00890399144412 0.0651046010501 0.0226275147603 0.00920887816057 0.102667154451 0.0299944045348 -0.155040660676 -0.206051805938 -0.286056977832 -0.185038164148 -0.0968517238817 -0.177895879993 -0.103199626626 -0.108313324107 -0.00250670533408 0.0336410560736 0.0263427799406 0.0421851483712 -0.0863823070701 -0.275390496603 -0.140655095684 -0.0553757430054
# mean_log_rec:
11.1439711060
# rec_dev:
 0.330398855517 0.304808930414 0.311156163244 0.317508464654 0.319688662175 0.327677456605 0.324640091416 0.316925697378 0.309424812961 0.292912362619 0.266209244299 0.236957374820 0.207284272994 0.159018941865 0.0947865252381 0.0439234795806 0.00440810648245 -0.0250481149455 -0.0372045967569 -0.0657853011749 -0.0865433183719 -0.104676403591 -0.141104054294 -0.165754604748 -0.167545638511 -0.180450234915 -0.198768713243 -0.214535840557 -0.225715014879 -0.217398834840 -0.206185125987 -0.192638251706 -0.169974129588 -0.155341978127 -0.153157491802 -0.139824016614 -0.131723003676 -0.119566382764 -0.120141499373 -0.116313644583 -0.112221166073 -0.126122485699 -0.140869521607 -0.117401272798 -0.0952336886519 -0.0911838024870 -0.0962991917212 -0.0940749626090 -0.0755300639315 -0.0536969667246 -0.0514975158422 -0.0412404638665 -0.0183054859354 -0.00507100923532 0.00436879180533 0.00841587449655 0.00300017691652 -0.00394593191888 0.00456209956682 0.0159335978204 0.0266774669813 0.0342871528802 0.0412163049857 0.0505661896657 0.0506663104095 0.0506663163556
# log_avg_NatM:
-1.62784700000
# m_dev:
 0.00000000000 0.00000000000 0.00000000000 0.00000000000 0.00000000000 0.00000000000 0.00000000000 0.00000000000 0.00000000000 0.00000000000 0.00000000000 0.00000000000 0.00000000000 0.00000000000 0.00000000000 0.00000000000 0.00000000000 0.00000000000 0.00000000000 0.00000000000 0.00000000000 0.00000000000 0.00000000000 0.00000000000 0.00000000000 0.00000000000 0.00000000000 0.00000000000 0.00000000000 0.00000000000 0.00000000000 0.00000000000 0.00000000000 0.00000000000 0.00000000000 0.00000000000 0.00000000000 0.00000000000 0.00000000000 0.00000000000 0.00000000000 0.00000000000 0.00000000000 0.00000000000 0.00000000000 0.00000000000 0.00000000000 0.00000000000 0.00000000000 0.00000000000 0.00000000000 0.00000000000 0.00000000000 0.00000000000 0.00000000000 0.00000000000 0.00000000000 0.00000000000 0.00000000000 0.00000000000 0.00000000000 0.00000000000 0.00000000000 0.00000000000 0.00000000000 0.00000000000
# log_avg_GrowthK:
-1.58579700000
# log_avg_Linf:
4.91492600000
# GrowthK_dev:
 0.00000000000 0.00000000000 0.00000000000 0.00000000000 0.00000000000 0.00000000000 0.00000000000 0.00000000000 0.00000000000 0.00000000000 0.00000000000 0.00000000000 0.00000000000 0.00000000000 0.00000000000 0.00000000000 0.00000000000 0.00000000000 0.00000000000 0.00000000000 0.00000000000 0.00000000000 0.00000000000 0.00000000000 0.00000000000 0.00000000000 0.00000000000 0.00000000000 0.00000000000 0.00000000000 0.00000000000 0.00000000000 0.00000000000 0.00000000000 0.00000000000 0.00000000000 0.00000000000 0.00000000000 0.00000000000 0.00000000000 0.00000000000 0.00000000000 0.00000000000 0.00000000000 0.00000000000 0.00000000000 0.00000000000 0.00000000000 0.00000000000 0.00000000000 0.00000000000 0.00000000000 0.00000000000 0.00000000000 0.00000000000 0.00000000000 0.00000000000 0.00000000000 0.00000000000 0.00000000000 0.00000000000 0.00000000000 0.00000000000 0.00000000000 0.00000000000 0.00000000000
# Linf_dev:
 0.00000000000 0.00000000000 0.00000000000 0.00000000000 0.00000000000 0.00000000000 0.00000000000 0.00000000000 0.00000000000 0.00000000000 0.00000000000 0.00000000000 0.00000000000 0.00000000000 0.00000000000 0.00000000000 0.00000000000 0.00000000000 0.00000000000 0.00000000000 0.00000000000 0.00000000000 0.00000000000 0.00000000000 0.00000000000 0.00000000000 0.00000000000 0.00000000000 0.00000000000 0.00000000000 0.00000000000 0.00000000000 0.00000000000 0.00000000000 0.00000000000 0.00000000000 0.00000000000 0.00000000000 0.00000000000 0.00000000000 0.00000000000 0.00000000000 0.00000000000 0.00000000000 0.00000000000 0.00000000000 0.00000000000 0.00000000000 0.00000000000 0.00000000000 0.00000000000 0.00000000000 0.00000000000 0.00000000000 0.00000000000 0.00000000000 0.00000000000 0.00000000000 0.00000000000 0.00000000000 0.00000000000 0.00000000000 0.00000000000 0.00000000000 0.00000000000 0.00000000000
# SelPars50:
2.08455796651
# SelPars95:
3.74197048537
# SelPars_dev50:
 0.00000000000 0.00000000000 0.00000000000 0.00000000000 0.00000000000 0.00000000000 0.00000000000 0.00000000000 0.00000000000 0.00000000000 0.00000000000 0.00000000000 0.00000000000 0.00000000000 0.00000000000 0.00000000000 0.00000000000 0.00000000000 0.00000000000 0.00000000000 0.00000000000 0.00000000000 0.00000000000 0.00000000000 0.00000000000 0.00000000000 0.00000000000 0.00000000000 0.00000000000 0.00000000000 0.00000000000 0.00000000000 0.00000000000 0.00000000000 0.00000000000 0.00000000000 0.00000000000 0.00000000000 0.00000000000 0.00000000000 0.00000000000 0.00000000000 0.00000000000 0.00000000000 0.00000000000 0.00000000000 0.00000000000 0.00000000000 0.00000000000 0.00000000000 0.00000000000 0.00000000000 0.00000000000 0.00000000000 0.00000000000 0.00000000000 0.00000000000 0.00000000000 0.00000000000 0.00000000000 0.00000000000 0.00000000000 0.00000000000 0.00000000000 0.00000000000 0.00000000000
# SelPars_dev95:
 0.00000000000 0.00000000000 0.00000000000 0.00000000000 0.00000000000 0.00000000000 0.00000000000 0.00000000000 0.00000000000 0.00000000000 0.00000000000 0.00000000000 0.00000000000 0.00000000000 0.00000000000 0.00000000000 0.00000000000 0.00000000000 0.00000000000 0.00000000000 0.00000000000 0.00000000000 0.00000000000 0.00000000000 0.00000000000 0.00000000000 0.00000000000 0.00000000000 0.00000000000 0.00000000000 0.00000000000 0.00000000000 0.00000000000 0.00000000000 0.00000000000 0.00000000000 0.00000000000 0.00000000000 0.00000000000 0.00000000000 0.00000000000 0.00000000000 0.00000000000 0.00000000000 0.00000000000 0.00000000000 0.00000000000 0.00000000000 0.00000000000 0.00000000000 0.00000000000 0.00000000000 0.00000000000 0.00000000000 0.00000000000 0.00000000000 0.00000000000 0.00000000000 0.00000000000 0.00000000000 0.00000000000 0.00000000000 0.00000000000 0.00000000000 0.00000000000 0.00000000000
