# Number of parameters = 161 Objective function value = 78228.1  Maximum gradient component = 0.000460628
# srv_sel50:
1.52283861715
# srv_sel95:
2.56450483521
# stNatLen:
 11.4228198728 11.2769048602 11.0657009319 10.8691716912 10.6833916418 10.4849472535 10.2636263381 10.0245402694 9.77922800204 9.53848585551 9.30978337223 9.09735098800 8.90307038882 8.72743491010 8.57011915571 8.43039825269 8.30740903424 8.20028134874 8.10818171366 8.03046964967 7.96662032302 7.91629343888 7.87904714845 7.85457414493 7.84244064122
# log_avg_fmort_dir:
-1.67904557756
# fmort_dir_dev:
 -1.69369764178 -1.72090773223 -1.14034825816 -0.860352022765 -0.700640587563 -0.447200861172 -0.296977737503 -0.169770317743 -0.101818448665 0.0279945896110 0.113338479140 0.235223166307 0.403587811588 0.541472188535 0.533336835200 0.554271329905 0.470717604472 0.406777877454 0.460406166022 0.423099266605 0.439480189504 0.375083491469 0.393928346940 0.321059849245 0.347408987263 0.272228066919 0.328162048772 0.281128417766 0.241646938020 0.214579142681 0.249713734269 0.200913167312 0.168201745913 0.232587286259 0.127809351788 0.126248390366 0.0634254009304 0.126591001663 0.0954449018084 0.111632460746 0.120137054612 0.129293222914 0.105124897211 0.0933212457173 0.0636230527913 0.112223586500 0.0923346122314 0.0689038222920 0.112763825293 0.0611159096877 -0.390268393857 -0.379058015408 -0.0381757302857 0.0402874237552 -0.136253566920 -0.00565817179448 -0.272109849906 -0.307736687337 -0.294602031186 -0.227781996008 -0.287823393202 -0.175782160766 -0.129747247711 -0.0625514236851 -0.0473646118279
# mean_log_rec:
11.1481046951
# rec_dev:
 0.361550923629 0.343174588940 0.351190054496 0.347502441115 0.337454642505 0.328124095403 0.325595355658 0.323979588155 0.316236677975 0.306473632933 0.285693923638 0.224672665164 0.168367996163 0.112393515578 0.0492150735373 0.00543750700899 -0.0328091767821 -0.0675362776087 -0.108711819277 -0.133254137651 -0.159732500511 -0.185661099677 -0.206747503349 -0.215970447024 -0.228698876158 -0.225902767687 -0.213129859686 -0.205365280161 -0.216297533701 -0.215894670969 -0.206790534247 -0.207929152946 -0.222203371726 -0.212101986674 -0.194101901442 -0.181210782546 -0.170941209243 -0.148162167368 -0.134640183230 -0.137411952853 -0.122317390514 -0.115984453741 -0.124886955343 -0.113287420069 -0.104856968176 -0.0983761446651 -0.0915199795371 -0.0929262548015 -0.0965626019070 -0.122231463412 -0.119812278874 -0.0646885197651 -0.0204584605301 0.00565218440397 0.0235696108717 0.0400722807914 0.0584534551117 0.0694281152114 0.0918005697801 0.125307722176 0.155587815354 0.182442707137 0.196981556009 0.191377655082 0.191377730027
# log_avg_NatM:
-1.60943800000
# m_dev:
 0.00000000000 0.00000000000 0.00000000000 0.00000000000 0.00000000000 0.00000000000 0.00000000000 0.00000000000 0.00000000000 0.00000000000 0.00000000000 0.00000000000 0.00000000000 0.00000000000 0.00000000000 0.00000000000 0.00000000000 0.00000000000 0.00000000000 0.00000000000 0.00000000000 0.00000000000 0.00000000000 0.00000000000 0.00000000000 0.00000000000 0.00000000000 0.00000000000 0.00000000000 0.00000000000 0.00000000000 0.00000000000 0.00000000000 0.00000000000 0.00000000000 0.00000000000 0.00000000000 0.00000000000 0.00000000000 0.00000000000 0.00000000000 0.00000000000 0.00000000000 0.00000000000 0.00000000000 0.00000000000 0.00000000000 0.00000000000 0.00000000000 0.00000000000 0.00000000000 0.00000000000 0.00000000000 0.00000000000 0.00000000000 0.00000000000 0.00000000000 0.00000000000 0.00000000000 0.00000000000 0.00000000000 0.00000000000 0.00000000000 0.00000000000 0.00000000000
# log_avg_GrowthK:
-1.60943800000
# log_avg_Linf:
4.88280200000
# GrowthK_dev:
 0.00000000000 0.00000000000 0.00000000000 0.00000000000 0.00000000000 0.00000000000 0.00000000000 0.00000000000 0.00000000000 0.00000000000 0.00000000000 0.00000000000 0.00000000000 0.00000000000 0.00000000000 0.00000000000 0.00000000000 0.00000000000 0.00000000000 0.00000000000 0.00000000000 0.00000000000 0.00000000000 0.00000000000 0.00000000000 0.00000000000 0.00000000000 0.00000000000 0.00000000000 0.00000000000 0.00000000000 0.00000000000 0.00000000000 0.00000000000 0.00000000000 0.00000000000 0.00000000000 0.00000000000 0.00000000000 0.00000000000 0.00000000000 0.00000000000 0.00000000000 0.00000000000 0.00000000000 0.00000000000 0.00000000000 0.00000000000 0.00000000000 0.00000000000 0.00000000000 0.00000000000 0.00000000000 0.00000000000 0.00000000000 0.00000000000 0.00000000000 0.00000000000 0.00000000000 0.00000000000 0.00000000000 0.00000000000 0.00000000000 0.00000000000 0.00000000000
# Linf_dev:
 0.00000000000 0.00000000000 0.00000000000 0.00000000000 0.00000000000 0.00000000000 0.00000000000 0.00000000000 0.00000000000 0.00000000000 0.00000000000 0.00000000000 0.00000000000 0.00000000000 0.00000000000 0.00000000000 0.00000000000 0.00000000000 0.00000000000 0.00000000000 0.00000000000 0.00000000000 0.00000000000 0.00000000000 0.00000000000 0.00000000000 0.00000000000 0.00000000000 0.00000000000 0.00000000000 0.00000000000 0.00000000000 0.00000000000 0.00000000000 0.00000000000 0.00000000000 0.00000000000 0.00000000000 0.00000000000 0.00000000000 0.00000000000 0.00000000000 0.00000000000 0.00000000000 0.00000000000 0.00000000000 0.00000000000 0.00000000000 0.00000000000 0.00000000000 0.00000000000 0.00000000000 0.00000000000 0.00000000000 0.00000000000 0.00000000000 0.00000000000 0.00000000000 0.00000000000 0.00000000000 0.00000000000 0.00000000000 0.00000000000 0.00000000000 0.00000000000
# SelPars50:
2.07632546166
# SelPars95:
3.71964611301
# SelPars_dev50:
 0.00000000000 0.00000000000 0.00000000000 0.00000000000 0.00000000000 0.00000000000 0.00000000000 0.00000000000 0.00000000000 0.00000000000 0.00000000000 0.00000000000 0.00000000000 0.00000000000 0.00000000000 0.00000000000 0.00000000000 0.00000000000 0.00000000000 0.00000000000 0.00000000000 0.00000000000 0.00000000000 0.00000000000 0.00000000000 0.00000000000 0.00000000000 0.00000000000 0.00000000000 0.00000000000 0.00000000000 0.00000000000 0.00000000000 0.00000000000 0.00000000000 0.00000000000 0.00000000000 0.00000000000 0.00000000000 0.00000000000 0.00000000000 0.00000000000 0.00000000000 0.00000000000 0.00000000000 0.00000000000 0.00000000000 0.00000000000 0.00000000000 0.00000000000 0.00000000000 0.00000000000 0.00000000000 0.00000000000 0.00000000000 0.00000000000 0.00000000000 0.00000000000 0.00000000000 0.00000000000 0.00000000000 0.00000000000 0.00000000000 0.00000000000 0.00000000000
# SelPars_dev95:
 0.00000000000 0.00000000000 0.00000000000 0.00000000000 0.00000000000 0.00000000000 0.00000000000 0.00000000000 0.00000000000 0.00000000000 0.00000000000 0.00000000000 0.00000000000 0.00000000000 0.00000000000 0.00000000000 0.00000000000 0.00000000000 0.00000000000 0.00000000000 0.00000000000 0.00000000000 0.00000000000 0.00000000000 0.00000000000 0.00000000000 0.00000000000 0.00000000000 0.00000000000 0.00000000000 0.00000000000 0.00000000000 0.00000000000 0.00000000000 0.00000000000 0.00000000000 0.00000000000 0.00000000000 0.00000000000 0.00000000000 0.00000000000 0.00000000000 0.00000000000 0.00000000000 0.00000000000 0.00000000000 0.00000000000 0.00000000000 0.00000000000 0.00000000000 0.00000000000 0.00000000000 0.00000000000 0.00000000000 0.00000000000 0.00000000000 0.00000000000 0.00000000000 0.00000000000 0.00000000000 0.00000000000 0.00000000000 0.00000000000 0.00000000000 0.00000000000
