# Number of parameters = 194 Objective function value = 64596.3  Maximum gradient component = 0.000836380
# srv_sel50:
1.47811065244
# srv_sel95:
2.44381326434
# stNatLen:
 11.3519148967 11.2204665828 11.0237445247 10.8337286865 10.6478782174 10.4463890233 10.2223678781 9.98282003206 9.73962612791 9.50305170466 9.27979156844 9.07341397956 8.88536134231 8.71580158483 8.56422134308 8.42981442701 8.31169145930 8.20894959334 8.12076418925 8.04645482302 7.98539455374 7.93706793789 7.90108573819 7.87716051288 7.86525055462
# log_avg_fmort_dir:
-1.64665978137
# fmort_dir_dev:
 -1.79445776265 -1.78659445076 -1.42823601496 -1.06334259593 -0.801711184823 -0.533556596182 -0.383690179451 -0.286319828159 -0.0429093794929 0.102487554724 0.242221275317 0.267394320332 0.322375957555 0.395419652469 0.535870320218 0.523228512486 0.469167370268 0.430635655068 0.355390359155 0.372275512968 0.333656410202 0.396113516612 0.291453430681 0.258322845387 0.308483552261 0.206412609536 0.0997899025396 0.172173255200 0.107266236953 0.131525026609 0.139408947119 0.0452599362769 0.155881061229 0.105844407979 0.111257639169 0.0503261479345 0.117998865458 -0.139440780961 0.0181159849519 -0.0369804385632 0.0687127158351 0.129875638818 0.0324989631960 0.0808554387923 0.0229143132896 0.109916975214 0.0639384553350 0.213854500273 0.168438216973 0.130766555510 -0.108803239964 -0.0421795778806 0.0733276130561 0.287366376824
# mean_log_rec:
11.1657510007
# rec_dev:
 0.352627913825 0.374057635549 0.400686101891 0.373135823339 0.322977143628 0.284291640959 0.274807669414 0.253021620846 0.211437489184 0.176254044622 0.145473728832 0.105853920513 0.0675426031791 0.0241972004714 -0.0311894521272 -0.0840829933890 -0.0977136206759 -0.0792928573219 -0.0695600474416 -0.139690100689 -0.216553561581 -0.234903819149 -0.221393082789 -0.198837787522 -0.164695848594 -0.131239536037 -0.142707606420 -0.163046600558 -0.190794181249 -0.202844673680 -0.180481034246 -0.181103301225 -0.216678495325 -0.216596452521 -0.109394442266 0.0228000700964 0.0930038855291 0.137595877531 0.131918652221 0.0303518207398 -0.0822885071774 -0.0750215978967 -0.0133822973460 0.0178106140095 -0.0193359635520 -0.106883742627 -0.156011038930 -0.145511579135 -0.111317122300 -0.0656496346443 0.00913653486741 0.0728980529126 0.0831603761229 0.0831605581300
# log_avg_NatM:
-1.56955704229
# m_dev:
 -0.478119394890 -0.426867855052 -0.0987074882369 0.100050489186 0.193705322157 0.0962339567084 -0.0947625346670 -0.0142229159080 -0.0442647244140 -0.157771598044 -0.0809977205417 -0.0148927885517 -0.132921735193 -0.179492427393 -0.0543069514351 -0.0175765914198 -0.342414747298 -0.477420256915 -0.221205500368 0.189867768743 0.168485232194 -0.0628054722222 -0.169109789603 -0.263803557782 -0.273644170065 -0.137798386785 0.0617346598214 0.110951442530 0.168575610565 -0.0144713714151 -0.150234777470 -0.0214428298044 0.0415011012685 0.0960556437459 0.108592892220 -0.0630474358931 -0.00604089746223 -0.0323031158842 0.173126773471 0.596347245521 0.558976651030 0.0775950216001 -0.0521313636085 0.0158302637279 0.316025151857 0.512098146984 0.245149872897 0.00429885191528 0.0795500595843 -0.0830477940134 -0.125042001407 -0.00823103034369 0.205728091003 0.178618975356
# log_avg_GrowthK:
-1.60943800000
# log_avg_Linf:
4.88280200000
# GrowthK_dev:
 0.00000000000 0.00000000000 0.00000000000 0.00000000000 0.00000000000 0.00000000000 0.00000000000 0.00000000000 0.00000000000 0.00000000000 0.00000000000 0.00000000000 0.00000000000 0.00000000000 0.00000000000 0.00000000000 0.00000000000 0.00000000000 0.00000000000 0.00000000000 0.00000000000 0.00000000000 0.00000000000 0.00000000000 0.00000000000 0.00000000000 0.00000000000 0.00000000000 0.00000000000 0.00000000000 0.00000000000 0.00000000000 0.00000000000 0.00000000000 0.00000000000 0.00000000000 0.00000000000 0.00000000000 0.00000000000 0.00000000000 0.00000000000 0.00000000000 0.00000000000 0.00000000000 0.00000000000 0.00000000000 0.00000000000 0.00000000000 0.00000000000 0.00000000000 0.00000000000 0.00000000000 0.00000000000 0.00000000000
# Linf_dev:
 0.00000000000 0.00000000000 0.00000000000 0.00000000000 0.00000000000 0.00000000000 0.00000000000 0.00000000000 0.00000000000 0.00000000000 0.00000000000 0.00000000000 0.00000000000 0.00000000000 0.00000000000 0.00000000000 0.00000000000 0.00000000000 0.00000000000 0.00000000000 0.00000000000 0.00000000000 0.00000000000 0.00000000000 0.00000000000 0.00000000000 0.00000000000 0.00000000000 0.00000000000 0.00000000000 0.00000000000 0.00000000000 0.00000000000 0.00000000000 0.00000000000 0.00000000000 0.00000000000 0.00000000000 0.00000000000 0.00000000000 0.00000000000 0.00000000000 0.00000000000 0.00000000000 0.00000000000 0.00000000000 0.00000000000 0.00000000000 0.00000000000 0.00000000000 0.00000000000 0.00000000000 0.00000000000 0.00000000000
# SelPars50:
2.00989326085
# SelPars95:
3.54991016940
# SelPars_dev50:
 0.00000000000 0.00000000000 0.00000000000 0.00000000000 0.00000000000 0.00000000000 0.00000000000 0.00000000000 0.00000000000 0.00000000000 0.00000000000 0.00000000000 0.00000000000 0.00000000000 0.00000000000 0.00000000000 0.00000000000 0.00000000000 0.00000000000 0.00000000000 0.00000000000 0.00000000000 0.00000000000 0.00000000000 0.00000000000 0.00000000000 0.00000000000 0.00000000000 0.00000000000 0.00000000000 0.00000000000 0.00000000000 0.00000000000 0.00000000000 0.00000000000 0.00000000000 0.00000000000 0.00000000000 0.00000000000 0.00000000000 0.00000000000 0.00000000000 0.00000000000 0.00000000000 0.00000000000 0.00000000000 0.00000000000 0.00000000000 0.00000000000 0.00000000000 0.00000000000 0.00000000000 0.00000000000 0.00000000000
# SelPars_dev95:
 0.00000000000 0.00000000000 0.00000000000 0.00000000000 0.00000000000 0.00000000000 0.00000000000 0.00000000000 0.00000000000 0.00000000000 0.00000000000 0.00000000000 0.00000000000 0.00000000000 0.00000000000 0.00000000000 0.00000000000 0.00000000000 0.00000000000 0.00000000000 0.00000000000 0.00000000000 0.00000000000 0.00000000000 0.00000000000 0.00000000000 0.00000000000 0.00000000000 0.00000000000 0.00000000000 0.00000000000 0.00000000000 0.00000000000 0.00000000000 0.00000000000 0.00000000000 0.00000000000 0.00000000000 0.00000000000 0.00000000000 0.00000000000 0.00000000000 0.00000000000 0.00000000000 0.00000000000 0.00000000000 0.00000000000 0.00000000000 0.00000000000 0.00000000000 0.00000000000 0.00000000000 0.00000000000 0.00000000000
