# Number of parameters = 157 Objective function value = 75508.1  Maximum gradient component = 0.000372684
# srv_sel50:
1.66180867210
# srv_sel95:
2.96558011840
# stNatLen:
 11.8776825247 11.6922896254 11.4322399251 11.2127514848 11.0321180912 10.8541997442 10.6510947724 10.4156155535 10.1566239590 9.88867640016 9.62477892768 9.37386698972 9.14106005062 8.92874752475 8.73761236793 8.56738393854 8.41733431122 8.28655402065 8.17411501768 8.07925037398 8.00125149213 7.93955432772 7.89369766826 7.86339329016 7.84839293964
# log_avg_fmort_dir:
-1.59038926568
# fmort_dir_dev:
 -1.89511700607 -1.93483995366 -1.43796469253 -1.14949554907 -0.828627320390 -0.696934283374 -0.340486920176 -0.263003401565 -0.126859575203 -0.0216200295980 0.0141024308070 0.106104698178 0.185695207461 0.410429023867 0.381547350633 0.451906728638 0.360834640016 0.263738969657 0.309977517946 0.396765881922 0.272142560336 0.187782228600 0.234568871353 0.217358940215 0.204459818163 0.149450040356 0.0803945640682 0.148907489712 0.0547214886319 0.0988948199680 0.111126728584 0.123061311721 0.157548415794 0.147647656193 0.123053529501 0.137480374545 0.0836146826022 0.146380364256 0.0846528522143 0.0998380375268 0.231652951507 0.0898666982908 0.0193931730699 0.0689333801690 0.0362876816156 0.0401821088277 0.0261481390702 0.0649731934869 0.0550278350458 0.0536760317054 0.0628088405899 0.186731259352 0.160598724956 0.249601875452 0.130066652744 0.373954123422 0.427871138770 0.380300809791 0.205988385180 0.00402190337461 0.132081352311 0.0196188029999 -0.0690235535702
# mean_log_rec:
11.3240191864
# rec_dev:
 0.598607826266 0.567168324876 0.559241164857 0.550555844448 0.533156624457 0.500297769865 0.482377021600 0.466384302614 0.444031770366 0.429985390831 0.407002270699 0.359971686948 0.298580973857 0.241945824173 0.181389723505 0.138459373135 0.109904773460 0.0825509536235 0.0319107082909 0.00237436403087 -0.0271599919484 -0.0669561721037 -0.0959161612268 -0.105261405133 -0.127112593346 -0.142579236514 -0.148666593691 -0.147355954580 -0.159256689538 -0.171539840699 -0.204898602522 -0.243532647052 -0.307364242957 -0.353238800280 -0.253106867737 -0.171497909066 -0.199397932431 -0.218814331311 -0.209054229952 -0.202893890719 -0.202300468664 -0.197386331204 -0.176223759826 -0.169567983681 -0.158440031485 -0.140092506302 -0.132128591189 -0.125540695482 -0.125164999808 -0.126959713452 -0.119885238460 -0.120936394945 -0.145318133602 -0.171404611327 -0.178028898899 -0.176483397481 -0.183865653491 -0.201979813216 -0.190305617924 -0.137318618260 -0.0775210409536 -0.0867200540657 -0.0867200453784
# log_avg_NatM:
-1.47890400000
# m_dev:
 0.00000000000 0.00000000000 0.00000000000 0.00000000000 0.00000000000 0.00000000000 0.00000000000 0.00000000000 0.00000000000 0.00000000000 0.00000000000 0.00000000000 0.00000000000 0.00000000000 0.00000000000 0.00000000000 0.00000000000 0.00000000000 0.00000000000 0.00000000000 0.00000000000 0.00000000000 0.00000000000 0.00000000000 0.00000000000 0.00000000000 0.00000000000 0.00000000000 0.00000000000 0.00000000000 0.00000000000 0.00000000000 0.00000000000 0.00000000000 0.00000000000 0.00000000000 0.00000000000 0.00000000000 0.00000000000 0.00000000000 0.00000000000 0.00000000000 0.00000000000 0.00000000000 0.00000000000 0.00000000000 0.00000000000 0.00000000000 0.00000000000 0.00000000000 0.00000000000 0.00000000000 0.00000000000 0.00000000000 0.00000000000 0.00000000000 0.00000000000 0.00000000000 0.00000000000 0.00000000000 0.00000000000 0.00000000000 0.00000000000
# log_avg_GrowthK:
-1.60943800000
# log_avg_Linf:
4.88280200000
# GrowthK_dev:
 0.00000000000 0.00000000000 0.00000000000 0.00000000000 0.00000000000 0.00000000000 0.00000000000 0.00000000000 0.00000000000 0.00000000000 0.00000000000 0.00000000000 0.00000000000 0.00000000000 0.00000000000 0.00000000000 0.00000000000 0.00000000000 0.00000000000 0.00000000000 0.00000000000 0.00000000000 0.00000000000 0.00000000000 0.00000000000 0.00000000000 0.00000000000 0.00000000000 0.00000000000 0.00000000000 0.00000000000 0.00000000000 0.00000000000 0.00000000000 0.00000000000 0.00000000000 0.00000000000 0.00000000000 0.00000000000 0.00000000000 0.00000000000 0.00000000000 0.00000000000 0.00000000000 0.00000000000 0.00000000000 0.00000000000 0.00000000000 0.00000000000 0.00000000000 0.00000000000 0.00000000000 0.00000000000 0.00000000000 0.00000000000 0.00000000000 0.00000000000 0.00000000000 0.00000000000 0.00000000000 0.00000000000 0.00000000000 0.00000000000
# Linf_dev:
 0.00000000000 0.00000000000 0.00000000000 0.00000000000 0.00000000000 0.00000000000 0.00000000000 0.00000000000 0.00000000000 0.00000000000 0.00000000000 0.00000000000 0.00000000000 0.00000000000 0.00000000000 0.00000000000 0.00000000000 0.00000000000 0.00000000000 0.00000000000 0.00000000000 0.00000000000 0.00000000000 0.00000000000 0.00000000000 0.00000000000 0.00000000000 0.00000000000 0.00000000000 0.00000000000 0.00000000000 0.00000000000 0.00000000000 0.00000000000 0.00000000000 0.00000000000 0.00000000000 0.00000000000 0.00000000000 0.00000000000 0.00000000000 0.00000000000 0.00000000000 0.00000000000 0.00000000000 0.00000000000 0.00000000000 0.00000000000 0.00000000000 0.00000000000 0.00000000000 0.00000000000 0.00000000000 0.00000000000 0.00000000000 0.00000000000 0.00000000000 0.00000000000 0.00000000000 0.00000000000 0.00000000000 0.00000000000 0.00000000000
# SelPars50:
2.24373870911
# SelPars95:
4.08672821664
# SelPars_dev50:
 0.00000000000 0.00000000000 0.00000000000 0.00000000000 0.00000000000 0.00000000000 0.00000000000 0.00000000000 0.00000000000 0.00000000000 0.00000000000 0.00000000000 0.00000000000 0.00000000000 0.00000000000 0.00000000000 0.00000000000 0.00000000000 0.00000000000 0.00000000000 0.00000000000 0.00000000000 0.00000000000 0.00000000000 0.00000000000 0.00000000000 0.00000000000 0.00000000000 0.00000000000 0.00000000000 0.00000000000 0.00000000000 0.00000000000 0.00000000000 0.00000000000 0.00000000000 0.00000000000 0.00000000000 0.00000000000 0.00000000000 0.00000000000 0.00000000000 0.00000000000 0.00000000000 0.00000000000 0.00000000000 0.00000000000 0.00000000000 0.00000000000 0.00000000000 0.00000000000 0.00000000000 0.00000000000 0.00000000000 0.00000000000 0.00000000000 0.00000000000 0.00000000000 0.00000000000 0.00000000000 0.00000000000 0.00000000000 0.00000000000
# SelPars_dev95:
 0.00000000000 0.00000000000 0.00000000000 0.00000000000 0.00000000000 0.00000000000 0.00000000000 0.00000000000 0.00000000000 0.00000000000 0.00000000000 0.00000000000 0.00000000000 0.00000000000 0.00000000000 0.00000000000 0.00000000000 0.00000000000 0.00000000000 0.00000000000 0.00000000000 0.00000000000 0.00000000000 0.00000000000 0.00000000000 0.00000000000 0.00000000000 0.00000000000 0.00000000000 0.00000000000 0.00000000000 0.00000000000 0.00000000000 0.00000000000 0.00000000000 0.00000000000 0.00000000000 0.00000000000 0.00000000000 0.00000000000 0.00000000000 0.00000000000 0.00000000000 0.00000000000 0.00000000000 0.00000000000 0.00000000000 0.00000000000 0.00000000000 0.00000000000 0.00000000000 0.00000000000 0.00000000000 0.00000000000 0.00000000000 0.00000000000 0.00000000000 0.00000000000 0.00000000000 0.00000000000 0.00000000000 0.00000000000 0.00000000000
