# Number of parameters = 236 Objective function value = 81528.3389164681  Maximum gradient component = 0.000712500586195918
# srv_sel50:
1.48051241169
# srv_sel95:
2.45398825154
# stNatLen:
 11.2190887580 11.0912515446 10.8937885968 10.7033713723 10.5185523622 10.3190973819 10.0970234529 9.85844359503 9.61494692001 9.37695752096 9.15153396930 8.94257392005 8.75175257756 8.57939600082 8.42514523375 8.28827153503 8.16788574929 8.06312198173 7.97316616591 7.89730302026 7.83491747097 7.78549693958 7.74863966674 7.72412772103 7.71187395311
# log_avg_fmort_dir:
-1.64613684721
# fmort_dir_dev:
 -1.78924747430 -1.74328364954 -1.23540476775 -1.01470714359 -0.785364019651 -0.542536914004 -0.311441373020 -0.174627702318 -0.0964115013143 0.0694417551833 0.124577656185 0.245618681977 0.245261968970 0.393549672884 0.439307436022 0.644553219653 0.440297872294 0.479300906479 0.454608349331 0.506888924382 0.322945040957 0.385064572269 0.345655310394 0.221621963183 0.255942442005 0.199754739746 0.133064584506 0.0842453104208 0.174740429932 0.241782971669 0.241880418596 0.181013428597 0.183217551216 0.215421937044 0.162342826671 0.130143468544 0.183595091793 0.0487314783617 -0.0196655472402 -0.0255228079119 0.0155552349412 0.161334164934 0.159267379300 0.0362731334126 -0.0322131165799 0.00290240769745 0.0559787091835 0.0619466924665 0.0848949338389 -0.0293491530167 -0.0416421258483 -0.00327815985371 0.473580869639 -0.202137633261 0.145764396769 -0.911028167129 0.263793378133 0.353492374164 -0.169128414191 -0.259035399157 0.143146120684 0.379985316322 -0.0382976086415 -0.0609418690782 0.444307574563 0.297622711155 -1.19665864616 -0.152492212926
# mean_log_rec:
11.1460031701
# rec_dev:
 0.273615888498 0.312479462531 0.372533672215 0.373437507905 0.329954415024 0.283539638113 0.257679071990 0.248944025473 0.244574958215 0.245329338396 0.251597302022 0.237947525341 0.148532607843 0.0410991524878 -0.0329601587168 -0.0649471599918 -0.117802873652 -0.155155233429 -0.167433156293 -0.162999197853 -0.162932479804 -0.174103626335 -0.152230845487 -0.131754519898 -0.128577749120 -0.126147266750 -0.141434054854 -0.184282424190 -0.260697157126 -0.311154332453 -0.306660624263 -0.293718035317 -0.290025247034 -0.281302529534 -0.194556452020 -0.0955060681913 -0.0427442183460 0.0146702956389 0.0586419199609 0.0378689482378 -0.0148222310950 -0.0939895563077 -0.0719949157968 0.0157658179792 0.0718617529165 0.0482598592359 0.00600492266898 0.0211758121825 0.0870721531879 0.161885648838 0.202174738327 0.168011629673 0.0934534384937 -0.0179119083893 -0.0623885707690 -0.100115023688 -0.109063961743 -0.0860304363684 -0.0432773739618 0.0114372122171 0.0354156941388 0.0353333508402 0.0249607530089 -0.0272130032686 -0.0696092524317 -0.0406699704137 0.000476483524127 0.000476617767278
# log_avg_NatM:
-1.56828882492
# m_dev:
 -0.791552832028 -0.641228378711 -0.366595395325 0.00567074570756 0.149178817414 0.0970406955754 -0.0167226933168 -0.0976068365862 -0.178882603845 -0.181343817471 -0.306629889932 -0.207275763394 0.268842112879 0.143891362800 -0.134796358125 -0.249489900531 -0.0205794784538 -0.228598442918 -0.316523905527 -0.273071633447 -0.165275413741 -0.133491009131 -0.209982011770 -0.184748616633 -0.0682901717965 0.0113698955869 0.0375816616627 0.157311034717 0.291299065573 0.0953004851438 -0.165778279931 -0.186462973345 -0.236333217196 -0.0832151587214 0.162934790804 0.0402445742323 -0.0799237231054 -0.119914630401 0.0210932858462 0.297374125742 0.358951753192 0.491045393203 0.0198865310266 -0.202775993309 -0.0611142755081 0.334316867989 0.358319067752 0.0758421763304 -0.0322005480243 0.0239832065927 0.102657799332 0.385305689223 0.361657591726 0.592115959618 0.214099378194 0.321308372062 0.237142555964 0.0180014603091 -0.122912917469 -0.0380112547356 0.196190119329 0.132095452841 0.0860026601753 0.319680021541 0.345801896370 -0.101918035107 -0.234504067207 -0.315786379709
# log_avg_GrowthK:
-1.60943800000
# log_avg_Linf:
4.88280200000
# GrowthK_dev:
 0.00000000000 0.00000000000 0.00000000000 0.00000000000 0.00000000000 0.00000000000 0.00000000000 0.00000000000 0.00000000000 0.00000000000 0.00000000000 0.00000000000 0.00000000000 0.00000000000 0.00000000000 0.00000000000 0.00000000000 0.00000000000 0.00000000000 0.00000000000 0.00000000000 0.00000000000 0.00000000000 0.00000000000 0.00000000000 0.00000000000 0.00000000000 0.00000000000 0.00000000000 0.00000000000 0.00000000000 0.00000000000 0.00000000000 0.00000000000 0.00000000000 0.00000000000 0.00000000000 0.00000000000 0.00000000000 0.00000000000 0.00000000000 0.00000000000 0.00000000000 0.00000000000 0.00000000000 0.00000000000 0.00000000000 0.00000000000 0.00000000000 0.00000000000 0.00000000000 0.00000000000 0.00000000000 0.00000000000 0.00000000000 0.00000000000 0.00000000000 0.00000000000 0.00000000000 0.00000000000 0.00000000000 0.00000000000 0.00000000000 0.00000000000 0.00000000000 0.00000000000 0.00000000000 0.00000000000
# Linf_dev:
 0.00000000000 0.00000000000 0.00000000000 0.00000000000 0.00000000000 0.00000000000 0.00000000000 0.00000000000 0.00000000000 0.00000000000 0.00000000000 0.00000000000 0.00000000000 0.00000000000 0.00000000000 0.00000000000 0.00000000000 0.00000000000 0.00000000000 0.00000000000 0.00000000000 0.00000000000 0.00000000000 0.00000000000 0.00000000000 0.00000000000 0.00000000000 0.00000000000 0.00000000000 0.00000000000 0.00000000000 0.00000000000 0.00000000000 0.00000000000 0.00000000000 0.00000000000 0.00000000000 0.00000000000 0.00000000000 0.00000000000 0.00000000000 0.00000000000 0.00000000000 0.00000000000 0.00000000000 0.00000000000 0.00000000000 0.00000000000 0.00000000000 0.00000000000 0.00000000000 0.00000000000 0.00000000000 0.00000000000 0.00000000000 0.00000000000 0.00000000000 0.00000000000 0.00000000000 0.00000000000 0.00000000000 0.00000000000 0.00000000000 0.00000000000 0.00000000000 0.00000000000 0.00000000000 0.00000000000
# SelPars50:
2.00602507191
# SelPars95:
3.54419939809
# SelPars_dev50:
 0.00000000000 0.00000000000 0.00000000000 0.00000000000 0.00000000000 0.00000000000 0.00000000000 0.00000000000 0.00000000000 0.00000000000 0.00000000000 0.00000000000 0.00000000000 0.00000000000 0.00000000000 0.00000000000 0.00000000000 0.00000000000 0.00000000000 0.00000000000 0.00000000000 0.00000000000 0.00000000000 0.00000000000 0.00000000000 0.00000000000 0.00000000000 0.00000000000 0.00000000000 0.00000000000 0.00000000000 0.00000000000 0.00000000000 0.00000000000 0.00000000000 0.00000000000 0.00000000000 0.00000000000 0.00000000000 0.00000000000 0.00000000000 0.00000000000 0.00000000000 0.00000000000 0.00000000000 0.00000000000 0.00000000000 0.00000000000 0.00000000000 0.00000000000 0.00000000000 0.00000000000 0.00000000000 0.00000000000 0.00000000000 0.00000000000 0.00000000000 0.00000000000 0.00000000000 0.00000000000 0.00000000000 0.00000000000 0.00000000000 0.00000000000 0.00000000000 0.00000000000 0.00000000000 0.00000000000
# SelPars_dev95:
 0.00000000000 0.00000000000 0.00000000000 0.00000000000 0.00000000000 0.00000000000 0.00000000000 0.00000000000 0.00000000000 0.00000000000 0.00000000000 0.00000000000 0.00000000000 0.00000000000 0.00000000000 0.00000000000 0.00000000000 0.00000000000 0.00000000000 0.00000000000 0.00000000000 0.00000000000 0.00000000000 0.00000000000 0.00000000000 0.00000000000 0.00000000000 0.00000000000 0.00000000000 0.00000000000 0.00000000000 0.00000000000 0.00000000000 0.00000000000 0.00000000000 0.00000000000 0.00000000000 0.00000000000 0.00000000000 0.00000000000 0.00000000000 0.00000000000 0.00000000000 0.00000000000 0.00000000000 0.00000000000 0.00000000000 0.00000000000 0.00000000000 0.00000000000 0.00000000000 0.00000000000 0.00000000000 0.00000000000 0.00000000000 0.00000000000 0.00000000000 0.00000000000 0.00000000000 0.00000000000 0.00000000000 0.00000000000 0.00000000000 0.00000000000 0.00000000000 0.00000000000 0.00000000000 0.00000000000
