# Number of parameters = 236 Objective function value = 81539.9  Maximum gradient component = 0.00685452
# srv_sel50:
1.47440336722
# srv_sel95:
2.43531444243
# stNatLen:
 11.3851653637 11.2470754127 11.0500599539 10.8615810488 10.6758956137 10.4729461164 10.2470523267 10.0063464321 9.76316354826 9.52769098771 9.30633684095 9.10234655530 8.91690963726 8.75002257036 8.60105470704 8.46912206719 8.35325678192 8.25254314525 8.16616507832 8.09337722556 8.03359868963 7.98636230239 7.95119955566 7.92796291234 7.91642862366
# log_avg_fmort_dir:
-1.61619116089
# fmort_dir_dev:
 -1.69131273588 -1.70966176342 -1.29453518167 -0.937567093118 -0.749294155480 -0.460279023093 -0.382548415908 -0.195705454891 -0.0745902709882 0.118299173547 0.170475502021 0.282470446212 0.327578492564 0.320102009892 0.409940375095 0.462865680827 0.522843943083 0.471299556302 0.461419250227 0.454586242927 0.350158151317 0.259729986911 0.323001149868 0.189171883705 0.291496885737 0.296104755065 0.316353185093 0.444704385056 0.373837116464 0.286389356455 0.161584646575 0.168752524314 0.111574372464 0.0307008752841 0.000233508171949 -0.110889462556 0.0818020758637 0.0984876973681 -0.0527715189556 -0.0306743286929 0.0325360670069 0.0226395095087 -0.00265660956576 -0.00263476922104 0.0102326591868 -0.0888777810824 -0.00159120147629 -0.135526265358 0.0977113363877 -0.0631774963861 -0.488751497387 0.262220964971 0.00628348859710 0.0314167318047 -0.166005002610 -0.0877097332479 -0.0282225898503 0.103158235005 0.393050101021 0.191000515213 0.0869456478634 -0.803027574958 0.0729437499473 -0.111495098885 0.130525192476 0.0822670659709 0.0686249049356 0.291985626383
# mean_log_rec:
11.1300090481
# rec_dev:
 0.323491505665 0.310660897198 0.332603974864 0.324131476133 0.312057893200 0.302253763806 0.271502941721 0.238744608571 0.196879864804 0.156660605963 0.137664712533 0.129098861815 0.127949334450 0.103603466080 0.0188625800700 -0.0760830288604 -0.134351878917 -0.153705531426 -0.175443315429 -0.177130252254 -0.174349811354 -0.167845637913 -0.184450221176 -0.226931130132 -0.297533786215 -0.394090776921 -0.443973500660 -0.447654689016 -0.418761388452 -0.350799331605 -0.296524527217 -0.236443059410 -0.200951232029 -0.145134952026 -0.0180515114083 0.0471332403703 0.0345348121386 0.0175039200425 0.0676995369630 0.116168837597 0.0938470931439 0.0469511070042 -0.00203670929155 0.0124396167095 0.0836772824842 0.126636909383 0.138144136814 0.122171893003 0.0659512973528 0.0162053908788 -0.0433349775720 -0.0595543197877 -0.0585493427106 -0.0143592234499 0.0595035913923 0.144024982522 0.186606716332 0.137939074489 0.0301275998541 -0.0587120068206 -0.0627232365256 -0.0192435678405 0.0454894724526 0.0774720163421 0.0839958436490 0.0414144561306 -0.0215411151647 -0.0215412523379
# log_avg_NatM:
-1.54842368220
# m_dev:
 -0.0606102859842 -0.131952565253 -0.257550799281 0.0311525247051 -0.115841147952 -0.114135225785 0.0266727584123 -0.0691452708594 -0.0521350547939 -0.0676548616037 -0.225388106511 -0.307218236803 -0.370730307936 -0.209825786268 0.101910765828 0.0276082939619 -0.190084748109 -0.360493378625 -0.248813318207 -0.263362740464 -0.152087521482 -0.238393889358 -0.0917482659757 0.0444623325202 0.140135380172 0.229552258963 -0.157271876835 -0.302176295440 -0.450610600223 -0.546397108089 -0.466636164594 -0.423675092268 -0.324265873535 -0.202816389444 0.0607361697693 0.227388375747 0.211352504565 0.262806490220 -0.158645055308 0.00265093720294 0.267226246480 0.371549473706 0.413990645814 0.0818859380748 -0.121368827207 0.0570249140920 0.163320400624 0.192615402689 0.443068266618 0.253891648674 0.403100121741 0.191867250661 0.169839205372 -0.0579128320054 -0.169635296628 -0.146470129812 0.0806860873677 0.376825679166 0.426532817416 0.372001083856 0.0232746322878 0.0938279808206 -0.0765051695663 0.0727686169679 0.140006979618 0.253383100679 0.477126391922 0.439316545494
# log_avg_GrowthK:
-1.60943800000
# log_avg_Linf:
4.88280200000
# GrowthK_dev:
 0.00000000000 0.00000000000 0.00000000000 0.00000000000 0.00000000000 0.00000000000 0.00000000000 0.00000000000 0.00000000000 0.00000000000 0.00000000000 0.00000000000 0.00000000000 0.00000000000 0.00000000000 0.00000000000 0.00000000000 0.00000000000 0.00000000000 0.00000000000 0.00000000000 0.00000000000 0.00000000000 0.00000000000 0.00000000000 0.00000000000 0.00000000000 0.00000000000 0.00000000000 0.00000000000 0.00000000000 0.00000000000 0.00000000000 0.00000000000 0.00000000000 0.00000000000 0.00000000000 0.00000000000 0.00000000000 0.00000000000 0.00000000000 0.00000000000 0.00000000000 0.00000000000 0.00000000000 0.00000000000 0.00000000000 0.00000000000 0.00000000000 0.00000000000 0.00000000000 0.00000000000 0.00000000000 0.00000000000 0.00000000000 0.00000000000 0.00000000000 0.00000000000 0.00000000000 0.00000000000 0.00000000000 0.00000000000 0.00000000000 0.00000000000 0.00000000000 0.00000000000 0.00000000000 0.00000000000
# Linf_dev:
 0.00000000000 0.00000000000 0.00000000000 0.00000000000 0.00000000000 0.00000000000 0.00000000000 0.00000000000 0.00000000000 0.00000000000 0.00000000000 0.00000000000 0.00000000000 0.00000000000 0.00000000000 0.00000000000 0.00000000000 0.00000000000 0.00000000000 0.00000000000 0.00000000000 0.00000000000 0.00000000000 0.00000000000 0.00000000000 0.00000000000 0.00000000000 0.00000000000 0.00000000000 0.00000000000 0.00000000000 0.00000000000 0.00000000000 0.00000000000 0.00000000000 0.00000000000 0.00000000000 0.00000000000 0.00000000000 0.00000000000 0.00000000000 0.00000000000 0.00000000000 0.00000000000 0.00000000000 0.00000000000 0.00000000000 0.00000000000 0.00000000000 0.00000000000 0.00000000000 0.00000000000 0.00000000000 0.00000000000 0.00000000000 0.00000000000 0.00000000000 0.00000000000 0.00000000000 0.00000000000 0.00000000000 0.00000000000 0.00000000000 0.00000000000 0.00000000000 0.00000000000 0.00000000000 0.00000000000
# SelPars50:
2.01293916694
# SelPars95:
3.56877789196
# SelPars_dev50:
 0.00000000000 0.00000000000 0.00000000000 0.00000000000 0.00000000000 0.00000000000 0.00000000000 0.00000000000 0.00000000000 0.00000000000 0.00000000000 0.00000000000 0.00000000000 0.00000000000 0.00000000000 0.00000000000 0.00000000000 0.00000000000 0.00000000000 0.00000000000 0.00000000000 0.00000000000 0.00000000000 0.00000000000 0.00000000000 0.00000000000 0.00000000000 0.00000000000 0.00000000000 0.00000000000 0.00000000000 0.00000000000 0.00000000000 0.00000000000 0.00000000000 0.00000000000 0.00000000000 0.00000000000 0.00000000000 0.00000000000 0.00000000000 0.00000000000 0.00000000000 0.00000000000 0.00000000000 0.00000000000 0.00000000000 0.00000000000 0.00000000000 0.00000000000 0.00000000000 0.00000000000 0.00000000000 0.00000000000 0.00000000000 0.00000000000 0.00000000000 0.00000000000 0.00000000000 0.00000000000 0.00000000000 0.00000000000 0.00000000000 0.00000000000 0.00000000000 0.00000000000 0.00000000000 0.00000000000
# SelPars_dev95:
 0.00000000000 0.00000000000 0.00000000000 0.00000000000 0.00000000000 0.00000000000 0.00000000000 0.00000000000 0.00000000000 0.00000000000 0.00000000000 0.00000000000 0.00000000000 0.00000000000 0.00000000000 0.00000000000 0.00000000000 0.00000000000 0.00000000000 0.00000000000 0.00000000000 0.00000000000 0.00000000000 0.00000000000 0.00000000000 0.00000000000 0.00000000000 0.00000000000 0.00000000000 0.00000000000 0.00000000000 0.00000000000 0.00000000000 0.00000000000 0.00000000000 0.00000000000 0.00000000000 0.00000000000 0.00000000000 0.00000000000 0.00000000000 0.00000000000 0.00000000000 0.00000000000 0.00000000000 0.00000000000 0.00000000000 0.00000000000 0.00000000000 0.00000000000 0.00000000000 0.00000000000 0.00000000000 0.00000000000 0.00000000000 0.00000000000 0.00000000000 0.00000000000 0.00000000000 0.00000000000 0.00000000000 0.00000000000 0.00000000000 0.00000000000 0.00000000000 0.00000000000 0.00000000000 0.00000000000
