#Simulated generalized assessment 
# 
#start/end year 
5 52 
#number of ages 
25 
#ages 
1 2 3 4 5 6 7 8 9 10 11 12 13 14 15 16 17 18 19 20 21 22 23 24 25 
#Number of length bins 
25 
#CPUE years 
48 
#years for CPUE 
5 6 7 8 9 10 11 12 13 14 15 16 17 18 19 20 21 22 23 24 25 26 27 28 29 30 31 32 33 34 35 36 37 38 39 40 41 42 43 44 45 46 47 48 49 50 51 52 
#survey years 
48 
#years for survey 
5 6 7 8 9 10 11 12 13 14 15 16 17 18 19 20 21 22 23 24 25 26 27 28 29 30 31 32 33 34 35 36 37 38 39 40 41 42 43 44 45 46 47 48 49 50 51 52 
#length freq from catch years 
48 
#years for length freq catch 
5 6 7 8 9 10 11 12 13 14 15 16 17 18 19 20 21 22 23 24 25 26 27 28 29 30 31 32 33 34 35 36 37 38 39 40 41 42 43 44 45 46 47 48 49 50 51 52 
#catch length sample sizes 
200 200 200 200 200 200 200 200 200 200 200 200 200 200 200 200 200 200 200 200 200 200 200 200 200 200 200 200 200 200 200 200 200 200 200 200 200 200 200 200 200 200 200 200 200 200 200 200 
#length freq from survey years 
48 
#years for length freq survey 
5 6 7 8 9 10 11 12 13 14 15 16 17 18 19 20 21 22 23 24 25 26 27 28 29 30 31 32 33 34 35 36 37 38 39 40 41 42 43 44 45 46 47 48 49 50 51 52 
#survey sample sizes 
200 200 200 200 200 200 200 200 200 200 200 200 200 200 200 200 200 200 200 200 200 200 200 200 200 200 200 200 200 200 200 200 200 200 200 200 200 200 200 200 200 200 200 200 200 200 200 200 
#total survey biomass 
2731383 2784002 2139870 1460387 1270914 1767769 1600680 1570131 955009.4 1393440 883068 684878.9 724083.9 965328.3 629275.8 946456.6 774042 578671.2 512887.2 592573 425981.8 628366.4 485704.9 471058.6 478178.9 592548.7 674321.3 627430.8 619017.2 333387.3 376844 520476.8 635322.2 644317.7 559593.9 665303.2 546906.3 587521.6 646025.8 621847.1 527071.2 560296.7 587099.3 598208.8 776670.7 583561.8 624978.9 598412.2 
#survey CV 
0.2 0.2 0.2 0.2 0.2 0.2 0.2 0.2 0.2 0.2 0.2 0.2 0.2 0.2 0.2 0.2 0.2 0.2 0.2 0.2 0.2 0.2 0.2 0.2 0.2 0.2 0.2 0.2 0.2 0.2 0.2 0.2 0.2 0.2 0.2 0.2 0.2 0.2 0.2 0.2 0.2 0.2 0.2 0.2 0.2 0.2 0.2 0.2 
#total CPUE 
2880565 2418233 2468868 2409078 2141126 1338230 2611741 1540893 989428 1133310 1143538 573969.7 629046.7 738320.1 588429 454763.8 486254.5 448593.4 650320.1 598259.5 621790.6 545578.9 495610.3 433725.6 469942.5 733246.5 478903.2 547172 461109.8 475664.7 474017.1 691265.9 500728.7 681981.5 551896.7 799287.9 650624.6 957157.7 602299.4 763986.7 740469.1 506519 547189.5 775442.7 570343.6 745167.7 624164.2 516912.5 
#CPUE CV 
0.2 0.2 0.2 0.2 0.2 0.2 0.2 0.2 0.2 0.2 0.2 0.2 0.2 0.2 0.2 0.2 0.2 0.2 0.2 0.2 0.2 0.2 0.2 0.2 0.2 0.2 0.2 0.2 0.2 0.2 0.2 0.2 0.2 0.2 0.2 0.2 0.2 0.2 0.2 0.2 0.2 0.2 0.2 0.2 0.2 0.2 0.2 0.2 
#total catch biomass 
246534.2 274906.1 289726.6 277532.7 318756.1 272851.9 273477.5 257612.8 272081.8 222136.7 218779.5 225948.4 185131.6 176236.6 152711.8 146636.9 131002.2 124350.6 116989.4 110438.9 111145.2 106644.2 99297.85 107299.5 91855.66 98885.86 96342.56 94748.42 91963.26 95383.09 101829.1 90441.25 96039.37 113378 91137.93 102797.6 99904.54 114533.8 102332 105508.8 112090.5 111864.8 103527.2 114433 119518.1 101408.8 67489.49 80464.39 
#catch CV 
0.05 0.05 0.05 0.05 0.05 0.05 0.05 0.05 0.05 0.05 0.05 0.05 0.05 0.05 0.05 0.05 0.05 0.05 0.05 0.05 0.05 0.05 0.05 0.05 0.05 0.05 0.05 0.05 0.05 0.05 0.05 0.05 0.05 0.05 0.05 0.05 0.05 0.05 0.05 0.05 0.05 0.05 0.05 0.05 0.05 0.05 0.05 0.05 
#Length Bins 
2.752644 8.257932 13.76322 19.26851 24.7738 30.27908 35.78437 41.28966 46.79495 52.30024 57.80552 63.31081 68.8161 74.32139 79.82667 85.33196 90.83725 96.34254 101.8478 107.3531 112.8584 118.3637 123.869 129.3743 134.8796 
#catch length counts 
103.6162 168.8617 255.8121 365.7432 498.9386 652.8967 820.7059 991.7131 1154.342 1298.862 1418.704 1510.842 1575.947 1618.076 1643.508 1659.039 1670.172 1679.116 1682.403 1668.871 1620.206 1516.388 1345.747 1114.705 850.018 
126.9514 206.7456 312.9024 446.8146 608.6161 794.9944 997.2101 1201.934 1394.732 1563.493 1700.066 1800.736 1866.443 1902.455 1916.987 1919.123 1916.548 1913.045 1905.612 1882.099 1821.852 1701.981 1508.825 1249.027 952.128 
146.7936 239.0305 361.6714 516.2015 702.5378 916.4782 1147.446 1379.562 1595.799 1782.02 1928.846 2032.105 2093.003 2117.738 2115.99 2098.65 2075.353 2051.724 2026.146 1987.034 1913.332 1781.039 1575.314 1302.276 991.9237 
167.5844 272.7528 412.4223 588.133 799.5899 1041.747 1302.221 1562.514 1802.791 2006.577 2162.969 2267.212 2320.847 2331.165 2309.396 2268.154 2218.838 2168.868 2118.368 2057.223 1965.272 1818.673 1602.119 1320.966 1004.514 
187.2657 304.6611 460.3943 655.9926 890.8448 1158.948 1446.059 1731.143 1991.809 2209.589 2372.37 2474.929 2519.037 2512.832 2468.826 2401.109 2322.61 2242.368 2162.362 2074.594 1961.056 1799.586 1575.504 1293.43 980.7484 
200.543 326.0812 492.3856 700.8711 950.5983 1234.801 1537.857 1836.887 2107.652 2330.296 2491.979 2587.39 2618.731 2594.893 2529.236 2436.631 2330.763 2221.662 2112.927 1999.11 1865.543 1693.382 1469.899 1199.13 905.1883 
215.125 349.7942 528.1529 751.5975 1018.857 1322.235 1644.406 1960.266 2243.431 2472.504 2633.889 2722.236 2740.293 2697.91 2609.553 2491.096 2357.043 2218.278 2079.748 1938.284 1782.454 1596.875 1371.138 1109.123 831.974 
230.8139 374.9839 565.5564 803.7501 1087.936 1409.651 1750.146 2082.323 2377.683 2613.106 2773.982 2854.765 2858.785 2797.038 2685.339 2540.755 2378.684 2210.789 2043.14 1874.565 1696.666 1497.526 1269.263 1015.886 755.7552 
243.7573 395.9937 597.141 848.29 1147.329 1484.717 1839.949 2183.844 2486.146 2722.769 2878.941 2949.497 2938.455 2857.699 2724.025 2555.423 2368.042 2174.221 1980.99 1788.933 1592.439 1382.912 1154.991 912.8913 672.2346 
250.7894 407.2746 613.8528 871.4703 1177.718 1522.472 1884.235 2232.512 2535.708 2768.762 2916.569 2974.365 2947.172 2848.144 2695.207 2507.071 2300.212 2087.167 1875.518 1667.242 1459.177 1245.733 1023.841 797.8044 580.4781 
262.1666 425.6451 641.2951 909.9123 1228.68 1586.61 1960.786 2318.942 2627.86 2861.392 3004.005 3051.093 3008.364 2890.115 2715.678 2505.122 2275.964 2041.446 1809.824 1584.191 1363.233 1143.646 924.1174 708.9959 508.9172 
256.8001 416.8029 627.6944 890.0745 1200.934 1549.191 1912.029 2257.488 2552.787 2772.29 2901.027 2934.964 2880.293 2751.609 2568.334 2350.472 2115.416 1876.355 1641.778 1415.579 1197.951 987.4569 784.0658 591.7167 418.4944 
238.8475 387.8077 584.2845 828.8876 1118.771 1443.424 1781.259 2102.086 2374.95 2575.634 2689.999 2714.284 2654.477 2524.589 2343.246 2129.629 1900.422 1668.362 1441.895 1225.46 1020.386 826.5935 644.8369 478.417 333.0872 
227.2208 368.9636 555.9788 788.9245 1065.216 1375 1697.845 2004.985 2266.67 2459.286 2568.654 2590.523 2530.164 2400.833 2220.522 2008.008 1779.852 1548.935 1324.135 1110.636 910.7902 725.5585 556.2344 405.6309 277.8532 
216.2379 350.9507 528.5057 749.4368 1011.279 1304.798 1610.833 1902.354 2151.325 2335.356 2440.753 2462.979 2406.347 2282.747 2108.774 1902.135 1678.844 1451.779 1230.283 1020.375 825.4514 647.4493 488.1513 350.0048 235.8483 
207.9203 337.284 507.5953 719.2264 969.6906 1250.069 1542.019 1819.773 2056.734 2231.817 2332.253 2353.851 2300.574 2183.29 2017.165 1818.461 1602.093 1380.426 1162.937 956.337 765.0515 592.0294 439.6497 310.2289 205.7297 
194.5343 315.5264 474.7604 672.5315 906.4467 1168.088 1440.232 1698.745 1918.797 2080.825 2173.154 2192.189 2141.887 2032.471 1877.882 1692.818 1490.602 1282.317 1076.731 880.5282 698.6745 534.8969 392.1532 272.799 178.2407 
186.6249 302.5866 455.0862 644.3522 868.0866 1118.292 1378.582 1625.935 1836.585 1991.72 2080.053 2098.076 2049.617 1944.577 1796.411 1619.162 1425.374 1225.322 1027.134 837.2289 660.7628 501.9792 364.3656 250.4986 161.5652 
181.3094 293.8722 441.7923 625.2145 841.8477 1083.913 1335.553 1574.538 1777.968 1927.77 2013.116 2030.618 1983.89 1882.39 1739.044 1567.408 1379.592 1185.46 992.7569 807.646 635.2678 480.1039 345.988 235.722 150.4462 
173.4325 281.0066 422.2612 597.2625 803.7702 1034.343 1273.863 1501.161 1694.449 1836.571 1917.313 1933.563 1888.844 1792.172 1655.79 1492.489 1313.676 1128.64 944.6824 767.6548 602.5384 453.816 325.4264 220.2654 139.4617 
169.5551 274.7439 412.8831 584.0383 786.0011 1011.454 1245.566 1467.6 1656.256 1794.813 1873.363 1888.941 1845.047 1750.521 1617.321 1457.904 1283.334 1102.582 922.6919 749.3352 587.4224 441.4723 315.5306 212.5965 133.8283 
163.6741 265.1122 398.2223 563.0213 757.3847 974.3345 1199.696 1413.584 1595.496 1729.247 1805.176 1820.339 1778.087 1686.974 1558.584 1404.958 1236.757 1062.583 889.1556 721.8867 565.5066 424.4412 302.7147 203.3388 127.485 
156.2594 253.1669 380.3987 538.0032 723.9562 931.5602 1147.225 1351.93 1526.114 1654.38 1727.541 1742.742 1703.059 1616.514 1494.07 1347.214 1186.185 1019.274 852.9515 692.4179 542.2224 406.6536 289.6481 194.1775 121.4119 
155.1891 251.3652 377.5761 533.8607 718.2573 924.2376 1138.472 1342.208 1516.046 1644.597 1718.566 1734.954 1696.7 1611.685 1490.72 1345.148 1185.106 1018.851 852.885 692.468 542.2181 406.4965 289.3158 193.7169 120.9116 
152.1308 246.2954 369.7369 522.4109 702.3449 903.1631 1111.915 1310.415 1479.891 1605.488 1678.234 1695.183 1659.057 1577.33 1460.341 1319.009 1163.15 1000.804 838.3511 681.0037 533.3801 399.8653 284.5026 190.3638 118.6911 
150.1956 243.2064 365.1749 516.063 693.8913 892.2845 1098.35 1294.055 1460.884 1584.305 1655.678 1672.313 1637.02 1557.159 1442.78 1304.427 1151.553 991.9277 831.7737 676.2506 530.0025 397.4865 282.8359 189.2065 117.9054 
146.9688 237.9496 357.2304 504.7764 678.6855 872.7904 1074.554 1266.368 1430.057 1551.268 1621.412 1637.808 1603.29 1525.22 1413.573 1278.695 1129.738 974.1254 817.7672 665.6048 522.1745 391.9185 279.0147 186.69 116.3276 
141.3197 228.9067 343.8516 486.1919 654.1425 841.7679 1036.965 1222.737 1381.552 1499.546 1568.361 1585.274 1552.854 1478.091 1370.604 1240.467 1096.624 946.2939 795.1516 647.8915 508.8387 382.2983 272.3941 182.3692 113.673 
139.6538 226.2365 339.9098 480.7713 647.1525 833.3125 1027.411 1212.712 1371.83 1490.875 1561.317 1580.192 1549.826 1476.992 1371.139 1242.246 1099.252 949.4359 798.5431 651.3083 512.0659 385.1347 274.6893 184.0626 114.8036 
136.2801 220.6912 331.4342 468.5734 630.5025 811.723 1000.866 1181.816 1337.794 1455.327 1526.031 1546.81 1519.628 1450.763 1349.157 1224.385 1085.129 938.5578 790.4067 645.4437 508.0376 382.5303 273.1217 183.1906 114.3561 
135.8851 220.0748 330.5479 467.3721 628.9319 809.7157 998.3644 1178.837 1334.509 1452.128 1523.522 1545.698 1520.552 1454.107 1354.943 1232.26 1094.46 948.5741 800.3467 654.6626 516.0673 389.0989 278.149 186.7668 116.702 
132.8048 215.0831 323.0507 456.7872 614.7433 791.5765 976.2293 1153.043 1305.746 1421.341 1491.815 1514.284 1490.691 1426.996 1331.555 1213.186 1079.826 938.0689 793.342 650.3794 513.7265 388.0224 277.8072 186.7861 116.8486 
135.6257 219.6537 329.9214 466.5172 627.8733 808.5593 997.3216 1178.217 1334.673 1453.435 1526.299 1550.259 1527.231 1463.266 1366.891 1247.106 1111.947 967.9867 820.5634 674.3476 533.94 404.1873 289.9514 195.2828 122.3405 
139.3872 225.7036 338.9275 479.1188 644.6457 829.9296 1023.435 1208.835 1369.176 1490.929 1565.753 1590.633 1567.559 1502.724 1404.825 1283.029 1145.499 998.8649 848.4447 698.8554 554.6908 420.9139 302.64 204.247 128.1848 
138.4925 224.3066 336.922 476.4174 641.1578 825.5396 1018.006 1202.242 1361.364 1481.962 1555.852 1580.171 1557.03 1492.675 1395.79 1275.464 1139.733 995.0614 846.5719 698.6734 555.775 422.7308 304.6641 206.0744 129.5958 
139.1398 225.4628 338.8692 479.5224 645.843 832.2111 1026.954 1213.55 1374.851 1497.184 1572.16 1596.829 1573.364 1508.2 1410.264 1288.864 1152.165 1006.661 857.4097 708.6957 564.7993 430.5029 310.9606 210.8051 132.8549 
141.2153 228.7569 343.701 486.2006 654.6963 843.6047 1041.252 1231.02 1395.554 1520.876 1598.252 1624.429 1601.409 1535.638 1436.229 1312.779 1173.759 1025.898 874.3678 723.4532 577.3692 440.8446 319.0537 216.7396 136.8787 
140.2179 227.1602 341.3306 482.8748 650.2159 837.7616 1033.881 1222.093 1385.273 1509.716 1586.907 1613.649 1591.801 1527.521 1429.618 1307.494 1169.58 1022.673 872.0478 722.0312 576.7978 440.9772 319.6502 217.528 137.6329 
142.3825 230.6899 346.6806 490.5242 660.6391 851.355 1050.848 1242.342 1408.389 1535.03 1613.62 1640.989 1619.128 1554.348 1455.549 1332.133 1192.501 1043.466 890.3898 737.7409 589.8291 451.391 327.5971 223.252 141.4758 
143.6375 232.7784 349.9241 495.2828 667.2791 860.183 1062.026 1255.828 1423.929 1552.194 1631.863 1659.714 1637.775 1572.478 1472.878 1348.507 1207.811 1057.576 903.1184 748.894 599.2576 459.031 333.4856 227.5286 144.3711 
142.8008 231.4149 347.8664 492.3734 663.4009 855.3033 1056.24 1249.363 1417.096 1545.31 1625.183 1653.415 1631.965 1567.233 1468.272 1344.628 1204.75 1055.398 901.8159 748.3706 599.3415 459.5128 334.1597 228.2242 144.9718 
143.6089 232.7816 350.0279 495.6027 667.9784 861.4645 1064.118 1258.964 1428.321 1557.986 1639.085 1668.25 1647.36 1582.748 1483.459 1359.089 1218.192 1067.634 912.7371 757.9032 607.4213 466.0946 339.2521 231.9235 147.468 
143.8704 233.1512 350.4877 496.1176 668.5286 862.0868 1064.928 1260.135 1430.028 1560.348 1642.139 1671.97 1651.686 1587.603 1488.728 1364.618 1223.791 1073.108 917.9178 762.6536 611.6297 469.6687 342.1296 234.0925 148.981 
146.5847 237.5474 357.0848 505.4201 680.9783 877.9752 1084.291 1282.705 1455.289 1587.658 1670.829 1701.38 1681.172 1616.545 1516.564 1390.86 1248.035 1095.025 937.2474 779.2127 625.3261 480.5232 350.2964 239.8674 152.7799 
145.5144 235.8044 354.4481 501.6594 675.8662 871.3151 1075.956 1272.667 1443.624 1574.542 1656.553 1686.37 1665.984 1601.799 1502.849 1378.635 1237.578 1086.433 930.4695 774.0958 621.6533 478.0424 348.7416 238.9792 152.328 
145.1725 235.3309 353.889 501.1115 675.4538 871.151 1076.108 1273.142 1444.372 1575.47 1657.531 1687.253 1666.65 1602.202 1503.045 1378.776 1237.853 1086.995 931.38 775.3112 623.0498 479.4607 350.0327 240.0394 153.1141 
88.15715 143.1411 215.7197 306.2614 414.0166 535.5912 663.618 787.4864 896.0007 979.9895 1033.533 1054.204 1043 1003.862 942.5266 865.0999 777.007 682.5689 585.0962 487.3012 391.8392 301.7409 220.4465 151.2844 96.56915 
93.47438 151.9156 229.2603 326.1276 442.0566 573.8699 714.1833 852.0175 975.4227 1074.124 1140.867 1171.888 1167.136 1130.007 1066.269 982.5502 885.1014 779.161 668.8863 557.6971 448.8443 345.9156 252.9138 173.6955 110.9554 
#survey length counts 
1956.335 3203.755 4871.816 6965.458 9434.901 12136.62 14825.2 17216.78 19095.35 20381.92 21123.06 21430.84 21430.9 21239.84 20959.62 20673.68 20438.46 20267.33 20105.72 19808.46 19146.54 17871.8 15835.93 13105.55 9988.637 
1931.672 3164.288 4813.186 6882.884 9322.486 11986.67 14628 16960.9 18768.17 19970.19 20613.12 20808.61 20681.56 20347.93 19909.98 19453.73 19041.97 18699.33 18388.48 17987.51 17294.39 16084.72 14219.78 11751.81 8949.655 
1901.718 3115.028 4737.765 6773.877 9172.299 11788.32 14375.8 16650.14 18393.48 19523.56 20083.09 20181.02 19941.11 19479.22 18897.86 18283.68 17702.21 17185.9 16713.36 16188.25 15440.68 14276.1 12569.77 10360.86 7877.429 
1865.978 3056.579 4648.793 6645.862 8996.243 11555.49 14078.88 16283.91 17954.42 19008.44 19487.49 19498.37 19162.25 18592.54 17889.69 17139.14 16407.06 15730.99 15102.84 14450.55 13637.69 12503.09 10940.37 8978.869 6807.029 
1828.005 2993.705 4551.709 6504.207 8799.272 11293.48 13744.74 15873.82 17466.82 18442.27 18840.88 18768.3 18344.68 17681.97 16878.38 16016.49 15160.46 14349.69 13585.86 12818.09 11941.62 10828.98 9394.526 7661.477 5782.324 
1781.196 2918.261 4439.018 6345.664 8586.442 11018.73 13402.35 15460.7 16982.07 17885.83 18212.38 18066.51 17567.44 16826.12 15939.2 14986.96 14031.34 13111.81 12236.57 11371.49 10439.1 9342.66 8017.197 6482.931 4861.987 
1735.291 2841.78 4320.246 6171.847 8345.349 10701.28 13005.2 14986.68 16437.71 17277.52 17543.64 17337.78 16777.27 15972.4 15019.3 13997.04 12965.79 11964.54 11005.71 10067.98 9096.147 8019.939 6793.23 5435.144 4042.537 
1681.019 2754.01 4188.542 5985.516 8093.693 10374.6 12596.61 14493.74 15862.75 16626.51 16824.47 16558.39 15944.23 15089.96 14089.14 13018.43 11935.99 10880.13 9866.333 8883.046 7892.71 6846.588 5714.42 4514.864 3323.892 
1622.353 2657.845 4042.089 5775.618 7808.26 10005.04 12140.31 13954.62 15248.84 15946.37 16084.87 15764.55 15101.24 14203.59 13165.22 12061.45 10948.11 9861.76 8819.189 7815.764 6827.339 5821.906 4781.588 3724.411 2709.197 
1558.947 2554.567 3885.969 5553.578 7508.359 9618.798 11665.46 13396.33 14618.12 15256.39 15347.55 14988.85 14293.25 13367.57 12304.74 11179.9 10048.6 8947.145 7893.495 6887.835 5915.549 4956.736 4002.371 3069.345 2202.602 
1494.024 2447.746 3722.521 5318.087 7186.464 9200.29 11147.69 12785.58 13927.61 14502.24 14545.26 14151.78 13432.43 12491.98 11421.43 10294.26 9164.725 8068.621 7024.969 6037.706 5099.164 4197.935 3330.732 2512.472 1776.462 
1428.178 2340.405 3560.183 5087.319 6875.49 8801.742 10661.66 12220.79 13299.27 13827.75 13840.39 13428.83 12700.24 11756.65 10687.22 9564.24 8441.373 7354.52 6324.022 5357.055 4451.243 3601.154 2807.055 2081.587 1448.823 
1365.84 2238.367 3405.287 4866.76 6579.053 8425.282 10210.48 11710.22 12751.04 13263.95 13278.25 12878.58 12165.69 11237.09 10179.46 9064.411 7946.272 6862.673 5836.641 4879.149 3992.616 3176.325 2433.021 1773.348 1214.337 
1312.421 2149.557 3267.864 4666.857 6304.494 8069.454 9776.317 11211.64 12210.4 12706.64 12727.31 12351.09 11671.34 10778.3 9752.859 8663.134 7562.519 6489.964 5471.576 4522.694 3650.745 2859.528 2154.099 1543.652 1039.826 
1268.046 2075.766 3153.555 4500.118 6074.28 7768.542 9404.584 10777.73 11730.55 12201.47 12218.21 11857.28 11207.7 10353.82 9370.015 8318.574 7248.94 6198.723 5195.424 4258.03 3398.893 2626.527 1948.766 1374.332 911.071 
1229.601 2012.16 3055.607 4358.101 5879.2 7514.37 9090.741 10410.27 11321.19 11765.14 11770.73 11413.94 10782.22 9957.362 9009.986 7997.689 6965.182 5946.453 4967.554 4048.653 3205.452 2450.599 1795.01 1247.971 815.0961 
1199.154 1961.404 2976.828 4243.155 5720.898 7308.73 8839.206 10120.34 11004.75 11435.39 11439.61 11091 10474.83 9671.2 8749.253 7764.852 6760.422 5767.398 4809.812 3907.312 3077.003 2334.296 1692.838 1163.138 749.9138 
1174.596 1920.511 2913.38 4150.461 5592.761 7141.139 8632.196 9878.919 10738.15 11155.1 11157.19 10816.45 10215.7 9432.384 8533.41 7572.982 6592.277 5621.539 4683.632 3797.476 2980.442 2249.304 1619.503 1102.728 703.5348 
1156.191 1889.453 2864.443 4077.814 5490.824 7006.069 8463.453 9679.964 10515.79 10918.01 10914.43 10576.53 9985.993 9218.686 8339.595 7400.99 6442.371 5492.678 4573.821 3704.162 2901.061 2181.926 1563.221 1057.452 669.2749 
1139.958 1862.99 2824.416 4020.893 5414.077 6907.665 8343.506 9540.978 10362.34 10755.83 10749.45 10414.2 9830.931 9074.52 8208.891 7285.233 6341.984 5407.095 4501.662 3643.536 2850.009 2138.888 1527.334 1028.479 647.1764 
1128.979 1844.063 2793.92 3974.749 5348.549 6820.64 8235.654 9415.994 10225.96 10614.19 10607.86 10276.68 9700.409 8953.192 8098.422 7186.791 6256.173 5333.867 4440.3 3592.774 2808.309 2104.809 1499.808 1006.86 631.0197 
1119.397 1828.569 2770.699 3942.002 5304.63 6764.371 8166.837 9335.874 10137.35 10521.17 10515 10188.2 9619.376 8881.176 8035.714 7132.92 6210.402 5295.435 4408.414 3566.54 2786.758 2087.046 1485.197 995.0811 621.9493 
1113.927 1819.089 2755.397 3918.972 5272.463 6722.984 8118.111 9283.538 10086 10474.91 10476.59 10158.89 9599.286 8869.692 8031.646 7134.608 6215.917 5302.876 4416.162 3573.379 2791.894 2090.108 1486.247 994.5645 620.5374 
1114.2 1818.481 2752.488 3911.652 5258.288 6699.853 8085.012 9241.079 10036.52 10422.18 10425.06 10112.77 9561.713 8842.171 8014.126 7125.87 6214.058 5305.722 4421.587 3579.553 2797.455 2094.247 1488.702 995.5254 620.4703 
1115.092 1820.178 2755.448 3916.316 5264.794 6707.685 8092.812 9246.881 10038.46 10419.36 10418.15 10103.97 9554.033 8838.516 8016.427 7134.651 6228.478 5323.968 4441.412 3598.773 2814.327 2107.701 1498.407 1001.795 624.0386 
1118.546 1825.346 2762.44 3925.073 5275.279 6720.1 8107.636 9264.592 10059.08 10442.11 10441.6 10126.58 9574.955 8858.012 8035.689 7155.115 6251.052 5348.553 4466.905 3623.458 2836.435 2125.906 1512.115 1011.176 629.8308 
1120.913 1829.733 2770.044 3937.362 5293.709 6745.678 8140.573 9304.325 10104.64 10492.57 10496.11 10184.14 9634.124 8917.017 8092.88 7209.426 6302.07 5396.171 4510.836 3662.977 2870.516 2153.636 1533.123 1025.838 639.1758 
1123.891 1834.69 2777.825 3949.12 5311.05 6770.725 8175.809 9352.148 10166.73 10569.27 10586.2 10285.02 9742.262 9028.487 8203.751 7316.117 6401.672 5486.616 4590.815 3731.692 2927.485 2198.733 1566.794 1049.263 654.2002 
1131.944 1846.891 2794.58 3970.359 5336.501 6800.329 8210.053 9392.189 10214.3 10626.38 10654.58 10365.46 9834.086 9129.382 8310.1 7423.614 6506.008 5584.025 4678.391 3807.467 2990.374 2248.473 1603.943 1075.189 670.931 
1141.499 1862.609 2818.563 4004.65 5382.672 6858.902 8280.052 9471.319 10299.9 10716.67 10749.36 10465.84 9941.46 9244.239 8431.265 7548.146 6629.676 5702.11 4786.492 3902.11 3069.357 2310.987 1650.548 1107.647 691.8584 
1152.767 1880.713 2845.464 4042.174 5432.361 6921.708 8355.894 9558.783 10396.38 10818.97 10854.55 10571.98 10047.99 9351.732 8540.611 7659.511 6741.75 5811.996 4890.243 3995.632 3149.305 2375.418 1699.192 1141.815 714.0245 
1165.154 1901.014 2876.365 4086.414 5492.398 6999.147 8450.882 9669.788 10520.6 10953.06 10995.21 10716.22 10193.18 9495.774 8682.068 7797.477 6875.337 5939.681 5009.519 4103.228 3241.948 2450.771 1756.569 1182.385 740.4667 
1178.415 1922.405 2908.274 4131.024 5551.393 7073.234 8539.274 9770.072 10629.25 11066.38 11110.17 10830.77 10306.15 9606.564 8790.37 7903.077 6977.918 6038.545 5103.267 4189.648 3318.328 2514.623 1806.466 1218.476 764.434 
1189.773 1941.284 2937.438 4173.272 5608.96 7146.89 8627.493 9868.928 10733.33 11170.28 11209.78 10923.8 10392.02 9685.947 8864.62 7973.706 7046.157 6105.003 5167.684 4250.809 3374.237 2563.029 1845.595 1247.667 784.3485 
1196.898 1953.852 2958.251 4205.753 5656.67 7212.626 8712.296 9971.496 10850.12 11296.21 11339.12 11051.14 10513.09 9798.123 8967.011 8066.795 7131.156 6183.165 5239.74 4316.641 3432.893 2613.103 1885.875 1277.761 804.9904 
1206.052 1968.215 2979.006 4233.941 5693.395 7259.238 8770.316 10042.23 10934.09 11392.59 11445.5 11163.67 10627.1 9909.016 9071.154 8162.032 7216.855 6259.794 5308.176 4377.507 3486.186 2658.261 1922.224 1305.089 823.9168 
1215.252 1983.302 3001.914 4266.463 5736.747 7313.485 8833.985 10112.58 11008.15 11468.39 11522.53 11242.4 10707.81 9990.948 9152.344 8239.945 7289.244 6325.294 5366.372 4428.552 3530.281 2695.359 1952.106 1327.717 839.7664 
1223.688 1997.334 3023.668 4298.247 5780.748 7371.211 8905.613 10196.58 11101.5 11567.28 11623.35 11342.5 10805.82 10086.44 9245.134 8329.375 7373.945 6403.524 5436.573 4489.722 3581.994 2737.589 1985.108 1352.08 856.5159 
1229.093 2006.68 3038.797 4321.297 5813.807 7415.722 8961.792 10263.2 11176.17 11647.08 11705.33 11424.05 10884.96 10161.99 9316.717 8397.121 7437.975 6463.525 5491.734 4538.982 3624.409 2772.579 2012.562 1372.371 870.4872 
1234.645 2015.584 3052.02 4339.798 5838.54 7447.576 9001.39 10310.66 11230.9 11707.76 11770.04 11490.55 10951.04 10225.85 9377.193 8453.693 7490.606 6512.32 5536.595 4579.461 3659.802 2802.203 2036.041 1389.818 882.5249 
1238.201 2021.923 3062.607 4356.387 5862.856 7480.815 9043.791 10361.45 11288.71 11771.15 11837.79 11561.54 11023.94 10299 9448.726 8521.907 7554.222 6570.556 5589.008 4625.703 3699.483 2834.946 2061.696 1408.676 895.3888 
1243.667 2030.328 3074.418 4371.873 5882.256 7504.526 9072.394 10395.5 11328.44 11816.21 11887.29 11614.32 11078.86 10355 9504.831 8577.024 7607.165 6620.173 5634.329 4665.981 3734.158 2863.626 2084.238 1425.309 906.7762 
1249.263 2039.568 3088.563 4392.12 5909.439 7538.709 9112.593 10439.85 11374.87 11863.25 11934.47 11661.9 11127.27 10404.39 9554.85 8626.954 7656.027 6666.852 5677.68 4704.95 3767.883 2891.531 2106.117 1441.398 917.7561 
1255.052 2048.847 3102.286 4411.093 5934.183 7569.222 9148.075 10478.58 11414.41 11901.01 11968.37 11690.96 11151.76 10425.6 9574.499 8646.53 7676.379 6688.075 5699.256 4725.989 3787.377 2908.573 2120.074 1452.023 925.2127 
1258.154 2054.6 3112.273 4427.275 5958.518 7603.051 9191.528 10530.39 11472.2 11961.89 12029.48 11749.78 11206.4 10475.01 9618.557 8685.92 7712.153 6721.148 5730.041 4754.312 3812.647 2930.086 2137.324 1464.909 934.0978 
1259.595 2057.203 3116.741 4434.614 5970.06 7620.368 9216.207 10563.66 11514.51 12012.55 12086.58 11810.53 11267.67 10533.96 9673.155 8735.096 7755.764 6759.667 5764.119 4784.386 3838.768 2952.014 2154.801 1477.935 943.0679 
1259.595 2057.203 3116.741 4434.614 5970.06 7620.368 9216.207 10563.66 11514.51 12012.55 12086.58 11810.53 11267.67 10533.96 9673.155 8735.096 7755.764 6759.667 5764.119 4784.386 3838.768 2952.014 2154.801 1477.935 943.0679 
1265.814 2069.441 3139.709 4475.734 6040.095 7733.54 9389.381 10814.24 11856.99 12454.47 12625.28 12432.08 11948.65 11245.23 10384.4 9418.897 8390.267 7329.524 6260.042 5202.029 4177.712 3215.289 2348.797 1612.207 1029.497 
