# Number of parameters = 131 Objective function value = 59693.0  Maximum gradient component = 0.00170465
# srv_sel50:
1.69274777475
# srv_sel95:
3.05825353561
# stNatLen:
 11.8299331163 11.6181339853 11.3135177875 11.0510281136 10.8332598417 10.6256508440 10.4013025527 10.1528019927 9.88745381731 9.61773655112 9.35481229235 9.10630888314 8.87652346778 8.66735395503 8.47922289575 8.31173053321 8.16409267139 8.03538028250 7.92466660150 7.83114187636 7.75414192556 7.69315080861 7.64781973925 7.61785422732 7.60292709132
# log_avg_fmort_dir:
-1.51267823920
# fmort_dir_dev:
 -0.864064629619 -0.734664546207 -0.637944864882 -0.457125146319 -0.296607486312 -0.143817523616 0.0109340482219 0.124123335368 0.189704896055 0.212370968232 0.233948695059 0.336867311713 0.330140883334 0.344671320622 0.203039366293 0.294214315904 0.260247617996 0.112999156967 0.215737367332 0.214632784175 0.196801937375 0.0714025072206 0.189546189068 -0.00369855411954 0.125379089612 0.0220163271537 -0.0607247440417 0.0328843171928 0.0118560179764 -0.0663606649623 0.0348272462577 0.00841220272999 -0.0110011771264 -0.0621864442929 -0.0195427637625 -0.115674588912 0.107348710423 -0.0143716074222 -0.00499524704468 -0.0491162476657 0.0624860712406 -0.0631092797496 0.0405796190800 0.00849261266331 0.124391329612 0.0534783647981 -0.363811653618 -0.151644331882 -0.119369212896 0.0662961047769
# mean_log_rec:
11.3318195132
# rec_dev:
 0.549129729327 0.518637934758 0.499086182494 0.475407109240 0.441529691255 0.397927154398 0.362562168276 0.327090940353 0.283198641577 0.250130182511 0.207709014930 0.163436501580 0.104398914285 0.0594214862543 0.0158551735720 -0.0165059541276 -0.0158390272786 -0.0330336682310 -0.0645455242120 -0.0871317322129 -0.117662094328 -0.136646459266 -0.161384559600 -0.180435820664 -0.195963865132 -0.218490735016 -0.245009642162 -0.260269990429 -0.305358012855 -0.328816094980 -0.262952142649 -0.193961352903 -0.183584191417 -0.189544917523 -0.193911647973 -0.183959087036 -0.171421354941 -0.171304121034 -0.163294645634 -0.151341417657 -0.146645640160 -0.133851415994 -0.110264901759 -0.0869652921902 -0.0693290612476 -0.0430585355424 0.00183258389418 0.0583010464345 0.0534142438059 0.0534142072076
# log_avg_NatM:
-1.47890400000
# m_dev:
 0.00000000000 0.00000000000 0.00000000000 0.00000000000 0.00000000000 0.00000000000 0.00000000000 0.00000000000 0.00000000000 0.00000000000 0.00000000000 0.00000000000 0.00000000000 0.00000000000 0.00000000000 0.00000000000 0.00000000000 0.00000000000 0.00000000000 0.00000000000 0.00000000000 0.00000000000 0.00000000000 0.00000000000 0.00000000000 0.00000000000 0.00000000000 0.00000000000 0.00000000000 0.00000000000 0.00000000000 0.00000000000 0.00000000000 0.00000000000 0.00000000000 0.00000000000 0.00000000000 0.00000000000 0.00000000000 0.00000000000 0.00000000000 0.00000000000 0.00000000000 0.00000000000 0.00000000000 0.00000000000 0.00000000000 0.00000000000 0.00000000000 0.00000000000
# log_avg_GrowthK:
-1.60943800000
# log_avg_Linf:
4.88280200000
# GrowthK_dev:
 0.00000000000 0.00000000000 0.00000000000 0.00000000000 0.00000000000 0.00000000000 0.00000000000 0.00000000000 0.00000000000 0.00000000000 0.00000000000 0.00000000000 0.00000000000 0.00000000000 0.00000000000 0.00000000000 0.00000000000 0.00000000000 0.00000000000 0.00000000000 0.00000000000 0.00000000000 0.00000000000 0.00000000000 0.00000000000 0.00000000000 0.00000000000 0.00000000000 0.00000000000 0.00000000000 0.00000000000 0.00000000000 0.00000000000 0.00000000000 0.00000000000 0.00000000000 0.00000000000 0.00000000000 0.00000000000 0.00000000000 0.00000000000 0.00000000000 0.00000000000 0.00000000000 0.00000000000 0.00000000000 0.00000000000 0.00000000000 0.00000000000 0.00000000000
# Linf_dev:
 0.00000000000 0.00000000000 0.00000000000 0.00000000000 0.00000000000 0.00000000000 0.00000000000 0.00000000000 0.00000000000 0.00000000000 0.00000000000 0.00000000000 0.00000000000 0.00000000000 0.00000000000 0.00000000000 0.00000000000 0.00000000000 0.00000000000 0.00000000000 0.00000000000 0.00000000000 0.00000000000 0.00000000000 0.00000000000 0.00000000000 0.00000000000 0.00000000000 0.00000000000 0.00000000000 0.00000000000 0.00000000000 0.00000000000 0.00000000000 0.00000000000 0.00000000000 0.00000000000 0.00000000000 0.00000000000 0.00000000000 0.00000000000 0.00000000000 0.00000000000 0.00000000000 0.00000000000 0.00000000000 0.00000000000 0.00000000000 0.00000000000 0.00000000000
# SelPars50:
2.25787867152
# SelPars95:
4.10051281023
# SelPars_dev50:
 0.00000000000 0.00000000000 0.00000000000 0.00000000000 0.00000000000 0.00000000000 0.00000000000 0.00000000000 0.00000000000 0.00000000000 0.00000000000 0.00000000000 0.00000000000 0.00000000000 0.00000000000 0.00000000000 0.00000000000 0.00000000000 0.00000000000 0.00000000000 0.00000000000 0.00000000000 0.00000000000 0.00000000000 0.00000000000 0.00000000000 0.00000000000 0.00000000000 0.00000000000 0.00000000000 0.00000000000 0.00000000000 0.00000000000 0.00000000000 0.00000000000 0.00000000000 0.00000000000 0.00000000000 0.00000000000 0.00000000000 0.00000000000 0.00000000000 0.00000000000 0.00000000000 0.00000000000 0.00000000000 0.00000000000 0.00000000000 0.00000000000 0.00000000000
# SelPars_dev95:
 0.00000000000 0.00000000000 0.00000000000 0.00000000000 0.00000000000 0.00000000000 0.00000000000 0.00000000000 0.00000000000 0.00000000000 0.00000000000 0.00000000000 0.00000000000 0.00000000000 0.00000000000 0.00000000000 0.00000000000 0.00000000000 0.00000000000 0.00000000000 0.00000000000 0.00000000000 0.00000000000 0.00000000000 0.00000000000 0.00000000000 0.00000000000 0.00000000000 0.00000000000 0.00000000000 0.00000000000 0.00000000000 0.00000000000 0.00000000000 0.00000000000 0.00000000000 0.00000000000 0.00000000000 0.00000000000 0.00000000000 0.00000000000 0.00000000000 0.00000000000 0.00000000000 0.00000000000 0.00000000000 0.00000000000 0.00000000000 0.00000000000 0.00000000000
