# Number of parameters = 161 Objective function value = 77948.1  Maximum gradient component = 0.000365531
# srv_sel50:
1.64627847960
# srv_sel95:
2.91470578647
# stNatLen:
 11.8758588493 11.6946330569 11.4345208586 11.2123878215 11.0293311330 10.8498179611 10.6459874626 10.4106060133 10.1523673968 9.88559485558 9.62306356354 9.37354790567 9.14207125091 8.93095926612 8.74087817312 8.57154901974 8.42224227902 8.29209749857 8.18024720498 8.08589979513 8.00839481691 7.94717324374 7.90172496672 7.87169305518 7.85682217620
# log_avg_fmort_dir:
-1.59801727832
# fmort_dir_dev:
 -2.00275595206 -2.03405366903 -1.52988655959 -1.17671557872 -0.896706081445 -0.596205185874 -0.461524600338 -0.329155790471 -0.182850487075 0.0905288791283 0.0356560770237 0.125646779619 0.316690588354 0.272046432288 0.499043379552 0.406534010883 0.338315959416 0.390062436414 0.358803450382 0.348799333191 0.367088006386 0.244647481083 0.278995809992 0.307998696748 0.212738234016 0.138228280249 0.202868210189 0.133931425666 0.0890165897708 0.0332941040914 0.152316354454 0.0728747429286 0.137836774817 0.137888037704 0.0786090367575 0.0669782465611 0.130177989626 0.0413743643967 0.0916993780332 0.153597873585 0.120398085519 0.0769816752318 0.0639207892590 0.170241223441 0.0120542418650 -0.0537127459053 0.104094354021 0.0632341742514 0.105361517612 0.0954487013152 0.00550256454587 0.00235170204720 0.0702159232359 0.180452972940 0.275083970634 0.165320654161 0.390547943499 0.0762904174049 -0.214426402206 0.150493757620 0.366875572715 0.308557217098 0.171871521899 0.152409300613 0.0959978084804
# mean_log_rec:
11.3387438883
# rec_dev:
 0.591201415869 0.566538066103 0.566227050895 0.560894842866 0.542894971423 0.521819734882 0.503044595940 0.475851176885 0.448973724419 0.430479436001 0.405113999915 0.373867326484 0.333349898934 0.286743483015 0.239927096726 0.182691825837 0.122362312134 0.0737435316210 0.0459540620674 0.000701246950394 -0.0307354491203 -0.0605494154531 -0.0858778219730 -0.106648301818 -0.109413443859 -0.0888231469234 -0.0973985581152 -0.121886720751 -0.154330245807 -0.180216932052 -0.200550590561 -0.250553924608 -0.314293670099 -0.344140471841 -0.262208863777 -0.174044051479 -0.171741356970 -0.209844754652 -0.230200336180 -0.245736333944 -0.243574027741 -0.235887419505 -0.216484786282 -0.203041906516 -0.183863680665 -0.166074710249 -0.160352989342 -0.143548420842 -0.130338765687 -0.123753934982 -0.135570822041 -0.146848748901 -0.141307910380 -0.137808020385 -0.130139927926 -0.127335395718 -0.151201987148 -0.181618448692 -0.173934761920 -0.144909816093 -0.141041022625 -0.127414560591 -0.0896873662910 -0.0987229860388 -0.0987229924256
# log_avg_NatM:
-1.47890400000
# m_dev:
 0.00000000000 0.00000000000 0.00000000000 0.00000000000 0.00000000000 0.00000000000 0.00000000000 0.00000000000 0.00000000000 0.00000000000 0.00000000000 0.00000000000 0.00000000000 0.00000000000 0.00000000000 0.00000000000 0.00000000000 0.00000000000 0.00000000000 0.00000000000 0.00000000000 0.00000000000 0.00000000000 0.00000000000 0.00000000000 0.00000000000 0.00000000000 0.00000000000 0.00000000000 0.00000000000 0.00000000000 0.00000000000 0.00000000000 0.00000000000 0.00000000000 0.00000000000 0.00000000000 0.00000000000 0.00000000000 0.00000000000 0.00000000000 0.00000000000 0.00000000000 0.00000000000 0.00000000000 0.00000000000 0.00000000000 0.00000000000 0.00000000000 0.00000000000 0.00000000000 0.00000000000 0.00000000000 0.00000000000 0.00000000000 0.00000000000 0.00000000000 0.00000000000 0.00000000000 0.00000000000 0.00000000000 0.00000000000 0.00000000000 0.00000000000 0.00000000000
# log_avg_GrowthK:
-1.60943800000
# log_avg_Linf:
4.88280200000
# GrowthK_dev:
 0.00000000000 0.00000000000 0.00000000000 0.00000000000 0.00000000000 0.00000000000 0.00000000000 0.00000000000 0.00000000000 0.00000000000 0.00000000000 0.00000000000 0.00000000000 0.00000000000 0.00000000000 0.00000000000 0.00000000000 0.00000000000 0.00000000000 0.00000000000 0.00000000000 0.00000000000 0.00000000000 0.00000000000 0.00000000000 0.00000000000 0.00000000000 0.00000000000 0.00000000000 0.00000000000 0.00000000000 0.00000000000 0.00000000000 0.00000000000 0.00000000000 0.00000000000 0.00000000000 0.00000000000 0.00000000000 0.00000000000 0.00000000000 0.00000000000 0.00000000000 0.00000000000 0.00000000000 0.00000000000 0.00000000000 0.00000000000 0.00000000000 0.00000000000 0.00000000000 0.00000000000 0.00000000000 0.00000000000 0.00000000000 0.00000000000 0.00000000000 0.00000000000 0.00000000000 0.00000000000 0.00000000000 0.00000000000 0.00000000000 0.00000000000 0.00000000000
# Linf_dev:
 0.00000000000 0.00000000000 0.00000000000 0.00000000000 0.00000000000 0.00000000000 0.00000000000 0.00000000000 0.00000000000 0.00000000000 0.00000000000 0.00000000000 0.00000000000 0.00000000000 0.00000000000 0.00000000000 0.00000000000 0.00000000000 0.00000000000 0.00000000000 0.00000000000 0.00000000000 0.00000000000 0.00000000000 0.00000000000 0.00000000000 0.00000000000 0.00000000000 0.00000000000 0.00000000000 0.00000000000 0.00000000000 0.00000000000 0.00000000000 0.00000000000 0.00000000000 0.00000000000 0.00000000000 0.00000000000 0.00000000000 0.00000000000 0.00000000000 0.00000000000 0.00000000000 0.00000000000 0.00000000000 0.00000000000 0.00000000000 0.00000000000 0.00000000000 0.00000000000 0.00000000000 0.00000000000 0.00000000000 0.00000000000 0.00000000000 0.00000000000 0.00000000000 0.00000000000 0.00000000000 0.00000000000 0.00000000000 0.00000000000 0.00000000000 0.00000000000
# SelPars50:
2.26217055311
# SelPars95:
4.14885353470
# SelPars_dev50:
 0.00000000000 0.00000000000 0.00000000000 0.00000000000 0.00000000000 0.00000000000 0.00000000000 0.00000000000 0.00000000000 0.00000000000 0.00000000000 0.00000000000 0.00000000000 0.00000000000 0.00000000000 0.00000000000 0.00000000000 0.00000000000 0.00000000000 0.00000000000 0.00000000000 0.00000000000 0.00000000000 0.00000000000 0.00000000000 0.00000000000 0.00000000000 0.00000000000 0.00000000000 0.00000000000 0.00000000000 0.00000000000 0.00000000000 0.00000000000 0.00000000000 0.00000000000 0.00000000000 0.00000000000 0.00000000000 0.00000000000 0.00000000000 0.00000000000 0.00000000000 0.00000000000 0.00000000000 0.00000000000 0.00000000000 0.00000000000 0.00000000000 0.00000000000 0.00000000000 0.00000000000 0.00000000000 0.00000000000 0.00000000000 0.00000000000 0.00000000000 0.00000000000 0.00000000000 0.00000000000 0.00000000000 0.00000000000 0.00000000000 0.00000000000 0.00000000000
# SelPars_dev95:
 0.00000000000 0.00000000000 0.00000000000 0.00000000000 0.00000000000 0.00000000000 0.00000000000 0.00000000000 0.00000000000 0.00000000000 0.00000000000 0.00000000000 0.00000000000 0.00000000000 0.00000000000 0.00000000000 0.00000000000 0.00000000000 0.00000000000 0.00000000000 0.00000000000 0.00000000000 0.00000000000 0.00000000000 0.00000000000 0.00000000000 0.00000000000 0.00000000000 0.00000000000 0.00000000000 0.00000000000 0.00000000000 0.00000000000 0.00000000000 0.00000000000 0.00000000000 0.00000000000 0.00000000000 0.00000000000 0.00000000000 0.00000000000 0.00000000000 0.00000000000 0.00000000000 0.00000000000 0.00000000000 0.00000000000 0.00000000000 0.00000000000 0.00000000000 0.00000000000 0.00000000000 0.00000000000 0.00000000000 0.00000000000 0.00000000000 0.00000000000 0.00000000000 0.00000000000 0.00000000000 0.00000000000 0.00000000000 0.00000000000 0.00000000000 0.00000000000
