# Number of parameters = 209 Objective function value = 70530.5  Maximum gradient component = 0.00478324
# srv_sel50:
1.46552881434
# srv_sel95:
2.41730139673
# stNatLen:
 11.6243660477 11.4676992584 11.2510546947 11.0313337649 10.8097752835 10.5760801087 10.3290407753 10.0764265087 9.82814190481 9.59187826962 9.37218246864 9.17109601193 8.98907082908 8.82567730722 8.68006001411 8.55120934746 8.43812502885 8.33986900928 8.25559746852 8.18458732599 8.12624382450 8.08009815912 8.04581442284 8.02314248218 8.01193570376
# log_avg_fmort_dir:
-1.49406060881
# fmort_dir_dev:
 -0.296770300026 -0.551863280718 -0.472298487379 -0.229146240159 -0.113233189689 -0.0437584659121 0.0369926675022 0.193648752309 0.184851100324 0.336049128939 0.455196406392 0.361602345947 0.271856822198 0.427818260495 0.308500853226 0.234892600878 0.234922128858 0.240570561255 0.277598173509 0.0670763081629 0.261378543013 0.231572720281 0.270034708657 0.168309887267 0.0688354853915 0.193954492937 0.0445886246447 0.0243717361854 -0.122820787239 -0.175967916708 -0.0614020532515 -0.00715572237141 0.0611741955567 0.0349415835965 -0.0286801847012 -0.162727187169 -0.134693287725 -0.0971968322758 -0.104619215654 -0.105299940081 -0.0930274536037 -0.144618540512 -0.0892877796144 -0.0501906041464 -0.0658240187502 -0.0906313359378 0.0820482869219 -0.129997550193 -0.0689769431139 -0.0974619898497 -0.119276038565 -0.412460013894 0.000311997531049 0.00216176671838 -0.226485112471 -0.190377326773 0.0664580562393 -0.0471151847697 -0.608355211683
# mean_log_rec:
11.0704799849
# rec_dev:
 0.298626606539 0.236716466718 0.216955554877 0.218592770677 0.218659202439 0.204319360894 0.166961678583 0.136846187224 0.103348558818 0.0657742875065 0.0371117884231 0.00542305075612 -0.0369318055432 -0.0760361416157 -0.112011955529 -0.137014337585 -0.164963517081 -0.186417192749 -0.200037895823 -0.215761169315 -0.234777338337 -0.250871857162 -0.268192945265 -0.243593587461 -0.230335507385 -0.202848172527 -0.145478812005 -0.0809716963760 -0.0400268105237 -0.0698465200110 -0.0832156529544 -0.0648903366020 -0.0595271334046 -0.00892792383969 0.0663118920170 0.103032618326 0.0730004745865 0.0322341814266 0.0505631567848 0.0775787550084 0.0800337654562 0.0792817181132 0.106746118721 0.110690038042 0.0923697237523 0.0532457847503 0.0161947033347 -0.00682333296384 -0.00765440714917 -0.00617305510503 0.0156465976383 0.0204329316596 0.0319211522887 0.0442621365934 0.0621043374132 0.0566831556579 0.0247797106406 0.0134401251845 0.0134405134633
# log_avg_NatM:
-1.57719597209
# m_dev:
 0.773074846529 0.154982452628 -0.151707306951 -0.300523373873 -0.261649461621 -0.175728904458 -0.125905627631 -0.167206962867 -0.276142385128 -0.331442303746 -0.234638572444 -0.228274552893 -0.237756314984 -0.180647990447 -0.0526623377623 -0.110488560353 -0.155983722662 -0.0964546648774 -0.0628199793598 -0.172902518129 -0.188084391724 -0.181555901240 -0.124032509845 -0.321869512702 -0.164766576458 -0.304478251060 -0.372981565468 -0.376173929211 -0.298902163030 0.178748353468 0.527340919635 0.323207816344 0.0981394437107 -0.180537065167 -0.155733470214 0.0107404956321 0.358079769431 0.387351256340 0.0330047426839 0.110820658419 0.217468689983 0.211934324612 0.0169883111455 0.112206622752 0.233599077356 0.312465924718 0.218836225586 0.196692382329 0.199097671603 0.160327673172 -0.0204925951571 0.192957679077 0.110752886207 0.0170238673041 0.0604779378786 0.259613157206 0.278256431224 0.0952018798773 0.163151974611
# log_avg_GrowthK:
-1.60943800000
# log_avg_Linf:
4.88280200000
# GrowthK_dev:
 0.00000000000 0.00000000000 0.00000000000 0.00000000000 0.00000000000 0.00000000000 0.00000000000 0.00000000000 0.00000000000 0.00000000000 0.00000000000 0.00000000000 0.00000000000 0.00000000000 0.00000000000 0.00000000000 0.00000000000 0.00000000000 0.00000000000 0.00000000000 0.00000000000 0.00000000000 0.00000000000 0.00000000000 0.00000000000 0.00000000000 0.00000000000 0.00000000000 0.00000000000 0.00000000000 0.00000000000 0.00000000000 0.00000000000 0.00000000000 0.00000000000 0.00000000000 0.00000000000 0.00000000000 0.00000000000 0.00000000000 0.00000000000 0.00000000000 0.00000000000 0.00000000000 0.00000000000 0.00000000000 0.00000000000 0.00000000000 0.00000000000 0.00000000000 0.00000000000 0.00000000000 0.00000000000 0.00000000000 0.00000000000 0.00000000000 0.00000000000 0.00000000000 0.00000000000
# Linf_dev:
 0.00000000000 0.00000000000 0.00000000000 0.00000000000 0.00000000000 0.00000000000 0.00000000000 0.00000000000 0.00000000000 0.00000000000 0.00000000000 0.00000000000 0.00000000000 0.00000000000 0.00000000000 0.00000000000 0.00000000000 0.00000000000 0.00000000000 0.00000000000 0.00000000000 0.00000000000 0.00000000000 0.00000000000 0.00000000000 0.00000000000 0.00000000000 0.00000000000 0.00000000000 0.00000000000 0.00000000000 0.00000000000 0.00000000000 0.00000000000 0.00000000000 0.00000000000 0.00000000000 0.00000000000 0.00000000000 0.00000000000 0.00000000000 0.00000000000 0.00000000000 0.00000000000 0.00000000000 0.00000000000 0.00000000000 0.00000000000 0.00000000000 0.00000000000 0.00000000000 0.00000000000 0.00000000000 0.00000000000 0.00000000000 0.00000000000 0.00000000000 0.00000000000 0.00000000000
# SelPars50:
2.01389649319
# SelPars95:
3.58279009558
# SelPars_dev50:
 0.00000000000 0.00000000000 0.00000000000 0.00000000000 0.00000000000 0.00000000000 0.00000000000 0.00000000000 0.00000000000 0.00000000000 0.00000000000 0.00000000000 0.00000000000 0.00000000000 0.00000000000 0.00000000000 0.00000000000 0.00000000000 0.00000000000 0.00000000000 0.00000000000 0.00000000000 0.00000000000 0.00000000000 0.00000000000 0.00000000000 0.00000000000 0.00000000000 0.00000000000 0.00000000000 0.00000000000 0.00000000000 0.00000000000 0.00000000000 0.00000000000 0.00000000000 0.00000000000 0.00000000000 0.00000000000 0.00000000000 0.00000000000 0.00000000000 0.00000000000 0.00000000000 0.00000000000 0.00000000000 0.00000000000 0.00000000000 0.00000000000 0.00000000000 0.00000000000 0.00000000000 0.00000000000 0.00000000000 0.00000000000 0.00000000000 0.00000000000 0.00000000000 0.00000000000
# SelPars_dev95:
 0.00000000000 0.00000000000 0.00000000000 0.00000000000 0.00000000000 0.00000000000 0.00000000000 0.00000000000 0.00000000000 0.00000000000 0.00000000000 0.00000000000 0.00000000000 0.00000000000 0.00000000000 0.00000000000 0.00000000000 0.00000000000 0.00000000000 0.00000000000 0.00000000000 0.00000000000 0.00000000000 0.00000000000 0.00000000000 0.00000000000 0.00000000000 0.00000000000 0.00000000000 0.00000000000 0.00000000000 0.00000000000 0.00000000000 0.00000000000 0.00000000000 0.00000000000 0.00000000000 0.00000000000 0.00000000000 0.00000000000 0.00000000000 0.00000000000 0.00000000000 0.00000000000 0.00000000000 0.00000000000 0.00000000000 0.00000000000 0.00000000000 0.00000000000 0.00000000000 0.00000000000 0.00000000000 0.00000000000 0.00000000000 0.00000000000 0.00000000000 0.00000000000 0.00000000000
