# Number of parameters = 155 Objective function value = 74523.0  Maximum gradient component = 0.000717342
# srv_sel50:
1.52680644846
# srv_sel95:
2.58357132065
# stNatLen:
 11.4182024498 11.2669602184 11.0558878540 10.8613922082 10.6750368032 10.4729695313 10.2475628387 10.0064951492 9.76229531621 9.52547831747 9.30270714751 9.09737993747 8.91074630476 8.74282332061 8.59298952788 8.46036343280 8.34399844908 8.24300383478 8.15655863124 8.08393580743 8.02448932281 7.97769812376 7.94309710607 7.92032702241 7.90911437184
# log_avg_fmort_dir:
-1.65321918451
# fmort_dir_dev:
 -1.68809444282 -1.77358020912 -1.32930343987 -0.878401478362 -0.677172797751 -0.495817603483 -0.321252695138 -0.133490450831 -0.0428144343123 0.0730202925439 0.237231677066 0.252926245244 0.365048655071 0.473388154110 0.525051586652 0.513440600992 0.488768619514 0.438280124003 0.489299448968 0.446225354610 0.418537424533 0.350106665686 0.452454851394 0.362250562180 0.327154762625 0.298084377076 0.255367888477 0.253212309502 0.268967268774 0.177350516497 0.192360883154 0.203784569402 0.0379573866443 0.0739332306551 0.120583201478 -0.00818553330219 -0.0180467272688 0.0203123903789 0.0731710376764 0.0780474334206 0.0310358456107 0.0648182632351 0.0762603817538 0.0583591189056 0.108055837608 0.122876286110 0.0211923303934 0.0688108138484 0.0194973545685 0.0475987649791 -0.217649692507 -0.210785483001 -0.248800580230 -0.128534504374 -0.132402089020 -0.0675700315847 -0.0958878497341 -0.202769428502 -0.130349906828 -0.000200156565504 -0.00477675458035 -0.0789362261542
# mean_log_rec:
11.1429951430
# rec_dev:
 0.353926769595 0.339836611347 0.353906379513 0.361553589742 0.366615480225 0.368899032408 0.361251156982 0.349450568420 0.335375597777 0.312999445589 0.296716548525 0.270117027507 0.230147384210 0.186827614281 0.128078093408 0.0632726122206 0.00653744345551 -0.0322592633563 -0.0513224399806 -0.0768869920551 -0.0904853966605 -0.110871525878 -0.131449020023 -0.159484066858 -0.169192174060 -0.177020787029 -0.189567215541 -0.202197844137 -0.211089178737 -0.209951487959 -0.212711577629 -0.210512801679 -0.203478233761 -0.211990171970 -0.199056629992 -0.188809516286 -0.190732486171 -0.169604046321 -0.158620613421 -0.155384619464 -0.130661344631 -0.108684463614 -0.0878238145381 -0.0703630878094 -0.0764108549955 -0.0952068305616 -0.113977336228 -0.110654339397 -0.0879744777840 -0.0752050189430 -0.0746277435508 -0.0627932061427 -0.0428604261705 -0.0220749422555 -0.00261192469575 0.00512501138293 0.0105208999427 0.0121396753774 0.0238805102329 0.0448162621659 0.0463071051218 0.0463070808585
# log_avg_NatM:
-1.63074700000
# m_dev:
 0.00000000000 0.00000000000 0.00000000000 0.00000000000 0.00000000000 0.00000000000 0.00000000000 0.00000000000 0.00000000000 0.00000000000 0.00000000000 0.00000000000 0.00000000000 0.00000000000 0.00000000000 0.00000000000 0.00000000000 0.00000000000 0.00000000000 0.00000000000 0.00000000000 0.00000000000 0.00000000000 0.00000000000 0.00000000000 0.00000000000 0.00000000000 0.00000000000 0.00000000000 0.00000000000 0.00000000000 0.00000000000 0.00000000000 0.00000000000 0.00000000000 0.00000000000 0.00000000000 0.00000000000 0.00000000000 0.00000000000 0.00000000000 0.00000000000 0.00000000000 0.00000000000 0.00000000000 0.00000000000 0.00000000000 0.00000000000 0.00000000000 0.00000000000 0.00000000000 0.00000000000 0.00000000000 0.00000000000 0.00000000000 0.00000000000 0.00000000000 0.00000000000 0.00000000000 0.00000000000 0.00000000000 0.00000000000
# log_avg_GrowthK:
-1.62737500000
# log_avg_Linf:
5.00406100000
# GrowthK_dev:
 0.00000000000 0.00000000000 0.00000000000 0.00000000000 0.00000000000 0.00000000000 0.00000000000 0.00000000000 0.00000000000 0.00000000000 0.00000000000 0.00000000000 0.00000000000 0.00000000000 0.00000000000 0.00000000000 0.00000000000 0.00000000000 0.00000000000 0.00000000000 0.00000000000 0.00000000000 0.00000000000 0.00000000000 0.00000000000 0.00000000000 0.00000000000 0.00000000000 0.00000000000 0.00000000000 0.00000000000 0.00000000000 0.00000000000 0.00000000000 0.00000000000 0.00000000000 0.00000000000 0.00000000000 0.00000000000 0.00000000000 0.00000000000 0.00000000000 0.00000000000 0.00000000000 0.00000000000 0.00000000000 0.00000000000 0.00000000000 0.00000000000 0.00000000000 0.00000000000 0.00000000000 0.00000000000 0.00000000000 0.00000000000 0.00000000000 0.00000000000 0.00000000000 0.00000000000 0.00000000000 0.00000000000 0.00000000000
# Linf_dev:
 0.00000000000 0.00000000000 0.00000000000 0.00000000000 0.00000000000 0.00000000000 0.00000000000 0.00000000000 0.00000000000 0.00000000000 0.00000000000 0.00000000000 0.00000000000 0.00000000000 0.00000000000 0.00000000000 0.00000000000 0.00000000000 0.00000000000 0.00000000000 0.00000000000 0.00000000000 0.00000000000 0.00000000000 0.00000000000 0.00000000000 0.00000000000 0.00000000000 0.00000000000 0.00000000000 0.00000000000 0.00000000000 0.00000000000 0.00000000000 0.00000000000 0.00000000000 0.00000000000 0.00000000000 0.00000000000 0.00000000000 0.00000000000 0.00000000000 0.00000000000 0.00000000000 0.00000000000 0.00000000000 0.00000000000 0.00000000000 0.00000000000 0.00000000000 0.00000000000 0.00000000000 0.00000000000 0.00000000000 0.00000000000 0.00000000000 0.00000000000 0.00000000000 0.00000000000 0.00000000000 0.00000000000 0.00000000000
# SelPars50:
2.07033865998
# SelPars95:
3.70106820984
# SelPars_dev50:
 0.00000000000 0.00000000000 0.00000000000 0.00000000000 0.00000000000 0.00000000000 0.00000000000 0.00000000000 0.00000000000 0.00000000000 0.00000000000 0.00000000000 0.00000000000 0.00000000000 0.00000000000 0.00000000000 0.00000000000 0.00000000000 0.00000000000 0.00000000000 0.00000000000 0.00000000000 0.00000000000 0.00000000000 0.00000000000 0.00000000000 0.00000000000 0.00000000000 0.00000000000 0.00000000000 0.00000000000 0.00000000000 0.00000000000 0.00000000000 0.00000000000 0.00000000000 0.00000000000 0.00000000000 0.00000000000 0.00000000000 0.00000000000 0.00000000000 0.00000000000 0.00000000000 0.00000000000 0.00000000000 0.00000000000 0.00000000000 0.00000000000 0.00000000000 0.00000000000 0.00000000000 0.00000000000 0.00000000000 0.00000000000 0.00000000000 0.00000000000 0.00000000000 0.00000000000 0.00000000000 0.00000000000 0.00000000000
# SelPars_dev95:
 0.00000000000 0.00000000000 0.00000000000 0.00000000000 0.00000000000 0.00000000000 0.00000000000 0.00000000000 0.00000000000 0.00000000000 0.00000000000 0.00000000000 0.00000000000 0.00000000000 0.00000000000 0.00000000000 0.00000000000 0.00000000000 0.00000000000 0.00000000000 0.00000000000 0.00000000000 0.00000000000 0.00000000000 0.00000000000 0.00000000000 0.00000000000 0.00000000000 0.00000000000 0.00000000000 0.00000000000 0.00000000000 0.00000000000 0.00000000000 0.00000000000 0.00000000000 0.00000000000 0.00000000000 0.00000000000 0.00000000000 0.00000000000 0.00000000000 0.00000000000 0.00000000000 0.00000000000 0.00000000000 0.00000000000 0.00000000000 0.00000000000 0.00000000000 0.00000000000 0.00000000000 0.00000000000 0.00000000000 0.00000000000 0.00000000000 0.00000000000 0.00000000000 0.00000000000 0.00000000000 0.00000000000 0.00000000000
