# Number of parameters = 224 Objective function value = 76714.0  Maximum gradient component = 0.00169131
# srv_sel50:
1.47409642880
# srv_sel95:
2.43572274342
# stNatLen:
 11.3862829555 11.2500142586 11.0524057407 10.8632050745 10.6772697503 10.4743535148 10.2485886634 10.0080444865 9.76503680138 9.52976401886 9.30863173908 9.10488408266 8.91968351481 8.75299685831 8.60420887931 8.47241417243 8.35666161976 8.25604702454 8.16979362688 8.09714035338 8.03747231030 7.99028179622 7.95522320692 7.93200703406 7.92048055426
# log_avg_fmort_dir:
-1.62436425657
# fmort_dir_dev:
 -1.68613856544 -1.70269450664 -1.31793715945 -1.01098026404 -0.738139076902 -0.572377356550 -0.235495908117 -0.245666187330 -0.0903511479367 -0.0133621867999 0.112350943143 0.421861583064 0.554575740280 0.567413275701 0.523888499828 0.613083084687 0.548959396687 0.433045912222 0.419161728533 0.305800175009 0.422763374313 0.350815493057 0.384358114279 0.363395238405 0.394167957420 0.237859722756 0.212682043691 0.214807735248 0.147216573703 0.0866349030385 0.144135506164 0.0870105481637 0.145382518582 0.0416768734400 0.0526360312532 -0.0585006481144 -0.0291275852774 -0.00567642095227 0.175856012334 0.129711361176 0.0941175096800 0.0982656981912 0.0765710771969 0.0512851856489 0.00955601751565 0.118986721635 0.123475555786 0.104318118197 0.0283239399005 -0.122085929909 0.0736511419273 0.367263504536 -0.749507255197 -0.157152336957 -0.267739260181 0.0247430542090 0.152306156378 0.282279650188 0.290639504264 -0.118878740488 -1.04524431116 0.0920845006065 0.0685819142002 0.0193552512195
# mean_log_rec:
11.1440993933
# rec_dev:
 0.328160986281 0.324145556385 0.346862466859 0.352706163036 0.330879657908 0.287655700212 0.257590198422 0.257021999569 0.244726268300 0.167018275167 0.0387372791355 -0.0527376564076 -0.107983010907 -0.121879459169 -0.120376005430 -0.110874411815 -0.0732628907217 -0.0601205525012 -0.0994427138474 -0.200733186387 -0.250284604603 -0.275107498322 -0.278489012665 -0.275354195093 -0.256380999473 -0.208096971890 -0.158113733396 -0.151015165117 -0.174389053394 -0.194875567328 -0.226760321249 -0.235999516745 -0.223947330495 -0.186977448304 -0.0472528965303 0.0759598747877 0.0527604846434 -0.0647849903094 -0.146172836379 -0.126897203165 -0.0768641982094 -0.0447193934795 -0.0114269132120 0.0212015239463 0.0147887728220 -0.0308737473759 -0.0333211502634 -0.00628080824791 0.0577305455592 0.0818748071391 0.0277356212867 -0.0224588115569 -0.0541055547876 -0.00220494170283 0.0770384351624 0.135800618314 0.140998449912 0.0891239274542 0.0434295412936 0.0588530272382 0.140159395852 0.235434654182 0.261085284630 0.261085234983
# log_avg_NatM:
-1.59427666924
# m_dev:
 -0.0910269861425 -0.148253428626 -0.106541756020 -0.0869056559959 0.0678794724244 0.0972993686256 0.0446117056304 -0.196541609687 -0.0383071180577 0.142606963874 0.209272743657 -0.0925647938907 -0.187656056949 -0.445147864684 -0.681637200661 -0.799653490366 -0.759762835757 -0.388998429807 0.0308371332834 0.281168521359 -0.0228589679909 -0.0856946018622 -0.287824594348 -0.137200039086 -0.282255955526 -0.450441914117 -0.365165170982 -0.0181599248435 0.114171104994 0.118992250217 0.149951922590 -0.0109554980275 -0.109506997977 -0.0771517167933 -0.0101784602658 0.0680232508067 0.267582729201 0.571909268339 0.436119075233 0.0271431682911 -0.0511736883164 0.101711559420 0.0310377026340 0.0437679095044 0.183255583452 0.408379537581 0.155771573052 0.126738127311 -0.0686335817881 0.0461804542069 0.498736528228 0.329938323403 0.330538686588 -0.00491823641753 -0.0997400548003 -0.0552423295128 0.142706863754 0.444721317568 0.343533559675 -0.0324511029215 0.0532603294520 0.103901324970 0.107242031314 0.113559971578
# log_avg_GrowthK:
-1.59596900000
# log_avg_Linf:
5.00649400000
# GrowthK_dev:
 0.00000000000 0.00000000000 0.00000000000 0.00000000000 0.00000000000 0.00000000000 0.00000000000 0.00000000000 0.00000000000 0.00000000000 0.00000000000 0.00000000000 0.00000000000 0.00000000000 0.00000000000 0.00000000000 0.00000000000 0.00000000000 0.00000000000 0.00000000000 0.00000000000 0.00000000000 0.00000000000 0.00000000000 0.00000000000 0.00000000000 0.00000000000 0.00000000000 0.00000000000 0.00000000000 0.00000000000 0.00000000000 0.00000000000 0.00000000000 0.00000000000 0.00000000000 0.00000000000 0.00000000000 0.00000000000 0.00000000000 0.00000000000 0.00000000000 0.00000000000 0.00000000000 0.00000000000 0.00000000000 0.00000000000 0.00000000000 0.00000000000 0.00000000000 0.00000000000 0.00000000000 0.00000000000 0.00000000000 0.00000000000 0.00000000000 0.00000000000 0.00000000000 0.00000000000 0.00000000000 0.00000000000 0.00000000000 0.00000000000 0.00000000000
# Linf_dev:
 0.00000000000 0.00000000000 0.00000000000 0.00000000000 0.00000000000 0.00000000000 0.00000000000 0.00000000000 0.00000000000 0.00000000000 0.00000000000 0.00000000000 0.00000000000 0.00000000000 0.00000000000 0.00000000000 0.00000000000 0.00000000000 0.00000000000 0.00000000000 0.00000000000 0.00000000000 0.00000000000 0.00000000000 0.00000000000 0.00000000000 0.00000000000 0.00000000000 0.00000000000 0.00000000000 0.00000000000 0.00000000000 0.00000000000 0.00000000000 0.00000000000 0.00000000000 0.00000000000 0.00000000000 0.00000000000 0.00000000000 0.00000000000 0.00000000000 0.00000000000 0.00000000000 0.00000000000 0.00000000000 0.00000000000 0.00000000000 0.00000000000 0.00000000000 0.00000000000 0.00000000000 0.00000000000 0.00000000000 0.00000000000 0.00000000000 0.00000000000 0.00000000000 0.00000000000 0.00000000000 0.00000000000 0.00000000000 0.00000000000 0.00000000000
# SelPars50:
2.01889433847
# SelPars95:
3.58689182202
# SelPars_dev50:
 0.00000000000 0.00000000000 0.00000000000 0.00000000000 0.00000000000 0.00000000000 0.00000000000 0.00000000000 0.00000000000 0.00000000000 0.00000000000 0.00000000000 0.00000000000 0.00000000000 0.00000000000 0.00000000000 0.00000000000 0.00000000000 0.00000000000 0.00000000000 0.00000000000 0.00000000000 0.00000000000 0.00000000000 0.00000000000 0.00000000000 0.00000000000 0.00000000000 0.00000000000 0.00000000000 0.00000000000 0.00000000000 0.00000000000 0.00000000000 0.00000000000 0.00000000000 0.00000000000 0.00000000000 0.00000000000 0.00000000000 0.00000000000 0.00000000000 0.00000000000 0.00000000000 0.00000000000 0.00000000000 0.00000000000 0.00000000000 0.00000000000 0.00000000000 0.00000000000 0.00000000000 0.00000000000 0.00000000000 0.00000000000 0.00000000000 0.00000000000 0.00000000000 0.00000000000 0.00000000000 0.00000000000 0.00000000000 0.00000000000 0.00000000000
# SelPars_dev95:
 0.00000000000 0.00000000000 0.00000000000 0.00000000000 0.00000000000 0.00000000000 0.00000000000 0.00000000000 0.00000000000 0.00000000000 0.00000000000 0.00000000000 0.00000000000 0.00000000000 0.00000000000 0.00000000000 0.00000000000 0.00000000000 0.00000000000 0.00000000000 0.00000000000 0.00000000000 0.00000000000 0.00000000000 0.00000000000 0.00000000000 0.00000000000 0.00000000000 0.00000000000 0.00000000000 0.00000000000 0.00000000000 0.00000000000 0.00000000000 0.00000000000 0.00000000000 0.00000000000 0.00000000000 0.00000000000 0.00000000000 0.00000000000 0.00000000000 0.00000000000 0.00000000000 0.00000000000 0.00000000000 0.00000000000 0.00000000000 0.00000000000 0.00000000000 0.00000000000 0.00000000000 0.00000000000 0.00000000000 0.00000000000 0.00000000000 0.00000000000 0.00000000000 0.00000000000 0.00000000000 0.00000000000 0.00000000000 0.00000000000 0.00000000000
