# Number of parameters = 143 Objective function value = 67199.5  Maximum gradient component = 0.000263660
# srv_sel50:
1.55196431924
# srv_sel95:
2.66005254946
# stNatLen:
 11.3974802907 11.2425530649 11.0239063136 10.8264049265 10.6405718202 10.4402655930 10.2167781140 9.97749650678 9.73490391335 9.49951527047 9.27799337787 9.07374615428 8.88802716809 8.72087065586 8.57169653408 8.43965077743 8.32383637696 8.22336775679 8.13740780109 8.06517880678 8.00604810133 7.95946647386 7.92500745161 7.90226977666 7.89095117745
# log_avg_fmort_dir:
-1.62670573298
# fmort_dir_dev:
 -1.84120813996 -1.83737065597 -1.29468084543 -0.939027965529 -0.645513154740 -0.528949807961 -0.348626385814 -0.146181727128 -0.0516088457795 0.153497306390 0.0864821590937 0.224779960101 0.322462301581 0.415126533737 0.505701107181 0.499041867267 0.603010798231 0.468590002270 0.394301340142 0.416107482992 0.431994269935 0.377991647971 0.433564040345 0.372190304397 0.381522158548 0.292581579178 0.287437359304 0.277916050822 0.209623610566 0.255896058772 0.278969588562 0.169601960165 0.130121330721 0.148974941231 0.158822945371 0.00495704852009 0.0702148848020 0.0349036782673 0.0186919665477 -0.103808685679 0.0415295940082 0.100322816022 0.0739433527128 0.0679287100204 0.0223012795558 0.0886737076256 0.0648809143978 0.0643619747305 0.0402260616154 0.0974867689650 -0.192469577659 -0.243629639665 -0.217393271244 -0.213627677209 -0.220506781466 -0.262128301427
# mean_log_rec:
11.1285361667
# rec_dev:
 0.347184894561 0.331029343032 0.343610256132 0.352266972423 0.357980100866 0.366016070965 0.364377944568 0.350554803723 0.323759935217 0.311073995073 0.291414958608 0.264150475454 0.236535372553 0.191959446226 0.138185400474 0.0645152721949 0.00353648769076 -0.0431155944355 -0.0716761336125 -0.0801900378293 -0.0825987943675 -0.106002754101 -0.132161720129 -0.141941172159 -0.145278660562 -0.172178199746 -0.190481044766 -0.197210968237 -0.195484408528 -0.202946961830 -0.202916577100 -0.190010562582 -0.186331041521 -0.187250493574 -0.179016077850 -0.171154331749 -0.151786078286 -0.132779615449 -0.116788464537 -0.108479728399 -0.102664293334 -0.106071630242 -0.102044338255 -0.0836201061421 -0.0827988950804 -0.0942089135168 -0.104200512489 -0.100778767810 -0.0956221454149 -0.103138054236 -0.102512015449 -0.0766218440370 -0.0396125708303 -0.0138817784594 -0.0212982065206 -0.0212982365979
# log_avg_NatM:
-1.60943800000
# m_dev:
 0.00000000000 0.00000000000 0.00000000000 0.00000000000 0.00000000000 0.00000000000 0.00000000000 0.00000000000 0.00000000000 0.00000000000 0.00000000000 0.00000000000 0.00000000000 0.00000000000 0.00000000000 0.00000000000 0.00000000000 0.00000000000 0.00000000000 0.00000000000 0.00000000000 0.00000000000 0.00000000000 0.00000000000 0.00000000000 0.00000000000 0.00000000000 0.00000000000 0.00000000000 0.00000000000 0.00000000000 0.00000000000 0.00000000000 0.00000000000 0.00000000000 0.00000000000 0.00000000000 0.00000000000 0.00000000000 0.00000000000 0.00000000000 0.00000000000 0.00000000000 0.00000000000 0.00000000000 0.00000000000 0.00000000000 0.00000000000 0.00000000000 0.00000000000 0.00000000000 0.00000000000 0.00000000000 0.00000000000 0.00000000000 0.00000000000
# log_avg_GrowthK:
-1.60943800000
# log_avg_Linf:
4.88280200000
# GrowthK_dev:
 0.00000000000 0.00000000000 0.00000000000 0.00000000000 0.00000000000 0.00000000000 0.00000000000 0.00000000000 0.00000000000 0.00000000000 0.00000000000 0.00000000000 0.00000000000 0.00000000000 0.00000000000 0.00000000000 0.00000000000 0.00000000000 0.00000000000 0.00000000000 0.00000000000 0.00000000000 0.00000000000 0.00000000000 0.00000000000 0.00000000000 0.00000000000 0.00000000000 0.00000000000 0.00000000000 0.00000000000 0.00000000000 0.00000000000 0.00000000000 0.00000000000 0.00000000000 0.00000000000 0.00000000000 0.00000000000 0.00000000000 0.00000000000 0.00000000000 0.00000000000 0.00000000000 0.00000000000 0.00000000000 0.00000000000 0.00000000000 0.00000000000 0.00000000000 0.00000000000 0.00000000000 0.00000000000 0.00000000000 0.00000000000 0.00000000000
# Linf_dev:
 0.00000000000 0.00000000000 0.00000000000 0.00000000000 0.00000000000 0.00000000000 0.00000000000 0.00000000000 0.00000000000 0.00000000000 0.00000000000 0.00000000000 0.00000000000 0.00000000000 0.00000000000 0.00000000000 0.00000000000 0.00000000000 0.00000000000 0.00000000000 0.00000000000 0.00000000000 0.00000000000 0.00000000000 0.00000000000 0.00000000000 0.00000000000 0.00000000000 0.00000000000 0.00000000000 0.00000000000 0.00000000000 0.00000000000 0.00000000000 0.00000000000 0.00000000000 0.00000000000 0.00000000000 0.00000000000 0.00000000000 0.00000000000 0.00000000000 0.00000000000 0.00000000000 0.00000000000 0.00000000000 0.00000000000 0.00000000000 0.00000000000 0.00000000000 0.00000000000 0.00000000000 0.00000000000 0.00000000000 0.00000000000 0.00000000000
# SelPars50:
2.12244415393
# SelPars95:
3.83318818985
# SelPars_dev50:
 0.00000000000 0.00000000000 0.00000000000 0.00000000000 0.00000000000 0.00000000000 0.00000000000 0.00000000000 0.00000000000 0.00000000000 0.00000000000 0.00000000000 0.00000000000 0.00000000000 0.00000000000 0.00000000000 0.00000000000 0.00000000000 0.00000000000 0.00000000000 0.00000000000 0.00000000000 0.00000000000 0.00000000000 0.00000000000 0.00000000000 0.00000000000 0.00000000000 0.00000000000 0.00000000000 0.00000000000 0.00000000000 0.00000000000 0.00000000000 0.00000000000 0.00000000000 0.00000000000 0.00000000000 0.00000000000 0.00000000000 0.00000000000 0.00000000000 0.00000000000 0.00000000000 0.00000000000 0.00000000000 0.00000000000 0.00000000000 0.00000000000 0.00000000000 0.00000000000 0.00000000000 0.00000000000 0.00000000000 0.00000000000 0.00000000000
# SelPars_dev95:
 0.00000000000 0.00000000000 0.00000000000 0.00000000000 0.00000000000 0.00000000000 0.00000000000 0.00000000000 0.00000000000 0.00000000000 0.00000000000 0.00000000000 0.00000000000 0.00000000000 0.00000000000 0.00000000000 0.00000000000 0.00000000000 0.00000000000 0.00000000000 0.00000000000 0.00000000000 0.00000000000 0.00000000000 0.00000000000 0.00000000000 0.00000000000 0.00000000000 0.00000000000 0.00000000000 0.00000000000 0.00000000000 0.00000000000 0.00000000000 0.00000000000 0.00000000000 0.00000000000 0.00000000000 0.00000000000 0.00000000000 0.00000000000 0.00000000000 0.00000000000 0.00000000000 0.00000000000 0.00000000000 0.00000000000 0.00000000000 0.00000000000 0.00000000000 0.00000000000 0.00000000000 0.00000000000 0.00000000000 0.00000000000 0.00000000000
