# Number of parameters = 159 Objective function value = 77008.0378489928  Maximum gradient component = 0.00112028578013800
# srv_sel50:
1.47689800770
# srv_sel95:
2.43297041303
# stNatLen:
 11.4428761484 11.3047569688 11.1043210098 10.9131575976 10.7286481903 10.5302203322 10.3089950985 10.0702932654 9.82548185702 9.58521428510 9.35687910497 9.14471486729 8.95062027268 8.77509540902 8.61782961579 8.47813577188 8.35512526159 8.24789212560 8.15561365854 8.07761195318 8.01332603272 7.96233898707 7.92440756529 7.89929055948 7.88678355765
# log_avg_fmort_dir:
-1.69896735034
# fmort_dir_dev:
 -1.72941302557 -1.71487827014 -1.27157240942 -0.903882410210 -0.740887906345 -0.429539374865 -0.334742482635 -0.0823607044759 -0.200210839135 0.0278563990651 0.194510010941 0.275412523203 0.365869143330 0.480991155485 0.419196783934 0.469013002207 0.449968095880 0.473001461090 0.341673497603 0.405317646238 0.381274644034 0.481273363592 0.287494294526 0.376528991706 0.345665512193 0.295927255754 0.373168989394 0.264088761428 0.231262520080 0.247285849079 0.176958404385 0.211871177195 0.176264602579 0.115331348186 0.159920887446 0.0369972274699 0.149131199164 0.168047422477 0.0226290584459 0.0643248298821 0.0642222278297 0.0311124672792 0.0706256664459 0.0501248710738 0.0881081851406 0.0332137803669 0.0958748336890 0.00770964599473 0.0719308740864 0.0573707186084 -0.383307570218 -0.254094206125 -0.147630784603 -0.179580378095 -0.122792407158 -0.138835621692 -0.161564268188 -0.0546694085672 -0.134391702967 0.0387309612575 -0.00963864850634 -0.0727997282787 0.0321049549509 -0.0425930975260
# mean_log_rec:
11.1048741866
# rec_dev:
 0.412107144826 0.389441045231 0.383867220486 0.377383316404 0.365001809649 0.351301644514 0.337182131021 0.341025918856 0.337837998519 0.310238050730 0.277279889770 0.241602216161 0.212274202760 0.167068796645 0.125631688916 0.0703222591541 0.0122749345498 -0.0273099763718 -0.0586458968038 -0.100031093342 -0.149616218890 -0.159259663721 -0.171376241638 -0.180644033445 -0.155194712664 -0.156467824393 -0.156683757225 -0.141644708320 -0.131337213716 -0.133272407479 -0.154303832548 -0.149477540308 -0.132704584938 -0.123477465111 -0.113946084268 -0.116454962116 -0.121838953977 -0.111472045519 -0.114923726352 -0.120815524215 -0.120123335595 -0.117215736655 -0.0984237777833 -0.104599508856 -0.0984221493453 -0.0849285866387 -0.0772103966198 -0.0697249948515 -0.0623475012646 -0.0668595018486 -0.0669996915985 -0.0489252528748 -0.0258234901381 -0.0210500230357 -0.0187005105174 -0.0211824268484 -0.0353295204533 -0.0471958674720 -0.0617238083347 -0.0758625622026 -0.0929351890082 -0.101442866592 -0.106957546123 -0.106957556174
# log_avg_NatM:
-1.60943800000
# m_dev:
 0.00000000000 0.00000000000 0.00000000000 0.00000000000 0.00000000000 0.00000000000 0.00000000000 0.00000000000 0.00000000000 0.00000000000 0.00000000000 0.00000000000 0.00000000000 0.00000000000 0.00000000000 0.00000000000 0.00000000000 0.00000000000 0.00000000000 0.00000000000 0.00000000000 0.00000000000 0.00000000000 0.00000000000 0.00000000000 0.00000000000 0.00000000000 0.00000000000 0.00000000000 0.00000000000 0.00000000000 0.00000000000 0.00000000000 0.00000000000 0.00000000000 0.00000000000 0.00000000000 0.00000000000 0.00000000000 0.00000000000 0.00000000000 0.00000000000 0.00000000000 0.00000000000 0.00000000000 0.00000000000 0.00000000000 0.00000000000 0.00000000000 0.00000000000 0.00000000000 0.00000000000 0.00000000000 0.00000000000 0.00000000000 0.00000000000 0.00000000000 0.00000000000 0.00000000000 0.00000000000 0.00000000000 0.00000000000 0.00000000000 0.00000000000
# log_avg_GrowthK:
-1.60943800000
# log_avg_Linf:
4.88280200000
# GrowthK_dev:
 0.00000000000 0.00000000000 0.00000000000 0.00000000000 0.00000000000 0.00000000000 0.00000000000 0.00000000000 0.00000000000 0.00000000000 0.00000000000 0.00000000000 0.00000000000 0.00000000000 0.00000000000 0.00000000000 0.00000000000 0.00000000000 0.00000000000 0.00000000000 0.00000000000 0.00000000000 0.00000000000 0.00000000000 0.00000000000 0.00000000000 0.00000000000 0.00000000000 0.00000000000 0.00000000000 0.00000000000 0.00000000000 0.00000000000 0.00000000000 0.00000000000 0.00000000000 0.00000000000 0.00000000000 0.00000000000 0.00000000000 0.00000000000 0.00000000000 0.00000000000 0.00000000000 0.00000000000 0.00000000000 0.00000000000 0.00000000000 0.00000000000 0.00000000000 0.00000000000 0.00000000000 0.00000000000 0.00000000000 0.00000000000 0.00000000000 0.00000000000 0.00000000000 0.00000000000 0.00000000000 0.00000000000 0.00000000000 0.00000000000 0.00000000000
# Linf_dev:
 0.00000000000 0.00000000000 0.00000000000 0.00000000000 0.00000000000 0.00000000000 0.00000000000 0.00000000000 0.00000000000 0.00000000000 0.00000000000 0.00000000000 0.00000000000 0.00000000000 0.00000000000 0.00000000000 0.00000000000 0.00000000000 0.00000000000 0.00000000000 0.00000000000 0.00000000000 0.00000000000 0.00000000000 0.00000000000 0.00000000000 0.00000000000 0.00000000000 0.00000000000 0.00000000000 0.00000000000 0.00000000000 0.00000000000 0.00000000000 0.00000000000 0.00000000000 0.00000000000 0.00000000000 0.00000000000 0.00000000000 0.00000000000 0.00000000000 0.00000000000 0.00000000000 0.00000000000 0.00000000000 0.00000000000 0.00000000000 0.00000000000 0.00000000000 0.00000000000 0.00000000000 0.00000000000 0.00000000000 0.00000000000 0.00000000000 0.00000000000 0.00000000000 0.00000000000 0.00000000000 0.00000000000 0.00000000000 0.00000000000 0.00000000000
# SelPars50:
2.01523894556
# SelPars95:
3.57308071460
# SelPars_dev50:
 0.00000000000 0.00000000000 0.00000000000 0.00000000000 0.00000000000 0.00000000000 0.00000000000 0.00000000000 0.00000000000 0.00000000000 0.00000000000 0.00000000000 0.00000000000 0.00000000000 0.00000000000 0.00000000000 0.00000000000 0.00000000000 0.00000000000 0.00000000000 0.00000000000 0.00000000000 0.00000000000 0.00000000000 0.00000000000 0.00000000000 0.00000000000 0.00000000000 0.00000000000 0.00000000000 0.00000000000 0.00000000000 0.00000000000 0.00000000000 0.00000000000 0.00000000000 0.00000000000 0.00000000000 0.00000000000 0.00000000000 0.00000000000 0.00000000000 0.00000000000 0.00000000000 0.00000000000 0.00000000000 0.00000000000 0.00000000000 0.00000000000 0.00000000000 0.00000000000 0.00000000000 0.00000000000 0.00000000000 0.00000000000 0.00000000000 0.00000000000 0.00000000000 0.00000000000 0.00000000000 0.00000000000 0.00000000000 0.00000000000 0.00000000000
# SelPars_dev95:
 0.00000000000 0.00000000000 0.00000000000 0.00000000000 0.00000000000 0.00000000000 0.00000000000 0.00000000000 0.00000000000 0.00000000000 0.00000000000 0.00000000000 0.00000000000 0.00000000000 0.00000000000 0.00000000000 0.00000000000 0.00000000000 0.00000000000 0.00000000000 0.00000000000 0.00000000000 0.00000000000 0.00000000000 0.00000000000 0.00000000000 0.00000000000 0.00000000000 0.00000000000 0.00000000000 0.00000000000 0.00000000000 0.00000000000 0.00000000000 0.00000000000 0.00000000000 0.00000000000 0.00000000000 0.00000000000 0.00000000000 0.00000000000 0.00000000000 0.00000000000 0.00000000000 0.00000000000 0.00000000000 0.00000000000 0.00000000000 0.00000000000 0.00000000000 0.00000000000 0.00000000000 0.00000000000 0.00000000000 0.00000000000 0.00000000000 0.00000000000 0.00000000000 0.00000000000 0.00000000000 0.00000000000 0.00000000000 0.00000000000 0.00000000000
