# Number of parameters = 191 Objective function value = 63367.9909161640  Maximum gradient component = 0.00144129473203053
# srv_sel50:
1.47121699224
# srv_sel95:
2.42175948954
# stNatLen:
 11.6930805316 11.5384467578 11.3353473654 11.1462118256 10.9607604200 10.7575769500 10.5312006889 10.2902511068 10.0472931564 9.81251397840 9.59219674312 9.38945175729 9.20534848506 9.03979570687 8.89212048422 8.76138717708 8.64659992665 8.54683535175 8.46132732395 8.38933873943 8.33029953283 8.28370238256 8.24911046724 8.22622736490 8.21486765493
# log_avg_fmort_dir:
-1.62114439573
# fmort_dir_dev:
 -1.87071811803 -1.88604599224 -1.32008778725 -0.807324557779 -0.527760443282 -0.496719450573 -0.380000132198 -0.237456906903 -0.0698618220929 0.0295084587946 0.299930041587 0.238641163953 0.402569781697 0.461529739677 0.513778468267 0.444322719880 0.540858311080 0.387455809053 0.404466877743 0.399423734100 0.328401979369 0.407671746939 0.366154641114 0.379136349426 0.345185670612 0.290317717723 0.286092192003 0.219247057731 0.269559304604 0.216464947026 0.191699246155 0.161558587420 -0.00737026291345 0.0256071815917 -0.154540121679 -0.00326927885972 0.123193548298 0.119644295680 0.159090343479 0.125769966833 -0.0716256788307 0.00628973941492 -0.0127474839281 -0.0183486003420 0.0364267981311 -0.0617715821051 -0.0799635063900 -0.000267752044467 -0.0970604411940 -0.0956202665506 0.0144721051206 0.0458290756436 -0.0417374149619
# mean_log_rec:
11.1328830282
# rec_dev:
 0.443406904636 0.341245123380 0.246934207979 0.195753326101 0.200258245598 0.241990044552 0.280419170719 0.298597025900 0.243285052811 0.118557893595 0.0320001106530 0.00126798904687 -0.00888230274474 -0.0175733105775 -0.0257890182849 -0.0517862337101 -0.0531191024324 -0.0577069964789 -0.0947017287158 -0.125848072417 -0.172529361389 -0.223319469660 -0.277621589736 -0.301211897363 -0.277836110681 -0.257805877298 -0.271695707567 -0.298217325941 -0.310008179281 -0.311074157660 -0.264451398211 -0.179147385922 -0.120877322459 -0.0593428941437 0.0367902987184 -0.00964915822624 -0.118093187807 -0.137800857562 -0.0719097292929 0.00934326707372 0.0573680135780 0.0527291285497 0.0127025835902 -0.00740306115644 0.0253176495149 0.0785420268480 0.110407080029 0.110259036816 0.137359456844 0.175121836059 0.212355178572 0.221695407984 0.221695377568
# log_avg_NatM:
-1.58769192288
# m_dev:
 0.534694656031 0.412461922206 0.300684222444 0.160748427700 -0.143897243993 -0.362877972417 -0.344503245478 -0.339556287389 0.0735171186515 0.349594298371 0.102470071413 -0.237447800355 -0.393502926282 -0.395002438031 -0.292586417531 -0.304800234104 -0.415010231552 -0.224010438719 -0.0487397591816 -0.0895114052109 -0.00426015546857 0.0460905734295 0.123461753694 -0.155295662160 -0.366571282137 -0.201337581336 -0.0462625024822 0.0216373942718 0.0487523876325 -0.102591465570 -0.396081203766 -0.404428830932 -0.275850341626 -0.198549757822 0.148351506659 0.654663722989 0.578609947884 0.102513740293 -0.218412281615 -0.115296757641 0.0225655391369 0.311630857826 0.384599139041 0.329819339510 0.115546181268 0.0247668676934 0.121314018899 0.317029121524 0.157274253161 0.174187716500 0.207781009677 0.120394468517 0.131223966378
# log_avg_GrowthK:
-1.60943800000
# log_avg_Linf:
4.88280200000
# GrowthK_dev:
 0.00000000000 0.00000000000 0.00000000000 0.00000000000 0.00000000000 0.00000000000 0.00000000000 0.00000000000 0.00000000000 0.00000000000 0.00000000000 0.00000000000 0.00000000000 0.00000000000 0.00000000000 0.00000000000 0.00000000000 0.00000000000 0.00000000000 0.00000000000 0.00000000000 0.00000000000 0.00000000000 0.00000000000 0.00000000000 0.00000000000 0.00000000000 0.00000000000 0.00000000000 0.00000000000 0.00000000000 0.00000000000 0.00000000000 0.00000000000 0.00000000000 0.00000000000 0.00000000000 0.00000000000 0.00000000000 0.00000000000 0.00000000000 0.00000000000 0.00000000000 0.00000000000 0.00000000000 0.00000000000 0.00000000000 0.00000000000 0.00000000000 0.00000000000 0.00000000000 0.00000000000 0.00000000000
# Linf_dev:
 0.00000000000 0.00000000000 0.00000000000 0.00000000000 0.00000000000 0.00000000000 0.00000000000 0.00000000000 0.00000000000 0.00000000000 0.00000000000 0.00000000000 0.00000000000 0.00000000000 0.00000000000 0.00000000000 0.00000000000 0.00000000000 0.00000000000 0.00000000000 0.00000000000 0.00000000000 0.00000000000 0.00000000000 0.00000000000 0.00000000000 0.00000000000 0.00000000000 0.00000000000 0.00000000000 0.00000000000 0.00000000000 0.00000000000 0.00000000000 0.00000000000 0.00000000000 0.00000000000 0.00000000000 0.00000000000 0.00000000000 0.00000000000 0.00000000000 0.00000000000 0.00000000000 0.00000000000 0.00000000000 0.00000000000 0.00000000000 0.00000000000 0.00000000000 0.00000000000 0.00000000000 0.00000000000
# SelPars50:
2.03220632916
# SelPars95:
3.62145555082
# SelPars_dev50:
 0.00000000000 0.00000000000 0.00000000000 0.00000000000 0.00000000000 0.00000000000 0.00000000000 0.00000000000 0.00000000000 0.00000000000 0.00000000000 0.00000000000 0.00000000000 0.00000000000 0.00000000000 0.00000000000 0.00000000000 0.00000000000 0.00000000000 0.00000000000 0.00000000000 0.00000000000 0.00000000000 0.00000000000 0.00000000000 0.00000000000 0.00000000000 0.00000000000 0.00000000000 0.00000000000 0.00000000000 0.00000000000 0.00000000000 0.00000000000 0.00000000000 0.00000000000 0.00000000000 0.00000000000 0.00000000000 0.00000000000 0.00000000000 0.00000000000 0.00000000000 0.00000000000 0.00000000000 0.00000000000 0.00000000000 0.00000000000 0.00000000000 0.00000000000 0.00000000000 0.00000000000 0.00000000000
# SelPars_dev95:
 0.00000000000 0.00000000000 0.00000000000 0.00000000000 0.00000000000 0.00000000000 0.00000000000 0.00000000000 0.00000000000 0.00000000000 0.00000000000 0.00000000000 0.00000000000 0.00000000000 0.00000000000 0.00000000000 0.00000000000 0.00000000000 0.00000000000 0.00000000000 0.00000000000 0.00000000000 0.00000000000 0.00000000000 0.00000000000 0.00000000000 0.00000000000 0.00000000000 0.00000000000 0.00000000000 0.00000000000 0.00000000000 0.00000000000 0.00000000000 0.00000000000 0.00000000000 0.00000000000 0.00000000000 0.00000000000 0.00000000000 0.00000000000 0.00000000000 0.00000000000 0.00000000000 0.00000000000 0.00000000000 0.00000000000 0.00000000000 0.00000000000 0.00000000000 0.00000000000 0.00000000000 0.00000000000
