# Number of parameters = 191 Objective function value = 63425.8  Maximum gradient component = 0.000493735
# srv_sel50:
1.47066351451
# srv_sel95:
2.42925806723
# stNatLen:
 11.5292810357 11.3885240858 11.1887323574 10.9983454838 10.8117401716 10.6084415650 10.3824922899 10.1419352211 9.89904208302 9.66395300282 9.44304662374 9.23954438355 9.05461096016 8.88821664929 8.73970611194 8.60817210628 8.49265544430 8.39228618792 8.30623719502 8.23373510606 8.17419186607 8.12717097201 8.09227905973 8.06915405659 8.05767355151
# log_avg_fmort_dir:
-1.60399239608
# fmort_dir_dev:
 -1.88256862004 -1.89707599215 -1.32550370105 -1.00143602867 -0.839831255424 -0.646773395227 -0.408245173365 -0.246086482777 -0.132657005711 0.0600621955126 0.181714861946 0.317337570270 0.460825000943 0.455599471164 0.529160602981 0.561881108213 0.548714922059 0.559443538316 0.536176609783 0.503836070969 0.448281227569 0.407148209766 0.362886008096 0.254966832528 0.241661425451 0.155892069433 0.129562159696 0.325280977871 0.302742644625 0.265420612663 0.143841971256 0.0677424554742 0.0946024114299 0.0467575403953 -0.109074042935 -0.00482834142176 0.00413217262956 0.0546031487432 0.135108135616 -0.0450189456220 -0.00380551525192 -0.0115485744265 -0.00269041672014 -0.0691647266285 0.135593146854 -0.00354636197304 0.0526575033134 -0.0170958485607 -0.0676313704917 -0.0357355089907 0.148343752764 0.0478905145924 0.210450434518
# mean_log_rec:
11.1150985826
# rec_dev:
 0.445943139318 0.405943550564 0.375746304399 0.371936112938 0.385674217808 0.376740620335 0.330779423345 0.298684667346 0.279727578737 0.209531735224 0.101506651805 0.0144022795039 -0.0159648860264 -0.0237863901432 -0.0688098924893 -0.128053491872 -0.210964143023 -0.269446580699 -0.267088005029 -0.239695804219 -0.219389812933 -0.194351094259 -0.173703551542 -0.155760192149 -0.126479770879 -0.163240868291 -0.289030627619 -0.372970045674 -0.369524854974 -0.324580878479 -0.245973304261 -0.185584774198 -0.130476674142 -0.0587992245261 0.0499376756128 0.0780415715043 -0.00869488217113 -0.0350199938373 -0.0485713873285 -0.0125593299950 0.0515403904720 0.0895612788574 0.110884362535 0.0492423436493 -0.0189381668457 -0.0200696808829 0.0257769517828 0.0903556261586 0.123619191353 0.111194778748 0.0484866264428 -0.0238643786110 -0.0238643913355
# log_avg_NatM:
-1.60233565812
# m_dev:
 0.156001396358 0.0790888021782 0.192308193616 -0.00557559262594 -0.141978426179 0.00568280769626 0.198359136165 -0.0502394357363 -0.156891377257 0.123975373418 0.221177249335 0.0228152086508 -0.341094622823 -0.463677750033 -0.327606305806 -0.165991756345 0.0160396407974 -0.245780433846 -0.661355736133 -0.632478906582 -0.444274690736 -0.324035837295 -0.205680032732 -0.229629160444 -0.283825033807 0.151441761433 0.471331466561 0.174570432897 -0.193105301486 -0.327984171783 -0.424496217727 -0.353780315289 -0.416232020074 -0.271214514931 0.191380363009 0.405786782666 0.553008419473 0.115636921296 0.377155133865 0.0659209512168 -0.0769885619760 0.0485949025603 0.109635366026 0.475766012987 0.443284148401 0.242490761422 0.0152722473099 -0.0541715624245 0.133775761574 0.295133730995 0.381384164300 0.579914492134 0.551156135726
# log_avg_GrowthK:
-1.59628700000
# log_avg_Linf:
4.87469000000
# GrowthK_dev:
 0.00000000000 0.00000000000 0.00000000000 0.00000000000 0.00000000000 0.00000000000 0.00000000000 0.00000000000 0.00000000000 0.00000000000 0.00000000000 0.00000000000 0.00000000000 0.00000000000 0.00000000000 0.00000000000 0.00000000000 0.00000000000 0.00000000000 0.00000000000 0.00000000000 0.00000000000 0.00000000000 0.00000000000 0.00000000000 0.00000000000 0.00000000000 0.00000000000 0.00000000000 0.00000000000 0.00000000000 0.00000000000 0.00000000000 0.00000000000 0.00000000000 0.00000000000 0.00000000000 0.00000000000 0.00000000000 0.00000000000 0.00000000000 0.00000000000 0.00000000000 0.00000000000 0.00000000000 0.00000000000 0.00000000000 0.00000000000 0.00000000000 0.00000000000 0.00000000000 0.00000000000 0.00000000000
# Linf_dev:
 0.00000000000 0.00000000000 0.00000000000 0.00000000000 0.00000000000 0.00000000000 0.00000000000 0.00000000000 0.00000000000 0.00000000000 0.00000000000 0.00000000000 0.00000000000 0.00000000000 0.00000000000 0.00000000000 0.00000000000 0.00000000000 0.00000000000 0.00000000000 0.00000000000 0.00000000000 0.00000000000 0.00000000000 0.00000000000 0.00000000000 0.00000000000 0.00000000000 0.00000000000 0.00000000000 0.00000000000 0.00000000000 0.00000000000 0.00000000000 0.00000000000 0.00000000000 0.00000000000 0.00000000000 0.00000000000 0.00000000000 0.00000000000 0.00000000000 0.00000000000 0.00000000000 0.00000000000 0.00000000000 0.00000000000 0.00000000000 0.00000000000 0.00000000000 0.00000000000 0.00000000000 0.00000000000
# SelPars50:
2.02318008165
# SelPars95:
3.59841268029
# SelPars_dev50:
 0.00000000000 0.00000000000 0.00000000000 0.00000000000 0.00000000000 0.00000000000 0.00000000000 0.00000000000 0.00000000000 0.00000000000 0.00000000000 0.00000000000 0.00000000000 0.00000000000 0.00000000000 0.00000000000 0.00000000000 0.00000000000 0.00000000000 0.00000000000 0.00000000000 0.00000000000 0.00000000000 0.00000000000 0.00000000000 0.00000000000 0.00000000000 0.00000000000 0.00000000000 0.00000000000 0.00000000000 0.00000000000 0.00000000000 0.00000000000 0.00000000000 0.00000000000 0.00000000000 0.00000000000 0.00000000000 0.00000000000 0.00000000000 0.00000000000 0.00000000000 0.00000000000 0.00000000000 0.00000000000 0.00000000000 0.00000000000 0.00000000000 0.00000000000 0.00000000000 0.00000000000 0.00000000000
# SelPars_dev95:
 0.00000000000 0.00000000000 0.00000000000 0.00000000000 0.00000000000 0.00000000000 0.00000000000 0.00000000000 0.00000000000 0.00000000000 0.00000000000 0.00000000000 0.00000000000 0.00000000000 0.00000000000 0.00000000000 0.00000000000 0.00000000000 0.00000000000 0.00000000000 0.00000000000 0.00000000000 0.00000000000 0.00000000000 0.00000000000 0.00000000000 0.00000000000 0.00000000000 0.00000000000 0.00000000000 0.00000000000 0.00000000000 0.00000000000 0.00000000000 0.00000000000 0.00000000000 0.00000000000 0.00000000000 0.00000000000 0.00000000000 0.00000000000 0.00000000000 0.00000000000 0.00000000000 0.00000000000 0.00000000000 0.00000000000 0.00000000000 0.00000000000 0.00000000000 0.00000000000 0.00000000000 0.00000000000
