# Number of parameters = 163 Objective function value = 79457.1542462533  Maximum gradient component = 0.000361512127487655
# srv_sel50:
1.48391653955
# srv_sel95:
2.45218371045
# stNatLen:
 11.4435272337 11.3037102244 11.1018085281 10.9103768333 10.7260721074 10.5278214843 10.3066932630 10.0681082352 9.82349941004 9.58352466355 9.35554566164 9.14376822862 8.95006435539 8.77491551239 8.61799944942 8.47862271326 8.35589361065 8.24890531172 8.15683572278 8.07900824548 8.01486368474 7.96398698263 7.92613698333 7.90107386885 7.88859384952
# log_avg_fmort_dir:
-1.70905165567
# fmort_dir_dev:
 -1.71736073862 -1.70318602715 -1.25976220025 -0.891988509764 -0.728944198076 -0.417542998266 -0.322707578882 -0.0702517525412 -0.188092276836 0.0400227998824 0.206745778089 0.287729262164 0.378270423525 0.493522888917 0.431781011864 0.481679900883 0.462664184808 0.485742587062 0.354387716804 0.418030309044 0.393971049411 0.494019642163 0.300218438543 0.389256107311 0.358409365947 0.308673189415 0.385929371494 0.276827965014 0.243970466724 0.259964495270 0.189583854178 0.224465996161 0.188844020849 0.127873755599 0.172455865776 0.0494791123403 0.161602423785 0.180524042440 0.0350490458373 0.0767017945744 0.0765588119110 0.0433901438685 0.0828512589165 0.0622739107686 0.100150645820 0.0450993693943 0.107559929246 0.0190810556768 0.0828959128388 0.0677599269176 -0.373721222122 -0.245460350335 -0.140262426738 -0.173864207683 -0.119254500660 -0.138164970944 -0.164634700869 -0.0627699819542 -0.148943099854 0.0152973180891 -0.0442449631448 -0.121212149566 -0.0338097891854 -0.129445313125 -0.234339665802 -0.131351526961
# mean_log_rec:
11.1159902759
# rec_dev:
 0.400930499305 0.378098004699 0.372557370056 0.366038661467 0.353680838006 0.339866603455 0.325885714179 0.329734453695 0.326495456851 0.298791790299 0.265805007153 0.230129907963 0.200813377213 0.155466094378 0.114117605808 0.0586294581621 0.000682630311684 -0.0389531674718 -0.0701802236441 -0.111823676664 -0.161318476604 -0.170903755573 -0.183233464921 -0.192245231773 -0.166930239012 -0.168261913745 -0.168486517306 -0.153377095363 -0.143051195802 -0.145266024171 -0.166256567159 -0.161253288151 -0.144472382150 -0.135292415921 -0.125720118880 -0.128353228924 -0.133559260924 -0.123172577127 -0.126637271973 -0.132405078968 -0.131700553621 -0.128451533274 -0.109532159076 -0.115559391611 -0.108778163825 -0.0948173301670 -0.0864067229519 -0.0777714252960 -0.0690166201719 -0.0717963582582 -0.0698169726938 -0.0487485294212 -0.0219083508800 -0.0122095486168 -0.00362928254246 0.00157363940802 -0.00305935627724 -0.00330504439079 -0.00341507161285 -0.00189843823197 -0.00359225465664 -0.00203856865283 -0.0134901388901 -0.0248995105206 -0.0311513067230 -0.0311513078198
# log_avg_NatM:
-1.60943800000
# m_dev:
 0.00000000000 0.00000000000 0.00000000000 0.00000000000 0.00000000000 0.00000000000 0.00000000000 0.00000000000 0.00000000000 0.00000000000 0.00000000000 0.00000000000 0.00000000000 0.00000000000 0.00000000000 0.00000000000 0.00000000000 0.00000000000 0.00000000000 0.00000000000 0.00000000000 0.00000000000 0.00000000000 0.00000000000 0.00000000000 0.00000000000 0.00000000000 0.00000000000 0.00000000000 0.00000000000 0.00000000000 0.00000000000 0.00000000000 0.00000000000 0.00000000000 0.00000000000 0.00000000000 0.00000000000 0.00000000000 0.00000000000 0.00000000000 0.00000000000 0.00000000000 0.00000000000 0.00000000000 0.00000000000 0.00000000000 0.00000000000 0.00000000000 0.00000000000 0.00000000000 0.00000000000 0.00000000000 0.00000000000 0.00000000000 0.00000000000 0.00000000000 0.00000000000 0.00000000000 0.00000000000 0.00000000000 0.00000000000 0.00000000000 0.00000000000 0.00000000000 0.00000000000
# log_avg_GrowthK:
-1.60943800000
# log_avg_Linf:
4.88280200000
# GrowthK_dev:
 0.00000000000 0.00000000000 0.00000000000 0.00000000000 0.00000000000 0.00000000000 0.00000000000 0.00000000000 0.00000000000 0.00000000000 0.00000000000 0.00000000000 0.00000000000 0.00000000000 0.00000000000 0.00000000000 0.00000000000 0.00000000000 0.00000000000 0.00000000000 0.00000000000 0.00000000000 0.00000000000 0.00000000000 0.00000000000 0.00000000000 0.00000000000 0.00000000000 0.00000000000 0.00000000000 0.00000000000 0.00000000000 0.00000000000 0.00000000000 0.00000000000 0.00000000000 0.00000000000 0.00000000000 0.00000000000 0.00000000000 0.00000000000 0.00000000000 0.00000000000 0.00000000000 0.00000000000 0.00000000000 0.00000000000 0.00000000000 0.00000000000 0.00000000000 0.00000000000 0.00000000000 0.00000000000 0.00000000000 0.00000000000 0.00000000000 0.00000000000 0.00000000000 0.00000000000 0.00000000000 0.00000000000 0.00000000000 0.00000000000 0.00000000000 0.00000000000 0.00000000000
# Linf_dev:
 0.00000000000 0.00000000000 0.00000000000 0.00000000000 0.00000000000 0.00000000000 0.00000000000 0.00000000000 0.00000000000 0.00000000000 0.00000000000 0.00000000000 0.00000000000 0.00000000000 0.00000000000 0.00000000000 0.00000000000 0.00000000000 0.00000000000 0.00000000000 0.00000000000 0.00000000000 0.00000000000 0.00000000000 0.00000000000 0.00000000000 0.00000000000 0.00000000000 0.00000000000 0.00000000000 0.00000000000 0.00000000000 0.00000000000 0.00000000000 0.00000000000 0.00000000000 0.00000000000 0.00000000000 0.00000000000 0.00000000000 0.00000000000 0.00000000000 0.00000000000 0.00000000000 0.00000000000 0.00000000000 0.00000000000 0.00000000000 0.00000000000 0.00000000000 0.00000000000 0.00000000000 0.00000000000 0.00000000000 0.00000000000 0.00000000000 0.00000000000 0.00000000000 0.00000000000 0.00000000000 0.00000000000 0.00000000000 0.00000000000 0.00000000000 0.00000000000 0.00000000000
# SelPars50:
2.02340454528
# SelPars95:
3.59219480248
# SelPars_dev50:
 0.00000000000 0.00000000000 0.00000000000 0.00000000000 0.00000000000 0.00000000000 0.00000000000 0.00000000000 0.00000000000 0.00000000000 0.00000000000 0.00000000000 0.00000000000 0.00000000000 0.00000000000 0.00000000000 0.00000000000 0.00000000000 0.00000000000 0.00000000000 0.00000000000 0.00000000000 0.00000000000 0.00000000000 0.00000000000 0.00000000000 0.00000000000 0.00000000000 0.00000000000 0.00000000000 0.00000000000 0.00000000000 0.00000000000 0.00000000000 0.00000000000 0.00000000000 0.00000000000 0.00000000000 0.00000000000 0.00000000000 0.00000000000 0.00000000000 0.00000000000 0.00000000000 0.00000000000 0.00000000000 0.00000000000 0.00000000000 0.00000000000 0.00000000000 0.00000000000 0.00000000000 0.00000000000 0.00000000000 0.00000000000 0.00000000000 0.00000000000 0.00000000000 0.00000000000 0.00000000000 0.00000000000 0.00000000000 0.00000000000 0.00000000000 0.00000000000 0.00000000000
# SelPars_dev95:
 0.00000000000 0.00000000000 0.00000000000 0.00000000000 0.00000000000 0.00000000000 0.00000000000 0.00000000000 0.00000000000 0.00000000000 0.00000000000 0.00000000000 0.00000000000 0.00000000000 0.00000000000 0.00000000000 0.00000000000 0.00000000000 0.00000000000 0.00000000000 0.00000000000 0.00000000000 0.00000000000 0.00000000000 0.00000000000 0.00000000000 0.00000000000 0.00000000000 0.00000000000 0.00000000000 0.00000000000 0.00000000000 0.00000000000 0.00000000000 0.00000000000 0.00000000000 0.00000000000 0.00000000000 0.00000000000 0.00000000000 0.00000000000 0.00000000000 0.00000000000 0.00000000000 0.00000000000 0.00000000000 0.00000000000 0.00000000000 0.00000000000 0.00000000000 0.00000000000 0.00000000000 0.00000000000 0.00000000000 0.00000000000 0.00000000000 0.00000000000 0.00000000000 0.00000000000 0.00000000000 0.00000000000 0.00000000000 0.00000000000 0.00000000000 0.00000000000 0.00000000000
