# Number of parameters = 163 Objective function value = 79488.7  Maximum gradient component = 0.000417142
# srv_sel50:
1.53699734840
# srv_sel95:
2.61039346711
# stNatLen:
 11.4626431940 11.3106494283 11.0980513081 10.9034816917 10.7180983390 10.5173992934 10.2935817659 10.0542885706 9.81196404443 9.57700517872 9.35597486689 9.15222972239 8.96699169118 8.80026762232 8.65145522675 8.51967818334 8.40398758920 8.30343411169 8.21712315635 8.14428729789 8.08440179323 8.03704859495 8.00196016876 7.97879352309 7.96728677192
# log_avg_fmort_dir:
-1.66452150983
# fmort_dir_dev:
 -1.69611900594 -1.70885589375 -1.30183701185 -0.925099399725 -0.654755180331 -0.440524773142 -0.378046912512 -0.161376932503 0.0331394739932 0.153732125306 0.246598757847 0.350532783988 0.375089255696 0.412549231480 0.506637614231 0.561300885756 0.642548968465 0.512469874756 0.586958504933 0.555235146619 0.462728047843 0.394629179983 0.486802160748 0.418556136834 0.427464999651 0.461691653536 0.429621371843 0.300801012939 0.266835525448 0.168920662747 0.242866990418 0.153984140406 0.0998896978715 -0.00629269469547 0.0817060421319 0.0372074001160 0.101960034615 0.0933344180610 0.103263313438 0.0399239412940 0.0128364450070 0.0717461259989 0.0616016225762 0.0442471107891 -0.0330678059573 0.0503214127066 0.0912804017448 0.0817473946501 0.0659943846582 0.0524705966084 -0.361842536214 -0.156238576686 -0.0834081662843 -0.232292657991 -0.293486821817 -0.219793386842 -0.218058458456 -0.163693626521 -0.284328261785 -0.263852302247 -0.187095671340 -0.00761350105011 -0.0611167127862 -0.0937775736275 -0.181826440499 -0.126824543187
# mean_log_rec:
11.1502717141
# rec_dev:
 0.385646294545 0.366451043809 0.365913699826 0.358961030763 0.351278358236 0.350857073072 0.352038631980 0.337416095160 0.310953081716 0.283168420642 0.247597667365 0.226595546439 0.212384857796 0.173046979715 0.131553292638 0.0780355285971 0.0218681907527 -0.0374358713140 -0.0895528440156 -0.104260741912 -0.110165241125 -0.137454938483 -0.151551830455 -0.170914623187 -0.192139443111 -0.199815939265 -0.207644015684 -0.209302774691 -0.221991269078 -0.242804856313 -0.235094777183 -0.225798226992 -0.208556680416 -0.182294134698 -0.166715411529 -0.159370623840 -0.162825501509 -0.162308241825 -0.153957828569 -0.157929226216 -0.155290575685 -0.170013908529 -0.173265862763 -0.143993493141 -0.138975941248 -0.133896815670 -0.118546368815 -0.112796604585 -0.110526972414 -0.108775678607 -0.0975569668762 -0.0648562724275 -0.0258802498568 -0.00240459136743 0.00556299319054 0.0224613967872 0.0424488279067 0.0384757828244 0.0473538896740 0.0726898519749 0.101137186588 0.121640571250 0.123338099110 0.117102122738 0.100344414980 0.100344413319
# log_avg_NatM:
-1.60943800000
# m_dev:
 0.00000000000 0.00000000000 0.00000000000 0.00000000000 0.00000000000 0.00000000000 0.00000000000 0.00000000000 0.00000000000 0.00000000000 0.00000000000 0.00000000000 0.00000000000 0.00000000000 0.00000000000 0.00000000000 0.00000000000 0.00000000000 0.00000000000 0.00000000000 0.00000000000 0.00000000000 0.00000000000 0.00000000000 0.00000000000 0.00000000000 0.00000000000 0.00000000000 0.00000000000 0.00000000000 0.00000000000 0.00000000000 0.00000000000 0.00000000000 0.00000000000 0.00000000000 0.00000000000 0.00000000000 0.00000000000 0.00000000000 0.00000000000 0.00000000000 0.00000000000 0.00000000000 0.00000000000 0.00000000000 0.00000000000 0.00000000000 0.00000000000 0.00000000000 0.00000000000 0.00000000000 0.00000000000 0.00000000000 0.00000000000 0.00000000000 0.00000000000 0.00000000000 0.00000000000 0.00000000000 0.00000000000 0.00000000000 0.00000000000 0.00000000000 0.00000000000 0.00000000000
# log_avg_GrowthK:
-1.60943800000
# log_avg_Linf:
4.88280200000
# GrowthK_dev:
 0.00000000000 0.00000000000 0.00000000000 0.00000000000 0.00000000000 0.00000000000 0.00000000000 0.00000000000 0.00000000000 0.00000000000 0.00000000000 0.00000000000 0.00000000000 0.00000000000 0.00000000000 0.00000000000 0.00000000000 0.00000000000 0.00000000000 0.00000000000 0.00000000000 0.00000000000 0.00000000000 0.00000000000 0.00000000000 0.00000000000 0.00000000000 0.00000000000 0.00000000000 0.00000000000 0.00000000000 0.00000000000 0.00000000000 0.00000000000 0.00000000000 0.00000000000 0.00000000000 0.00000000000 0.00000000000 0.00000000000 0.00000000000 0.00000000000 0.00000000000 0.00000000000 0.00000000000 0.00000000000 0.00000000000 0.00000000000 0.00000000000 0.00000000000 0.00000000000 0.00000000000 0.00000000000 0.00000000000 0.00000000000 0.00000000000 0.00000000000 0.00000000000 0.00000000000 0.00000000000 0.00000000000 0.00000000000 0.00000000000 0.00000000000 0.00000000000 0.00000000000
# Linf_dev:
 0.00000000000 0.00000000000 0.00000000000 0.00000000000 0.00000000000 0.00000000000 0.00000000000 0.00000000000 0.00000000000 0.00000000000 0.00000000000 0.00000000000 0.00000000000 0.00000000000 0.00000000000 0.00000000000 0.00000000000 0.00000000000 0.00000000000 0.00000000000 0.00000000000 0.00000000000 0.00000000000 0.00000000000 0.00000000000 0.00000000000 0.00000000000 0.00000000000 0.00000000000 0.00000000000 0.00000000000 0.00000000000 0.00000000000 0.00000000000 0.00000000000 0.00000000000 0.00000000000 0.00000000000 0.00000000000 0.00000000000 0.00000000000 0.00000000000 0.00000000000 0.00000000000 0.00000000000 0.00000000000 0.00000000000 0.00000000000 0.00000000000 0.00000000000 0.00000000000 0.00000000000 0.00000000000 0.00000000000 0.00000000000 0.00000000000 0.00000000000 0.00000000000 0.00000000000 0.00000000000 0.00000000000 0.00000000000 0.00000000000 0.00000000000 0.00000000000 0.00000000000
# SelPars50:
2.10817096260
# SelPars95:
3.80365801452
# SelPars_dev50:
 0.00000000000 0.00000000000 0.00000000000 0.00000000000 0.00000000000 0.00000000000 0.00000000000 0.00000000000 0.00000000000 0.00000000000 0.00000000000 0.00000000000 0.00000000000 0.00000000000 0.00000000000 0.00000000000 0.00000000000 0.00000000000 0.00000000000 0.00000000000 0.00000000000 0.00000000000 0.00000000000 0.00000000000 0.00000000000 0.00000000000 0.00000000000 0.00000000000 0.00000000000 0.00000000000 0.00000000000 0.00000000000 0.00000000000 0.00000000000 0.00000000000 0.00000000000 0.00000000000 0.00000000000 0.00000000000 0.00000000000 0.00000000000 0.00000000000 0.00000000000 0.00000000000 0.00000000000 0.00000000000 0.00000000000 0.00000000000 0.00000000000 0.00000000000 0.00000000000 0.00000000000 0.00000000000 0.00000000000 0.00000000000 0.00000000000 0.00000000000 0.00000000000 0.00000000000 0.00000000000 0.00000000000 0.00000000000 0.00000000000 0.00000000000 0.00000000000 0.00000000000
# SelPars_dev95:
 0.00000000000 0.00000000000 0.00000000000 0.00000000000 0.00000000000 0.00000000000 0.00000000000 0.00000000000 0.00000000000 0.00000000000 0.00000000000 0.00000000000 0.00000000000 0.00000000000 0.00000000000 0.00000000000 0.00000000000 0.00000000000 0.00000000000 0.00000000000 0.00000000000 0.00000000000 0.00000000000 0.00000000000 0.00000000000 0.00000000000 0.00000000000 0.00000000000 0.00000000000 0.00000000000 0.00000000000 0.00000000000 0.00000000000 0.00000000000 0.00000000000 0.00000000000 0.00000000000 0.00000000000 0.00000000000 0.00000000000 0.00000000000 0.00000000000 0.00000000000 0.00000000000 0.00000000000 0.00000000000 0.00000000000 0.00000000000 0.00000000000 0.00000000000 0.00000000000 0.00000000000 0.00000000000 0.00000000000 0.00000000000 0.00000000000 0.00000000000 0.00000000000 0.00000000000 0.00000000000 0.00000000000 0.00000000000 0.00000000000 0.00000000000 0.00000000000 0.00000000000
