# Number of parameters = 197 Objective function value = 65812.1444166728  Maximum gradient component = 0.000527788428467566
# srv_sel50:
1.46918371081
# srv_sel95:
2.42515431726
# stNatLen:
 11.3110574518 11.1807645215 10.9821799876 10.7912414312 10.6064982997 10.4076484725 10.1863105083 9.94821884848 9.70479893597 9.46649310297 9.24044535359 9.03066313567 8.83893398994 8.66566332028 8.51050860654 8.37274568334 8.25152372165 8.14603272253 8.05546469938 7.97910490150 7.91631039513 7.86660328415 7.82957648614 7.80488976325 7.79250435542
# log_avg_fmort_dir:
-1.60123996174
# fmort_dir_dev:
 -1.95775399254 -1.88875417735 -1.34666821552 -0.917738376504 -0.590010086205 -0.400050309252 -0.260943139751 -0.0409167813150 -0.0955490192519 0.0718628598617 0.151592631464 0.297685490609 0.270965908116 0.397110050360 0.509951417302 0.601839614322 0.501687494029 0.469142346264 0.433969570860 0.350404394369 0.470393765555 0.338046104294 0.320914634026 0.332563075228 0.266802366595 0.302574419712 0.204585762752 0.201329194272 0.178546673891 0.155425501621 0.0581379741877 -0.0383189637032 -0.0691175785626 0.0923500072078 0.0866845858293 0.00410840041907 0.0243369129396 0.150490160550 -0.0392415416257 0.00761553527083 -0.0982844818693 0.00726482367331 0.0455992757924 -0.0265896863619 -0.0602489597091 -0.00410748087746 -0.0116674998744 0.0659487926951 -0.0323320736504 -0.107702195320 0.285188364278 0.163960289700 -0.226221709116 0.246510686601 0.146627183703
# mean_log_rec:
11.1129773178
# rec_dev:
 0.374736128004 0.373288208630 0.345073021166 0.279765738624 0.229414528141 0.193023832246 0.182730752606 0.202777855168 0.229116933551 0.213566118454 0.160331153679 0.116939461399 0.0732306253905 0.0200484220987 -0.0498371452508 -0.102131021922 -0.134974451016 -0.143535424184 -0.143747824970 -0.197470909739 -0.240710777976 -0.238418645558 -0.230499619009 -0.228819679971 -0.248448120205 -0.245828110908 -0.227581600129 -0.219704759368 -0.218246495117 -0.179104218453 -0.128900792328 -0.105601957803 -0.120375004933 -0.156951065725 -0.0602521414457 0.0217366474041 0.0364051585073 0.0297309187649 0.0726000708613 0.105329038415 0.0393259161250 0.00338710575651 0.0387059259831 0.0788502603922 0.0661292628911 0.0185993201945 0.0188439817715 0.0558297779166 0.100004542087 0.0911932726778 0.0665422396388 0.0271006622253 -0.0478448755560 -0.0976861244518 -0.0976861147501
# log_avg_NatM:
-1.59512533298
# m_dev:
 -0.605655966634 -0.317464678037 0.180452625877 0.206207334580 0.0655198354563 0.0351453166976 -0.201441175868 -0.365131539385 -0.438890299482 -0.172624174317 -0.00370030847415 -0.0724540266238 -0.0933118255122 -0.193445580132 -0.141859183802 -0.167847957445 -0.260755973885 -0.491813467779 -0.376330713271 0.0809448313563 -0.0503715061842 -0.235365561467 -0.300655584156 -0.142896112336 -0.0284684812970 -0.157165860253 -0.161611742590 -0.0952015949967 -0.0742866935424 -0.209465360157 -0.143703502160 -0.0960576433750 0.0319697705749 0.211532371235 0.113209649990 0.213079328547 0.0781923765601 0.237346801593 -0.0631381324226 0.103389760813 0.556720404908 0.309241588912 0.0358793082253 0.0751281750858 0.287996067990 0.433641809868 0.161132949326 0.0885558833959 0.0293267409834 0.261355174333 0.299542630357 0.245114350793 0.415698868759 0.444366788408 0.460423900959
# log_avg_GrowthK:
-1.60943800000
# log_avg_Linf:
4.88280200000
# GrowthK_dev:
 0.00000000000 0.00000000000 0.00000000000 0.00000000000 0.00000000000 0.00000000000 0.00000000000 0.00000000000 0.00000000000 0.00000000000 0.00000000000 0.00000000000 0.00000000000 0.00000000000 0.00000000000 0.00000000000 0.00000000000 0.00000000000 0.00000000000 0.00000000000 0.00000000000 0.00000000000 0.00000000000 0.00000000000 0.00000000000 0.00000000000 0.00000000000 0.00000000000 0.00000000000 0.00000000000 0.00000000000 0.00000000000 0.00000000000 0.00000000000 0.00000000000 0.00000000000 0.00000000000 0.00000000000 0.00000000000 0.00000000000 0.00000000000 0.00000000000 0.00000000000 0.00000000000 0.00000000000 0.00000000000 0.00000000000 0.00000000000 0.00000000000 0.00000000000 0.00000000000 0.00000000000 0.00000000000 0.00000000000 0.00000000000
# Linf_dev:
 0.00000000000 0.00000000000 0.00000000000 0.00000000000 0.00000000000 0.00000000000 0.00000000000 0.00000000000 0.00000000000 0.00000000000 0.00000000000 0.00000000000 0.00000000000 0.00000000000 0.00000000000 0.00000000000 0.00000000000 0.00000000000 0.00000000000 0.00000000000 0.00000000000 0.00000000000 0.00000000000 0.00000000000 0.00000000000 0.00000000000 0.00000000000 0.00000000000 0.00000000000 0.00000000000 0.00000000000 0.00000000000 0.00000000000 0.00000000000 0.00000000000 0.00000000000 0.00000000000 0.00000000000 0.00000000000 0.00000000000 0.00000000000 0.00000000000 0.00000000000 0.00000000000 0.00000000000 0.00000000000 0.00000000000 0.00000000000 0.00000000000 0.00000000000 0.00000000000 0.00000000000 0.00000000000 0.00000000000 0.00000000000
# SelPars50:
2.00858283748
# SelPars95:
3.55647271010
# SelPars_dev50:
 0.00000000000 0.00000000000 0.00000000000 0.00000000000 0.00000000000 0.00000000000 0.00000000000 0.00000000000 0.00000000000 0.00000000000 0.00000000000 0.00000000000 0.00000000000 0.00000000000 0.00000000000 0.00000000000 0.00000000000 0.00000000000 0.00000000000 0.00000000000 0.00000000000 0.00000000000 0.00000000000 0.00000000000 0.00000000000 0.00000000000 0.00000000000 0.00000000000 0.00000000000 0.00000000000 0.00000000000 0.00000000000 0.00000000000 0.00000000000 0.00000000000 0.00000000000 0.00000000000 0.00000000000 0.00000000000 0.00000000000 0.00000000000 0.00000000000 0.00000000000 0.00000000000 0.00000000000 0.00000000000 0.00000000000 0.00000000000 0.00000000000 0.00000000000 0.00000000000 0.00000000000 0.00000000000 0.00000000000 0.00000000000
# SelPars_dev95:
 0.00000000000 0.00000000000 0.00000000000 0.00000000000 0.00000000000 0.00000000000 0.00000000000 0.00000000000 0.00000000000 0.00000000000 0.00000000000 0.00000000000 0.00000000000 0.00000000000 0.00000000000 0.00000000000 0.00000000000 0.00000000000 0.00000000000 0.00000000000 0.00000000000 0.00000000000 0.00000000000 0.00000000000 0.00000000000 0.00000000000 0.00000000000 0.00000000000 0.00000000000 0.00000000000 0.00000000000 0.00000000000 0.00000000000 0.00000000000 0.00000000000 0.00000000000 0.00000000000 0.00000000000 0.00000000000 0.00000000000 0.00000000000 0.00000000000 0.00000000000 0.00000000000 0.00000000000 0.00000000000 0.00000000000 0.00000000000 0.00000000000 0.00000000000 0.00000000000 0.00000000000 0.00000000000 0.00000000000 0.00000000000
