# Number of parameters = 200 Objective function value = 67013.2665420645  Maximum gradient component = 0.000254373076086874
# srv_sel50:
1.46254847447
# srv_sel95:
2.40366435227
# stNatLen:
 11.3457829135 11.2089019295 11.0116573567 10.8221231853 10.6361572397 10.4340025797 10.2092886348 9.96942131725 9.72639327611 9.49040466260 9.26802767638 9.06270580158 8.87576620572 8.70730836805 8.55678050798 8.42335061993 8.30612616893 8.20418941779 8.11675169954 8.04311147325 7.98262959164 7.93481242926 7.89919299836 7.87564864009 7.86388541528
# log_avg_fmort_dir:
-1.60352437874
# fmort_dir_dev:
 -1.83133756413 -1.79543939388 -1.21370090263 -0.910878930687 -0.589112628794 -0.375258183970 -0.207737740071 -0.0168758155413 0.0105930205924 0.124656777058 0.219192837782 0.326854116970 0.341920763464 0.439574209288 0.504786749198 0.593973287741 0.492114942201 0.474414049891 0.555145044493 0.453619808063 0.465210879964 0.408377348038 0.272313581552 0.309408150516 0.218259343897 0.249651593985 0.184379084343 0.282947929382 0.158214099889 0.0981374819051 0.0702510234935 0.0718146957070 0.0485197081791 -0.0344510729580 0.0136196939546 0.0780354721953 0.162345663811 -0.0210289442398 -0.0846169880236 0.0201887728847 0.0260881551390 -0.0138678346832 -0.0263019275682 0.0782527594433 0.0146142798939 -0.0319255060440 -0.0112900752741 -0.0269063914374 -0.0921312316356 -0.0959877601283 0.311665460704 -0.367538411738 -0.388251286844 0.241306583003 -0.328403807252 0.142595028908
# mean_log_rec:
11.1003220509
# rec_dev:
 0.332176553711 0.294241874477 0.272774677964 0.208161766535 0.148837718345 0.123438945391 0.127842991102 0.156525959663 0.169146653544 0.172341363526 0.156657061788 0.113218335834 0.0629330922183 0.000924527616604 -0.0595343624210 -0.106956426318 -0.145704077533 -0.188090840278 -0.210128989465 -0.218586980286 -0.213852337528 -0.195152665042 -0.185702569739 -0.183399658860 -0.185702513998 -0.189874086917 -0.205021690840 -0.198175918259 -0.177130039473 -0.142382493312 -0.108102964908 -0.117022039740 -0.159537702823 -0.186875949372 -0.112081585078 -0.0177049933659 0.0490145985657 0.113103624401 0.106851581914 0.0556586288508 0.000168106480409 -0.00187937041220 0.00804327134072 0.00635773918685 0.0555311414146 0.114912551818 0.158459455728 0.163226514602 0.140388486657 0.0627580525529 0.00657415783408 -0.00858854218684 -0.00102338213188 0.0348188106135 0.0515619627640 0.0515619738497
# log_avg_NatM:
-1.61439874981
# m_dev:
 -0.116164572877 0.110423828047 -0.0693730697651 0.316892412748 0.0982370001590 -0.0713823709528 -0.350217167896 -0.464494494127 -0.379489017615 -0.423509423247 -0.243033628520 -0.106430500447 -0.0899941671516 -0.0897970477304 -0.179536102719 -0.168197941522 -0.226592031250 -0.260776930766 -0.354027188890 -0.323815413415 -0.344803149754 -0.264601472434 -0.161792589640 -0.155372323873 -0.0201216859387 -0.0526526668280 -0.0234828401834 -0.0559554803761 -0.0856250506683 -0.174539888868 -0.177888606713 0.0900939361059 0.186821186958 0.240823962430 0.272130080392 0.0994582777480 -0.0751020795718 -0.103591094430 0.262472906734 0.424150226262 0.486700813476 0.195664167100 0.209722520354 0.258633658666 -0.0187405726465 0.0183742938123 0.0612998759794 0.284056201311 0.321753916330 0.614116666854 0.356466693122 0.196242271409 0.261389399462 0.0252338271626 0.146386065015 0.0935563831791
# log_avg_GrowthK:
-1.60943800000
# log_avg_Linf:
4.88280200000
# GrowthK_dev:
 0.00000000000 0.00000000000 0.00000000000 0.00000000000 0.00000000000 0.00000000000 0.00000000000 0.00000000000 0.00000000000 0.00000000000 0.00000000000 0.00000000000 0.00000000000 0.00000000000 0.00000000000 0.00000000000 0.00000000000 0.00000000000 0.00000000000 0.00000000000 0.00000000000 0.00000000000 0.00000000000 0.00000000000 0.00000000000 0.00000000000 0.00000000000 0.00000000000 0.00000000000 0.00000000000 0.00000000000 0.00000000000 0.00000000000 0.00000000000 0.00000000000 0.00000000000 0.00000000000 0.00000000000 0.00000000000 0.00000000000 0.00000000000 0.00000000000 0.00000000000 0.00000000000 0.00000000000 0.00000000000 0.00000000000 0.00000000000 0.00000000000 0.00000000000 0.00000000000 0.00000000000 0.00000000000 0.00000000000 0.00000000000 0.00000000000
# Linf_dev:
 0.00000000000 0.00000000000 0.00000000000 0.00000000000 0.00000000000 0.00000000000 0.00000000000 0.00000000000 0.00000000000 0.00000000000 0.00000000000 0.00000000000 0.00000000000 0.00000000000 0.00000000000 0.00000000000 0.00000000000 0.00000000000 0.00000000000 0.00000000000 0.00000000000 0.00000000000 0.00000000000 0.00000000000 0.00000000000 0.00000000000 0.00000000000 0.00000000000 0.00000000000 0.00000000000 0.00000000000 0.00000000000 0.00000000000 0.00000000000 0.00000000000 0.00000000000 0.00000000000 0.00000000000 0.00000000000 0.00000000000 0.00000000000 0.00000000000 0.00000000000 0.00000000000 0.00000000000 0.00000000000 0.00000000000 0.00000000000 0.00000000000 0.00000000000 0.00000000000 0.00000000000 0.00000000000 0.00000000000 0.00000000000 0.00000000000
# SelPars50:
2.01764135230
# SelPars95:
3.58901286443
# SelPars_dev50:
 0.00000000000 0.00000000000 0.00000000000 0.00000000000 0.00000000000 0.00000000000 0.00000000000 0.00000000000 0.00000000000 0.00000000000 0.00000000000 0.00000000000 0.00000000000 0.00000000000 0.00000000000 0.00000000000 0.00000000000 0.00000000000 0.00000000000 0.00000000000 0.00000000000 0.00000000000 0.00000000000 0.00000000000 0.00000000000 0.00000000000 0.00000000000 0.00000000000 0.00000000000 0.00000000000 0.00000000000 0.00000000000 0.00000000000 0.00000000000 0.00000000000 0.00000000000 0.00000000000 0.00000000000 0.00000000000 0.00000000000 0.00000000000 0.00000000000 0.00000000000 0.00000000000 0.00000000000 0.00000000000 0.00000000000 0.00000000000 0.00000000000 0.00000000000 0.00000000000 0.00000000000 0.00000000000 0.00000000000 0.00000000000 0.00000000000
# SelPars_dev95:
 0.00000000000 0.00000000000 0.00000000000 0.00000000000 0.00000000000 0.00000000000 0.00000000000 0.00000000000 0.00000000000 0.00000000000 0.00000000000 0.00000000000 0.00000000000 0.00000000000 0.00000000000 0.00000000000 0.00000000000 0.00000000000 0.00000000000 0.00000000000 0.00000000000 0.00000000000 0.00000000000 0.00000000000 0.00000000000 0.00000000000 0.00000000000 0.00000000000 0.00000000000 0.00000000000 0.00000000000 0.00000000000 0.00000000000 0.00000000000 0.00000000000 0.00000000000 0.00000000000 0.00000000000 0.00000000000 0.00000000000 0.00000000000 0.00000000000 0.00000000000 0.00000000000 0.00000000000 0.00000000000 0.00000000000 0.00000000000 0.00000000000 0.00000000000 0.00000000000 0.00000000000 0.00000000000 0.00000000000 0.00000000000 0.00000000000
