# Number of parameters = 163 Objective function value = 79454.1127101371  Maximum gradient component = 0.000299397160324359
# srv_sel50:
1.54508907309
# srv_sel95:
2.63556367965
# stNatLen:
 11.4263925486 11.2734836667 11.0472834717 10.8435256128 10.6633949492 10.4792335294 10.2710214125 10.0360108263 9.78356047421 9.52648329031 9.27564997539 9.03833837953 8.81864880201 8.61842995752 8.43816952478 8.27755154869 8.13586139411 8.01229380911 7.90600200759 7.81624732871 7.74234145769 7.68371901366 7.64005504631 7.61101124655 7.59653212212
# log_avg_fmort_dir:
-1.65922908049
# fmort_dir_dev:
 -1.80804904589 -1.76193295622 -1.18059437494 -0.933384801372 -0.526992100222 -0.372545272379 -0.194627160214 -0.129855607831 -0.0149017135316 0.114627769612 0.178273291686 0.310034132143 0.254195842297 0.512505152226 0.568224382972 0.537585517765 0.499210132565 0.433100680046 0.519836932235 0.488990590780 0.425491689284 0.420005923776 0.335070528480 0.283998648332 0.392035972125 0.271459518492 0.338514011491 0.342547347394 0.230748480859 0.198973936365 0.291803311018 0.250849590742 0.163632642357 0.140830827216 0.121654982068 0.101960181921 0.137008758801 -0.0276080200162 0.108059117821 0.108030998332 0.0754542488072 0.123619996096 0.0845425654809 0.0157752205576 0.0229818398336 0.0689293612225 0.0820008439002 0.0866051077858 -0.00648567432974 0.0907651846787 -0.257678574889 -0.208761945035 -0.0127064480982 -0.103203937096 -0.0298336391579 0.0206055335624 -0.0692252596124 -0.0656025808273 -0.193263587580 -0.306532261111 -0.420910780392 -0.388755398761 -0.169617861580 -0.151315990442 -0.211483000396 -0.204672801199
# mean_log_rec:
11.1482315367
# rec_dev:
 0.355977033817 0.345691073871 0.353354171235 0.354693822406 0.351075778204 0.340629993163 0.334416415503 0.322905517313 0.317951335807 0.303539009434 0.269479345020 0.245266936353 0.205604664711 0.165192449939 0.112450412940 0.0732766953816 0.0393705872299 -0.0141171007471 -0.0595106255192 -0.0921333464169 -0.136205469632 -0.159865519072 -0.163442479324 -0.194870285433 -0.224678323749 -0.233356949977 -0.237912814549 -0.235918616345 -0.215801748157 -0.190470938681 -0.174839668764 -0.161884253947 -0.135781714968 -0.130851749705 -0.132123620006 -0.134139360249 -0.131087774825 -0.136018379191 -0.134713883161 -0.136086758494 -0.128400636768 -0.122276714147 -0.122277668826 -0.113289390992 -0.106658553028 -0.110920551259 -0.108127574355 -0.0950261215006 -0.0998471655576 -0.120445536229 -0.123764161745 -0.103571138061 -0.0863654589758 -0.0778713095341 -0.0582363991346 -0.0336942629294 -0.0160430858782 -0.00131472700891 0.0257791313461 0.0403677110349 0.0596670035297 0.0901277983281 0.115599926783 0.128967583916 0.121278709729 0.121278729849
# log_avg_NatM:
-1.60943800000
# m_dev:
 0.00000000000 0.00000000000 0.00000000000 0.00000000000 0.00000000000 0.00000000000 0.00000000000 0.00000000000 0.00000000000 0.00000000000 0.00000000000 0.00000000000 0.00000000000 0.00000000000 0.00000000000 0.00000000000 0.00000000000 0.00000000000 0.00000000000 0.00000000000 0.00000000000 0.00000000000 0.00000000000 0.00000000000 0.00000000000 0.00000000000 0.00000000000 0.00000000000 0.00000000000 0.00000000000 0.00000000000 0.00000000000 0.00000000000 0.00000000000 0.00000000000 0.00000000000 0.00000000000 0.00000000000 0.00000000000 0.00000000000 0.00000000000 0.00000000000 0.00000000000 0.00000000000 0.00000000000 0.00000000000 0.00000000000 0.00000000000 0.00000000000 0.00000000000 0.00000000000 0.00000000000 0.00000000000 0.00000000000 0.00000000000 0.00000000000 0.00000000000 0.00000000000 0.00000000000 0.00000000000 0.00000000000 0.00000000000 0.00000000000 0.00000000000 0.00000000000 0.00000000000
# log_avg_GrowthK:
-1.60943800000
# log_avg_Linf:
4.88280200000
# GrowthK_dev:
 0.00000000000 0.00000000000 0.00000000000 0.00000000000 0.00000000000 0.00000000000 0.00000000000 0.00000000000 0.00000000000 0.00000000000 0.00000000000 0.00000000000 0.00000000000 0.00000000000 0.00000000000 0.00000000000 0.00000000000 0.00000000000 0.00000000000 0.00000000000 0.00000000000 0.00000000000 0.00000000000 0.00000000000 0.00000000000 0.00000000000 0.00000000000 0.00000000000 0.00000000000 0.00000000000 0.00000000000 0.00000000000 0.00000000000 0.00000000000 0.00000000000 0.00000000000 0.00000000000 0.00000000000 0.00000000000 0.00000000000 0.00000000000 0.00000000000 0.00000000000 0.00000000000 0.00000000000 0.00000000000 0.00000000000 0.00000000000 0.00000000000 0.00000000000 0.00000000000 0.00000000000 0.00000000000 0.00000000000 0.00000000000 0.00000000000 0.00000000000 0.00000000000 0.00000000000 0.00000000000 0.00000000000 0.00000000000 0.00000000000 0.00000000000 0.00000000000 0.00000000000
# Linf_dev:
 0.00000000000 0.00000000000 0.00000000000 0.00000000000 0.00000000000 0.00000000000 0.00000000000 0.00000000000 0.00000000000 0.00000000000 0.00000000000 0.00000000000 0.00000000000 0.00000000000 0.00000000000 0.00000000000 0.00000000000 0.00000000000 0.00000000000 0.00000000000 0.00000000000 0.00000000000 0.00000000000 0.00000000000 0.00000000000 0.00000000000 0.00000000000 0.00000000000 0.00000000000 0.00000000000 0.00000000000 0.00000000000 0.00000000000 0.00000000000 0.00000000000 0.00000000000 0.00000000000 0.00000000000 0.00000000000 0.00000000000 0.00000000000 0.00000000000 0.00000000000 0.00000000000 0.00000000000 0.00000000000 0.00000000000 0.00000000000 0.00000000000 0.00000000000 0.00000000000 0.00000000000 0.00000000000 0.00000000000 0.00000000000 0.00000000000 0.00000000000 0.00000000000 0.00000000000 0.00000000000 0.00000000000 0.00000000000 0.00000000000 0.00000000000 0.00000000000 0.00000000000
# SelPars50:
2.11115482873
# SelPars95:
3.80890824151
# SelPars_dev50:
 0.00000000000 0.00000000000 0.00000000000 0.00000000000 0.00000000000 0.00000000000 0.00000000000 0.00000000000 0.00000000000 0.00000000000 0.00000000000 0.00000000000 0.00000000000 0.00000000000 0.00000000000 0.00000000000 0.00000000000 0.00000000000 0.00000000000 0.00000000000 0.00000000000 0.00000000000 0.00000000000 0.00000000000 0.00000000000 0.00000000000 0.00000000000 0.00000000000 0.00000000000 0.00000000000 0.00000000000 0.00000000000 0.00000000000 0.00000000000 0.00000000000 0.00000000000 0.00000000000 0.00000000000 0.00000000000 0.00000000000 0.00000000000 0.00000000000 0.00000000000 0.00000000000 0.00000000000 0.00000000000 0.00000000000 0.00000000000 0.00000000000 0.00000000000 0.00000000000 0.00000000000 0.00000000000 0.00000000000 0.00000000000 0.00000000000 0.00000000000 0.00000000000 0.00000000000 0.00000000000 0.00000000000 0.00000000000 0.00000000000 0.00000000000 0.00000000000 0.00000000000
# SelPars_dev95:
 0.00000000000 0.00000000000 0.00000000000 0.00000000000 0.00000000000 0.00000000000 0.00000000000 0.00000000000 0.00000000000 0.00000000000 0.00000000000 0.00000000000 0.00000000000 0.00000000000 0.00000000000 0.00000000000 0.00000000000 0.00000000000 0.00000000000 0.00000000000 0.00000000000 0.00000000000 0.00000000000 0.00000000000 0.00000000000 0.00000000000 0.00000000000 0.00000000000 0.00000000000 0.00000000000 0.00000000000 0.00000000000 0.00000000000 0.00000000000 0.00000000000 0.00000000000 0.00000000000 0.00000000000 0.00000000000 0.00000000000 0.00000000000 0.00000000000 0.00000000000 0.00000000000 0.00000000000 0.00000000000 0.00000000000 0.00000000000 0.00000000000 0.00000000000 0.00000000000 0.00000000000 0.00000000000 0.00000000000 0.00000000000 0.00000000000 0.00000000000 0.00000000000 0.00000000000 0.00000000000 0.00000000000 0.00000000000 0.00000000000 0.00000000000 0.00000000000 0.00000000000
