# Number of parameters = 153 Objective function value = 73317.9  Maximum gradient component = 0.00161918
# srv_sel50:
1.53254192278
# srv_sel95:
2.60280565600
# stNatLen:
 11.4351854383 11.2828066269 11.0738559269 10.8836693460 10.6960496044 10.4862973221 10.2525434910 10.0080222490 9.76728603249 9.54014250828 9.33150162566 9.14297776515 8.97437851072 8.82471192529 8.69264965081 8.57685419663 8.47609174987 8.38926798795 8.31549900613 8.25390555853 8.20380142061 8.16460492616 8.13580074078 8.11687824379 8.10753282019
# log_avg_fmort_dir:
-1.65760374049
# fmort_dir_dev:
 -1.74199977569 -1.79060587813 -1.21964074890 -0.967955034584 -0.687174637175 -0.493850763234 -0.283715402032 -0.138927351720 0.0181606878987 0.0800621946843 0.163043312297 0.256344698136 0.410829003334 0.485170052796 0.543872796223 0.440157984895 0.552085118464 0.592750224822 0.462369876130 0.423981015767 0.468953902061 0.438254748500 0.419454558404 0.307729280873 0.326141321826 0.308939824441 0.320004656520 0.269033317410 0.249746411982 0.161695072680 0.134477415690 0.224905987339 0.159115086667 0.113825672870 0.148454337154 0.0900382110558 0.0463474335756 0.113101083706 -0.00503157073484 -0.00550909703557 0.0428236187561 0.0999825865281 0.0893602756429 0.0399301383336 0.0205147032621 0.0977853615168 0.115874195006 -0.0251586893340 0.0997481141726 0.112437013014 -0.273280276168 -0.161019284876 -0.147732618896 -0.238359300528 -0.341031295215 -0.400888305714 -0.240732165059 -0.153673190181 -0.115148184195 -0.0277156471960 0.0116479221597
# mean_log_rec:
11.1286425991
# rec_dev:
 0.369868060972 0.353145985013 0.362072103282 0.365874221435 0.365575218996 0.365148370958 0.346114360924 0.324637420928 0.310909176816 0.296725287120 0.279246214377 0.240715874265 0.204504999798 0.175009807756 0.139115122994 0.0965357588084 0.0467701179232 -0.000677639690231 -0.0410056426688 -0.0803293502764 -0.119180966057 -0.141444252634 -0.151715509684 -0.155361992580 -0.167132935817 -0.171929584165 -0.168137119444 -0.159190677536 -0.151034979898 -0.155373423972 -0.166408215267 -0.177256711716 -0.183126967365 -0.177712382175 -0.171615031118 -0.166628502970 -0.158908357063 -0.155026422434 -0.149567889818 -0.145825530865 -0.146306215985 -0.134705328450 -0.108909140597 -0.105850581421 -0.111043858342 -0.105023085351 -0.107750232613 -0.112502158938 -0.108859717111 -0.101215822766 -0.0844478407697 -0.0606718596048 -0.0421940003775 -0.0321579603127 -0.0166214271143 -0.00717028928888 0.00567020842352 0.0165533946725 0.0208652071932 0.00748134088337 0.00748135071836
# log_avg_NatM:
-1.57404300000
# m_dev:
 0.00000000000 0.00000000000 0.00000000000 0.00000000000 0.00000000000 0.00000000000 0.00000000000 0.00000000000 0.00000000000 0.00000000000 0.00000000000 0.00000000000 0.00000000000 0.00000000000 0.00000000000 0.00000000000 0.00000000000 0.00000000000 0.00000000000 0.00000000000 0.00000000000 0.00000000000 0.00000000000 0.00000000000 0.00000000000 0.00000000000 0.00000000000 0.00000000000 0.00000000000 0.00000000000 0.00000000000 0.00000000000 0.00000000000 0.00000000000 0.00000000000 0.00000000000 0.00000000000 0.00000000000 0.00000000000 0.00000000000 0.00000000000 0.00000000000 0.00000000000 0.00000000000 0.00000000000 0.00000000000 0.00000000000 0.00000000000 0.00000000000 0.00000000000 0.00000000000 0.00000000000 0.00000000000 0.00000000000 0.00000000000 0.00000000000 0.00000000000 0.00000000000 0.00000000000 0.00000000000 0.00000000000
# log_avg_GrowthK:
-1.59008400000
# log_avg_Linf:
5.02672100000
# GrowthK_dev:
 0.00000000000 0.00000000000 0.00000000000 0.00000000000 0.00000000000 0.00000000000 0.00000000000 0.00000000000 0.00000000000 0.00000000000 0.00000000000 0.00000000000 0.00000000000 0.00000000000 0.00000000000 0.00000000000 0.00000000000 0.00000000000 0.00000000000 0.00000000000 0.00000000000 0.00000000000 0.00000000000 0.00000000000 0.00000000000 0.00000000000 0.00000000000 0.00000000000 0.00000000000 0.00000000000 0.00000000000 0.00000000000 0.00000000000 0.00000000000 0.00000000000 0.00000000000 0.00000000000 0.00000000000 0.00000000000 0.00000000000 0.00000000000 0.00000000000 0.00000000000 0.00000000000 0.00000000000 0.00000000000 0.00000000000 0.00000000000 0.00000000000 0.00000000000 0.00000000000 0.00000000000 0.00000000000 0.00000000000 0.00000000000 0.00000000000 0.00000000000 0.00000000000 0.00000000000 0.00000000000 0.00000000000
# Linf_dev:
 0.00000000000 0.00000000000 0.00000000000 0.00000000000 0.00000000000 0.00000000000 0.00000000000 0.00000000000 0.00000000000 0.00000000000 0.00000000000 0.00000000000 0.00000000000 0.00000000000 0.00000000000 0.00000000000 0.00000000000 0.00000000000 0.00000000000 0.00000000000 0.00000000000 0.00000000000 0.00000000000 0.00000000000 0.00000000000 0.00000000000 0.00000000000 0.00000000000 0.00000000000 0.00000000000 0.00000000000 0.00000000000 0.00000000000 0.00000000000 0.00000000000 0.00000000000 0.00000000000 0.00000000000 0.00000000000 0.00000000000 0.00000000000 0.00000000000 0.00000000000 0.00000000000 0.00000000000 0.00000000000 0.00000000000 0.00000000000 0.00000000000 0.00000000000 0.00000000000 0.00000000000 0.00000000000 0.00000000000 0.00000000000 0.00000000000 0.00000000000 0.00000000000 0.00000000000 0.00000000000 0.00000000000
# SelPars50:
2.07985088224
# SelPars95:
3.72271973847
# SelPars_dev50:
 0.00000000000 0.00000000000 0.00000000000 0.00000000000 0.00000000000 0.00000000000 0.00000000000 0.00000000000 0.00000000000 0.00000000000 0.00000000000 0.00000000000 0.00000000000 0.00000000000 0.00000000000 0.00000000000 0.00000000000 0.00000000000 0.00000000000 0.00000000000 0.00000000000 0.00000000000 0.00000000000 0.00000000000 0.00000000000 0.00000000000 0.00000000000 0.00000000000 0.00000000000 0.00000000000 0.00000000000 0.00000000000 0.00000000000 0.00000000000 0.00000000000 0.00000000000 0.00000000000 0.00000000000 0.00000000000 0.00000000000 0.00000000000 0.00000000000 0.00000000000 0.00000000000 0.00000000000 0.00000000000 0.00000000000 0.00000000000 0.00000000000 0.00000000000 0.00000000000 0.00000000000 0.00000000000 0.00000000000 0.00000000000 0.00000000000 0.00000000000 0.00000000000 0.00000000000 0.00000000000 0.00000000000
# SelPars_dev95:
 0.00000000000 0.00000000000 0.00000000000 0.00000000000 0.00000000000 0.00000000000 0.00000000000 0.00000000000 0.00000000000 0.00000000000 0.00000000000 0.00000000000 0.00000000000 0.00000000000 0.00000000000 0.00000000000 0.00000000000 0.00000000000 0.00000000000 0.00000000000 0.00000000000 0.00000000000 0.00000000000 0.00000000000 0.00000000000 0.00000000000 0.00000000000 0.00000000000 0.00000000000 0.00000000000 0.00000000000 0.00000000000 0.00000000000 0.00000000000 0.00000000000 0.00000000000 0.00000000000 0.00000000000 0.00000000000 0.00000000000 0.00000000000 0.00000000000 0.00000000000 0.00000000000 0.00000000000 0.00000000000 0.00000000000 0.00000000000 0.00000000000 0.00000000000 0.00000000000 0.00000000000 0.00000000000 0.00000000000 0.00000000000 0.00000000000 0.00000000000 0.00000000000 0.00000000000 0.00000000000 0.00000000000
