# Number of parameters = 169 Objective function value = 83138.8  Maximum gradient component = 0.000327317
# srv_sel50:
1.51259861801
# srv_sel95:
2.53852534826
# stNatLen:
 11.4459470483 11.2993537343 11.0910494925 10.8981404014 10.7116100364 10.5080259621 10.2812923987 10.0403261261 9.79797249673 9.56444518675 9.34590869888 9.14528953592 8.96347998294 8.80023370647 8.65480889541 8.52621025090 8.41345933419 8.31565325653 8.23198941562 8.16173165226 8.10423898684 8.05896740163 8.02542137338 8.00327609556 7.99229385529
# log_avg_fmort_dir:
-1.68559002345
# fmort_dir_dev:
 -1.75137540245 -1.77557354146 -1.39108649971 -0.990265622005 -0.608421963279 -0.466994589834 -0.250589722455 -0.0965265641289 0.0234822813244 0.0766620161403 0.218210231723 0.184737862067 0.358015301023 0.472165426491 0.577467766560 0.533418740288 0.486741545737 0.491918192517 0.505045703102 0.444830289278 0.417219834171 0.409406720161 0.397496387545 0.435215996457 0.320180962255 0.265469925315 0.260270926919 0.353040380295 0.348720570149 0.212818321660 0.0569053565377 0.248969397349 0.112849585351 0.100583958667 0.0738051509964 0.0108807321021 0.00824015490501 0.137271027183 0.0983877276931 0.0720961497226 0.143583109983 -0.0156685170081 0.0940085276370 0.0838159513577 0.123218644611 0.0938037452986 0.114236316996 0.0917047374337 0.148131158828 0.175502768717 -0.455353525322 -0.339020350630 -0.248415172467 -0.189934022441 -0.240880165727 -0.156591150007 0.0212428705513 0.0325594085182 -0.0723890593968 0.0320405223356 -0.203299125068 -0.0353540596654 -0.0948646108185 -0.158696303241 -0.194783114572 -0.0769893407782 0.0457199538649 0.0536963436840 -0.152716259037
# mean_log_rec:
11.1391558178
# rec_dev:
 0.382394324557 0.368483463444 0.378402910501 0.381018011517 0.379189781758 0.367901962234 0.343751460350 0.315622515435 0.294189236053 0.280611361195 0.260693675904 0.245147694013 0.215041637248 0.167481786496 0.112255204140 0.0616054328827 0.0159277655706 -0.0284217742176 -0.0707199102944 -0.0920389888945 -0.113942992662 -0.124971845916 -0.123418057453 -0.142298140028 -0.163214203616 -0.173834664532 -0.181473616086 -0.203169104968 -0.211615787929 -0.209257092907 -0.223462976222 -0.224320157485 -0.215281677467 -0.201011261308 -0.180720692194 -0.186074745271 -0.191950813049 -0.167158063930 -0.149918940666 -0.132508791663 -0.104844775592 -0.0996737890061 -0.0910030764225 -0.0721279289042 -0.0630896260552 -0.0577356713457 -0.0565870284329 -0.0643887871793 -0.0661433552347 -0.0645952933503 -0.0585253270528 -0.0259942197790 -0.00101411022067 -0.00162413907007 -0.000244513813200 0.0122961987398 0.0117296306111 0.0117104305744 -0.00193797092209 -0.0164596614592 -0.00656957548930 0.00376260503461 -0.00380077167185 -0.0124291762393 -0.0134574074848 0.00247364717786 0.000323562141646 -0.00949190698744 -0.00949188710315
# log_avg_NatM:
-1.60943800000
# m_dev:
 0.00000000000 0.00000000000 0.00000000000 0.00000000000 0.00000000000 0.00000000000 0.00000000000 0.00000000000 0.00000000000 0.00000000000 0.00000000000 0.00000000000 0.00000000000 0.00000000000 0.00000000000 0.00000000000 0.00000000000 0.00000000000 0.00000000000 0.00000000000 0.00000000000 0.00000000000 0.00000000000 0.00000000000 0.00000000000 0.00000000000 0.00000000000 0.00000000000 0.00000000000 0.00000000000 0.00000000000 0.00000000000 0.00000000000 0.00000000000 0.00000000000 0.00000000000 0.00000000000 0.00000000000 0.00000000000 0.00000000000 0.00000000000 0.00000000000 0.00000000000 0.00000000000 0.00000000000 0.00000000000 0.00000000000 0.00000000000 0.00000000000 0.00000000000 0.00000000000 0.00000000000 0.00000000000 0.00000000000 0.00000000000 0.00000000000 0.00000000000 0.00000000000 0.00000000000 0.00000000000 0.00000000000 0.00000000000 0.00000000000 0.00000000000 0.00000000000 0.00000000000 0.00000000000 0.00000000000 0.00000000000
# log_avg_GrowthK:
-1.60943800000
# log_avg_Linf:
4.88280200000
# GrowthK_dev:
 0.00000000000 0.00000000000 0.00000000000 0.00000000000 0.00000000000 0.00000000000 0.00000000000 0.00000000000 0.00000000000 0.00000000000 0.00000000000 0.00000000000 0.00000000000 0.00000000000 0.00000000000 0.00000000000 0.00000000000 0.00000000000 0.00000000000 0.00000000000 0.00000000000 0.00000000000 0.00000000000 0.00000000000 0.00000000000 0.00000000000 0.00000000000 0.00000000000 0.00000000000 0.00000000000 0.00000000000 0.00000000000 0.00000000000 0.00000000000 0.00000000000 0.00000000000 0.00000000000 0.00000000000 0.00000000000 0.00000000000 0.00000000000 0.00000000000 0.00000000000 0.00000000000 0.00000000000 0.00000000000 0.00000000000 0.00000000000 0.00000000000 0.00000000000 0.00000000000 0.00000000000 0.00000000000 0.00000000000 0.00000000000 0.00000000000 0.00000000000 0.00000000000 0.00000000000 0.00000000000 0.00000000000 0.00000000000 0.00000000000 0.00000000000 0.00000000000 0.00000000000 0.00000000000 0.00000000000 0.00000000000
# Linf_dev:
 0.00000000000 0.00000000000 0.00000000000 0.00000000000 0.00000000000 0.00000000000 0.00000000000 0.00000000000 0.00000000000 0.00000000000 0.00000000000 0.00000000000 0.00000000000 0.00000000000 0.00000000000 0.00000000000 0.00000000000 0.00000000000 0.00000000000 0.00000000000 0.00000000000 0.00000000000 0.00000000000 0.00000000000 0.00000000000 0.00000000000 0.00000000000 0.00000000000 0.00000000000 0.00000000000 0.00000000000 0.00000000000 0.00000000000 0.00000000000 0.00000000000 0.00000000000 0.00000000000 0.00000000000 0.00000000000 0.00000000000 0.00000000000 0.00000000000 0.00000000000 0.00000000000 0.00000000000 0.00000000000 0.00000000000 0.00000000000 0.00000000000 0.00000000000 0.00000000000 0.00000000000 0.00000000000 0.00000000000 0.00000000000 0.00000000000 0.00000000000 0.00000000000 0.00000000000 0.00000000000 0.00000000000 0.00000000000 0.00000000000 0.00000000000 0.00000000000 0.00000000000 0.00000000000 0.00000000000 0.00000000000
# SelPars50:
2.06449677142
# SelPars95:
3.69463969444
# SelPars_dev50:
 0.00000000000 0.00000000000 0.00000000000 0.00000000000 0.00000000000 0.00000000000 0.00000000000 0.00000000000 0.00000000000 0.00000000000 0.00000000000 0.00000000000 0.00000000000 0.00000000000 0.00000000000 0.00000000000 0.00000000000 0.00000000000 0.00000000000 0.00000000000 0.00000000000 0.00000000000 0.00000000000 0.00000000000 0.00000000000 0.00000000000 0.00000000000 0.00000000000 0.00000000000 0.00000000000 0.00000000000 0.00000000000 0.00000000000 0.00000000000 0.00000000000 0.00000000000 0.00000000000 0.00000000000 0.00000000000 0.00000000000 0.00000000000 0.00000000000 0.00000000000 0.00000000000 0.00000000000 0.00000000000 0.00000000000 0.00000000000 0.00000000000 0.00000000000 0.00000000000 0.00000000000 0.00000000000 0.00000000000 0.00000000000 0.00000000000 0.00000000000 0.00000000000 0.00000000000 0.00000000000 0.00000000000 0.00000000000 0.00000000000 0.00000000000 0.00000000000 0.00000000000 0.00000000000 0.00000000000 0.00000000000
# SelPars_dev95:
 0.00000000000 0.00000000000 0.00000000000 0.00000000000 0.00000000000 0.00000000000 0.00000000000 0.00000000000 0.00000000000 0.00000000000 0.00000000000 0.00000000000 0.00000000000 0.00000000000 0.00000000000 0.00000000000 0.00000000000 0.00000000000 0.00000000000 0.00000000000 0.00000000000 0.00000000000 0.00000000000 0.00000000000 0.00000000000 0.00000000000 0.00000000000 0.00000000000 0.00000000000 0.00000000000 0.00000000000 0.00000000000 0.00000000000 0.00000000000 0.00000000000 0.00000000000 0.00000000000 0.00000000000 0.00000000000 0.00000000000 0.00000000000 0.00000000000 0.00000000000 0.00000000000 0.00000000000 0.00000000000 0.00000000000 0.00000000000 0.00000000000 0.00000000000 0.00000000000 0.00000000000 0.00000000000 0.00000000000 0.00000000000 0.00000000000 0.00000000000 0.00000000000 0.00000000000 0.00000000000 0.00000000000 0.00000000000 0.00000000000 0.00000000000 0.00000000000 0.00000000000 0.00000000000 0.00000000000 0.00000000000
