# Number of parameters = 179 Objective function value = 58422.1  Maximum gradient component = 0.00137495
# srv_sel50:
1.46161784593
# srv_sel95:
2.40251350690
# stNatLen:
 11.5335886312 11.3717362754 11.1393616442 10.9089116146 10.6835246328 10.4499796581 10.2044779495 9.95340694349 9.70617174113 9.47041041398 9.25077628105 9.04945696043 8.86701096828 8.70308665249 8.55689295348 8.42746520117 8.31384386014 8.21509127540 8.13039441018 8.05907246824 8.00052277277 7.95428988302 7.91995954882 7.89717855755 7.88583246551
# log_avg_fmort_dir:
-1.48311000257
# fmort_dir_dev:
 -0.645689912217 -0.616920513473 -0.505993451654 -0.352893601490 -0.0557538375378 0.0774902372449 0.197336850303 0.186666403603 0.244229558988 0.361004084945 0.426080775001 0.253341185662 0.294588446333 0.283225666464 0.369590209187 0.292930654360 0.115977735492 0.262228675489 0.234959529484 0.278053144689 0.210605564490 0.268701632888 0.128961099127 0.156517651273 0.118345451525 0.00871258922164 0.0131790039803 0.0793986350870 0.0571340892695 -0.106935784276 -0.132855345720 -0.107645040442 -0.0849023995743 0.0105610345771 -0.0113426888875 -0.0723988778739 0.00419701959479 -0.0877123151459 -0.134468317111 -0.237177951023 -0.196712713637 -0.193874114481 -0.112886896623 -0.0858562467530 -0.0957486889499 -0.0598769466006 0.0180197643925 -0.682383857744 -0.372007191454
# mean_log_rec:
11.0578694449
# rec_dev:
 0.474222278675 0.391558019864 0.258752240122 0.145149834548 0.106937827477 0.0942290834410 0.101057064986 0.114966724071 0.0924648580988 0.0724472584828 0.0544608257483 0.00982241504444 -0.0447336826561 -0.0973592357500 -0.0991219625724 -0.0912251951334 -0.128424938453 -0.196779751933 -0.260269041348 -0.279810939218 -0.292861361316 -0.288547091730 -0.268581692681 -0.240426866327 -0.207265359310 -0.194195739878 -0.177048200762 -0.163335455432 -0.136113491134 -0.0900805694147 0.0450350032244 0.102242490009 -0.00127401425996 -0.0756297679230 -0.0787866008823 -0.0502750314939 0.00481723504022 0.0591799092772 0.140209958723 0.195291265899 0.183602182737 0.119862895131 0.0761139756562 0.0820671980111 0.0784652861470 0.0674141273675 0.107062907596 0.142356576167 0.142356548064
# log_avg_NatM:
-1.62973439700
# m_dev:
 0.122851869089 0.216968391962 0.534182722215 0.254720492187 -0.165516693067 -0.337383589838 -0.487182814974 -0.422212324035 -0.319763279808 -0.388678074217 -0.149566339527 -0.0115707337775 0.0550382150943 -0.124708947465 -0.391382326825 -0.166831179256 0.00402445685767 0.159212475231 0.0344093223667 -0.0936768272465 -0.107087345090 -0.148114093860 -0.272338488421 -0.254745817311 -0.171192262682 -0.112958070977 -0.172370687829 -0.108884026709 -0.153222875202 -0.143776390403 -0.0182606756250 0.312903433279 0.616803032819 0.386662437957 0.212297216573 0.0341413411323 0.0364787004545 0.0630062984283 -0.0954476535119 0.0558146819727 0.348445362179 0.507896967257 0.404664283750 0.142016553859 0.281344427027 0.328063017240 0.0249729119943 -0.147083168815 -0.172963924449
# log_avg_GrowthK:
-1.60943800000
# log_avg_Linf:
4.88280200000
# GrowthK_dev:
 0.00000000000 0.00000000000 0.00000000000 0.00000000000 0.00000000000 0.00000000000 0.00000000000 0.00000000000 0.00000000000 0.00000000000 0.00000000000 0.00000000000 0.00000000000 0.00000000000 0.00000000000 0.00000000000 0.00000000000 0.00000000000 0.00000000000 0.00000000000 0.00000000000 0.00000000000 0.00000000000 0.00000000000 0.00000000000 0.00000000000 0.00000000000 0.00000000000 0.00000000000 0.00000000000 0.00000000000 0.00000000000 0.00000000000 0.00000000000 0.00000000000 0.00000000000 0.00000000000 0.00000000000 0.00000000000 0.00000000000 0.00000000000 0.00000000000 0.00000000000 0.00000000000 0.00000000000 0.00000000000 0.00000000000 0.00000000000 0.00000000000
# Linf_dev:
 0.00000000000 0.00000000000 0.00000000000 0.00000000000 0.00000000000 0.00000000000 0.00000000000 0.00000000000 0.00000000000 0.00000000000 0.00000000000 0.00000000000 0.00000000000 0.00000000000 0.00000000000 0.00000000000 0.00000000000 0.00000000000 0.00000000000 0.00000000000 0.00000000000 0.00000000000 0.00000000000 0.00000000000 0.00000000000 0.00000000000 0.00000000000 0.00000000000 0.00000000000 0.00000000000 0.00000000000 0.00000000000 0.00000000000 0.00000000000 0.00000000000 0.00000000000 0.00000000000 0.00000000000 0.00000000000 0.00000000000 0.00000000000 0.00000000000 0.00000000000 0.00000000000 0.00000000000 0.00000000000 0.00000000000 0.00000000000 0.00000000000
# SelPars50:
2.02949979868
# SelPars95:
3.62736555989
# SelPars_dev50:
 0.00000000000 0.00000000000 0.00000000000 0.00000000000 0.00000000000 0.00000000000 0.00000000000 0.00000000000 0.00000000000 0.00000000000 0.00000000000 0.00000000000 0.00000000000 0.00000000000 0.00000000000 0.00000000000 0.00000000000 0.00000000000 0.00000000000 0.00000000000 0.00000000000 0.00000000000 0.00000000000 0.00000000000 0.00000000000 0.00000000000 0.00000000000 0.00000000000 0.00000000000 0.00000000000 0.00000000000 0.00000000000 0.00000000000 0.00000000000 0.00000000000 0.00000000000 0.00000000000 0.00000000000 0.00000000000 0.00000000000 0.00000000000 0.00000000000 0.00000000000 0.00000000000 0.00000000000 0.00000000000 0.00000000000 0.00000000000 0.00000000000
# SelPars_dev95:
 0.00000000000 0.00000000000 0.00000000000 0.00000000000 0.00000000000 0.00000000000 0.00000000000 0.00000000000 0.00000000000 0.00000000000 0.00000000000 0.00000000000 0.00000000000 0.00000000000 0.00000000000 0.00000000000 0.00000000000 0.00000000000 0.00000000000 0.00000000000 0.00000000000 0.00000000000 0.00000000000 0.00000000000 0.00000000000 0.00000000000 0.00000000000 0.00000000000 0.00000000000 0.00000000000 0.00000000000 0.00000000000 0.00000000000 0.00000000000 0.00000000000 0.00000000000 0.00000000000 0.00000000000 0.00000000000 0.00000000000 0.00000000000 0.00000000000 0.00000000000 0.00000000000 0.00000000000 0.00000000000 0.00000000000 0.00000000000 0.00000000000
