# Number of parameters = 161 Objective function value = 77755.8  Maximum gradient component = 0.000267547
# srv_sel50:
1.61509182760
# srv_sel95:
2.82197534536
# stNatLen:
 11.7969390072 11.5962254611 11.3022379536 11.0424354921 10.8227616010 10.6120979948 10.3854772282 10.1362129360 9.87152136914 9.60343776401 9.34266618648 9.09649582853 8.86901934501 8.66203526165 8.47592656867 8.31029203191 8.16437563497 8.03731605534 7.92822285703 7.83628316659 7.76077280433 7.70104985617 7.65663539455 7.62719556121 7.61251137185
# log_avg_fmort_dir:
-1.48050231757
# fmort_dir_dev:
 -0.979636858765 -0.822907699185 -0.574533408215 -0.460384037685 -0.290676239071 -0.0763542054716 -0.0894236891159 0.113623145284 0.109304869428 0.141799485837 0.278095544889 0.254685501607 0.345070907967 0.190389378563 0.186591627470 0.133696806615 0.0944679129001 0.130450834955 0.144716943096 0.194519806618 0.0949366113840 0.211274045667 0.0197273264400 -0.0517617791946 0.0265742248277 0.00236876637878 0.0221295719679 -0.0426493970890 -0.108338271706 -0.0822642241913 0.0691825621130 0.000434234227595 -0.0338830439969 -0.0805747714817 -0.0571937738584 -0.0504729321201 -0.0598770249239 -0.00379750016659 -0.0567518825512 -0.0339609021293 -0.0631592762199 -0.0771118254348 -0.0731995576341 -0.0158046255364 -0.0844129526715 -0.0736848473003 0.0262376453019 0.00302434134015 0.116114992267 0.126270699209 0.190386610662 0.257639777945 0.340871984197 -0.0183155714139 0.276462542539 0.288628430198 0.300798878630 -0.0976150951418 -0.236303131387 0.0473939008236 -0.130444675526 -0.0252743411384 0.182482457210 -0.0299461825051 -0.0396386457313
# mean_log_rec:
11.2684936477
# rec_dev:
 0.569361542383 0.542999712694 0.542278975529 0.540786569855 0.523845908866 0.505864497809 0.473596515570 0.406128551369 0.347048785182 0.300036892353 0.245791760831 0.182591766606 0.131642037485 0.111219437950 0.0767045475287 0.0529729118427 0.0529889345696 0.0277349546747 0.000802444964590 -0.0269360721363 -0.0326529478434 -0.0332217109579 -0.0346626208255 -0.0411665930130 -0.0678990413381 -0.0983273142374 -0.137421819675 -0.180374115505 -0.244032053316 -0.300634100460 -0.235861696901 -0.158826190630 -0.133940465712 -0.135296410012 -0.138164527273 -0.127739101411 -0.113304347152 -0.110797318917 -0.0964219307057 -0.0838292899967 -0.0850444775334 -0.0796627745650 -0.0770724399853 -0.0590434825593 -0.0528831612792 -0.0685178690027 -0.0690463675618 -0.0669200292236 -0.0715265892653 -0.107858414283 -0.130362875230 -0.148637046160 -0.169851074838 -0.189253676097 -0.173772872841 -0.185807834605 -0.219869589773 -0.222657308949 -0.193191689504 -0.168537767812 -0.147616534198 -0.120817998642 -0.0923834620230 -0.101275873882 -0.101275870232
# log_avg_NatM:
-1.47890400000
# m_dev:
 0.00000000000 0.00000000000 0.00000000000 0.00000000000 0.00000000000 0.00000000000 0.00000000000 0.00000000000 0.00000000000 0.00000000000 0.00000000000 0.00000000000 0.00000000000 0.00000000000 0.00000000000 0.00000000000 0.00000000000 0.00000000000 0.00000000000 0.00000000000 0.00000000000 0.00000000000 0.00000000000 0.00000000000 0.00000000000 0.00000000000 0.00000000000 0.00000000000 0.00000000000 0.00000000000 0.00000000000 0.00000000000 0.00000000000 0.00000000000 0.00000000000 0.00000000000 0.00000000000 0.00000000000 0.00000000000 0.00000000000 0.00000000000 0.00000000000 0.00000000000 0.00000000000 0.00000000000 0.00000000000 0.00000000000 0.00000000000 0.00000000000 0.00000000000 0.00000000000 0.00000000000 0.00000000000 0.00000000000 0.00000000000 0.00000000000 0.00000000000 0.00000000000 0.00000000000 0.00000000000 0.00000000000 0.00000000000 0.00000000000 0.00000000000 0.00000000000
# log_avg_GrowthK:
-1.60943800000
# log_avg_Linf:
4.88280200000
# GrowthK_dev:
 0.00000000000 0.00000000000 0.00000000000 0.00000000000 0.00000000000 0.00000000000 0.00000000000 0.00000000000 0.00000000000 0.00000000000 0.00000000000 0.00000000000 0.00000000000 0.00000000000 0.00000000000 0.00000000000 0.00000000000 0.00000000000 0.00000000000 0.00000000000 0.00000000000 0.00000000000 0.00000000000 0.00000000000 0.00000000000 0.00000000000 0.00000000000 0.00000000000 0.00000000000 0.00000000000 0.00000000000 0.00000000000 0.00000000000 0.00000000000 0.00000000000 0.00000000000 0.00000000000 0.00000000000 0.00000000000 0.00000000000 0.00000000000 0.00000000000 0.00000000000 0.00000000000 0.00000000000 0.00000000000 0.00000000000 0.00000000000 0.00000000000 0.00000000000 0.00000000000 0.00000000000 0.00000000000 0.00000000000 0.00000000000 0.00000000000 0.00000000000 0.00000000000 0.00000000000 0.00000000000 0.00000000000 0.00000000000 0.00000000000 0.00000000000 0.00000000000
# Linf_dev:
 0.00000000000 0.00000000000 0.00000000000 0.00000000000 0.00000000000 0.00000000000 0.00000000000 0.00000000000 0.00000000000 0.00000000000 0.00000000000 0.00000000000 0.00000000000 0.00000000000 0.00000000000 0.00000000000 0.00000000000 0.00000000000 0.00000000000 0.00000000000 0.00000000000 0.00000000000 0.00000000000 0.00000000000 0.00000000000 0.00000000000 0.00000000000 0.00000000000 0.00000000000 0.00000000000 0.00000000000 0.00000000000 0.00000000000 0.00000000000 0.00000000000 0.00000000000 0.00000000000 0.00000000000 0.00000000000 0.00000000000 0.00000000000 0.00000000000 0.00000000000 0.00000000000 0.00000000000 0.00000000000 0.00000000000 0.00000000000 0.00000000000 0.00000000000 0.00000000000 0.00000000000 0.00000000000 0.00000000000 0.00000000000 0.00000000000 0.00000000000 0.00000000000 0.00000000000 0.00000000000 0.00000000000 0.00000000000 0.00000000000 0.00000000000 0.00000000000
# SelPars50:
2.21856445003
# SelPars95:
4.04925397332
# SelPars_dev50:
 0.00000000000 0.00000000000 0.00000000000 0.00000000000 0.00000000000 0.00000000000 0.00000000000 0.00000000000 0.00000000000 0.00000000000 0.00000000000 0.00000000000 0.00000000000 0.00000000000 0.00000000000 0.00000000000 0.00000000000 0.00000000000 0.00000000000 0.00000000000 0.00000000000 0.00000000000 0.00000000000 0.00000000000 0.00000000000 0.00000000000 0.00000000000 0.00000000000 0.00000000000 0.00000000000 0.00000000000 0.00000000000 0.00000000000 0.00000000000 0.00000000000 0.00000000000 0.00000000000 0.00000000000 0.00000000000 0.00000000000 0.00000000000 0.00000000000 0.00000000000 0.00000000000 0.00000000000 0.00000000000 0.00000000000 0.00000000000 0.00000000000 0.00000000000 0.00000000000 0.00000000000 0.00000000000 0.00000000000 0.00000000000 0.00000000000 0.00000000000 0.00000000000 0.00000000000 0.00000000000 0.00000000000 0.00000000000 0.00000000000 0.00000000000 0.00000000000
# SelPars_dev95:
 0.00000000000 0.00000000000 0.00000000000 0.00000000000 0.00000000000 0.00000000000 0.00000000000 0.00000000000 0.00000000000 0.00000000000 0.00000000000 0.00000000000 0.00000000000 0.00000000000 0.00000000000 0.00000000000 0.00000000000 0.00000000000 0.00000000000 0.00000000000 0.00000000000 0.00000000000 0.00000000000 0.00000000000 0.00000000000 0.00000000000 0.00000000000 0.00000000000 0.00000000000 0.00000000000 0.00000000000 0.00000000000 0.00000000000 0.00000000000 0.00000000000 0.00000000000 0.00000000000 0.00000000000 0.00000000000 0.00000000000 0.00000000000 0.00000000000 0.00000000000 0.00000000000 0.00000000000 0.00000000000 0.00000000000 0.00000000000 0.00000000000 0.00000000000 0.00000000000 0.00000000000 0.00000000000 0.00000000000 0.00000000000 0.00000000000 0.00000000000 0.00000000000 0.00000000000 0.00000000000 0.00000000000 0.00000000000 0.00000000000 0.00000000000 0.00000000000
