# Number of parameters = 157 Objective function value = 75503.6840534621  Maximum gradient component = 0.000910103532504420
# srv_sel50:
1.63822097584
# srv_sel95:
2.89002837131
# stNatLen:
 11.8415343420 11.6636133035 11.4033524076 11.1811701200 11.0026276552 10.8311886542 10.6331505343 10.3961640434 10.1280434102 9.84542298765 9.56413520402 9.29532165097 9.04542317984 8.81746834314 8.61238028894 8.42992121672 8.26928106311 8.12945186546 8.00938082852 7.90813372450 7.82487764376 7.75893378711 7.70985385580 7.67731295345 7.66109692249
# log_avg_fmort_dir:
-1.59504959270
# fmort_dir_dev:
 -2.06712650616 -2.00743896183 -1.49833627349 -1.11291708579 -0.874559386419 -0.618762015363 -0.488074676444 -0.289351374183 -0.114375004940 -0.0249920047933 0.0834552320793 0.167803919320 0.349793977480 0.346853928593 0.454164463330 0.378235281718 0.342606047028 0.448069939921 0.391048801986 0.310280406925 0.268056488002 0.196264918509 0.231740059713 0.160220642601 0.163243296223 0.0821280898848 0.215806346244 0.129907560172 0.0937003827099 0.120278978651 -0.0308459203876 0.0348312885745 0.0875051845393 0.0970305802277 0.114516059034 0.0252729430318 0.104757010063 0.0242430673291 -0.0190846918923 -0.0688857779787 0.0610163003171 0.0757954675981 -0.0231063532389 0.0967076048031 0.0115921216088 0.117324398062 0.0411092857968 0.0221859592009 0.0685428479972 0.00341495420598 0.561085402753 0.531608631646 0.629446375353 0.476799474711 0.184490473685 -0.132883241348 0.0170370951536 0.167961612399 0.00850628451213 0.360317275566 0.284441917540 0.0425112233607 0.187029674090
# mean_log_rec:
11.3382720323
# rec_dev:
 0.559067125900 0.530838737526 0.520529702032 0.516575269008 0.510297048285 0.495366084596 0.482837538784 0.456943757257 0.429666099334 0.405316850483 0.374115984667 0.335812041402 0.305989758469 0.256772121615 0.184489961296 0.138412659705 0.100317952040 0.0622737595106 0.0302378584145 0.0151923913828 -0.0263434450412 -0.0501222709646 -0.0717234024788 -0.0905046353886 -0.0795552031711 -0.0799273210554 -0.0972915082815 -0.110890837590 -0.124861971075 -0.149931578271 -0.170716673699 -0.213652599719 -0.283413698622 -0.321512321358 -0.256476348258 -0.209123178975 -0.206260788093 -0.205832595957 -0.193290672134 -0.166296703486 -0.134654020710 -0.106803538988 -0.0991729198748 -0.103572751879 -0.0940584434053 -0.0901993828268 -0.0934734426368 -0.126321093934 -0.154205056031 -0.165658851432 -0.169558117899 -0.183459626945 -0.208382167222 -0.254303042367 -0.276416020341 -0.256088689929 -0.233854618212 -0.205673887361 -0.168701137222 -0.134233439265 -0.106215863654 -0.119159391184 -0.119159444771
# log_avg_NatM:
-1.47890400000
# m_dev:
 0.00000000000 0.00000000000 0.00000000000 0.00000000000 0.00000000000 0.00000000000 0.00000000000 0.00000000000 0.00000000000 0.00000000000 0.00000000000 0.00000000000 0.00000000000 0.00000000000 0.00000000000 0.00000000000 0.00000000000 0.00000000000 0.00000000000 0.00000000000 0.00000000000 0.00000000000 0.00000000000 0.00000000000 0.00000000000 0.00000000000 0.00000000000 0.00000000000 0.00000000000 0.00000000000 0.00000000000 0.00000000000 0.00000000000 0.00000000000 0.00000000000 0.00000000000 0.00000000000 0.00000000000 0.00000000000 0.00000000000 0.00000000000 0.00000000000 0.00000000000 0.00000000000 0.00000000000 0.00000000000 0.00000000000 0.00000000000 0.00000000000 0.00000000000 0.00000000000 0.00000000000 0.00000000000 0.00000000000 0.00000000000 0.00000000000 0.00000000000 0.00000000000 0.00000000000 0.00000000000 0.00000000000 0.00000000000 0.00000000000
# log_avg_GrowthK:
-1.60943800000
# log_avg_Linf:
4.88280200000
# GrowthK_dev:
 0.00000000000 0.00000000000 0.00000000000 0.00000000000 0.00000000000 0.00000000000 0.00000000000 0.00000000000 0.00000000000 0.00000000000 0.00000000000 0.00000000000 0.00000000000 0.00000000000 0.00000000000 0.00000000000 0.00000000000 0.00000000000 0.00000000000 0.00000000000 0.00000000000 0.00000000000 0.00000000000 0.00000000000 0.00000000000 0.00000000000 0.00000000000 0.00000000000 0.00000000000 0.00000000000 0.00000000000 0.00000000000 0.00000000000 0.00000000000 0.00000000000 0.00000000000 0.00000000000 0.00000000000 0.00000000000 0.00000000000 0.00000000000 0.00000000000 0.00000000000 0.00000000000 0.00000000000 0.00000000000 0.00000000000 0.00000000000 0.00000000000 0.00000000000 0.00000000000 0.00000000000 0.00000000000 0.00000000000 0.00000000000 0.00000000000 0.00000000000 0.00000000000 0.00000000000 0.00000000000 0.00000000000 0.00000000000 0.00000000000
# Linf_dev:
 0.00000000000 0.00000000000 0.00000000000 0.00000000000 0.00000000000 0.00000000000 0.00000000000 0.00000000000 0.00000000000 0.00000000000 0.00000000000 0.00000000000 0.00000000000 0.00000000000 0.00000000000 0.00000000000 0.00000000000 0.00000000000 0.00000000000 0.00000000000 0.00000000000 0.00000000000 0.00000000000 0.00000000000 0.00000000000 0.00000000000 0.00000000000 0.00000000000 0.00000000000 0.00000000000 0.00000000000 0.00000000000 0.00000000000 0.00000000000 0.00000000000 0.00000000000 0.00000000000 0.00000000000 0.00000000000 0.00000000000 0.00000000000 0.00000000000 0.00000000000 0.00000000000 0.00000000000 0.00000000000 0.00000000000 0.00000000000 0.00000000000 0.00000000000 0.00000000000 0.00000000000 0.00000000000 0.00000000000 0.00000000000 0.00000000000 0.00000000000 0.00000000000 0.00000000000 0.00000000000 0.00000000000 0.00000000000 0.00000000000
# SelPars50:
2.24513113455
# SelPars95:
4.10786274327
# SelPars_dev50:
 0.00000000000 0.00000000000 0.00000000000 0.00000000000 0.00000000000 0.00000000000 0.00000000000 0.00000000000 0.00000000000 0.00000000000 0.00000000000 0.00000000000 0.00000000000 0.00000000000 0.00000000000 0.00000000000 0.00000000000 0.00000000000 0.00000000000 0.00000000000 0.00000000000 0.00000000000 0.00000000000 0.00000000000 0.00000000000 0.00000000000 0.00000000000 0.00000000000 0.00000000000 0.00000000000 0.00000000000 0.00000000000 0.00000000000 0.00000000000 0.00000000000 0.00000000000 0.00000000000 0.00000000000 0.00000000000 0.00000000000 0.00000000000 0.00000000000 0.00000000000 0.00000000000 0.00000000000 0.00000000000 0.00000000000 0.00000000000 0.00000000000 0.00000000000 0.00000000000 0.00000000000 0.00000000000 0.00000000000 0.00000000000 0.00000000000 0.00000000000 0.00000000000 0.00000000000 0.00000000000 0.00000000000 0.00000000000 0.00000000000
# SelPars_dev95:
 0.00000000000 0.00000000000 0.00000000000 0.00000000000 0.00000000000 0.00000000000 0.00000000000 0.00000000000 0.00000000000 0.00000000000 0.00000000000 0.00000000000 0.00000000000 0.00000000000 0.00000000000 0.00000000000 0.00000000000 0.00000000000 0.00000000000 0.00000000000 0.00000000000 0.00000000000 0.00000000000 0.00000000000 0.00000000000 0.00000000000 0.00000000000 0.00000000000 0.00000000000 0.00000000000 0.00000000000 0.00000000000 0.00000000000 0.00000000000 0.00000000000 0.00000000000 0.00000000000 0.00000000000 0.00000000000 0.00000000000 0.00000000000 0.00000000000 0.00000000000 0.00000000000 0.00000000000 0.00000000000 0.00000000000 0.00000000000 0.00000000000 0.00000000000 0.00000000000 0.00000000000 0.00000000000 0.00000000000 0.00000000000 0.00000000000 0.00000000000 0.00000000000 0.00000000000 0.00000000000 0.00000000000 0.00000000000 0.00000000000
