# Number of parameters = 133 Objective function value = 61049.3  Maximum gradient component = 0.000254408
# srv_sel50:
1.51342463700
# srv_sel95:
2.54352101133
# stNatLen:
 11.4826854715 11.3162315449 11.0652631007 10.8236218664 10.6012075205 10.3794924830 10.1445608115 9.89559135839 9.64024487508 9.38802933432 9.14659077305 8.92082162661 8.71328299271 8.52493505858 8.35576243247 8.20522115476 8.07253928546 7.95685945114 7.85734949820 7.77324488869 7.70389885877 7.64889211749 7.60796545835 7.58083130367 7.56727349397
# log_avg_fmort_dir:
-1.54402525753
# fmort_dir_dev:
 -0.767906553255 -0.582855704813 -0.554602143555 -0.278846600386 -0.0960074257969 0.00498965063866 0.112206016895 0.126540856466 0.206038883614 0.316944207909 0.470173613653 0.485152810131 0.352032932587 0.389795701911 0.246232638509 0.300545069406 0.358701700483 0.228754649004 0.257095187129 0.194591932465 0.212510515135 0.159684674611 0.173621061360 0.130210558702 0.129079291657 0.0364287414237 0.0356428402178 0.0463763509364 0.00242453350536 -0.0889114496508 0.0177272004514 -0.0388932858202 -0.163378153675 -0.0149652722737 0.0451902306562 -0.0721446009108 0.0186993334941 -0.107913132090 -0.0292567997244 -0.0307711262036 -0.0131003535238 -0.0514142924493 -0.128043131207 -0.0230272575459 -0.0185453559283 0.0143359337874 -0.485633566267 -0.437145345907 -0.296501791713 -0.469133507686 -0.322730266356
# mean_log_rec:
11.0995912572
# rec_dev:
 0.452167558220 0.435484046869 0.422985790576 0.389562085007 0.364835777951 0.349727275984 0.334370519200 0.319883558303 0.280916945479 0.225317632672 0.167109664158 0.104405859675 0.0490405131725 0.0173788994726 -0.00728164184130 -0.0570217992344 -0.0950285481264 -0.109551591837 -0.120382256385 -0.128920780860 -0.153164282263 -0.178851966530 -0.194019786766 -0.200015147772 -0.212132439918 -0.204837352664 -0.183642085231 -0.163622652181 -0.137503682164 -0.140843621064 -0.117163152779 -0.0745258813099 -0.0597443550481 -0.0559343111986 -0.0644575779476 -0.0884036710932 -0.0780122380982 -0.0784627088436 -0.104003539960 -0.126263203543 -0.111223822404 -0.0947224136525 -0.0858135796674 -0.0863445363350 -0.0917697865229 -0.0851753330384 -0.0714740864197 -0.0485636760361 -0.0326976092873 -0.0358055252189 -0.0358054835004
# log_avg_NatM:
-1.60943800000
# m_dev:
 0.00000000000 0.00000000000 0.00000000000 0.00000000000 0.00000000000 0.00000000000 0.00000000000 0.00000000000 0.00000000000 0.00000000000 0.00000000000 0.00000000000 0.00000000000 0.00000000000 0.00000000000 0.00000000000 0.00000000000 0.00000000000 0.00000000000 0.00000000000 0.00000000000 0.00000000000 0.00000000000 0.00000000000 0.00000000000 0.00000000000 0.00000000000 0.00000000000 0.00000000000 0.00000000000 0.00000000000 0.00000000000 0.00000000000 0.00000000000 0.00000000000 0.00000000000 0.00000000000 0.00000000000 0.00000000000 0.00000000000 0.00000000000 0.00000000000 0.00000000000 0.00000000000 0.00000000000 0.00000000000 0.00000000000 0.00000000000 0.00000000000 0.00000000000 0.00000000000
# log_avg_GrowthK:
-1.60943800000
# log_avg_Linf:
4.88280200000
# GrowthK_dev:
 0.00000000000 0.00000000000 0.00000000000 0.00000000000 0.00000000000 0.00000000000 0.00000000000 0.00000000000 0.00000000000 0.00000000000 0.00000000000 0.00000000000 0.00000000000 0.00000000000 0.00000000000 0.00000000000 0.00000000000 0.00000000000 0.00000000000 0.00000000000 0.00000000000 0.00000000000 0.00000000000 0.00000000000 0.00000000000 0.00000000000 0.00000000000 0.00000000000 0.00000000000 0.00000000000 0.00000000000 0.00000000000 0.00000000000 0.00000000000 0.00000000000 0.00000000000 0.00000000000 0.00000000000 0.00000000000 0.00000000000 0.00000000000 0.00000000000 0.00000000000 0.00000000000 0.00000000000 0.00000000000 0.00000000000 0.00000000000 0.00000000000 0.00000000000 0.00000000000
# Linf_dev:
 0.00000000000 0.00000000000 0.00000000000 0.00000000000 0.00000000000 0.00000000000 0.00000000000 0.00000000000 0.00000000000 0.00000000000 0.00000000000 0.00000000000 0.00000000000 0.00000000000 0.00000000000 0.00000000000 0.00000000000 0.00000000000 0.00000000000 0.00000000000 0.00000000000 0.00000000000 0.00000000000 0.00000000000 0.00000000000 0.00000000000 0.00000000000 0.00000000000 0.00000000000 0.00000000000 0.00000000000 0.00000000000 0.00000000000 0.00000000000 0.00000000000 0.00000000000 0.00000000000 0.00000000000 0.00000000000 0.00000000000 0.00000000000 0.00000000000 0.00000000000 0.00000000000 0.00000000000 0.00000000000 0.00000000000 0.00000000000 0.00000000000 0.00000000000 0.00000000000
# SelPars50:
2.07248735834
# SelPars95:
3.71861398260
# SelPars_dev50:
 0.00000000000 0.00000000000 0.00000000000 0.00000000000 0.00000000000 0.00000000000 0.00000000000 0.00000000000 0.00000000000 0.00000000000 0.00000000000 0.00000000000 0.00000000000 0.00000000000 0.00000000000 0.00000000000 0.00000000000 0.00000000000 0.00000000000 0.00000000000 0.00000000000 0.00000000000 0.00000000000 0.00000000000 0.00000000000 0.00000000000 0.00000000000 0.00000000000 0.00000000000 0.00000000000 0.00000000000 0.00000000000 0.00000000000 0.00000000000 0.00000000000 0.00000000000 0.00000000000 0.00000000000 0.00000000000 0.00000000000 0.00000000000 0.00000000000 0.00000000000 0.00000000000 0.00000000000 0.00000000000 0.00000000000 0.00000000000 0.00000000000 0.00000000000 0.00000000000
# SelPars_dev95:
 0.00000000000 0.00000000000 0.00000000000 0.00000000000 0.00000000000 0.00000000000 0.00000000000 0.00000000000 0.00000000000 0.00000000000 0.00000000000 0.00000000000 0.00000000000 0.00000000000 0.00000000000 0.00000000000 0.00000000000 0.00000000000 0.00000000000 0.00000000000 0.00000000000 0.00000000000 0.00000000000 0.00000000000 0.00000000000 0.00000000000 0.00000000000 0.00000000000 0.00000000000 0.00000000000 0.00000000000 0.00000000000 0.00000000000 0.00000000000 0.00000000000 0.00000000000 0.00000000000 0.00000000000 0.00000000000 0.00000000000 0.00000000000 0.00000000000 0.00000000000 0.00000000000 0.00000000000 0.00000000000 0.00000000000 0.00000000000 0.00000000000 0.00000000000 0.00000000000
