# Number of parameters = 230 Objective function value = 79109.1  Maximum gradient component = 0.00396875
# srv_sel50:
1.47790235096
# srv_sel95:
2.44084958184
# stNatLen:
 11.4281566886 11.2887723292 11.0900478570 10.9004434332 10.7142931145 10.5112265503 10.2853771090 10.0448285627 9.80188077702 9.56670332281 9.34567702336 9.14203780774 8.95694303482 8.79036549103 8.64167243209 8.50997316284 8.39430391656 8.29379505268 8.20764923672 8.13512285687 8.07556617448 8.02848695620 7.99350436557 7.97029990414 7.95879151315
# log_avg_fmort_dir:
-1.64124027021
# fmort_dir_dev:
 -1.78712978944 -1.81020686474 -1.33748328670 -0.913291244903 -0.745162856929 -0.431066902604 -0.318135110132 -0.212585670546 -0.0511524263837 -0.0817297609860 0.0384607936623 0.199928225604 0.294157021000 0.358576461323 0.442283174155 0.546496108851 0.440536414850 0.420531138992 0.334227220778 0.312567927809 0.320193418939 0.280445290448 0.375538468522 0.325427000741 0.351029845128 0.297962931681 0.325559073319 0.296555708887 0.263151389792 0.271585963782 0.310477512318 0.201566128329 0.0872454767099 0.0670858582652 0.0704475015232 0.0654901979107 0.000703888974915 -0.0143316459975 0.00826641153616 0.0806764288325 0.0110847088323 -0.0508760923674 0.0930326563511 -0.0540154715070 -0.0200691589144 0.0721945527287 0.0567140360483 0.0803575597821 -0.0261529143018 0.0181846979983 0.0838203912425 0.312814325595 -0.340801247870 0.0290521055377 0.222061733825 -0.0674268913062 0.346357880682 0.241041387395 -0.323308293936 -0.263378354124 -0.0213264402925 0.196350070169 -0.154610699230 -0.0833683802547 -0.132555156625 0.0899255712405
# mean_log_rec:
11.1579021772
# rec_dev:
 0.333754264483 0.314497630406 0.302228737231 0.279511020148 0.250315280412 0.232009154496 0.240687246791 0.277855693027 0.315548340137 0.302179691868 0.245767362936 0.181835436909 0.123035566443 0.0665201517596 0.0141585439248 -0.0284262948341 -0.0435371882834 -0.0432481173829 -0.0267380511116 -0.0491745874260 -0.142932266192 -0.229136406226 -0.252163821188 -0.249646175377 -0.242732492645 -0.255631380778 -0.281856036463 -0.328510834075 -0.337661885316 -0.335254755063 -0.297643647712 -0.253753072392 -0.240799137018 -0.201910246361 -0.0862398173402 0.0331512229200 0.0806022377636 0.00342643229879 -0.0552860336355 -0.0475020520805 -0.00980750956178 0.0224332279812 0.0645692322560 0.0705944848215 -0.0258517589970 -0.0611907060691 -0.0312602489869 -0.0274596729958 0.000574601971105 0.0265684850608 0.0120243973542 0.00797632474589 0.0179515647006 0.0411449653620 0.0461048759970 0.0140786754727 -0.0363736254480 -0.0839498267080 -0.0929263732913 -0.0663234202268 -0.0422250087514 -0.00260399445531 0.0686014187708 0.153975995011 0.183037077172 0.183037103762
# log_avg_NatM:
-1.54067683067
# m_dev:
 -0.0167774747217 -0.136432166820 0.0333196305366 0.00894249439883 0.0113254570554 -0.00794081027877 -0.236065338869 -0.458761062895 -0.402484821759 -0.0293376074503 0.0732178752444 0.0663227095732 0.0118944729224 -0.0424334392632 -0.131531964105 -0.110967623246 -0.267750139963 -0.277707845078 -0.343743983920 -0.0577405183154 0.312299086586 0.166329157575 -0.162021183677 -0.210884452134 -0.309199140094 -0.155739457107 -0.00913383191559 0.0666135891955 -0.174723061171 -0.244176202698 -0.389284042335 -0.262226415815 -0.169632362164 -0.174260381748 0.0925306155381 -0.0693796042763 -0.0371380913440 0.482033037224 0.346268480547 0.173385038830 0.0552190941711 0.0668075300915 -0.0308265911116 0.140939967590 0.589560405512 0.198075508928 -0.00251618508962 0.226044285494 0.0280800885819 0.0882279285101 0.250977500343 0.0881440654940 0.116762896631 0.151681205911 0.0566537107053 0.231566819925 0.309700193667 0.250272430628 0.170869482713 0.108150444468 0.121478906780 -0.0764301857148 -0.0728959951383 -0.0995495792430 0.0502794559335 0.0257179921584
# log_avg_GrowthK:
-1.60943800000
# log_avg_Linf:
4.88280200000
# GrowthK_dev:
 0.00000000000 0.00000000000 0.00000000000 0.00000000000 0.00000000000 0.00000000000 0.00000000000 0.00000000000 0.00000000000 0.00000000000 0.00000000000 0.00000000000 0.00000000000 0.00000000000 0.00000000000 0.00000000000 0.00000000000 0.00000000000 0.00000000000 0.00000000000 0.00000000000 0.00000000000 0.00000000000 0.00000000000 0.00000000000 0.00000000000 0.00000000000 0.00000000000 0.00000000000 0.00000000000 0.00000000000 0.00000000000 0.00000000000 0.00000000000 0.00000000000 0.00000000000 0.00000000000 0.00000000000 0.00000000000 0.00000000000 0.00000000000 0.00000000000 0.00000000000 0.00000000000 0.00000000000 0.00000000000 0.00000000000 0.00000000000 0.00000000000 0.00000000000 0.00000000000 0.00000000000 0.00000000000 0.00000000000 0.00000000000 0.00000000000 0.00000000000 0.00000000000 0.00000000000 0.00000000000 0.00000000000 0.00000000000 0.00000000000 0.00000000000 0.00000000000 0.00000000000
# Linf_dev:
 0.00000000000 0.00000000000 0.00000000000 0.00000000000 0.00000000000 0.00000000000 0.00000000000 0.00000000000 0.00000000000 0.00000000000 0.00000000000 0.00000000000 0.00000000000 0.00000000000 0.00000000000 0.00000000000 0.00000000000 0.00000000000 0.00000000000 0.00000000000 0.00000000000 0.00000000000 0.00000000000 0.00000000000 0.00000000000 0.00000000000 0.00000000000 0.00000000000 0.00000000000 0.00000000000 0.00000000000 0.00000000000 0.00000000000 0.00000000000 0.00000000000 0.00000000000 0.00000000000 0.00000000000 0.00000000000 0.00000000000 0.00000000000 0.00000000000 0.00000000000 0.00000000000 0.00000000000 0.00000000000 0.00000000000 0.00000000000 0.00000000000 0.00000000000 0.00000000000 0.00000000000 0.00000000000 0.00000000000 0.00000000000 0.00000000000 0.00000000000 0.00000000000 0.00000000000 0.00000000000 0.00000000000 0.00000000000 0.00000000000 0.00000000000 0.00000000000 0.00000000000
# SelPars50:
2.01814074747
# SelPars95:
3.57958951125
# SelPars_dev50:
 0.00000000000 0.00000000000 0.00000000000 0.00000000000 0.00000000000 0.00000000000 0.00000000000 0.00000000000 0.00000000000 0.00000000000 0.00000000000 0.00000000000 0.00000000000 0.00000000000 0.00000000000 0.00000000000 0.00000000000 0.00000000000 0.00000000000 0.00000000000 0.00000000000 0.00000000000 0.00000000000 0.00000000000 0.00000000000 0.00000000000 0.00000000000 0.00000000000 0.00000000000 0.00000000000 0.00000000000 0.00000000000 0.00000000000 0.00000000000 0.00000000000 0.00000000000 0.00000000000 0.00000000000 0.00000000000 0.00000000000 0.00000000000 0.00000000000 0.00000000000 0.00000000000 0.00000000000 0.00000000000 0.00000000000 0.00000000000 0.00000000000 0.00000000000 0.00000000000 0.00000000000 0.00000000000 0.00000000000 0.00000000000 0.00000000000 0.00000000000 0.00000000000 0.00000000000 0.00000000000 0.00000000000 0.00000000000 0.00000000000 0.00000000000 0.00000000000 0.00000000000
# SelPars_dev95:
 0.00000000000 0.00000000000 0.00000000000 0.00000000000 0.00000000000 0.00000000000 0.00000000000 0.00000000000 0.00000000000 0.00000000000 0.00000000000 0.00000000000 0.00000000000 0.00000000000 0.00000000000 0.00000000000 0.00000000000 0.00000000000 0.00000000000 0.00000000000 0.00000000000 0.00000000000 0.00000000000 0.00000000000 0.00000000000 0.00000000000 0.00000000000 0.00000000000 0.00000000000 0.00000000000 0.00000000000 0.00000000000 0.00000000000 0.00000000000 0.00000000000 0.00000000000 0.00000000000 0.00000000000 0.00000000000 0.00000000000 0.00000000000 0.00000000000 0.00000000000 0.00000000000 0.00000000000 0.00000000000 0.00000000000 0.00000000000 0.00000000000 0.00000000000 0.00000000000 0.00000000000 0.00000000000 0.00000000000 0.00000000000 0.00000000000 0.00000000000 0.00000000000 0.00000000000 0.00000000000 0.00000000000 0.00000000000 0.00000000000 0.00000000000 0.00000000000 0.00000000000
