# Number of parameters = 161 Objective function value = 77921.9  Maximum gradient component = 0.000227555
# srv_sel50:
1.63552588679
# srv_sel95:
2.87804088146
# stNatLen:
 11.8912331940 11.7114643883 11.4499442378 11.2267229646 11.0467174486 10.8734303046 10.6741668019 10.4375338875 10.1714780255 9.89212001225 9.61463427831 9.34967117772 9.10338883883 8.87869108538 8.67645834031 8.49643206591 8.33782296413 8.19965264207 8.08090322642 7.98063942627 7.89808097618 7.83268369078 7.78403749380 7.75186030825 7.73587910268
# log_avg_fmort_dir:
-1.61551926757
# fmort_dir_dev:
 -2.05803650520 -2.04592941595 -1.41323665448 -1.10126055772 -0.907909559509 -0.688630849981 -0.369573483555 -0.292440810891 -0.132366216765 -0.00510886649526 0.0995116421916 0.180000311919 0.215126118830 0.343176895108 0.422712594169 0.437512681497 0.360232833826 0.275091551614 0.315809231675 0.120003019961 0.277954706293 0.176026949910 0.221401872510 0.246421509102 0.170985866404 0.221199604784 0.0923117962120 0.156608526750 0.148216961822 0.164779067710 0.150208023284 0.151268075389 0.0752084623414 0.211312984913 0.218736498711 0.107532206100 0.174778279217 0.117736524128 0.00287512770413 0.0666223707086 0.116841706311 0.0780074011447 0.111654301408 0.127646080079 0.102214296684 0.188789718860 0.107176911850 0.113684529920 0.149958588316 0.0717934751134 -0.0450169726881 0.114065127875 0.204781724409 0.442299829552 0.272670009188 0.200275000014 0.130149150628 0.281773410812 0.303109247602 0.373264872901 -0.00971379556005 -0.0288163247500 -0.148463867214 -0.150163292645 -0.0148505040472
# mean_log_rec:
11.3373241442
# rec_dev:
 0.608921231894 0.576688056828 0.559216540472 0.539997161152 0.525995079554 0.505311800452 0.481559082598 0.453267387741 0.420328896787 0.395856719702 0.358547371575 0.315979273469 0.274643100707 0.227050066366 0.163871943101 0.106104104708 0.0689297980924 0.0299212341118 0.00178453082924 -0.0267947381882 -0.0488828955710 -0.0706091879307 -0.105828226860 -0.127754028855 -0.141677625123 -0.146281803425 -0.148103785332 -0.159817375419 -0.175270196052 -0.181634303518 -0.190655556757 -0.222989735947 -0.281400398573 -0.308557945643 -0.226507358920 -0.149339822753 -0.146319174947 -0.167377957910 -0.177153297498 -0.177419414133 -0.164085600269 -0.138739369864 -0.134774221973 -0.137381090843 -0.143362590027 -0.144862093482 -0.145985213652 -0.138320719399 -0.137552918651 -0.144302690100 -0.147333740498 -0.136177327763 -0.131490950430 -0.153315722427 -0.184277674063 -0.189975115564 -0.177339575802 -0.155309121160 -0.138606459990 -0.122595941361 -0.108697162964 -0.0749779795012 -0.0265085146229 -0.0288133696988 -0.0288133866794
# log_avg_NatM:
-1.47890400000
# m_dev:
 0.00000000000 0.00000000000 0.00000000000 0.00000000000 0.00000000000 0.00000000000 0.00000000000 0.00000000000 0.00000000000 0.00000000000 0.00000000000 0.00000000000 0.00000000000 0.00000000000 0.00000000000 0.00000000000 0.00000000000 0.00000000000 0.00000000000 0.00000000000 0.00000000000 0.00000000000 0.00000000000 0.00000000000 0.00000000000 0.00000000000 0.00000000000 0.00000000000 0.00000000000 0.00000000000 0.00000000000 0.00000000000 0.00000000000 0.00000000000 0.00000000000 0.00000000000 0.00000000000 0.00000000000 0.00000000000 0.00000000000 0.00000000000 0.00000000000 0.00000000000 0.00000000000 0.00000000000 0.00000000000 0.00000000000 0.00000000000 0.00000000000 0.00000000000 0.00000000000 0.00000000000 0.00000000000 0.00000000000 0.00000000000 0.00000000000 0.00000000000 0.00000000000 0.00000000000 0.00000000000 0.00000000000 0.00000000000 0.00000000000 0.00000000000 0.00000000000
# log_avg_GrowthK:
-1.60943800000
# log_avg_Linf:
4.88280200000
# GrowthK_dev:
 0.00000000000 0.00000000000 0.00000000000 0.00000000000 0.00000000000 0.00000000000 0.00000000000 0.00000000000 0.00000000000 0.00000000000 0.00000000000 0.00000000000 0.00000000000 0.00000000000 0.00000000000 0.00000000000 0.00000000000 0.00000000000 0.00000000000 0.00000000000 0.00000000000 0.00000000000 0.00000000000 0.00000000000 0.00000000000 0.00000000000 0.00000000000 0.00000000000 0.00000000000 0.00000000000 0.00000000000 0.00000000000 0.00000000000 0.00000000000 0.00000000000 0.00000000000 0.00000000000 0.00000000000 0.00000000000 0.00000000000 0.00000000000 0.00000000000 0.00000000000 0.00000000000 0.00000000000 0.00000000000 0.00000000000 0.00000000000 0.00000000000 0.00000000000 0.00000000000 0.00000000000 0.00000000000 0.00000000000 0.00000000000 0.00000000000 0.00000000000 0.00000000000 0.00000000000 0.00000000000 0.00000000000 0.00000000000 0.00000000000 0.00000000000 0.00000000000
# Linf_dev:
 0.00000000000 0.00000000000 0.00000000000 0.00000000000 0.00000000000 0.00000000000 0.00000000000 0.00000000000 0.00000000000 0.00000000000 0.00000000000 0.00000000000 0.00000000000 0.00000000000 0.00000000000 0.00000000000 0.00000000000 0.00000000000 0.00000000000 0.00000000000 0.00000000000 0.00000000000 0.00000000000 0.00000000000 0.00000000000 0.00000000000 0.00000000000 0.00000000000 0.00000000000 0.00000000000 0.00000000000 0.00000000000 0.00000000000 0.00000000000 0.00000000000 0.00000000000 0.00000000000 0.00000000000 0.00000000000 0.00000000000 0.00000000000 0.00000000000 0.00000000000 0.00000000000 0.00000000000 0.00000000000 0.00000000000 0.00000000000 0.00000000000 0.00000000000 0.00000000000 0.00000000000 0.00000000000 0.00000000000 0.00000000000 0.00000000000 0.00000000000 0.00000000000 0.00000000000 0.00000000000 0.00000000000 0.00000000000 0.00000000000 0.00000000000 0.00000000000
# SelPars50:
2.25236603107
# SelPars95:
4.12663624224
# SelPars_dev50:
 0.00000000000 0.00000000000 0.00000000000 0.00000000000 0.00000000000 0.00000000000 0.00000000000 0.00000000000 0.00000000000 0.00000000000 0.00000000000 0.00000000000 0.00000000000 0.00000000000 0.00000000000 0.00000000000 0.00000000000 0.00000000000 0.00000000000 0.00000000000 0.00000000000 0.00000000000 0.00000000000 0.00000000000 0.00000000000 0.00000000000 0.00000000000 0.00000000000 0.00000000000 0.00000000000 0.00000000000 0.00000000000 0.00000000000 0.00000000000 0.00000000000 0.00000000000 0.00000000000 0.00000000000 0.00000000000 0.00000000000 0.00000000000 0.00000000000 0.00000000000 0.00000000000 0.00000000000 0.00000000000 0.00000000000 0.00000000000 0.00000000000 0.00000000000 0.00000000000 0.00000000000 0.00000000000 0.00000000000 0.00000000000 0.00000000000 0.00000000000 0.00000000000 0.00000000000 0.00000000000 0.00000000000 0.00000000000 0.00000000000 0.00000000000 0.00000000000
# SelPars_dev95:
 0.00000000000 0.00000000000 0.00000000000 0.00000000000 0.00000000000 0.00000000000 0.00000000000 0.00000000000 0.00000000000 0.00000000000 0.00000000000 0.00000000000 0.00000000000 0.00000000000 0.00000000000 0.00000000000 0.00000000000 0.00000000000 0.00000000000 0.00000000000 0.00000000000 0.00000000000 0.00000000000 0.00000000000 0.00000000000 0.00000000000 0.00000000000 0.00000000000 0.00000000000 0.00000000000 0.00000000000 0.00000000000 0.00000000000 0.00000000000 0.00000000000 0.00000000000 0.00000000000 0.00000000000 0.00000000000 0.00000000000 0.00000000000 0.00000000000 0.00000000000 0.00000000000 0.00000000000 0.00000000000 0.00000000000 0.00000000000 0.00000000000 0.00000000000 0.00000000000 0.00000000000 0.00000000000 0.00000000000 0.00000000000 0.00000000000 0.00000000000 0.00000000000 0.00000000000 0.00000000000 0.00000000000 0.00000000000 0.00000000000 0.00000000000 0.00000000000
