# Number of parameters = 137 Objective function value = 63453.4  Maximum gradient component = 0.000822591
# srv_sel50:
1.67390483445
# srv_sel95:
2.98254478782
# stNatLen:
 11.8948754508 11.7074081182 11.4356749851 11.2074675586 11.0265161361 10.8538615428 10.6560137083 10.4215995292 10.1584733635 9.88243088845 9.60829906452 9.34648917635 9.10303797136 8.88081020054 8.68069203134 8.50245207787 8.34533473215 8.20839594056 8.09064885921 7.99118671134 7.90925355656 7.84432889979 7.79602228696 7.76406694775 7.74819705043
# log_avg_fmort_dir:
-1.64216639771
# fmort_dir_dev:
 -2.01603036107 -2.00607566064 -1.37275369863 -1.06043667800 -0.866999631530 -0.647704781782 -0.328454557062 -0.251199012734 -0.0908949339639 0.0367362117452 0.141802132600 0.222708654690 0.258211213746 0.386885247175 0.467134697102 0.482592768040 0.405650513894 0.320453131266 0.361181287806 0.164895355426 0.322916026695 0.220880873945 0.266246498472 0.291365360256 0.215848850114 0.266117210898 0.136903568827 0.201175877805 0.192787196291 0.209345571647 0.194757016163 0.195707901788 0.119291034271 0.255397393646 0.262738432989 0.151032868158 0.218056859334 0.160906220118 0.0456098907259 0.108803113523 0.158267160405 0.118202195675 0.150256308066 0.163924156660 0.134978043061 0.216477367290 0.127190584480 0.123040299017 0.143930066701 0.0448743974540 -0.0994857991506 0.0206613529251 0.0540942036738
# mean_log_rec:
11.3901258008
# rec_dev:
 0.554003721991 0.522344402487 0.504401224773 0.485249193789 0.470978767042 0.449731439778 0.425851508189 0.397171038441 0.364099369100 0.339797089173 0.301455354857 0.259111849484 0.216924882165 0.169564014085 0.105611123934 0.0486235087663 0.0109812874967 -0.0281683003364 -0.0563823204053 -0.0844496383458 -0.106899203912 -0.128556885553 -0.164051289061 -0.185343553915 -0.200298471984 -0.203755470104 -0.206140736162 -0.217907905620 -0.233093700002 -0.238963842484 -0.247867689938 -0.281068140443 -0.338741296726 -0.364583549986 -0.283126949303 -0.205612485008 -0.203133705337 -0.223248364656 -0.230606840104 -0.228814245892 -0.211705905213 -0.181631261748 -0.172109936591 -0.164481070335 -0.157396063253 -0.140474312184 -0.115614881871 -0.0723493572724 -0.0269328186964 0.0297343437736 0.0860669630529 0.0809045481478 0.0809045619170
# log_avg_NatM:
-1.47890400000
# m_dev:
 0.00000000000 0.00000000000 0.00000000000 0.00000000000 0.00000000000 0.00000000000 0.00000000000 0.00000000000 0.00000000000 0.00000000000 0.00000000000 0.00000000000 0.00000000000 0.00000000000 0.00000000000 0.00000000000 0.00000000000 0.00000000000 0.00000000000 0.00000000000 0.00000000000 0.00000000000 0.00000000000 0.00000000000 0.00000000000 0.00000000000 0.00000000000 0.00000000000 0.00000000000 0.00000000000 0.00000000000 0.00000000000 0.00000000000 0.00000000000 0.00000000000 0.00000000000 0.00000000000 0.00000000000 0.00000000000 0.00000000000 0.00000000000 0.00000000000 0.00000000000 0.00000000000 0.00000000000 0.00000000000 0.00000000000 0.00000000000 0.00000000000 0.00000000000 0.00000000000 0.00000000000 0.00000000000
# log_avg_GrowthK:
-1.60943800000
# log_avg_Linf:
4.88280200000
# GrowthK_dev:
 0.00000000000 0.00000000000 0.00000000000 0.00000000000 0.00000000000 0.00000000000 0.00000000000 0.00000000000 0.00000000000 0.00000000000 0.00000000000 0.00000000000 0.00000000000 0.00000000000 0.00000000000 0.00000000000 0.00000000000 0.00000000000 0.00000000000 0.00000000000 0.00000000000 0.00000000000 0.00000000000 0.00000000000 0.00000000000 0.00000000000 0.00000000000 0.00000000000 0.00000000000 0.00000000000 0.00000000000 0.00000000000 0.00000000000 0.00000000000 0.00000000000 0.00000000000 0.00000000000 0.00000000000 0.00000000000 0.00000000000 0.00000000000 0.00000000000 0.00000000000 0.00000000000 0.00000000000 0.00000000000 0.00000000000 0.00000000000 0.00000000000 0.00000000000 0.00000000000 0.00000000000 0.00000000000
# Linf_dev:
 0.00000000000 0.00000000000 0.00000000000 0.00000000000 0.00000000000 0.00000000000 0.00000000000 0.00000000000 0.00000000000 0.00000000000 0.00000000000 0.00000000000 0.00000000000 0.00000000000 0.00000000000 0.00000000000 0.00000000000 0.00000000000 0.00000000000 0.00000000000 0.00000000000 0.00000000000 0.00000000000 0.00000000000 0.00000000000 0.00000000000 0.00000000000 0.00000000000 0.00000000000 0.00000000000 0.00000000000 0.00000000000 0.00000000000 0.00000000000 0.00000000000 0.00000000000 0.00000000000 0.00000000000 0.00000000000 0.00000000000 0.00000000000 0.00000000000 0.00000000000 0.00000000000 0.00000000000 0.00000000000 0.00000000000 0.00000000000 0.00000000000 0.00000000000 0.00000000000 0.00000000000 0.00000000000
# SelPars50:
2.31912947223
# SelPars95:
4.27741356587
# SelPars_dev50:
 0.00000000000 0.00000000000 0.00000000000 0.00000000000 0.00000000000 0.00000000000 0.00000000000 0.00000000000 0.00000000000 0.00000000000 0.00000000000 0.00000000000 0.00000000000 0.00000000000 0.00000000000 0.00000000000 0.00000000000 0.00000000000 0.00000000000 0.00000000000 0.00000000000 0.00000000000 0.00000000000 0.00000000000 0.00000000000 0.00000000000 0.00000000000 0.00000000000 0.00000000000 0.00000000000 0.00000000000 0.00000000000 0.00000000000 0.00000000000 0.00000000000 0.00000000000 0.00000000000 0.00000000000 0.00000000000 0.00000000000 0.00000000000 0.00000000000 0.00000000000 0.00000000000 0.00000000000 0.00000000000 0.00000000000 0.00000000000 0.00000000000 0.00000000000 0.00000000000 0.00000000000 0.00000000000
# SelPars_dev95:
 0.00000000000 0.00000000000 0.00000000000 0.00000000000 0.00000000000 0.00000000000 0.00000000000 0.00000000000 0.00000000000 0.00000000000 0.00000000000 0.00000000000 0.00000000000 0.00000000000 0.00000000000 0.00000000000 0.00000000000 0.00000000000 0.00000000000 0.00000000000 0.00000000000 0.00000000000 0.00000000000 0.00000000000 0.00000000000 0.00000000000 0.00000000000 0.00000000000 0.00000000000 0.00000000000 0.00000000000 0.00000000000 0.00000000000 0.00000000000 0.00000000000 0.00000000000 0.00000000000 0.00000000000 0.00000000000 0.00000000000 0.00000000000 0.00000000000 0.00000000000 0.00000000000 0.00000000000 0.00000000000 0.00000000000 0.00000000000 0.00000000000 0.00000000000 0.00000000000 0.00000000000 0.00000000000
