# Number of parameters = 165 Objective function value = 80654.5  Maximum gradient component = 0.000410620
# srv_sel50:
1.52631294206
# srv_sel95:
2.57817007568
# stNatLen:
 11.4146712342 11.2636763254 11.0557041206 10.8648046174 10.6798409402 10.4770661565 10.2508205122 10.0104484410 9.76896751798 9.53656538099 9.31932350838 9.12010743076 8.93977216076 8.77805698143 8.63417415039 8.50713421178 8.39586376397 8.29938692168 8.21685759637 8.14746013937 8.09057178757 8.04568774868 8.01228514801 7.99010238325 7.97905238657
# log_avg_fmort_dir:
-1.65794536778
# fmort_dir_dev:
 -1.73209676452 -1.72421815671 -1.18628438151 -0.902609213951 -0.734051514014 -0.489538961541 -0.370749997620 -0.175389418051 -0.0584794186798 0.138885467468 0.199690655347 0.329939064174 0.425934441123 0.321283990676 0.541417505678 0.502898576565 0.532327929866 0.436779792907 0.414870035830 0.439420774738 0.528108106279 0.384745234513 0.466205096011 0.454482918163 0.401406276615 0.306377412678 0.259877137836 0.245171752035 0.285076784190 0.206122698057 0.184015464693 0.198983758766 0.127874231037 0.0859133061683 -0.0105399717021 0.0427462899342 0.140829176563 0.0743434397794 0.0216326463164 0.0947661043298 0.0704752384328 0.0456360520922 0.0417207134830 0.0693811345645 0.0111071911552 0.0673041938536 0.0248227161963 0.0113976302482 0.104843859054 0.0321588714763 -0.152887716244 -0.203915383188 -0.283942370275 -0.182957574428 -0.0948202974399 -0.175928092908 -0.101320091867 -0.106551046929 -0.000907096450341 0.0350224632258 0.0274481917848 0.0429424343931 -0.0859896498630 -0.275307978700 -0.140755388561 -0.0558772471915 -0.131269025955
# mean_log_rec:
11.1457096938
# rec_dev:
 0.328730984753 0.303117627630 0.309487472969 0.315845843968 0.318022714020 0.326033170492 0.322999229417 0.315284424196 0.307801138164 0.291292201528 0.264582905813 0.235349339115 0.205684794766 0.157423487675 0.0931802286439 0.0423038823292 0.00279989562958 -0.0266630607852 -0.0388197347019 -0.0674051816835 -0.0881596686661 -0.106277529540 -0.142714292239 -0.167386183892 -0.169156806674 -0.182068951621 -0.200380985846 -0.216146967734 -0.227346978001 -0.219017153868 -0.207813689079 -0.194286621449 -0.171603823093 -0.156953862590 -0.154795990455 -0.141451102842 -0.133359188396 -0.121182387975 -0.121751763036 -0.117934941773 -0.113847465781 -0.127702632489 -0.142493314000 -0.119018543631 -0.0968350321200 -0.0927535870947 -0.0978636445545 -0.0956249321213 -0.0770572681246 -0.0551838487680 -0.0529224628591 -0.0426178909337 -0.0195908157650 -0.00623636505048 0.00334609960952 0.00755922500735 0.00236708406568 -0.00432507985342 0.00444619189062 0.0159552566297 0.0266016066338 0.0332548170382 0.0359753796267 0.0461316859182 0.0672580177269 0.0669575291679 0.0669575146625
# log_avg_NatM:
-1.61918900000
# m_dev:
 0.00000000000 0.00000000000 0.00000000000 0.00000000000 0.00000000000 0.00000000000 0.00000000000 0.00000000000 0.00000000000 0.00000000000 0.00000000000 0.00000000000 0.00000000000 0.00000000000 0.00000000000 0.00000000000 0.00000000000 0.00000000000 0.00000000000 0.00000000000 0.00000000000 0.00000000000 0.00000000000 0.00000000000 0.00000000000 0.00000000000 0.00000000000 0.00000000000 0.00000000000 0.00000000000 0.00000000000 0.00000000000 0.00000000000 0.00000000000 0.00000000000 0.00000000000 0.00000000000 0.00000000000 0.00000000000 0.00000000000 0.00000000000 0.00000000000 0.00000000000 0.00000000000 0.00000000000 0.00000000000 0.00000000000 0.00000000000 0.00000000000 0.00000000000 0.00000000000 0.00000000000 0.00000000000 0.00000000000 0.00000000000 0.00000000000 0.00000000000 0.00000000000 0.00000000000 0.00000000000 0.00000000000 0.00000000000 0.00000000000 0.00000000000 0.00000000000 0.00000000000 0.00000000000
# log_avg_GrowthK:
-1.61584500000
# log_avg_Linf:
4.87262700000
# GrowthK_dev:
 0.00000000000 0.00000000000 0.00000000000 0.00000000000 0.00000000000 0.00000000000 0.00000000000 0.00000000000 0.00000000000 0.00000000000 0.00000000000 0.00000000000 0.00000000000 0.00000000000 0.00000000000 0.00000000000 0.00000000000 0.00000000000 0.00000000000 0.00000000000 0.00000000000 0.00000000000 0.00000000000 0.00000000000 0.00000000000 0.00000000000 0.00000000000 0.00000000000 0.00000000000 0.00000000000 0.00000000000 0.00000000000 0.00000000000 0.00000000000 0.00000000000 0.00000000000 0.00000000000 0.00000000000 0.00000000000 0.00000000000 0.00000000000 0.00000000000 0.00000000000 0.00000000000 0.00000000000 0.00000000000 0.00000000000 0.00000000000 0.00000000000 0.00000000000 0.00000000000 0.00000000000 0.00000000000 0.00000000000 0.00000000000 0.00000000000 0.00000000000 0.00000000000 0.00000000000 0.00000000000 0.00000000000 0.00000000000 0.00000000000 0.00000000000 0.00000000000 0.00000000000 0.00000000000
# Linf_dev:
 0.00000000000 0.00000000000 0.00000000000 0.00000000000 0.00000000000 0.00000000000 0.00000000000 0.00000000000 0.00000000000 0.00000000000 0.00000000000 0.00000000000 0.00000000000 0.00000000000 0.00000000000 0.00000000000 0.00000000000 0.00000000000 0.00000000000 0.00000000000 0.00000000000 0.00000000000 0.00000000000 0.00000000000 0.00000000000 0.00000000000 0.00000000000 0.00000000000 0.00000000000 0.00000000000 0.00000000000 0.00000000000 0.00000000000 0.00000000000 0.00000000000 0.00000000000 0.00000000000 0.00000000000 0.00000000000 0.00000000000 0.00000000000 0.00000000000 0.00000000000 0.00000000000 0.00000000000 0.00000000000 0.00000000000 0.00000000000 0.00000000000 0.00000000000 0.00000000000 0.00000000000 0.00000000000 0.00000000000 0.00000000000 0.00000000000 0.00000000000 0.00000000000 0.00000000000 0.00000000000 0.00000000000 0.00000000000 0.00000000000 0.00000000000 0.00000000000 0.00000000000 0.00000000000
# SelPars50:
2.08327378910
# SelPars95:
3.73809606948
# SelPars_dev50:
 0.00000000000 0.00000000000 0.00000000000 0.00000000000 0.00000000000 0.00000000000 0.00000000000 0.00000000000 0.00000000000 0.00000000000 0.00000000000 0.00000000000 0.00000000000 0.00000000000 0.00000000000 0.00000000000 0.00000000000 0.00000000000 0.00000000000 0.00000000000 0.00000000000 0.00000000000 0.00000000000 0.00000000000 0.00000000000 0.00000000000 0.00000000000 0.00000000000 0.00000000000 0.00000000000 0.00000000000 0.00000000000 0.00000000000 0.00000000000 0.00000000000 0.00000000000 0.00000000000 0.00000000000 0.00000000000 0.00000000000 0.00000000000 0.00000000000 0.00000000000 0.00000000000 0.00000000000 0.00000000000 0.00000000000 0.00000000000 0.00000000000 0.00000000000 0.00000000000 0.00000000000 0.00000000000 0.00000000000 0.00000000000 0.00000000000 0.00000000000 0.00000000000 0.00000000000 0.00000000000 0.00000000000 0.00000000000 0.00000000000 0.00000000000 0.00000000000 0.00000000000 0.00000000000
# SelPars_dev95:
 0.00000000000 0.00000000000 0.00000000000 0.00000000000 0.00000000000 0.00000000000 0.00000000000 0.00000000000 0.00000000000 0.00000000000 0.00000000000 0.00000000000 0.00000000000 0.00000000000 0.00000000000 0.00000000000 0.00000000000 0.00000000000 0.00000000000 0.00000000000 0.00000000000 0.00000000000 0.00000000000 0.00000000000 0.00000000000 0.00000000000 0.00000000000 0.00000000000 0.00000000000 0.00000000000 0.00000000000 0.00000000000 0.00000000000 0.00000000000 0.00000000000 0.00000000000 0.00000000000 0.00000000000 0.00000000000 0.00000000000 0.00000000000 0.00000000000 0.00000000000 0.00000000000 0.00000000000 0.00000000000 0.00000000000 0.00000000000 0.00000000000 0.00000000000 0.00000000000 0.00000000000 0.00000000000 0.00000000000 0.00000000000 0.00000000000 0.00000000000 0.00000000000 0.00000000000 0.00000000000 0.00000000000 0.00000000000 0.00000000000 0.00000000000 0.00000000000 0.00000000000 0.00000000000
