# Number of parameters = 194 Objective function value = 64606.9337868294  Maximum gradient component = 0.00728570447977973
# srv_sel50:
1.46874348779
# srv_sel95:
2.42325133965
# stNatLen:
 11.3111402726 11.1808766708 10.9822215892 10.7912229633 10.6064602271 10.4076154449 10.1862905430 9.94821218852 9.70480294837 9.46650496328 9.24046282744 9.03068440330 8.83895794793 8.66568883984 8.51053516928 8.37277261644 8.25155062266 8.14605961923 8.05549099666 7.97913079135 7.91633557125 7.86662789220 7.82960059600 7.80491354534 7.79252791347
# log_avg_fmort_dir:
-1.60478948267
# fmort_dir_dev:
 -1.95417477331 -1.88517359188 -1.34308907434 -0.914156604925 -0.586425424075 -0.396460439565 -0.257347498937 -0.0373190026258 -0.0919532453019 0.0754581752406 0.155195467142 0.301297914799 0.274584842260 0.400733794393 0.513581510793 0.605483071567 0.505342746380 0.472794830235 0.437604407267 0.354040122246 0.474051001327 0.341709079093 0.324571508034 0.336213117610 0.270456185477 0.306233183914 0.208241547635 0.204984160418 0.182205734063 0.159085526286 0.0617932395207 -0.0346681177243 -0.0654711804713 0.0959992912027 0.0903361065310 0.00775882963974 0.0279901430256 0.154153995748 -0.0355721333864 0.0112719244351 -0.0946255724399 0.0109377836918 0.0492687364374 -0.0229380297158 -0.0566259954773 -0.000515937033310 -0.00807105582062 0.0696974989585 -0.0281132874300 -0.102380185916 0.292021445436 0.169865290834 -0.232566574120 0.202685512859
# mean_log_rec:
11.1179190300
# rec_dev:
 0.369883719952 0.368432290713 0.340217628605 0.274918995442 0.224561561897 0.188173363219 0.177874765108 0.197946679953 0.224298079238 0.208742252016 0.155518052248 0.112123951222 0.0684159942995 0.0152419265036 -0.0546206573582 -0.106927667525 -0.139769354482 -0.148296654547 -0.148514563208 -0.202248704331 -0.245498955893 -0.243193004277 -0.235261011699 -0.233582370518 -0.253219842290 -0.250595267368 -0.232335097553 -0.224478010286 -0.223023046594 -0.183856162735 -0.133656216816 -0.110359785422 -0.125140035820 -0.161703114825 -0.0650140678209 0.0169802218319 0.0316323744321 0.0249502522471 0.0678493641428 0.100577570371 0.0345445048523 -0.00139375860250 0.0339285027298 0.0740801623984 0.0613198954259 0.0137167751880 0.0136812162657 0.0500615331410 0.0929482058683 0.0824956977133 0.0579878603263 0.0291664852399 0.00520869493175 0.00520877244817
# log_avg_NatM:
-1.60775308787
# m_dev:
 -0.593033386949 -0.304828766117 0.193111070154 0.218883001126 0.0782126583980 0.0478720353387 -0.188695760960 -0.352367652323 -0.426118069466 -0.159812354576 0.00913580121641 -0.0596208219972 -0.0804528759786 -0.180565962146 -0.128916175673 -0.154861887636 -0.247753543549 -0.478874836341 -0.363390910181 0.0939797112361 -0.0374044942810 -0.222441774354 -0.287744710970 -0.129953063949 -0.0155060283307 -0.144244735432 -0.148694747003 -0.0822720733832 -0.0613493293606 -0.196565075676 -0.130805986304 -0.0831864185919 0.0448227518155 0.224387607326 0.126030353587 0.225917356653 0.0910126239261 0.250210893051 -0.0503288956263 0.116194102988 0.569557467191 0.322048387545 0.0486558737805 0.0878784904184 0.300703893028 0.446364051110 0.174142824382 0.102451990919 0.0446882368083 0.278706046948 0.313845864381 0.241372904934 0.359917750593 0.299686588301
# log_avg_GrowthK:
-1.60943800000
# log_avg_Linf:
4.88280200000
# GrowthK_dev:
 0.00000000000 0.00000000000 0.00000000000 0.00000000000 0.00000000000 0.00000000000 0.00000000000 0.00000000000 0.00000000000 0.00000000000 0.00000000000 0.00000000000 0.00000000000 0.00000000000 0.00000000000 0.00000000000 0.00000000000 0.00000000000 0.00000000000 0.00000000000 0.00000000000 0.00000000000 0.00000000000 0.00000000000 0.00000000000 0.00000000000 0.00000000000 0.00000000000 0.00000000000 0.00000000000 0.00000000000 0.00000000000 0.00000000000 0.00000000000 0.00000000000 0.00000000000 0.00000000000 0.00000000000 0.00000000000 0.00000000000 0.00000000000 0.00000000000 0.00000000000 0.00000000000 0.00000000000 0.00000000000 0.00000000000 0.00000000000 0.00000000000 0.00000000000 0.00000000000 0.00000000000 0.00000000000 0.00000000000
# Linf_dev:
 0.00000000000 0.00000000000 0.00000000000 0.00000000000 0.00000000000 0.00000000000 0.00000000000 0.00000000000 0.00000000000 0.00000000000 0.00000000000 0.00000000000 0.00000000000 0.00000000000 0.00000000000 0.00000000000 0.00000000000 0.00000000000 0.00000000000 0.00000000000 0.00000000000 0.00000000000 0.00000000000 0.00000000000 0.00000000000 0.00000000000 0.00000000000 0.00000000000 0.00000000000 0.00000000000 0.00000000000 0.00000000000 0.00000000000 0.00000000000 0.00000000000 0.00000000000 0.00000000000 0.00000000000 0.00000000000 0.00000000000 0.00000000000 0.00000000000 0.00000000000 0.00000000000 0.00000000000 0.00000000000 0.00000000000 0.00000000000 0.00000000000 0.00000000000 0.00000000000 0.00000000000 0.00000000000 0.00000000000
# SelPars50:
2.00971475587
# SelPars95:
3.55976693047
# SelPars_dev50:
 0.00000000000 0.00000000000 0.00000000000 0.00000000000 0.00000000000 0.00000000000 0.00000000000 0.00000000000 0.00000000000 0.00000000000 0.00000000000 0.00000000000 0.00000000000 0.00000000000 0.00000000000 0.00000000000 0.00000000000 0.00000000000 0.00000000000 0.00000000000 0.00000000000 0.00000000000 0.00000000000 0.00000000000 0.00000000000 0.00000000000 0.00000000000 0.00000000000 0.00000000000 0.00000000000 0.00000000000 0.00000000000 0.00000000000 0.00000000000 0.00000000000 0.00000000000 0.00000000000 0.00000000000 0.00000000000 0.00000000000 0.00000000000 0.00000000000 0.00000000000 0.00000000000 0.00000000000 0.00000000000 0.00000000000 0.00000000000 0.00000000000 0.00000000000 0.00000000000 0.00000000000 0.00000000000 0.00000000000
# SelPars_dev95:
 0.00000000000 0.00000000000 0.00000000000 0.00000000000 0.00000000000 0.00000000000 0.00000000000 0.00000000000 0.00000000000 0.00000000000 0.00000000000 0.00000000000 0.00000000000 0.00000000000 0.00000000000 0.00000000000 0.00000000000 0.00000000000 0.00000000000 0.00000000000 0.00000000000 0.00000000000 0.00000000000 0.00000000000 0.00000000000 0.00000000000 0.00000000000 0.00000000000 0.00000000000 0.00000000000 0.00000000000 0.00000000000 0.00000000000 0.00000000000 0.00000000000 0.00000000000 0.00000000000 0.00000000000 0.00000000000 0.00000000000 0.00000000000 0.00000000000 0.00000000000 0.00000000000 0.00000000000 0.00000000000 0.00000000000 0.00000000000 0.00000000000 0.00000000000 0.00000000000 0.00000000000 0.00000000000 0.00000000000
