# Number of parameters = 149 Objective function value = 70709.9  Maximum gradient component = 0.00403736
# srv_sel50:
1.66362494066
# srv_sel95:
2.97450292506
# stNatLen:
 11.8763740885 11.6904940540 11.4328173367 11.2162336998 11.0389848380 10.8650209173 10.6650662569 10.4304044966 10.1694825694 9.89746122938 9.62826409959 9.37160636795 9.13311474661 8.91545372395 8.71943072162 8.54485937589 8.39104720827 8.25711624208 8.14212204802 8.04514600424 7.96536510929 7.90210355564 7.85488980664 7.82353327260 7.80791515250
# log_avg_fmort_dir:
-1.64230057589
# fmort_dir_dev:
 -2.09476384676 -2.05492950462 -1.51626111248 -1.12754185573 -0.876728496096 -0.641153699683 -0.397026699044 -0.266377758675 -0.120661643365 0.00507933401213 0.00194682840026 0.223742636576 0.233231474378 0.355133436385 0.403605653335 0.339944384619 0.506802883815 0.329401700418 0.466494227863 0.299561753237 0.407769991320 0.400208819618 0.267859977322 0.295122773465 0.326231061987 0.209997056931 0.193198686522 0.209569979670 0.0728853888967 0.136210840675 0.114741271383 0.0848139154138 0.0146200617451 0.0464172591931 0.101052172274 0.168523688424 0.174731004899 0.100229016739 0.156332461626 0.0627367224337 0.131869049406 0.0649925988889 0.0732924231369 0.0240101232794 0.159341296267 0.0608428432588 0.131514254486 0.178952000803 0.0311979833629 0.122079346464 0.303878330776 0.318418538382 0.189398769307 0.335699502558 0.137970131680 -0.184680576138 0.264612177176 -0.0384919104550 0.0823512702394
# mean_log_rec:
11.3443909168
# rec_dev:
 0.571395766270 0.534501557488 0.526922925815 0.529783796312 0.533108500125 0.525636072871 0.506008698832 0.469501517799 0.427280290414 0.389078774771 0.356854228715 0.318989678184 0.277784105096 0.238841524423 0.197242960286 0.140665757131 0.0935028162921 0.0491449365311 0.00885890184595 -0.0286730947752 -0.0432073348446 -0.0528018150068 -0.0642892525721 -0.0749204283526 -0.0859732445673 -0.110408596256 -0.147531360667 -0.164994459691 -0.198097750474 -0.230897385574 -0.262031528780 -0.296837236343 -0.343502819211 -0.353916181033 -0.280857265423 -0.221025308346 -0.219993072982 -0.220495268261 -0.186996150235 -0.173603788885 -0.171189346958 -0.168268774708 -0.173004258770 -0.175552907990 -0.157562753871 -0.162783434729 -0.184287617081 -0.177835581363 -0.180089505640 -0.189513273925 -0.196655506980 -0.191938675020 -0.178576499429 -0.182714114082 -0.158893109253 -0.107125076535 -0.0507568107127 -0.0636511019056 -0.0636511179692
# log_avg_NatM:
-1.47989400000
# m_dev:
 0.00000000000 0.00000000000 0.00000000000 0.00000000000 0.00000000000 0.00000000000 0.00000000000 0.00000000000 0.00000000000 0.00000000000 0.00000000000 0.00000000000 0.00000000000 0.00000000000 0.00000000000 0.00000000000 0.00000000000 0.00000000000 0.00000000000 0.00000000000 0.00000000000 0.00000000000 0.00000000000 0.00000000000 0.00000000000 0.00000000000 0.00000000000 0.00000000000 0.00000000000 0.00000000000 0.00000000000 0.00000000000 0.00000000000 0.00000000000 0.00000000000 0.00000000000 0.00000000000 0.00000000000 0.00000000000 0.00000000000 0.00000000000 0.00000000000 0.00000000000 0.00000000000 0.00000000000 0.00000000000 0.00000000000 0.00000000000 0.00000000000 0.00000000000 0.00000000000 0.00000000000 0.00000000000 0.00000000000 0.00000000000 0.00000000000 0.00000000000 0.00000000000 0.00000000000
# log_avg_GrowthK:
-1.57193500000
# log_avg_Linf:
4.92102000000
# GrowthK_dev:
 0.00000000000 0.00000000000 0.00000000000 0.00000000000 0.00000000000 0.00000000000 0.00000000000 0.00000000000 0.00000000000 0.00000000000 0.00000000000 0.00000000000 0.00000000000 0.00000000000 0.00000000000 0.00000000000 0.00000000000 0.00000000000 0.00000000000 0.00000000000 0.00000000000 0.00000000000 0.00000000000 0.00000000000 0.00000000000 0.00000000000 0.00000000000 0.00000000000 0.00000000000 0.00000000000 0.00000000000 0.00000000000 0.00000000000 0.00000000000 0.00000000000 0.00000000000 0.00000000000 0.00000000000 0.00000000000 0.00000000000 0.00000000000 0.00000000000 0.00000000000 0.00000000000 0.00000000000 0.00000000000 0.00000000000 0.00000000000 0.00000000000 0.00000000000 0.00000000000 0.00000000000 0.00000000000 0.00000000000 0.00000000000 0.00000000000 0.00000000000 0.00000000000 0.00000000000
# Linf_dev:
 0.00000000000 0.00000000000 0.00000000000 0.00000000000 0.00000000000 0.00000000000 0.00000000000 0.00000000000 0.00000000000 0.00000000000 0.00000000000 0.00000000000 0.00000000000 0.00000000000 0.00000000000 0.00000000000 0.00000000000 0.00000000000 0.00000000000 0.00000000000 0.00000000000 0.00000000000 0.00000000000 0.00000000000 0.00000000000 0.00000000000 0.00000000000 0.00000000000 0.00000000000 0.00000000000 0.00000000000 0.00000000000 0.00000000000 0.00000000000 0.00000000000 0.00000000000 0.00000000000 0.00000000000 0.00000000000 0.00000000000 0.00000000000 0.00000000000 0.00000000000 0.00000000000 0.00000000000 0.00000000000 0.00000000000 0.00000000000 0.00000000000 0.00000000000 0.00000000000 0.00000000000 0.00000000000 0.00000000000 0.00000000000 0.00000000000 0.00000000000 0.00000000000 0.00000000000
# SelPars50:
2.21204845803
# SelPars95:
3.99659670411
# SelPars_dev50:
 0.00000000000 0.00000000000 0.00000000000 0.00000000000 0.00000000000 0.00000000000 0.00000000000 0.00000000000 0.00000000000 0.00000000000 0.00000000000 0.00000000000 0.00000000000 0.00000000000 0.00000000000 0.00000000000 0.00000000000 0.00000000000 0.00000000000 0.00000000000 0.00000000000 0.00000000000 0.00000000000 0.00000000000 0.00000000000 0.00000000000 0.00000000000 0.00000000000 0.00000000000 0.00000000000 0.00000000000 0.00000000000 0.00000000000 0.00000000000 0.00000000000 0.00000000000 0.00000000000 0.00000000000 0.00000000000 0.00000000000 0.00000000000 0.00000000000 0.00000000000 0.00000000000 0.00000000000 0.00000000000 0.00000000000 0.00000000000 0.00000000000 0.00000000000 0.00000000000 0.00000000000 0.00000000000 0.00000000000 0.00000000000 0.00000000000 0.00000000000 0.00000000000 0.00000000000
# SelPars_dev95:
 0.00000000000 0.00000000000 0.00000000000 0.00000000000 0.00000000000 0.00000000000 0.00000000000 0.00000000000 0.00000000000 0.00000000000 0.00000000000 0.00000000000 0.00000000000 0.00000000000 0.00000000000 0.00000000000 0.00000000000 0.00000000000 0.00000000000 0.00000000000 0.00000000000 0.00000000000 0.00000000000 0.00000000000 0.00000000000 0.00000000000 0.00000000000 0.00000000000 0.00000000000 0.00000000000 0.00000000000 0.00000000000 0.00000000000 0.00000000000 0.00000000000 0.00000000000 0.00000000000 0.00000000000 0.00000000000 0.00000000000 0.00000000000 0.00000000000 0.00000000000 0.00000000000 0.00000000000 0.00000000000 0.00000000000 0.00000000000 0.00000000000 0.00000000000 0.00000000000 0.00000000000 0.00000000000 0.00000000000 0.00000000000 0.00000000000 0.00000000000 0.00000000000 0.00000000000
