# Number of parameters = 155 Objective function value = 74555.3  Maximum gradient component = 0.000755212
# srv_sel50:
1.51920089977
# srv_sel95:
2.55484026902
# stNatLen:
 11.4226430473 11.2774775521 11.0663814935 10.8696321189 10.6836819275 10.4851832001 10.2638729497 10.0248077312 9.77949918190 9.53873822175 9.30999918482 9.09751841381 8.90318443021 8.72749447355 8.57012634576 8.43035724177 8.30732453421 8.20015848125 8.10802583254 8.03028597388 7.96641384242 7.91606855884 7.87880860719 7.85432665431 7.84218856962
# log_avg_fmort_dir:
-1.67370719264
# fmort_dir_dev:
 -1.69925747201 -1.72638204433 -1.14585463468 -0.865873393939 -0.706166589564 -0.452728042049 -0.302502166387 -0.175290885976 -0.107330254445 0.0224923515917 0.107847287780 0.229744106011 0.398119102599 0.536003490147 0.527870806762 0.548804051974 0.465249096886 0.401311669553 0.454936365120 0.417627017204 0.434001414983 0.369605054942 0.388448289990 0.315580182004 0.341923028578 0.266741782374 0.322673529058 0.275644772280 0.236169846277 0.209109662119 0.244242413322 0.195440609257 0.162731333918 0.227118673018 0.122342884221 0.120782722268 0.0579660132563 0.121137699204 0.0899994541941 0.106196815264 0.114714763626 0.123885950909 0.0997403173332 0.0879718416934 0.0583250087434 0.106992880432 0.0871974642465 0.0638963807754 0.107937869384 0.0565439424692 -0.394530785416 -0.382941138761 -0.0415145973508 0.0377106533712 -0.137834509965 -0.00589377741016 -0.270720949675 -0.304367308035 -0.288803796318 -0.218966521040 -0.275658837568 -0.160160894221
# mean_log_rec:
11.1342296273
# rec_dev:
 0.375139300504 0.357003968153 0.364906486256 0.361206354839 0.351127825317 0.341820719932 0.339232525277 0.337613211534 0.329854576803 0.320020560570 0.299219864059 0.238279666868 0.181886970079 0.126020982024 0.0628880252717 0.0190394188193 -0.0191138343238 -0.0539158926754 -0.0950355913774 -0.119632306468 -0.146015999734 -0.171979970081 -0.193008960283 -0.202327757273 -0.214988031534 -0.212225111158 -0.199352515104 -0.191664548187 -0.202515914247 -0.202184074641 -0.193070536579 -0.194223116416 -0.208405390536 -0.198354081062 -0.180388266243 -0.167471894160 -0.157202208404 -0.134459707874 -0.120967904192 -0.123721640286 -0.108734914127 -0.102481767276 -0.111433085710 -0.0999350915246 -0.0916784651061 -0.0854485904147 -0.0789369939268 -0.0808023987025 -0.0849965011091 -0.111338384955 -0.109846721160 -0.0560464467865 -0.0134204067084 0.0104574100107 0.0257368377894 0.0396210031532 0.0554523042742 0.0646287357158 0.0879940789051 0.116296484662 0.115938846515 0.115938863012
# log_avg_NatM:
-1.60943800000
# m_dev:
 0.00000000000 0.00000000000 0.00000000000 0.00000000000 0.00000000000 0.00000000000 0.00000000000 0.00000000000 0.00000000000 0.00000000000 0.00000000000 0.00000000000 0.00000000000 0.00000000000 0.00000000000 0.00000000000 0.00000000000 0.00000000000 0.00000000000 0.00000000000 0.00000000000 0.00000000000 0.00000000000 0.00000000000 0.00000000000 0.00000000000 0.00000000000 0.00000000000 0.00000000000 0.00000000000 0.00000000000 0.00000000000 0.00000000000 0.00000000000 0.00000000000 0.00000000000 0.00000000000 0.00000000000 0.00000000000 0.00000000000 0.00000000000 0.00000000000 0.00000000000 0.00000000000 0.00000000000 0.00000000000 0.00000000000 0.00000000000 0.00000000000 0.00000000000 0.00000000000 0.00000000000 0.00000000000 0.00000000000 0.00000000000 0.00000000000 0.00000000000 0.00000000000 0.00000000000 0.00000000000 0.00000000000 0.00000000000
# log_avg_GrowthK:
-1.60943800000
# log_avg_Linf:
4.88280200000
# GrowthK_dev:
 0.00000000000 0.00000000000 0.00000000000 0.00000000000 0.00000000000 0.00000000000 0.00000000000 0.00000000000 0.00000000000 0.00000000000 0.00000000000 0.00000000000 0.00000000000 0.00000000000 0.00000000000 0.00000000000 0.00000000000 0.00000000000 0.00000000000 0.00000000000 0.00000000000 0.00000000000 0.00000000000 0.00000000000 0.00000000000 0.00000000000 0.00000000000 0.00000000000 0.00000000000 0.00000000000 0.00000000000 0.00000000000 0.00000000000 0.00000000000 0.00000000000 0.00000000000 0.00000000000 0.00000000000 0.00000000000 0.00000000000 0.00000000000 0.00000000000 0.00000000000 0.00000000000 0.00000000000 0.00000000000 0.00000000000 0.00000000000 0.00000000000 0.00000000000 0.00000000000 0.00000000000 0.00000000000 0.00000000000 0.00000000000 0.00000000000 0.00000000000 0.00000000000 0.00000000000 0.00000000000 0.00000000000 0.00000000000
# Linf_dev:
 0.00000000000 0.00000000000 0.00000000000 0.00000000000 0.00000000000 0.00000000000 0.00000000000 0.00000000000 0.00000000000 0.00000000000 0.00000000000 0.00000000000 0.00000000000 0.00000000000 0.00000000000 0.00000000000 0.00000000000 0.00000000000 0.00000000000 0.00000000000 0.00000000000 0.00000000000 0.00000000000 0.00000000000 0.00000000000 0.00000000000 0.00000000000 0.00000000000 0.00000000000 0.00000000000 0.00000000000 0.00000000000 0.00000000000 0.00000000000 0.00000000000 0.00000000000 0.00000000000 0.00000000000 0.00000000000 0.00000000000 0.00000000000 0.00000000000 0.00000000000 0.00000000000 0.00000000000 0.00000000000 0.00000000000 0.00000000000 0.00000000000 0.00000000000 0.00000000000 0.00000000000 0.00000000000 0.00000000000 0.00000000000 0.00000000000 0.00000000000 0.00000000000 0.00000000000 0.00000000000 0.00000000000 0.00000000000
# SelPars50:
2.07772771824
# SelPars95:
3.72655409354
# SelPars_dev50:
 0.00000000000 0.00000000000 0.00000000000 0.00000000000 0.00000000000 0.00000000000 0.00000000000 0.00000000000 0.00000000000 0.00000000000 0.00000000000 0.00000000000 0.00000000000 0.00000000000 0.00000000000 0.00000000000 0.00000000000 0.00000000000 0.00000000000 0.00000000000 0.00000000000 0.00000000000 0.00000000000 0.00000000000 0.00000000000 0.00000000000 0.00000000000 0.00000000000 0.00000000000 0.00000000000 0.00000000000 0.00000000000 0.00000000000 0.00000000000 0.00000000000 0.00000000000 0.00000000000 0.00000000000 0.00000000000 0.00000000000 0.00000000000 0.00000000000 0.00000000000 0.00000000000 0.00000000000 0.00000000000 0.00000000000 0.00000000000 0.00000000000 0.00000000000 0.00000000000 0.00000000000 0.00000000000 0.00000000000 0.00000000000 0.00000000000 0.00000000000 0.00000000000 0.00000000000 0.00000000000 0.00000000000 0.00000000000
# SelPars_dev95:
 0.00000000000 0.00000000000 0.00000000000 0.00000000000 0.00000000000 0.00000000000 0.00000000000 0.00000000000 0.00000000000 0.00000000000 0.00000000000 0.00000000000 0.00000000000 0.00000000000 0.00000000000 0.00000000000 0.00000000000 0.00000000000 0.00000000000 0.00000000000 0.00000000000 0.00000000000 0.00000000000 0.00000000000 0.00000000000 0.00000000000 0.00000000000 0.00000000000 0.00000000000 0.00000000000 0.00000000000 0.00000000000 0.00000000000 0.00000000000 0.00000000000 0.00000000000 0.00000000000 0.00000000000 0.00000000000 0.00000000000 0.00000000000 0.00000000000 0.00000000000 0.00000000000 0.00000000000 0.00000000000 0.00000000000 0.00000000000 0.00000000000 0.00000000000 0.00000000000 0.00000000000 0.00000000000 0.00000000000 0.00000000000 0.00000000000 0.00000000000 0.00000000000 0.00000000000 0.00000000000 0.00000000000 0.00000000000
