# Number of parameters = 194 Objective function value = 64606.8977315268  Maximum gradient component = 0.00509515857197613
# srv_sel50:
1.46103488819
# srv_sel95:
2.40397835329
# stNatLen:
 11.3253939951 11.2022919319 11.0035386299 10.8103921246 10.6245427582 10.4257849292 10.2049939230 9.96729333948 9.72387377182 9.48519882991 9.25852388847 9.04796935437 8.85539865264 8.68129730950 8.52536261494 8.38690678457 8.26506248639 8.15896245334 8.06779655515 7.99084410976 7.92757285805 7.87750008084 7.84015208910 7.81526623342 7.80279280480
# log_avg_fmort_dir:
-1.59664006148
# fmort_dir_dev:
 -1.92497516929 -1.85945550089 -1.49995280489 -1.13360464637 -0.882613336722 -0.641700339938 -0.581777848991 -0.291622336960 -0.0325154851093 0.161088055263 0.258779506599 0.373498703906 0.430441024790 0.527206187667 0.559303335722 0.608136553427 0.521855389184 0.576164570974 0.537780194806 0.455024489142 0.352443568050 0.408812168878 0.351883434375 0.278241779701 0.298543510634 0.289932527793 0.279239642099 0.215556206550 0.175863538066 0.150966350555 0.232459542394 0.156931910042 0.245715854103 0.127174341816 0.0388367188803 0.122294995260 0.159419314080 0.0909086278439 0.0633162594961 0.0414058504601 0.0290816175714 -0.0572018056332 -0.0507158826673 -0.206631716922 -0.218493352965 -0.201409769539 -0.0587038418177 -0.00667655139372 0.151387487083 0.111277114360 -0.0445315256178 -0.122432106660 0.122549734016 0.311493916778
# mean_log_rec:
11.1020113386
# rec_dev:
 0.428999160311 0.466279590710 0.502004244556 0.479707330871 0.467316928781 0.467667534310 0.391737564516 0.248247145506 0.106726071078 0.0117640285774 -0.0316744475486 -0.0411240981098 -0.0445288672545 -0.0702011956615 -0.106730683809 -0.143209983834 -0.193992742078 -0.231226671417 -0.247694670594 -0.231697720361 -0.211359621747 -0.186963800430 -0.193659536985 -0.219536829149 -0.233124732815 -0.253621657748 -0.253878496061 -0.247580618972 -0.247911844986 -0.248057151942 -0.261098132435 -0.292675152086 -0.309730015716 -0.276842371577 -0.155698564462 -0.0769735351699 -0.0556115806803 -0.0178024130013 0.0278287155909 0.0254782573518 0.0709102027476 0.150125341896 0.217420860225 0.270704794311 0.261129848576 0.190116493366 0.0508487800690 -0.0954117845911 -0.0998031771523 -0.0293200870318 0.0591064146862 0.125994399194 0.144314285023 0.144314193153
# log_avg_NatM:
-1.66658082975
# m_dev:
 -0.693377687208 -0.467415942150 -0.0563317022737 0.271518957416 0.0546016156547 -0.0100772620425 0.365790557770 0.480323725266 0.418877177505 0.212849148660 -0.220317793998 -0.454439205960 -0.534119970464 -0.424803728977 -0.366925865506 -0.314845490414 -0.220704823086 -0.242129755002 -0.209082301875 -0.372095835116 -0.457038547598 -0.377187131171 0.00323650328263 -0.0151102862943 -0.0126173620528 0.0368853047188 -0.0915062425957 -0.0189421576412 -0.0730545302669 -0.0642444741338 0.0304152199150 0.0882916129901 -0.0291973793063 -0.0986883884361 0.0465876429117 0.259662961137 0.0890719260405 -0.0432480616623 0.0168349148687 0.394810749324 0.0896288525728 0.0130063768164 0.0934476096988 0.159008350933 0.474220774052 0.521010877872 0.775635014392 0.726033445873 0.0951110043275 -0.0235870366868 -0.137774266451 -0.0425601969821 0.188011818501 0.166551282850
# log_avg_GrowthK:
-1.60943800000
# log_avg_Linf:
4.88280200000
# GrowthK_dev:
 0.00000000000 0.00000000000 0.00000000000 0.00000000000 0.00000000000 0.00000000000 0.00000000000 0.00000000000 0.00000000000 0.00000000000 0.00000000000 0.00000000000 0.00000000000 0.00000000000 0.00000000000 0.00000000000 0.00000000000 0.00000000000 0.00000000000 0.00000000000 0.00000000000 0.00000000000 0.00000000000 0.00000000000 0.00000000000 0.00000000000 0.00000000000 0.00000000000 0.00000000000 0.00000000000 0.00000000000 0.00000000000 0.00000000000 0.00000000000 0.00000000000 0.00000000000 0.00000000000 0.00000000000 0.00000000000 0.00000000000 0.00000000000 0.00000000000 0.00000000000 0.00000000000 0.00000000000 0.00000000000 0.00000000000 0.00000000000 0.00000000000 0.00000000000 0.00000000000 0.00000000000 0.00000000000 0.00000000000
# Linf_dev:
 0.00000000000 0.00000000000 0.00000000000 0.00000000000 0.00000000000 0.00000000000 0.00000000000 0.00000000000 0.00000000000 0.00000000000 0.00000000000 0.00000000000 0.00000000000 0.00000000000 0.00000000000 0.00000000000 0.00000000000 0.00000000000 0.00000000000 0.00000000000 0.00000000000 0.00000000000 0.00000000000 0.00000000000 0.00000000000 0.00000000000 0.00000000000 0.00000000000 0.00000000000 0.00000000000 0.00000000000 0.00000000000 0.00000000000 0.00000000000 0.00000000000 0.00000000000 0.00000000000 0.00000000000 0.00000000000 0.00000000000 0.00000000000 0.00000000000 0.00000000000 0.00000000000 0.00000000000 0.00000000000 0.00000000000 0.00000000000 0.00000000000 0.00000000000 0.00000000000 0.00000000000 0.00000000000 0.00000000000
# SelPars50:
2.02206036937
# SelPars95:
3.60540447579
# SelPars_dev50:
 0.00000000000 0.00000000000 0.00000000000 0.00000000000 0.00000000000 0.00000000000 0.00000000000 0.00000000000 0.00000000000 0.00000000000 0.00000000000 0.00000000000 0.00000000000 0.00000000000 0.00000000000 0.00000000000 0.00000000000 0.00000000000 0.00000000000 0.00000000000 0.00000000000 0.00000000000 0.00000000000 0.00000000000 0.00000000000 0.00000000000 0.00000000000 0.00000000000 0.00000000000 0.00000000000 0.00000000000 0.00000000000 0.00000000000 0.00000000000 0.00000000000 0.00000000000 0.00000000000 0.00000000000 0.00000000000 0.00000000000 0.00000000000 0.00000000000 0.00000000000 0.00000000000 0.00000000000 0.00000000000 0.00000000000 0.00000000000 0.00000000000 0.00000000000 0.00000000000 0.00000000000 0.00000000000 0.00000000000
# SelPars_dev95:
 0.00000000000 0.00000000000 0.00000000000 0.00000000000 0.00000000000 0.00000000000 0.00000000000 0.00000000000 0.00000000000 0.00000000000 0.00000000000 0.00000000000 0.00000000000 0.00000000000 0.00000000000 0.00000000000 0.00000000000 0.00000000000 0.00000000000 0.00000000000 0.00000000000 0.00000000000 0.00000000000 0.00000000000 0.00000000000 0.00000000000 0.00000000000 0.00000000000 0.00000000000 0.00000000000 0.00000000000 0.00000000000 0.00000000000 0.00000000000 0.00000000000 0.00000000000 0.00000000000 0.00000000000 0.00000000000 0.00000000000 0.00000000000 0.00000000000 0.00000000000 0.00000000000 0.00000000000 0.00000000000 0.00000000000 0.00000000000 0.00000000000 0.00000000000 0.00000000000 0.00000000000 0.00000000000 0.00000000000
