# Number of parameters = 163 Objective function value = 79159.2  Maximum gradient component = 0.000440029
# srv_sel50:
1.62248422590
# srv_sel95:
2.84587013041
# stNatLen:
 11.8994030411 11.7264236829 11.4626639938 11.2377973829 11.0623111364 10.8973512858 10.7025791882 10.4606339309 10.1791961720 9.87800251685 9.57627773719 9.28748816969 9.01927988749 8.77511975032 8.55596825186 8.36142331763 8.19047922056 8.04186183558 7.91432315849 7.80676369820 7.71831145167 7.64826562934 7.59612992837 7.56150758626 7.54424361651
# log_avg_fmort_dir:
-1.61761604857
# fmort_dir_dev:
 -2.06841675359 -1.97767685301 -1.44725941489 -1.07589603462 -0.871599457818 -0.527191042288 -0.458925378112 -0.217861811724 -0.137394203478 0.0351766465921 0.0613269558329 0.130878015253 0.320472735316 0.383476900759 0.360561017226 0.421478300631 0.366055805587 0.418419883838 0.378046860422 0.287726653942 0.305902816689 0.296181794597 0.151740848527 0.152753394372 0.173870363724 0.139560283743 0.148344488008 0.277791538479 0.0934264019445 0.129151854724 0.0313745527200 0.101899024018 0.0818584979413 0.0537552374745 0.156897192551 0.256322115955 0.139248259895 0.0460627954827 0.121385047130 -0.00957961415932 0.0147913553613 0.0630566919709 0.0604912158890 0.0173290575914 0.00838849505795 0.0627244691365 0.0347546929529 0.0770159304785 -0.00594427227261 0.0589501212792 0.495034535026 0.443857527146 0.172639506412 0.0287097503607 0.111256269349 0.266102047346 0.0638423322211 0.0680634887632 0.398794344023 0.317304565677 0.165842871995 -0.0207049557345 0.0125474855902 0.0951437738680 -0.0123788073544 -0.226958211825
# mean_log_rec:
11.3187335200
# rec_dev:
 0.634437691699 0.613522864420 0.600944699248 0.581100327144 0.550108376278 0.526949469340 0.511539443564 0.494491649945 0.455395245909 0.425117115865 0.389020594609 0.347192090451 0.302748949670 0.264562674306 0.208589604364 0.137827142952 0.105883992671 0.0636408311452 0.0196301128571 -0.0118462124086 -0.0193985097560 -0.0329239511675 -0.0572193552785 -0.0721953857939 -0.0772111276710 -0.0853784690206 -0.114991042979 -0.135402024889 -0.148807301419 -0.155628167580 -0.166544748915 -0.206179527458 -0.246444032835 -0.273617255946 -0.187701250760 -0.110889131647 -0.123774569936 -0.130073211400 -0.124744037388 -0.135229873502 -0.138838506825 -0.153923212828 -0.161842411516 -0.161253159894 -0.158660540286 -0.154171585547 -0.165153611095 -0.165265786679 -0.168240694059 -0.157071321275 -0.149475440230 -0.185932546621 -0.232218643893 -0.218462671831 -0.197300798851 -0.212212191571 -0.225515247796 -0.210706826485 -0.197808694708 -0.212926342482 -0.220867451350 -0.204694123598 -0.161481223256 -0.126926158584 -0.137777240611 -0.137777256815
# log_avg_NatM:
-1.47146300000
# m_dev:
 0.00000000000 0.00000000000 0.00000000000 0.00000000000 0.00000000000 0.00000000000 0.00000000000 0.00000000000 0.00000000000 0.00000000000 0.00000000000 0.00000000000 0.00000000000 0.00000000000 0.00000000000 0.00000000000 0.00000000000 0.00000000000 0.00000000000 0.00000000000 0.00000000000 0.00000000000 0.00000000000 0.00000000000 0.00000000000 0.00000000000 0.00000000000 0.00000000000 0.00000000000 0.00000000000 0.00000000000 0.00000000000 0.00000000000 0.00000000000 0.00000000000 0.00000000000 0.00000000000 0.00000000000 0.00000000000 0.00000000000 0.00000000000 0.00000000000 0.00000000000 0.00000000000 0.00000000000 0.00000000000 0.00000000000 0.00000000000 0.00000000000 0.00000000000 0.00000000000 0.00000000000 0.00000000000 0.00000000000 0.00000000000 0.00000000000 0.00000000000 0.00000000000 0.00000000000 0.00000000000 0.00000000000 0.00000000000 0.00000000000 0.00000000000 0.00000000000 0.00000000000
# log_avg_GrowthK:
-1.61425200000
# log_avg_Linf:
4.99827700000
# GrowthK_dev:
 0.00000000000 0.00000000000 0.00000000000 0.00000000000 0.00000000000 0.00000000000 0.00000000000 0.00000000000 0.00000000000 0.00000000000 0.00000000000 0.00000000000 0.00000000000 0.00000000000 0.00000000000 0.00000000000 0.00000000000 0.00000000000 0.00000000000 0.00000000000 0.00000000000 0.00000000000 0.00000000000 0.00000000000 0.00000000000 0.00000000000 0.00000000000 0.00000000000 0.00000000000 0.00000000000 0.00000000000 0.00000000000 0.00000000000 0.00000000000 0.00000000000 0.00000000000 0.00000000000 0.00000000000 0.00000000000 0.00000000000 0.00000000000 0.00000000000 0.00000000000 0.00000000000 0.00000000000 0.00000000000 0.00000000000 0.00000000000 0.00000000000 0.00000000000 0.00000000000 0.00000000000 0.00000000000 0.00000000000 0.00000000000 0.00000000000 0.00000000000 0.00000000000 0.00000000000 0.00000000000 0.00000000000 0.00000000000 0.00000000000 0.00000000000 0.00000000000 0.00000000000
# Linf_dev:
 0.00000000000 0.00000000000 0.00000000000 0.00000000000 0.00000000000 0.00000000000 0.00000000000 0.00000000000 0.00000000000 0.00000000000 0.00000000000 0.00000000000 0.00000000000 0.00000000000 0.00000000000 0.00000000000 0.00000000000 0.00000000000 0.00000000000 0.00000000000 0.00000000000 0.00000000000 0.00000000000 0.00000000000 0.00000000000 0.00000000000 0.00000000000 0.00000000000 0.00000000000 0.00000000000 0.00000000000 0.00000000000 0.00000000000 0.00000000000 0.00000000000 0.00000000000 0.00000000000 0.00000000000 0.00000000000 0.00000000000 0.00000000000 0.00000000000 0.00000000000 0.00000000000 0.00000000000 0.00000000000 0.00000000000 0.00000000000 0.00000000000 0.00000000000 0.00000000000 0.00000000000 0.00000000000 0.00000000000 0.00000000000 0.00000000000 0.00000000000 0.00000000000 0.00000000000 0.00000000000 0.00000000000 0.00000000000 0.00000000000 0.00000000000 0.00000000000 0.00000000000
# SelPars50:
2.22242144197
# SelPars95:
4.05717381845
# SelPars_dev50:
 0.00000000000 0.00000000000 0.00000000000 0.00000000000 0.00000000000 0.00000000000 0.00000000000 0.00000000000 0.00000000000 0.00000000000 0.00000000000 0.00000000000 0.00000000000 0.00000000000 0.00000000000 0.00000000000 0.00000000000 0.00000000000 0.00000000000 0.00000000000 0.00000000000 0.00000000000 0.00000000000 0.00000000000 0.00000000000 0.00000000000 0.00000000000 0.00000000000 0.00000000000 0.00000000000 0.00000000000 0.00000000000 0.00000000000 0.00000000000 0.00000000000 0.00000000000 0.00000000000 0.00000000000 0.00000000000 0.00000000000 0.00000000000 0.00000000000 0.00000000000 0.00000000000 0.00000000000 0.00000000000 0.00000000000 0.00000000000 0.00000000000 0.00000000000 0.00000000000 0.00000000000 0.00000000000 0.00000000000 0.00000000000 0.00000000000 0.00000000000 0.00000000000 0.00000000000 0.00000000000 0.00000000000 0.00000000000 0.00000000000 0.00000000000 0.00000000000 0.00000000000
# SelPars_dev95:
 0.00000000000 0.00000000000 0.00000000000 0.00000000000 0.00000000000 0.00000000000 0.00000000000 0.00000000000 0.00000000000 0.00000000000 0.00000000000 0.00000000000 0.00000000000 0.00000000000 0.00000000000 0.00000000000 0.00000000000 0.00000000000 0.00000000000 0.00000000000 0.00000000000 0.00000000000 0.00000000000 0.00000000000 0.00000000000 0.00000000000 0.00000000000 0.00000000000 0.00000000000 0.00000000000 0.00000000000 0.00000000000 0.00000000000 0.00000000000 0.00000000000 0.00000000000 0.00000000000 0.00000000000 0.00000000000 0.00000000000 0.00000000000 0.00000000000 0.00000000000 0.00000000000 0.00000000000 0.00000000000 0.00000000000 0.00000000000 0.00000000000 0.00000000000 0.00000000000 0.00000000000 0.00000000000 0.00000000000 0.00000000000 0.00000000000 0.00000000000 0.00000000000 0.00000000000 0.00000000000 0.00000000000 0.00000000000 0.00000000000 0.00000000000 0.00000000000 0.00000000000
