# Number of parameters = 125 Objective function value = 56169.5  Maximum gradient component = 0.00125066
# srv_sel50:
1.51489503307
# srv_sel95:
2.54811085442
# stNatLen:
 11.4828118707 11.3159754196 11.0647502128 10.8231202243 10.6007906398 10.3791357705 10.1442384481 9.89529926800 9.63999243836 9.38782832141 9.14644905835 8.92074117342 8.71326387094 8.52497192957 8.35585119358 8.20535551128 8.07271345994 7.95706871727 7.85758859932 7.77350833865 7.70418221798 7.64919166798 7.60827693059 7.58115022065 7.56759594262
# log_avg_fmort_dir:
-1.51368632662
# fmort_dir_dev:
 -0.797843731418 -0.612914793454 -0.584620112074 -0.308836173889 -0.125972222126 -0.0249530203321 0.0822815295315 0.0966271098361 0.176133220386 0.287047547219 0.440298344810 0.455298748085 0.322183542087 0.359950306553 0.216379867040 0.270688760441 0.328848417426 0.198898054157 0.227237485187 0.164731389733 0.182648300272 0.129814568856 0.143745725445 0.100328136428 0.0991898004701 0.00652294469601 0.00572112707297 0.0164362553653 -0.0275448481473 -0.118926818410 -0.0123448065557 -0.0690473810887 -0.193648913600 -0.0453897969118 0.0145397500230 -0.103114525525 -0.0127241218131 -0.139956812091 -0.0621100237321 -0.0647387676839 -0.0486002488828 -0.0889258956347 -0.167968248100 -0.0662249804743 -0.0659212162056 -0.0386364017262 -0.544587071247
# mean_log_rec:
11.1069786227
# rec_dev:
 0.444824231274 0.428091703476 0.415585532308 0.382146191704 0.357439677542 0.342329242586 0.326977469874 0.312482088158 0.273465922266 0.217874737470 0.159645696555 0.0969202473060 0.0415695568110 0.00990513377862 -0.0147458605311 -0.0645425281486 -0.102511940369 -0.117052126361 -0.127864809573 -0.136396149798 -0.160660988196 -0.186353267910 -0.201492035502 -0.207472167555 -0.219590501206 -0.212239856606 -0.190999137009 -0.170877676740 -0.144676859042 -0.147901274101 -0.123951323744 -0.0810473069773 -0.0658598187202 -0.0614434676825 -0.0692757896402 -0.0922708009836 -0.0805822859770 -0.0793854322536 -0.102933748835 -0.122739624040 -0.104626903907 -0.0845291449146 -0.0706730197630 -0.0620960561439 -0.0626231584263 -0.0699211817121 -0.0699211887428
# log_avg_NatM:
-1.60943800000
# m_dev:
 0.00000000000 0.00000000000 0.00000000000 0.00000000000 0.00000000000 0.00000000000 0.00000000000 0.00000000000 0.00000000000 0.00000000000 0.00000000000 0.00000000000 0.00000000000 0.00000000000 0.00000000000 0.00000000000 0.00000000000 0.00000000000 0.00000000000 0.00000000000 0.00000000000 0.00000000000 0.00000000000 0.00000000000 0.00000000000 0.00000000000 0.00000000000 0.00000000000 0.00000000000 0.00000000000 0.00000000000 0.00000000000 0.00000000000 0.00000000000 0.00000000000 0.00000000000 0.00000000000 0.00000000000 0.00000000000 0.00000000000 0.00000000000 0.00000000000 0.00000000000 0.00000000000 0.00000000000 0.00000000000 0.00000000000
# log_avg_GrowthK:
-1.60943800000
# log_avg_Linf:
4.88280200000
# GrowthK_dev:
 0.00000000000 0.00000000000 0.00000000000 0.00000000000 0.00000000000 0.00000000000 0.00000000000 0.00000000000 0.00000000000 0.00000000000 0.00000000000 0.00000000000 0.00000000000 0.00000000000 0.00000000000 0.00000000000 0.00000000000 0.00000000000 0.00000000000 0.00000000000 0.00000000000 0.00000000000 0.00000000000 0.00000000000 0.00000000000 0.00000000000 0.00000000000 0.00000000000 0.00000000000 0.00000000000 0.00000000000 0.00000000000 0.00000000000 0.00000000000 0.00000000000 0.00000000000 0.00000000000 0.00000000000 0.00000000000 0.00000000000 0.00000000000 0.00000000000 0.00000000000 0.00000000000 0.00000000000 0.00000000000 0.00000000000
# Linf_dev:
 0.00000000000 0.00000000000 0.00000000000 0.00000000000 0.00000000000 0.00000000000 0.00000000000 0.00000000000 0.00000000000 0.00000000000 0.00000000000 0.00000000000 0.00000000000 0.00000000000 0.00000000000 0.00000000000 0.00000000000 0.00000000000 0.00000000000 0.00000000000 0.00000000000 0.00000000000 0.00000000000 0.00000000000 0.00000000000 0.00000000000 0.00000000000 0.00000000000 0.00000000000 0.00000000000 0.00000000000 0.00000000000 0.00000000000 0.00000000000 0.00000000000 0.00000000000 0.00000000000 0.00000000000 0.00000000000 0.00000000000 0.00000000000 0.00000000000 0.00000000000 0.00000000000 0.00000000000 0.00000000000 0.00000000000
# SelPars50:
2.07380628748
# SelPars95:
3.71999119090
# SelPars_dev50:
 0.00000000000 0.00000000000 0.00000000000 0.00000000000 0.00000000000 0.00000000000 0.00000000000 0.00000000000 0.00000000000 0.00000000000 0.00000000000 0.00000000000 0.00000000000 0.00000000000 0.00000000000 0.00000000000 0.00000000000 0.00000000000 0.00000000000 0.00000000000 0.00000000000 0.00000000000 0.00000000000 0.00000000000 0.00000000000 0.00000000000 0.00000000000 0.00000000000 0.00000000000 0.00000000000 0.00000000000 0.00000000000 0.00000000000 0.00000000000 0.00000000000 0.00000000000 0.00000000000 0.00000000000 0.00000000000 0.00000000000 0.00000000000 0.00000000000 0.00000000000 0.00000000000 0.00000000000 0.00000000000 0.00000000000
# SelPars_dev95:
 0.00000000000 0.00000000000 0.00000000000 0.00000000000 0.00000000000 0.00000000000 0.00000000000 0.00000000000 0.00000000000 0.00000000000 0.00000000000 0.00000000000 0.00000000000 0.00000000000 0.00000000000 0.00000000000 0.00000000000 0.00000000000 0.00000000000 0.00000000000 0.00000000000 0.00000000000 0.00000000000 0.00000000000 0.00000000000 0.00000000000 0.00000000000 0.00000000000 0.00000000000 0.00000000000 0.00000000000 0.00000000000 0.00000000000 0.00000000000 0.00000000000 0.00000000000 0.00000000000 0.00000000000 0.00000000000 0.00000000000 0.00000000000 0.00000000000 0.00000000000 0.00000000000 0.00000000000 0.00000000000 0.00000000000
