# Number of parameters = 155 Objective function value = 74337.2  Maximum gradient component = 0.00135863
# srv_sel50:
1.62946719650
# srv_sel95:
2.86350876517
# stNatLen:
 11.9000705329 11.7256241249 11.4594655200 11.2333603580 11.0576856602 10.8929869572 10.6986893352 10.4573881690 10.1767088066 9.87629984189 9.57531310012 9.28717622790 9.01952455516 8.77582911728 8.55706136406 8.36283088556 8.19214232616 8.04373117409 7.91635665808 7.80892548209 7.72057137515 7.65059810107 7.59851340621 7.56392331855 7.54667539768
# log_avg_fmort_dir:
-1.61533903182
# fmort_dir_dev:
 -2.06739044965 -1.97690605570 -1.44635919223 -1.07492435363 -0.870598016454 -0.526152074949 -0.457861916045 -0.216732691504 -0.136204505156 0.0364540897520 0.0626940744019 0.132317843829 0.322087702042 0.385262671690 0.362478031805 0.423513864281 0.368146526931 0.420608637433 0.380233571670 0.289875756062 0.308029099053 0.298309227961 0.153766211722 0.154710378290 0.175803854582 0.141472334930 0.150251919011 0.279761942317 0.0953501753930 0.131062282563 0.0332173231764 0.103731075217 0.0836517648872 0.0555113370306 0.158645227939 0.258118589027 0.141017208931 0.0478387386367 0.123254970095 -0.00777780320549 0.0165128467808 0.0647536263009 0.0621624256091 0.0189729348028 0.00998909331310 0.0642957697407 0.0362411336319 0.0783934979801 -0.00474926954107 0.0599216012935 0.495917634194 0.444305307449 0.172227042034 0.0270469978342 0.107821813760 0.260117510249 0.0542721864208 0.0535665836817 0.376375357301 0.282975335858 0.115307737666 -0.0926965384955
# mean_log_rec:
11.3366970484
# rec_dev:
 0.615925430188 0.595138949503 0.582493211020 0.562469002467 0.531401058377 0.508278405450 0.492912757260 0.475580336407 0.436457439649 0.406172373056 0.369885707716 0.328113508133 0.283703420673 0.245413465108 0.189232510298 0.118639862477 0.0868119477478 0.0443471067521 0.000197530940147 -0.0310175296797 -0.0385159464057 -0.0523524194523 -0.0767473883972 -0.0914582381314 -0.0963468286449 -0.104803975024 -0.134421626755 -0.154719013184 -0.168188987626 -0.174725009241 -0.185924624158 -0.225335685313 -0.265722145449 -0.292681621277 -0.206632740602 -0.130429796753 -0.143224082664 -0.149235817352 -0.144180189223 -0.154614227468 -0.158172557975 -0.173184406238 -0.180901874145 -0.180141216948 -0.177340324693 -0.172923860867 -0.183374327946 -0.183089364093 -0.185497972036 -0.173248482016 -0.164050440226 -0.198394613693 -0.241673851923 -0.223516282347 -0.196479597079 -0.202894381464 -0.203671349636 -0.169379151098 -0.123067531876 -0.105572496764 -0.127660824541 -0.127661222818
# log_avg_NatM:
-1.49486600000
# m_dev:
 0.00000000000 0.00000000000 0.00000000000 0.00000000000 0.00000000000 0.00000000000 0.00000000000 0.00000000000 0.00000000000 0.00000000000 0.00000000000 0.00000000000 0.00000000000 0.00000000000 0.00000000000 0.00000000000 0.00000000000 0.00000000000 0.00000000000 0.00000000000 0.00000000000 0.00000000000 0.00000000000 0.00000000000 0.00000000000 0.00000000000 0.00000000000 0.00000000000 0.00000000000 0.00000000000 0.00000000000 0.00000000000 0.00000000000 0.00000000000 0.00000000000 0.00000000000 0.00000000000 0.00000000000 0.00000000000 0.00000000000 0.00000000000 0.00000000000 0.00000000000 0.00000000000 0.00000000000 0.00000000000 0.00000000000 0.00000000000 0.00000000000 0.00000000000 0.00000000000 0.00000000000 0.00000000000 0.00000000000 0.00000000000 0.00000000000 0.00000000000 0.00000000000 0.00000000000 0.00000000000 0.00000000000 0.00000000000
# log_avg_GrowthK:
-1.67168800000
# log_avg_Linf:
4.90667900000
# GrowthK_dev:
 0.00000000000 0.00000000000 0.00000000000 0.00000000000 0.00000000000 0.00000000000 0.00000000000 0.00000000000 0.00000000000 0.00000000000 0.00000000000 0.00000000000 0.00000000000 0.00000000000 0.00000000000 0.00000000000 0.00000000000 0.00000000000 0.00000000000 0.00000000000 0.00000000000 0.00000000000 0.00000000000 0.00000000000 0.00000000000 0.00000000000 0.00000000000 0.00000000000 0.00000000000 0.00000000000 0.00000000000 0.00000000000 0.00000000000 0.00000000000 0.00000000000 0.00000000000 0.00000000000 0.00000000000 0.00000000000 0.00000000000 0.00000000000 0.00000000000 0.00000000000 0.00000000000 0.00000000000 0.00000000000 0.00000000000 0.00000000000 0.00000000000 0.00000000000 0.00000000000 0.00000000000 0.00000000000 0.00000000000 0.00000000000 0.00000000000 0.00000000000 0.00000000000 0.00000000000 0.00000000000 0.00000000000 0.00000000000
# Linf_dev:
 0.00000000000 0.00000000000 0.00000000000 0.00000000000 0.00000000000 0.00000000000 0.00000000000 0.00000000000 0.00000000000 0.00000000000 0.00000000000 0.00000000000 0.00000000000 0.00000000000 0.00000000000 0.00000000000 0.00000000000 0.00000000000 0.00000000000 0.00000000000 0.00000000000 0.00000000000 0.00000000000 0.00000000000 0.00000000000 0.00000000000 0.00000000000 0.00000000000 0.00000000000 0.00000000000 0.00000000000 0.00000000000 0.00000000000 0.00000000000 0.00000000000 0.00000000000 0.00000000000 0.00000000000 0.00000000000 0.00000000000 0.00000000000 0.00000000000 0.00000000000 0.00000000000 0.00000000000 0.00000000000 0.00000000000 0.00000000000 0.00000000000 0.00000000000 0.00000000000 0.00000000000 0.00000000000 0.00000000000 0.00000000000 0.00000000000 0.00000000000 0.00000000000 0.00000000000 0.00000000000 0.00000000000 0.00000000000
# SelPars50:
2.23890621490
# SelPars95:
4.09629870576
# SelPars_dev50:
 0.00000000000 0.00000000000 0.00000000000 0.00000000000 0.00000000000 0.00000000000 0.00000000000 0.00000000000 0.00000000000 0.00000000000 0.00000000000 0.00000000000 0.00000000000 0.00000000000 0.00000000000 0.00000000000 0.00000000000 0.00000000000 0.00000000000 0.00000000000 0.00000000000 0.00000000000 0.00000000000 0.00000000000 0.00000000000 0.00000000000 0.00000000000 0.00000000000 0.00000000000 0.00000000000 0.00000000000 0.00000000000 0.00000000000 0.00000000000 0.00000000000 0.00000000000 0.00000000000 0.00000000000 0.00000000000 0.00000000000 0.00000000000 0.00000000000 0.00000000000 0.00000000000 0.00000000000 0.00000000000 0.00000000000 0.00000000000 0.00000000000 0.00000000000 0.00000000000 0.00000000000 0.00000000000 0.00000000000 0.00000000000 0.00000000000 0.00000000000 0.00000000000 0.00000000000 0.00000000000 0.00000000000 0.00000000000
# SelPars_dev95:
 0.00000000000 0.00000000000 0.00000000000 0.00000000000 0.00000000000 0.00000000000 0.00000000000 0.00000000000 0.00000000000 0.00000000000 0.00000000000 0.00000000000 0.00000000000 0.00000000000 0.00000000000 0.00000000000 0.00000000000 0.00000000000 0.00000000000 0.00000000000 0.00000000000 0.00000000000 0.00000000000 0.00000000000 0.00000000000 0.00000000000 0.00000000000 0.00000000000 0.00000000000 0.00000000000 0.00000000000 0.00000000000 0.00000000000 0.00000000000 0.00000000000 0.00000000000 0.00000000000 0.00000000000 0.00000000000 0.00000000000 0.00000000000 0.00000000000 0.00000000000 0.00000000000 0.00000000000 0.00000000000 0.00000000000 0.00000000000 0.00000000000 0.00000000000 0.00000000000 0.00000000000 0.00000000000 0.00000000000 0.00000000000 0.00000000000 0.00000000000 0.00000000000 0.00000000000 0.00000000000 0.00000000000 0.00000000000
