# Number of parameters = 141 Objective function value = 65994.2  Maximum gradient component = 0.000640424
# srv_sel50:
1.51323671590
# srv_sel95:
2.54084733102
# stNatLen:
 11.4461552348 11.2991935093 11.0894641044 10.8957807963 10.7090997626 10.5055676357 10.2789313947 10.0381157111 9.79598885299 9.56275994508 9.34457125462 9.14432381338 8.96288862343 8.80000410678 8.65491823157 8.52662970494 8.41415683500 8.31659540113 8.23314269461 8.16306320736 8.10571687425 8.06056091752 8.02710082476 8.00501273613 7.99405929275
# log_avg_fmort_dir:
-1.66113882356
# fmort_dir_dev:
 -1.77381764587 -1.79836955792 -1.41380052429 -1.01290709414 -0.630994232011 -0.489507656897 -0.273033087871 -0.118896111854 0.00119277051038 0.0544440995850 0.196094295587 0.162671290013 0.336067442687 0.450349276914 0.555818323114 0.511875726814 0.465258984003 0.470467837304 0.483609927310 0.423385529818 0.395752443024 0.387911992888 0.375988330664 0.413719935921 0.298659090021 0.243912770374 0.238680728001 0.331476168398 0.327182490919 0.191257740864 0.0352549735659 0.227322193388 0.0911756246865 0.0788971499716 0.0521209458049 -0.0108055982644 -0.0134297671110 0.115722557242 0.0769823566685 0.0508588418858 0.122624477277 -0.0363244257973 0.0738335903450 0.0643446792477 0.104740151066 0.0766674628468 0.0990041298866 0.0790527863983 0.139146218772 0.171573856902 -0.454482173314 -0.332702523153 -0.235165610807 -0.168751007624 -0.212112173768
# mean_log_rec:
11.1319736926
# rec_dev:
 0.389062589409 0.375255421043 0.385017944500 0.387617019738 0.385783562455 0.374386508190 0.350097823258 0.321922151216 0.300591682506 0.286847625826 0.266934975472 0.251326042937 0.221198656471 0.173491842196 0.118361197563 0.0676815937852 0.0219798824762 -0.0223413683680 -0.0646166853324 -0.0859165876282 -0.107968985632 -0.118963196603 -0.117358274826 -0.136356593381 -0.157357037831 -0.167845180202 -0.175480801752 -0.197114924413 -0.205548543893 -0.203405885860 -0.217582307002 -0.218435148132 -0.209388470752 -0.195131807065 -0.175143019696 -0.180845979552 -0.186620885081 -0.162158865388 -0.145529134791 -0.128586375854 -0.101998858261 -0.0981093748809 -0.0910527380434 -0.0745006574480 -0.0686706318709 -0.0674110079670 -0.0715187230860 -0.0855369361856 -0.0936392918074 -0.0973979960790 -0.0944086692392 -0.0603260774444 -0.0312658322981 -0.0310118356162 -0.0310118297760
# log_avg_NatM:
-1.60943800000
# m_dev:
 0.00000000000 0.00000000000 0.00000000000 0.00000000000 0.00000000000 0.00000000000 0.00000000000 0.00000000000 0.00000000000 0.00000000000 0.00000000000 0.00000000000 0.00000000000 0.00000000000 0.00000000000 0.00000000000 0.00000000000 0.00000000000 0.00000000000 0.00000000000 0.00000000000 0.00000000000 0.00000000000 0.00000000000 0.00000000000 0.00000000000 0.00000000000 0.00000000000 0.00000000000 0.00000000000 0.00000000000 0.00000000000 0.00000000000 0.00000000000 0.00000000000 0.00000000000 0.00000000000 0.00000000000 0.00000000000 0.00000000000 0.00000000000 0.00000000000 0.00000000000 0.00000000000 0.00000000000 0.00000000000 0.00000000000 0.00000000000 0.00000000000 0.00000000000 0.00000000000 0.00000000000 0.00000000000 0.00000000000 0.00000000000
# log_avg_GrowthK:
-1.60943800000
# log_avg_Linf:
4.88280200000
# GrowthK_dev:
 0.00000000000 0.00000000000 0.00000000000 0.00000000000 0.00000000000 0.00000000000 0.00000000000 0.00000000000 0.00000000000 0.00000000000 0.00000000000 0.00000000000 0.00000000000 0.00000000000 0.00000000000 0.00000000000 0.00000000000 0.00000000000 0.00000000000 0.00000000000 0.00000000000 0.00000000000 0.00000000000 0.00000000000 0.00000000000 0.00000000000 0.00000000000 0.00000000000 0.00000000000 0.00000000000 0.00000000000 0.00000000000 0.00000000000 0.00000000000 0.00000000000 0.00000000000 0.00000000000 0.00000000000 0.00000000000 0.00000000000 0.00000000000 0.00000000000 0.00000000000 0.00000000000 0.00000000000 0.00000000000 0.00000000000 0.00000000000 0.00000000000 0.00000000000 0.00000000000 0.00000000000 0.00000000000 0.00000000000 0.00000000000
# Linf_dev:
 0.00000000000 0.00000000000 0.00000000000 0.00000000000 0.00000000000 0.00000000000 0.00000000000 0.00000000000 0.00000000000 0.00000000000 0.00000000000 0.00000000000 0.00000000000 0.00000000000 0.00000000000 0.00000000000 0.00000000000 0.00000000000 0.00000000000 0.00000000000 0.00000000000 0.00000000000 0.00000000000 0.00000000000 0.00000000000 0.00000000000 0.00000000000 0.00000000000 0.00000000000 0.00000000000 0.00000000000 0.00000000000 0.00000000000 0.00000000000 0.00000000000 0.00000000000 0.00000000000 0.00000000000 0.00000000000 0.00000000000 0.00000000000 0.00000000000 0.00000000000 0.00000000000 0.00000000000 0.00000000000 0.00000000000 0.00000000000 0.00000000000 0.00000000000 0.00000000000 0.00000000000 0.00000000000 0.00000000000 0.00000000000
# SelPars50:
2.07724303167
# SelPars95:
3.72839501264
# SelPars_dev50:
 0.00000000000 0.00000000000 0.00000000000 0.00000000000 0.00000000000 0.00000000000 0.00000000000 0.00000000000 0.00000000000 0.00000000000 0.00000000000 0.00000000000 0.00000000000 0.00000000000 0.00000000000 0.00000000000 0.00000000000 0.00000000000 0.00000000000 0.00000000000 0.00000000000 0.00000000000 0.00000000000 0.00000000000 0.00000000000 0.00000000000 0.00000000000 0.00000000000 0.00000000000 0.00000000000 0.00000000000 0.00000000000 0.00000000000 0.00000000000 0.00000000000 0.00000000000 0.00000000000 0.00000000000 0.00000000000 0.00000000000 0.00000000000 0.00000000000 0.00000000000 0.00000000000 0.00000000000 0.00000000000 0.00000000000 0.00000000000 0.00000000000 0.00000000000 0.00000000000 0.00000000000 0.00000000000 0.00000000000 0.00000000000
# SelPars_dev95:
 0.00000000000 0.00000000000 0.00000000000 0.00000000000 0.00000000000 0.00000000000 0.00000000000 0.00000000000 0.00000000000 0.00000000000 0.00000000000 0.00000000000 0.00000000000 0.00000000000 0.00000000000 0.00000000000 0.00000000000 0.00000000000 0.00000000000 0.00000000000 0.00000000000 0.00000000000 0.00000000000 0.00000000000 0.00000000000 0.00000000000 0.00000000000 0.00000000000 0.00000000000 0.00000000000 0.00000000000 0.00000000000 0.00000000000 0.00000000000 0.00000000000 0.00000000000 0.00000000000 0.00000000000 0.00000000000 0.00000000000 0.00000000000 0.00000000000 0.00000000000 0.00000000000 0.00000000000 0.00000000000 0.00000000000 0.00000000000 0.00000000000 0.00000000000 0.00000000000 0.00000000000 0.00000000000 0.00000000000 0.00000000000
