# Number of parameters = 224 Objective function value = 76614.5419321587  Maximum gradient component = 0.000491351685132387
# srv_sel50:
1.47817883575
# srv_sel95:
2.43786763398
# stNatLen:
 11.6933854172 11.5374041933 11.3346766519 11.1462075811 10.9610849398 10.7579493085 10.5314973861 10.2904465769 10.0474007543 9.81255566449 9.59219219297 9.38941590047 9.20529209274 9.03972622850 8.89204309007 8.76130538618 8.64651627944 8.54675146554 8.46124435377 8.38925745695 8.33022023143 8.28362523701 8.24903539125 8.22615370277 8.21479473802
# log_avg_fmort_dir:
-1.61359876617
# fmort_dir_dev:
 -1.87847611978 -1.89382753456 -1.32786230725 -0.815120046505 -0.535584072211 -0.504566763050 -0.387875683503 -0.245368057791 -0.0778152816056 0.0215161012424 0.291893134232 0.230563275943 0.394435363499 0.453340919817 0.505546338116 0.436063938922 0.532560382575 0.379130946565 0.396132827817 0.391087735000 0.320059385320 0.399317783197 0.357806890212 0.370799998054 0.336844403851 0.281965518813 0.277743108153 0.210913190535 0.261241338538 0.208171622240 0.183417002117 0.153272804186 -0.0156412010650 0.0173414779985 -0.162805117471 -0.0115199331203 0.114973103472 0.111399206951 0.150761575876 0.117398547891 -0.0799848235338 -0.00205968326958 -0.0210743529881 -0.0266208468435 0.0282512798454 -0.0697959197866 -0.0878064406228 -0.00816967049610 -0.106118604448 -0.108473508173 -0.00605604947976 0.0175601521074 -0.0598538095052 0.200471262886 0.432342108680 0.203398614198 -0.628971080079 -0.290565401395 0.191844345050 0.187779456468 -0.287917880533 0.369042743901 -0.00634542101894 0.109887725825
# mean_log_rec:
11.1481484385
# rec_dev:
 0.428963527563 0.326395613732 0.232254909451 0.181155098813 0.185690739800 0.227641638134 0.266077045846 0.284363120158 0.229124941470 0.104392269229 0.0179201851666 -0.0127630216094 -0.0229804456812 -0.0316268473130 -0.0397503326700 -0.0658777058165 -0.0672152375231 -0.0717471940179 -0.108811823844 -0.139870037609 -0.186630906890 -0.237461811813 -0.291687336421 -0.315314566767 -0.291935676960 -0.271967687412 -0.285780338504 -0.312322046916 -0.324127825489 -0.325208563412 -0.278599234611 -0.193254129337 -0.134986426234 -0.0733338801809 0.0228763011903 -0.0235241885349 -0.132019794308 -0.151806859060 -0.0857987171275 -0.00460936506612 0.0434281194687 0.0387025670765 -0.00119004605347 -0.0213011582270 0.0114525491567 0.0648589372317 0.0976253106541 0.0995860895490 0.131851328063 0.178641522612 0.232359758064 0.272452697279 0.273964636630 0.201803326700 0.0752486831991 -0.0164560320984 -0.0262714080598 0.00991910177966 0.0299271290171 0.0397894823015 0.0353548671950 0.0608180857413 0.0707954883847 0.0707955749092
# log_avg_NatM:
-1.53647846548
# m_dev:
 0.483605757755 0.361188864330 0.249398275504 0.109479244908 -0.195115615274 -0.414042590575 -0.395643133316 -0.390684999632 0.0224132628600 0.298509709114 0.0514273306363 -0.288463092797 -0.444491213792 -0.445946507306 -0.343478021283 -0.355689526912 -0.465913732572 -0.274873821330 -0.0995982663486 -0.140403298973 -0.0551596114269 -0.00480063990815 0.0726402731606 -0.206138165980 -0.417430589579 -0.252156421367 -0.0970723250024 -0.0291829739634 -0.00202247424536 -0.153311493140 -0.446805144245 -0.455096331147 -0.326499571962 -0.249299769591 0.0975266956511 0.603833501155 0.527886958098 0.0519054407055 -0.268974949253 -0.165797618983 -0.0280249852554 0.260984088844 0.333949796234 0.279338351866 0.0653542760905 -0.0251092141981 0.0713284114315 0.265119999690 0.0993220766544 0.104862106147 0.130107537575 0.0691868057274 0.194657011684 0.529279613349 0.541582002106 0.335126973564 0.219429331840 0.253702700392 0.220198702451 0.0213039540080 0.252110623067 0.0623452303493 0.105885631526 0.0922355608815
# log_avg_GrowthK:
-1.60943800000
# log_avg_Linf:
4.88280200000
# GrowthK_dev:
 0.00000000000 0.00000000000 0.00000000000 0.00000000000 0.00000000000 0.00000000000 0.00000000000 0.00000000000 0.00000000000 0.00000000000 0.00000000000 0.00000000000 0.00000000000 0.00000000000 0.00000000000 0.00000000000 0.00000000000 0.00000000000 0.00000000000 0.00000000000 0.00000000000 0.00000000000 0.00000000000 0.00000000000 0.00000000000 0.00000000000 0.00000000000 0.00000000000 0.00000000000 0.00000000000 0.00000000000 0.00000000000 0.00000000000 0.00000000000 0.00000000000 0.00000000000 0.00000000000 0.00000000000 0.00000000000 0.00000000000 0.00000000000 0.00000000000 0.00000000000 0.00000000000 0.00000000000 0.00000000000 0.00000000000 0.00000000000 0.00000000000 0.00000000000 0.00000000000 0.00000000000 0.00000000000 0.00000000000 0.00000000000 0.00000000000 0.00000000000 0.00000000000 0.00000000000 0.00000000000 0.00000000000 0.00000000000 0.00000000000 0.00000000000
# Linf_dev:
 0.00000000000 0.00000000000 0.00000000000 0.00000000000 0.00000000000 0.00000000000 0.00000000000 0.00000000000 0.00000000000 0.00000000000 0.00000000000 0.00000000000 0.00000000000 0.00000000000 0.00000000000 0.00000000000 0.00000000000 0.00000000000 0.00000000000 0.00000000000 0.00000000000 0.00000000000 0.00000000000 0.00000000000 0.00000000000 0.00000000000 0.00000000000 0.00000000000 0.00000000000 0.00000000000 0.00000000000 0.00000000000 0.00000000000 0.00000000000 0.00000000000 0.00000000000 0.00000000000 0.00000000000 0.00000000000 0.00000000000 0.00000000000 0.00000000000 0.00000000000 0.00000000000 0.00000000000 0.00000000000 0.00000000000 0.00000000000 0.00000000000 0.00000000000 0.00000000000 0.00000000000 0.00000000000 0.00000000000 0.00000000000 0.00000000000 0.00000000000 0.00000000000 0.00000000000 0.00000000000 0.00000000000 0.00000000000 0.00000000000 0.00000000000
# SelPars50:
2.02574054408
# SelPars95:
3.59927768148
# SelPars_dev50:
 0.00000000000 0.00000000000 0.00000000000 0.00000000000 0.00000000000 0.00000000000 0.00000000000 0.00000000000 0.00000000000 0.00000000000 0.00000000000 0.00000000000 0.00000000000 0.00000000000 0.00000000000 0.00000000000 0.00000000000 0.00000000000 0.00000000000 0.00000000000 0.00000000000 0.00000000000 0.00000000000 0.00000000000 0.00000000000 0.00000000000 0.00000000000 0.00000000000 0.00000000000 0.00000000000 0.00000000000 0.00000000000 0.00000000000 0.00000000000 0.00000000000 0.00000000000 0.00000000000 0.00000000000 0.00000000000 0.00000000000 0.00000000000 0.00000000000 0.00000000000 0.00000000000 0.00000000000 0.00000000000 0.00000000000 0.00000000000 0.00000000000 0.00000000000 0.00000000000 0.00000000000 0.00000000000 0.00000000000 0.00000000000 0.00000000000 0.00000000000 0.00000000000 0.00000000000 0.00000000000 0.00000000000 0.00000000000 0.00000000000 0.00000000000
# SelPars_dev95:
 0.00000000000 0.00000000000 0.00000000000 0.00000000000 0.00000000000 0.00000000000 0.00000000000 0.00000000000 0.00000000000 0.00000000000 0.00000000000 0.00000000000 0.00000000000 0.00000000000 0.00000000000 0.00000000000 0.00000000000 0.00000000000 0.00000000000 0.00000000000 0.00000000000 0.00000000000 0.00000000000 0.00000000000 0.00000000000 0.00000000000 0.00000000000 0.00000000000 0.00000000000 0.00000000000 0.00000000000 0.00000000000 0.00000000000 0.00000000000 0.00000000000 0.00000000000 0.00000000000 0.00000000000 0.00000000000 0.00000000000 0.00000000000 0.00000000000 0.00000000000 0.00000000000 0.00000000000 0.00000000000 0.00000000000 0.00000000000 0.00000000000 0.00000000000 0.00000000000 0.00000000000 0.00000000000 0.00000000000 0.00000000000 0.00000000000 0.00000000000 0.00000000000 0.00000000000 0.00000000000 0.00000000000 0.00000000000 0.00000000000 0.00000000000
