# Number of parameters = 203 Objective function value = 68258.2  Maximum gradient component = 0.00589643
# srv_sel50:
1.47127984988
# srv_sel95:
2.42953047511
# stNatLen:
 11.5299816188 11.3890968734 11.1888671161 10.9982170406 10.8115646709 10.6083193159 10.3824441232 10.1419507988 9.89910486115 9.66404849230 9.44316399100 9.23967581341 9.05475082206 8.88836064093 8.73985113997 8.60831581325 8.49279621167 8.39242279397 8.30636878655 8.23386142623 8.17431313334 8.12728778329 8.09239222291 8.06926475981 8.05778296398
# log_avg_fmort_dir:
-1.60731123590
# fmort_dir_dev:
 -1.87915872848 -1.89366246987 -1.32208480496 -0.998005914985 -0.836404526478 -0.643349310073 -0.404797512467 -0.242617391912 -0.129206344386 0.0635046828488 0.185202477856 0.320896509823 0.464414726494 0.459155993144 0.532670882250 0.565377881014 0.552300885392 0.563171176150 0.539924437405 0.507509504830 0.451898516103 0.410761568566 0.366535112153 0.258643335159 0.245292469273 0.159461018768 0.133172080474 0.328979444966 0.306462376424 0.269125167986 0.147522105896 0.0714114278253 0.0982566849692 0.0503586496309 -0.105498952479 -0.00123479608426 0.00776666617435 0.0582693226014 0.138800525642 -0.0412796667203 -0.000100500444289 -0.00788692948905 0.000912834972092 -0.0656299058357 0.139082664587 1.27915252547e-006 0.0566351509277 -0.0119276349983 -0.0597401993980 -0.0239092995995 0.158704786794 0.0261951148562 0.0915961309706 -0.331126756875 0.0160556827156 0.0402975617214 0.211294809021
# mean_log_rec:
11.1212224531
# rec_dev:
 0.440435567141 0.400514961418 0.370353533842 0.366551254408 0.380331510006 0.371456395312 0.325448712080 0.293376421936 0.274503893315 0.204345635674 0.0962754787034 0.00913001576527 -0.0210627244971 -0.0288137405548 -0.0736755479541 -0.132909947252 -0.216045952151 -0.274569983604 -0.272107738806 -0.244675504775 -0.224272691844 -0.199249639526 -0.178754462088 -0.160771522446 -0.131424050986 -0.168231224681 -0.294147159198 -0.378089699532 -0.374653001513 -0.329585991658 -0.251018387346 -0.190635188735 -0.135458927738 -0.0637025576771 0.0450167630067 0.0729006331348 -0.0137265024175 -0.0400460406454 -0.0536257106165 -0.0175581841748 0.0464592107141 0.0845125883861 0.105909841214 0.0442412031104 -0.0240754809248 -0.0257331196889 0.0189319324721 0.0812939455533 0.110388097763 0.0959559961908 0.0573278420814 0.00713914758588 -0.00210482770699 0.0226781371946 0.0657700619416 0.0647383492745 0.0647383815105
# log_avg_NatM:
-1.59900329810
# m_dev:
 0.152677198895 0.0758541666189 0.189196495568 -0.00862334573121 -0.144971185900 0.00279842954162 0.195600379586 -0.0530437984059 -0.159681414927 0.121385368937 0.218775500233 0.0205731720498 -0.343297577418 -0.465739363671 -0.329379646868 -0.167528130810 0.0149399713632 -0.246982174017 -0.662931569101 -0.633858899938 -0.445394692529 -0.325228749176 -0.207004736229 -0.231335698793 -0.286019844088 0.149225688577 0.469163279510 0.172392849016 -0.195177913450 -0.329773762843 -0.426179290176 -0.355316242748 -0.418095045216 -0.273345596481 0.189170877087 0.403290951472 0.550508195775 0.113007592287 0.374941315247 0.0636356945584 -0.0793118798048 0.0462887940607 0.107071804133 0.473085380190 0.440649194087 0.240801929130 0.0160210249436 -0.0491863733470 0.144152115964 0.301236154353 0.345823820814 0.411646470758 0.185561936226 0.0958920010781 0.0748943227741 0.249575702030 0.227569154805
# log_avg_GrowthK:
-1.58945500000
# log_avg_Linf:
4.87746800000
# GrowthK_dev:
 0.00000000000 0.00000000000 0.00000000000 0.00000000000 0.00000000000 0.00000000000 0.00000000000 0.00000000000 0.00000000000 0.00000000000 0.00000000000 0.00000000000 0.00000000000 0.00000000000 0.00000000000 0.00000000000 0.00000000000 0.00000000000 0.00000000000 0.00000000000 0.00000000000 0.00000000000 0.00000000000 0.00000000000 0.00000000000 0.00000000000 0.00000000000 0.00000000000 0.00000000000 0.00000000000 0.00000000000 0.00000000000 0.00000000000 0.00000000000 0.00000000000 0.00000000000 0.00000000000 0.00000000000 0.00000000000 0.00000000000 0.00000000000 0.00000000000 0.00000000000 0.00000000000 0.00000000000 0.00000000000 0.00000000000 0.00000000000 0.00000000000 0.00000000000 0.00000000000 0.00000000000 0.00000000000 0.00000000000 0.00000000000 0.00000000000 0.00000000000
# Linf_dev:
 0.00000000000 0.00000000000 0.00000000000 0.00000000000 0.00000000000 0.00000000000 0.00000000000 0.00000000000 0.00000000000 0.00000000000 0.00000000000 0.00000000000 0.00000000000 0.00000000000 0.00000000000 0.00000000000 0.00000000000 0.00000000000 0.00000000000 0.00000000000 0.00000000000 0.00000000000 0.00000000000 0.00000000000 0.00000000000 0.00000000000 0.00000000000 0.00000000000 0.00000000000 0.00000000000 0.00000000000 0.00000000000 0.00000000000 0.00000000000 0.00000000000 0.00000000000 0.00000000000 0.00000000000 0.00000000000 0.00000000000 0.00000000000 0.00000000000 0.00000000000 0.00000000000 0.00000000000 0.00000000000 0.00000000000 0.00000000000 0.00000000000 0.00000000000 0.00000000000 0.00000000000 0.00000000000 0.00000000000 0.00000000000 0.00000000000 0.00000000000
# SelPars50:
2.02676241183
# SelPars95:
3.61047017006
# SelPars_dev50:
 0.00000000000 0.00000000000 0.00000000000 0.00000000000 0.00000000000 0.00000000000 0.00000000000 0.00000000000 0.00000000000 0.00000000000 0.00000000000 0.00000000000 0.00000000000 0.00000000000 0.00000000000 0.00000000000 0.00000000000 0.00000000000 0.00000000000 0.00000000000 0.00000000000 0.00000000000 0.00000000000 0.00000000000 0.00000000000 0.00000000000 0.00000000000 0.00000000000 0.00000000000 0.00000000000 0.00000000000 0.00000000000 0.00000000000 0.00000000000 0.00000000000 0.00000000000 0.00000000000 0.00000000000 0.00000000000 0.00000000000 0.00000000000 0.00000000000 0.00000000000 0.00000000000 0.00000000000 0.00000000000 0.00000000000 0.00000000000 0.00000000000 0.00000000000 0.00000000000 0.00000000000 0.00000000000 0.00000000000 0.00000000000 0.00000000000 0.00000000000
# SelPars_dev95:
 0.00000000000 0.00000000000 0.00000000000 0.00000000000 0.00000000000 0.00000000000 0.00000000000 0.00000000000 0.00000000000 0.00000000000 0.00000000000 0.00000000000 0.00000000000 0.00000000000 0.00000000000 0.00000000000 0.00000000000 0.00000000000 0.00000000000 0.00000000000 0.00000000000 0.00000000000 0.00000000000 0.00000000000 0.00000000000 0.00000000000 0.00000000000 0.00000000000 0.00000000000 0.00000000000 0.00000000000 0.00000000000 0.00000000000 0.00000000000 0.00000000000 0.00000000000 0.00000000000 0.00000000000 0.00000000000 0.00000000000 0.00000000000 0.00000000000 0.00000000000 0.00000000000 0.00000000000 0.00000000000 0.00000000000 0.00000000000 0.00000000000 0.00000000000 0.00000000000 0.00000000000 0.00000000000 0.00000000000 0.00000000000 0.00000000000 0.00000000000
