# Number of parameters = 203 Objective function value = 68106.8  Maximum gradient component = 0.00273464
# srv_sel50:
1.46513206847
# srv_sel95:
2.41703859429
# stNatLen:
 11.6240072416 11.4675592567 11.2511828047 11.0315232855 10.8099055451 10.5761306465 10.3290300865 10.0763769497 9.82806972968 9.59179360974 9.37209152497 9.17100241400 8.98897686510 8.82558436049 8.67996905701 8.55112144483 8.43804054920 8.33978833846 8.25552074068 8.18451465099 8.12617440428 8.08003152911 8.04574975288 8.02307903667 8.01187296204
# log_avg_fmort_dir:
-1.48455125693
# fmort_dir_dev:
 -0.306344485730 -0.561429122618 -0.481869379447 -0.238718465496 -0.122804115316 -0.0533333582693 0.0274025865042 0.184036617593 0.175223323917 0.326419270215 0.445561408362 0.351952323343 0.262201404039 0.418164230024 0.298835986534 0.225210507483 0.225243664548 0.230899255163 0.267918233922 0.0573916342755 0.251702641577 0.221903069994 0.260355554748 0.158627426885 0.0591490696315 0.184240413764 0.0348726545931 0.0146732296923 -0.132477615015 -0.185594294978 -0.0710548409295 -0.0168535632624 0.0514505714883 0.0252105110480 -0.0383855308475 -0.172397806500 -0.144362130462 -0.106906625296 -0.114338758771 -0.114993329600 -0.102717463218 -0.154324198785 -0.0989948571279 -0.0598787184123 -0.0755072524525 -0.100334918437 0.0723079171265 -0.139768427560 -0.0787436543150 -0.107062347906 -0.128375898875 -0.420485813225 -0.00641348394541 -0.00508401795361 -0.240952341607 -0.229455787093 -0.0209909030209
# mean_log_rec:
11.0714642360
# rec_dev:
 0.297318700847 0.235348338063 0.215527774113 0.217121810335 0.217128055726 0.202765595717 0.165392507403 0.135267254543 0.101757579458 0.0641087811192 0.0354268856170 0.00374758311923 -0.0386639200929 -0.0777761778697 -0.113741068436 -0.138710701841 -0.166671409903 -0.188142253425 -0.201722161731 -0.217433891929 -0.236498428271 -0.252572730431 -0.269892294265 -0.245288440858 -0.232005658200 -0.204523143754 -0.147167986220 -0.0827059575825 -0.0417729431922 -0.0715800787903 -0.0849204610811 -0.0665427275549 -0.0612151077924 -0.0106740026808 0.0645243219634 0.101254060120 0.0712764738263 0.0305394460446 0.0488419996834 0.0758329048979 0.0783326603662 0.0775544822286 0.105000892379 0.108957107968 0.0906345121101 0.0515090368934 0.0144607378729 -0.00865220680143 -0.00973802093498 -0.00889455221438 0.0117730625709 0.0149055654433 0.0259982092867 0.0447139570144 0.0794358984572 0.0955250044061 0.0955251262609
# log_avg_NatM:
-1.58885453171
# m_dev:
 0.784752874702 0.166569594205 -0.140229348233 -0.289154231030 -0.250405039271 -0.164600234935 -0.114883150422 -0.156271176871 -0.265263838454 -0.320639109272 -0.223987543391 -0.217644553518 -0.227095274837 -0.169983169010 -0.0420547021855 -0.0997898754027 -0.145230599666 -0.0857388046576 -0.0521375542914 -0.162153607510 -0.177360540284 -0.170869283325 -0.113454576184 -0.311168849035 -0.154279257782 -0.293899684255 -0.362341248091 -0.365421365132 -0.287952845545 0.189732698970 0.538375901290 0.334286301363 0.109112954950 -0.169577334766 -0.144822359435 0.0216856542194 0.369013455871 0.398331989845 0.0441122532391 0.121853666415 0.228445579463 0.222889885666 0.0280318498859 0.123219172254 0.244591829474 0.323418164164 0.229781546773 0.207634948304 0.210303598169 0.172415646441 -0.00687802716148 0.208569321174 0.123007263016 0.0133858025102 0.0163580310746 0.139795161477 0.115612039037
# log_avg_GrowthK:
-1.60943800000
# log_avg_Linf:
4.88280200000
# GrowthK_dev:
 0.00000000000 0.00000000000 0.00000000000 0.00000000000 0.00000000000 0.00000000000 0.00000000000 0.00000000000 0.00000000000 0.00000000000 0.00000000000 0.00000000000 0.00000000000 0.00000000000 0.00000000000 0.00000000000 0.00000000000 0.00000000000 0.00000000000 0.00000000000 0.00000000000 0.00000000000 0.00000000000 0.00000000000 0.00000000000 0.00000000000 0.00000000000 0.00000000000 0.00000000000 0.00000000000 0.00000000000 0.00000000000 0.00000000000 0.00000000000 0.00000000000 0.00000000000 0.00000000000 0.00000000000 0.00000000000 0.00000000000 0.00000000000 0.00000000000 0.00000000000 0.00000000000 0.00000000000 0.00000000000 0.00000000000 0.00000000000 0.00000000000 0.00000000000 0.00000000000 0.00000000000 0.00000000000 0.00000000000 0.00000000000 0.00000000000 0.00000000000
# Linf_dev:
 0.00000000000 0.00000000000 0.00000000000 0.00000000000 0.00000000000 0.00000000000 0.00000000000 0.00000000000 0.00000000000 0.00000000000 0.00000000000 0.00000000000 0.00000000000 0.00000000000 0.00000000000 0.00000000000 0.00000000000 0.00000000000 0.00000000000 0.00000000000 0.00000000000 0.00000000000 0.00000000000 0.00000000000 0.00000000000 0.00000000000 0.00000000000 0.00000000000 0.00000000000 0.00000000000 0.00000000000 0.00000000000 0.00000000000 0.00000000000 0.00000000000 0.00000000000 0.00000000000 0.00000000000 0.00000000000 0.00000000000 0.00000000000 0.00000000000 0.00000000000 0.00000000000 0.00000000000 0.00000000000 0.00000000000 0.00000000000 0.00000000000 0.00000000000 0.00000000000 0.00000000000 0.00000000000 0.00000000000 0.00000000000 0.00000000000 0.00000000000
# SelPars50:
2.01181325313
# SelPars95:
3.57679708946
# SelPars_dev50:
 0.00000000000 0.00000000000 0.00000000000 0.00000000000 0.00000000000 0.00000000000 0.00000000000 0.00000000000 0.00000000000 0.00000000000 0.00000000000 0.00000000000 0.00000000000 0.00000000000 0.00000000000 0.00000000000 0.00000000000 0.00000000000 0.00000000000 0.00000000000 0.00000000000 0.00000000000 0.00000000000 0.00000000000 0.00000000000 0.00000000000 0.00000000000 0.00000000000 0.00000000000 0.00000000000 0.00000000000 0.00000000000 0.00000000000 0.00000000000 0.00000000000 0.00000000000 0.00000000000 0.00000000000 0.00000000000 0.00000000000 0.00000000000 0.00000000000 0.00000000000 0.00000000000 0.00000000000 0.00000000000 0.00000000000 0.00000000000 0.00000000000 0.00000000000 0.00000000000 0.00000000000 0.00000000000 0.00000000000 0.00000000000 0.00000000000 0.00000000000
# SelPars_dev95:
 0.00000000000 0.00000000000 0.00000000000 0.00000000000 0.00000000000 0.00000000000 0.00000000000 0.00000000000 0.00000000000 0.00000000000 0.00000000000 0.00000000000 0.00000000000 0.00000000000 0.00000000000 0.00000000000 0.00000000000 0.00000000000 0.00000000000 0.00000000000 0.00000000000 0.00000000000 0.00000000000 0.00000000000 0.00000000000 0.00000000000 0.00000000000 0.00000000000 0.00000000000 0.00000000000 0.00000000000 0.00000000000 0.00000000000 0.00000000000 0.00000000000 0.00000000000 0.00000000000 0.00000000000 0.00000000000 0.00000000000 0.00000000000 0.00000000000 0.00000000000 0.00000000000 0.00000000000 0.00000000000 0.00000000000 0.00000000000 0.00000000000 0.00000000000 0.00000000000 0.00000000000 0.00000000000 0.00000000000 0.00000000000 0.00000000000 0.00000000000
