# Number of parameters = 165 Objective function value = 80686.3007808883  Maximum gradient component = 0.00134895177307897
# srv_sel50:
1.52056129604
# srv_sel95:
2.55939322972
# stNatLen:
 11.4393228977 11.2902055478 11.0776883241 10.8826069173 10.6983745884 10.5006559523 10.2798162792 10.0416913604 9.79806744018 9.55962693621 9.33359340512 9.12398281037 8.93255158478 8.75967886055 8.60496994313 8.46769171923 8.34697880582 8.24196760833 8.15183600385 8.07588481180 8.01346437552 7.96403408180 7.92725091316 7.90281249184 7.89066350254
# log_avg_fmort_dir:
-1.67864682142
# fmort_dir_dev:
 -1.80730046261 -1.80950150275 -1.22502633103 -0.945451514051 -0.728881595742 -0.451092695370 -0.185997352239 -0.158348686872 -0.106483372655 0.131525182602 0.278980962785 0.251990358001 0.280293235614 0.500235754168 0.445571200179 0.459448221349 0.493449689225 0.460956698856 0.424211906253 0.512648444594 0.421730982680 0.333139497724 0.336764294552 0.318674609677 0.353254999819 0.308056688531 0.321962779243 0.232983813965 0.245560921055 0.249549995684 0.233028051417 0.264989638978 0.305943435602 0.197299931883 0.138473141844 0.106048630179 0.0878834986395 0.101463318737 0.181859205108 0.126101030312 0.0873248719502 0.122305616288 0.0848702274308 0.0436732474165 0.0936892265588 0.113661451208 0.120588275195 0.0915448937642 0.0112769004661 0.132725292940 -0.384343303844 -0.298757033396 -0.360048303090 -0.199909691635 -0.305716492927 -0.335228217319 -0.215027733169 -0.110851070912 0.0233806636313 0.0335735646885 -0.0631689890606 -0.144728428500 -0.109883590099 0.0477121162983 -0.195502494934 -0.0605863194611 0.0914287145758
# mean_log_rec:
11.1460182688
# rec_dev:
 0.362463165234 0.346307738393 0.352181991516 0.357737246479 0.355032322381 0.343181754962 0.335359222401 0.327245790900 0.300738047861 0.263111322575 0.242600588245 0.215856379456 0.164381068786 0.114790533790 0.0780571393179 0.0350258477318 -0.00560915401012 -0.0422271811423 -0.101132671963 -0.147017728671 -0.172532549068 -0.176080898578 -0.177637750448 -0.187501190199 -0.195678260842 -0.200211994389 -0.189778519399 -0.171174214824 -0.161877646250 -0.160675573736 -0.172366727493 -0.185725237116 -0.190395690569 -0.166132692530 -0.156060241326 -0.163233124281 -0.168975057668 -0.177198832868 -0.177169490882 -0.160606997991 -0.144898395987 -0.131961349406 -0.128421325773 -0.132867532006 -0.122354038180 -0.111458741067 -0.104695969885 -0.0916710820642 -0.0719794543791 -0.0598802381558 -0.0422835481419 -0.0142193378226 -0.00418546718521 -0.00356608163978 0.00230539319100 0.00786481135380 0.0348596830123 0.0597574957213 0.0633482242750 0.0551247666059 0.0635314600990 0.0719202498838 0.0586369366504 0.0716077251719 0.0960323593532 0.0961913627212 0.0961913598686
# log_avg_NatM:
-1.60943800000
# m_dev:
 0.00000000000 0.00000000000 0.00000000000 0.00000000000 0.00000000000 0.00000000000 0.00000000000 0.00000000000 0.00000000000 0.00000000000 0.00000000000 0.00000000000 0.00000000000 0.00000000000 0.00000000000 0.00000000000 0.00000000000 0.00000000000 0.00000000000 0.00000000000 0.00000000000 0.00000000000 0.00000000000 0.00000000000 0.00000000000 0.00000000000 0.00000000000 0.00000000000 0.00000000000 0.00000000000 0.00000000000 0.00000000000 0.00000000000 0.00000000000 0.00000000000 0.00000000000 0.00000000000 0.00000000000 0.00000000000 0.00000000000 0.00000000000 0.00000000000 0.00000000000 0.00000000000 0.00000000000 0.00000000000 0.00000000000 0.00000000000 0.00000000000 0.00000000000 0.00000000000 0.00000000000 0.00000000000 0.00000000000 0.00000000000 0.00000000000 0.00000000000 0.00000000000 0.00000000000 0.00000000000 0.00000000000 0.00000000000 0.00000000000 0.00000000000 0.00000000000 0.00000000000 0.00000000000
# log_avg_GrowthK:
-1.60943800000
# log_avg_Linf:
4.88280200000
# GrowthK_dev:
 0.00000000000 0.00000000000 0.00000000000 0.00000000000 0.00000000000 0.00000000000 0.00000000000 0.00000000000 0.00000000000 0.00000000000 0.00000000000 0.00000000000 0.00000000000 0.00000000000 0.00000000000 0.00000000000 0.00000000000 0.00000000000 0.00000000000 0.00000000000 0.00000000000 0.00000000000 0.00000000000 0.00000000000 0.00000000000 0.00000000000 0.00000000000 0.00000000000 0.00000000000 0.00000000000 0.00000000000 0.00000000000 0.00000000000 0.00000000000 0.00000000000 0.00000000000 0.00000000000 0.00000000000 0.00000000000 0.00000000000 0.00000000000 0.00000000000 0.00000000000 0.00000000000 0.00000000000 0.00000000000 0.00000000000 0.00000000000 0.00000000000 0.00000000000 0.00000000000 0.00000000000 0.00000000000 0.00000000000 0.00000000000 0.00000000000 0.00000000000 0.00000000000 0.00000000000 0.00000000000 0.00000000000 0.00000000000 0.00000000000 0.00000000000 0.00000000000 0.00000000000 0.00000000000
# Linf_dev:
 0.00000000000 0.00000000000 0.00000000000 0.00000000000 0.00000000000 0.00000000000 0.00000000000 0.00000000000 0.00000000000 0.00000000000 0.00000000000 0.00000000000 0.00000000000 0.00000000000 0.00000000000 0.00000000000 0.00000000000 0.00000000000 0.00000000000 0.00000000000 0.00000000000 0.00000000000 0.00000000000 0.00000000000 0.00000000000 0.00000000000 0.00000000000 0.00000000000 0.00000000000 0.00000000000 0.00000000000 0.00000000000 0.00000000000 0.00000000000 0.00000000000 0.00000000000 0.00000000000 0.00000000000 0.00000000000 0.00000000000 0.00000000000 0.00000000000 0.00000000000 0.00000000000 0.00000000000 0.00000000000 0.00000000000 0.00000000000 0.00000000000 0.00000000000 0.00000000000 0.00000000000 0.00000000000 0.00000000000 0.00000000000 0.00000000000 0.00000000000 0.00000000000 0.00000000000 0.00000000000 0.00000000000 0.00000000000 0.00000000000 0.00000000000 0.00000000000 0.00000000000 0.00000000000
# SelPars50:
2.07556814161
# SelPars95:
3.71951738825
# SelPars_dev50:
 0.00000000000 0.00000000000 0.00000000000 0.00000000000 0.00000000000 0.00000000000 0.00000000000 0.00000000000 0.00000000000 0.00000000000 0.00000000000 0.00000000000 0.00000000000 0.00000000000 0.00000000000 0.00000000000 0.00000000000 0.00000000000 0.00000000000 0.00000000000 0.00000000000 0.00000000000 0.00000000000 0.00000000000 0.00000000000 0.00000000000 0.00000000000 0.00000000000 0.00000000000 0.00000000000 0.00000000000 0.00000000000 0.00000000000 0.00000000000 0.00000000000 0.00000000000 0.00000000000 0.00000000000 0.00000000000 0.00000000000 0.00000000000 0.00000000000 0.00000000000 0.00000000000 0.00000000000 0.00000000000 0.00000000000 0.00000000000 0.00000000000 0.00000000000 0.00000000000 0.00000000000 0.00000000000 0.00000000000 0.00000000000 0.00000000000 0.00000000000 0.00000000000 0.00000000000 0.00000000000 0.00000000000 0.00000000000 0.00000000000 0.00000000000 0.00000000000 0.00000000000 0.00000000000
# SelPars_dev95:
 0.00000000000 0.00000000000 0.00000000000 0.00000000000 0.00000000000 0.00000000000 0.00000000000 0.00000000000 0.00000000000 0.00000000000 0.00000000000 0.00000000000 0.00000000000 0.00000000000 0.00000000000 0.00000000000 0.00000000000 0.00000000000 0.00000000000 0.00000000000 0.00000000000 0.00000000000 0.00000000000 0.00000000000 0.00000000000 0.00000000000 0.00000000000 0.00000000000 0.00000000000 0.00000000000 0.00000000000 0.00000000000 0.00000000000 0.00000000000 0.00000000000 0.00000000000 0.00000000000 0.00000000000 0.00000000000 0.00000000000 0.00000000000 0.00000000000 0.00000000000 0.00000000000 0.00000000000 0.00000000000 0.00000000000 0.00000000000 0.00000000000 0.00000000000 0.00000000000 0.00000000000 0.00000000000 0.00000000000 0.00000000000 0.00000000000 0.00000000000 0.00000000000 0.00000000000 0.00000000000 0.00000000000 0.00000000000 0.00000000000 0.00000000000 0.00000000000 0.00000000000 0.00000000000
