# Number of parameters = 131 Objective function value = 59830.5  Maximum gradient component = 0.00848544
# srv_sel50:
1.70480091287
# srv_sel95:
3.08515546982
# stNatLen:
 11.8523665441 11.6632192295 11.3862300862 11.1560572607 10.9751522421 10.8028882100 10.6054902055 10.3718671334 10.1100156248 9.83561836864 9.56329601303 9.30328100308 9.06150169909 8.84076450674 8.64193514692 8.46482540809 8.30871764008 8.17267271013 8.05575443207 7.95707803700 7.87594673944 7.81176052684 7.76403014882 7.73242413047 7.71671408976
# log_avg_fmort_dir:
-1.64017135340
# fmort_dir_dev:
 -1.99808670129 -1.97851515254 -1.35846152254 -1.01273313196 -0.762355364215 -0.588181247900 -0.451497222974 -0.198467625989 -0.0669097103580 -0.00835169412302 0.0848852519245 0.203962230386 0.370494507663 0.418833730246 0.493642778657 0.462396417669 0.422029092089 0.343919731102 0.369307210171 0.473788469841 0.377403770371 0.298766497265 0.329019094499 0.222742219781 0.256854295413 0.209109421227 0.231524108762 0.169083864418 0.184840748656 0.103934103196 0.223552446143 0.206701495282 0.151195074560 0.0927201930575 0.172403460950 0.116681627020 0.148490168692 0.110893851997 0.143444949997 0.0937380738694 0.152954545838 0.0949477813888 0.166847528009 0.114669209068 0.111271205327 0.0883098183475 0.0788595390889 0.109501737451 0.0512854460734 -0.0314463216030
# mean_log_rec:
11.3811653512
# rec_dev:
 0.517399245788 0.493981875895 0.489841988703 0.478516056342 0.461436220779 0.449147151911 0.424951626049 0.395700166100 0.360900384458 0.322599563428 0.287244441721 0.245742701716 0.209914637092 0.181770678858 0.143816008777 0.111506366439 0.0749106976238 0.0349849204258 -0.00843229926740 -0.0604108221298 -0.106466079238 -0.119041070975 -0.131068444527 -0.148023711272 -0.151037539634 -0.162832601364 -0.187094782860 -0.212215429470 -0.224859647126 -0.249934093656 -0.299013196995 -0.332800148331 -0.373111095350 -0.409407207485 -0.327829315558 -0.246757701366 -0.250747601041 -0.258006534843 -0.233835784793 -0.208346869159 -0.204629852707 -0.205268252017 -0.198384999223 -0.158282459388 -0.121935752616 -0.0895550923535 -0.0272643779826 0.0193196646663 0.00145417717797 0.00145418877648
# log_avg_NatM:
-1.45340400000
# m_dev:
 0.00000000000 0.00000000000 0.00000000000 0.00000000000 0.00000000000 0.00000000000 0.00000000000 0.00000000000 0.00000000000 0.00000000000 0.00000000000 0.00000000000 0.00000000000 0.00000000000 0.00000000000 0.00000000000 0.00000000000 0.00000000000 0.00000000000 0.00000000000 0.00000000000 0.00000000000 0.00000000000 0.00000000000 0.00000000000 0.00000000000 0.00000000000 0.00000000000 0.00000000000 0.00000000000 0.00000000000 0.00000000000 0.00000000000 0.00000000000 0.00000000000 0.00000000000 0.00000000000 0.00000000000 0.00000000000 0.00000000000 0.00000000000 0.00000000000 0.00000000000 0.00000000000 0.00000000000 0.00000000000 0.00000000000 0.00000000000 0.00000000000 0.00000000000
# log_avg_GrowthK:
-1.69348500000
# log_avg_Linf:
4.79005500000
# GrowthK_dev:
 0.00000000000 0.00000000000 0.00000000000 0.00000000000 0.00000000000 0.00000000000 0.00000000000 0.00000000000 0.00000000000 0.00000000000 0.00000000000 0.00000000000 0.00000000000 0.00000000000 0.00000000000 0.00000000000 0.00000000000 0.00000000000 0.00000000000 0.00000000000 0.00000000000 0.00000000000 0.00000000000 0.00000000000 0.00000000000 0.00000000000 0.00000000000 0.00000000000 0.00000000000 0.00000000000 0.00000000000 0.00000000000 0.00000000000 0.00000000000 0.00000000000 0.00000000000 0.00000000000 0.00000000000 0.00000000000 0.00000000000 0.00000000000 0.00000000000 0.00000000000 0.00000000000 0.00000000000 0.00000000000 0.00000000000 0.00000000000 0.00000000000 0.00000000000
# Linf_dev:
 0.00000000000 0.00000000000 0.00000000000 0.00000000000 0.00000000000 0.00000000000 0.00000000000 0.00000000000 0.00000000000 0.00000000000 0.00000000000 0.00000000000 0.00000000000 0.00000000000 0.00000000000 0.00000000000 0.00000000000 0.00000000000 0.00000000000 0.00000000000 0.00000000000 0.00000000000 0.00000000000 0.00000000000 0.00000000000 0.00000000000 0.00000000000 0.00000000000 0.00000000000 0.00000000000 0.00000000000 0.00000000000 0.00000000000 0.00000000000 0.00000000000 0.00000000000 0.00000000000 0.00000000000 0.00000000000 0.00000000000 0.00000000000 0.00000000000 0.00000000000 0.00000000000 0.00000000000 0.00000000000 0.00000000000 0.00000000000 0.00000000000 0.00000000000
# SelPars50:
2.32317438099
# SelPars95:
4.27101895838
# SelPars_dev50:
 0.00000000000 0.00000000000 0.00000000000 0.00000000000 0.00000000000 0.00000000000 0.00000000000 0.00000000000 0.00000000000 0.00000000000 0.00000000000 0.00000000000 0.00000000000 0.00000000000 0.00000000000 0.00000000000 0.00000000000 0.00000000000 0.00000000000 0.00000000000 0.00000000000 0.00000000000 0.00000000000 0.00000000000 0.00000000000 0.00000000000 0.00000000000 0.00000000000 0.00000000000 0.00000000000 0.00000000000 0.00000000000 0.00000000000 0.00000000000 0.00000000000 0.00000000000 0.00000000000 0.00000000000 0.00000000000 0.00000000000 0.00000000000 0.00000000000 0.00000000000 0.00000000000 0.00000000000 0.00000000000 0.00000000000 0.00000000000 0.00000000000 0.00000000000
# SelPars_dev95:
 0.00000000000 0.00000000000 0.00000000000 0.00000000000 0.00000000000 0.00000000000 0.00000000000 0.00000000000 0.00000000000 0.00000000000 0.00000000000 0.00000000000 0.00000000000 0.00000000000 0.00000000000 0.00000000000 0.00000000000 0.00000000000 0.00000000000 0.00000000000 0.00000000000 0.00000000000 0.00000000000 0.00000000000 0.00000000000 0.00000000000 0.00000000000 0.00000000000 0.00000000000 0.00000000000 0.00000000000 0.00000000000 0.00000000000 0.00000000000 0.00000000000 0.00000000000 0.00000000000 0.00000000000 0.00000000000 0.00000000000 0.00000000000 0.00000000000 0.00000000000 0.00000000000 0.00000000000 0.00000000000 0.00000000000 0.00000000000 0.00000000000 0.00000000000
