# Number of parameters = 209 Objective function value = 70581.0997769920  Maximum gradient component = 0.00106987447761786
# srv_sel50:
1.47598828212
# srv_sel95:
2.43197329757
# stNatLen:
 11.6936623103 11.5380077965 11.3349114614 11.1461049039 10.9608701257 10.7577573366 10.5313717633 10.2903865582 10.0473924764 9.81258460266 9.59224703022 9.38948824168 9.20537569876 9.03981700179 8.89213785244 8.76140157410 8.64661224025 8.54684577535 8.46133609297 8.38934606669 8.33030550422 8.28370720176 8.24911447459 8.22623079260 8.21487091394
# log_avg_fmort_dir:
-1.62119867763
# fmort_dir_dev:
 -1.87075683914 -1.88610133438 -1.32013654602 -0.807375147126 -0.527816878206 -0.496790070809 -0.380095866897 -0.237590978428 -0.0700340614815 0.0293376176125 0.299774268740 0.238477139612 0.402364037734 0.461280160435 0.513510223812 0.444064634564 0.540577547651 0.387140386328 0.404156553984 0.399125165119 0.328092384452 0.407355167150 0.365873030477 0.378896931900 0.344918424925 0.290001855008 0.285765503694 0.218939183802 0.269290420791 0.216252523129 0.191500844322 0.161330731332 -0.00761050305022 0.0253471797127 -0.154830405699 -0.00353873270954 0.123008948356 0.119493871793 0.158874031180 0.125483663408 -0.0719367621470 0.00598183359055 -0.0130132337929 -0.0185429303507 0.0363350230398 -0.0617297772646 -0.0797596204625 -0.000121756157547 -0.0980710387826 -0.100443077639 0.00197115874485 0.0256226185239 -0.0515996550509 0.209434153090 0.442463678429 0.212806273016 -0.627216212207 -0.310932642711 0.131196901049
# mean_log_rec:
11.1442760857
# rec_dev:
 0.432944573811 0.330508986251 0.236337252458 0.185241240892 0.189799451248 0.231687484863 0.270162847519 0.288448514367 0.233192507325 0.108451919290 0.0219369362336 -0.00872873959882 -0.0188651834932 -0.0274809243027 -0.0356439510714 -0.0617075214622 -0.0629784376945 -0.0675279610137 -0.104575501863 -0.135680669802 -0.182398605874 -0.233212177137 -0.287533486492 -0.311148863783 -0.287691781439 -0.267660604719 -0.281549763008 -0.308099298586 -0.319944744392 -0.321066604638 -0.274407316694 -0.189025245045 -0.130749550543 -0.0690886123648 0.0270916369309 -0.0193956520532 -0.127910351368 -0.147648869329 -0.0816032808011 -0.000352153286905 0.0477022875224 0.0429924937953 0.00300190126895 -0.0171051176431 0.0156833986222 0.0691345021657 0.101820513612 0.103781362059 0.136075029355 0.182802790322 0.236360334660 0.276032702744 0.276709117245 0.203243962439 0.0762900129168 -0.00858553061831 2.48807592159e-05 0.0309539823874 0.0309538770560
# log_avg_NatM:
-1.54984924495
# m_dev:
 0.496901823712 0.374603394010 0.262894994373 0.123065690006 -0.181476980707 -0.400371914700 -0.381922355446 -0.376991380420 0.0361714298433 0.312345997531 0.0653031196097 -0.274505674042 -0.430383664938 -0.431665937133 -0.329011518388 -0.341209547095 -0.451597578011 -0.260518908851 -0.0852423316301 -0.126221302288 -0.0410073208265 0.00935288735756 0.0869071448773 -0.191948912484 -0.403313674479 -0.237944746119 -0.0828560002315 -0.0149993541655 0.0122059480819 -0.139064506407 -0.432651121976 -0.440919035960 -0.312329922225 -0.235318564584 0.111375861073 0.617632730782 0.541678684525 0.0657263084208 -0.255111767633 -0.151827113480 -0.0140832108621 0.274907099091 0.347799308505 0.293197898102 0.0792068135780 -0.0112572245443 0.0851886049708 0.279020810248 0.113125329135 0.118657953868 0.143987867474 0.0833162715228 0.209498854853 0.545392521089 0.556383180227 0.337796866805 0.187165937230 0.159055354082 0.105884884646
# log_avg_GrowthK:
-1.60943800000
# log_avg_Linf:
4.88280200000
# GrowthK_dev:
 0.00000000000 0.00000000000 0.00000000000 0.00000000000 0.00000000000 0.00000000000 0.00000000000 0.00000000000 0.00000000000 0.00000000000 0.00000000000 0.00000000000 0.00000000000 0.00000000000 0.00000000000 0.00000000000 0.00000000000 0.00000000000 0.00000000000 0.00000000000 0.00000000000 0.00000000000 0.00000000000 0.00000000000 0.00000000000 0.00000000000 0.00000000000 0.00000000000 0.00000000000 0.00000000000 0.00000000000 0.00000000000 0.00000000000 0.00000000000 0.00000000000 0.00000000000 0.00000000000 0.00000000000 0.00000000000 0.00000000000 0.00000000000 0.00000000000 0.00000000000 0.00000000000 0.00000000000 0.00000000000 0.00000000000 0.00000000000 0.00000000000 0.00000000000 0.00000000000 0.00000000000 0.00000000000 0.00000000000 0.00000000000 0.00000000000 0.00000000000 0.00000000000 0.00000000000
# Linf_dev:
 0.00000000000 0.00000000000 0.00000000000 0.00000000000 0.00000000000 0.00000000000 0.00000000000 0.00000000000 0.00000000000 0.00000000000 0.00000000000 0.00000000000 0.00000000000 0.00000000000 0.00000000000 0.00000000000 0.00000000000 0.00000000000 0.00000000000 0.00000000000 0.00000000000 0.00000000000 0.00000000000 0.00000000000 0.00000000000 0.00000000000 0.00000000000 0.00000000000 0.00000000000 0.00000000000 0.00000000000 0.00000000000 0.00000000000 0.00000000000 0.00000000000 0.00000000000 0.00000000000 0.00000000000 0.00000000000 0.00000000000 0.00000000000 0.00000000000 0.00000000000 0.00000000000 0.00000000000 0.00000000000 0.00000000000 0.00000000000 0.00000000000 0.00000000000 0.00000000000 0.00000000000 0.00000000000 0.00000000000 0.00000000000 0.00000000000 0.00000000000 0.00000000000 0.00000000000
# SelPars50:
2.03020678552
# SelPars95:
3.61258571934
# SelPars_dev50:
 0.00000000000 0.00000000000 0.00000000000 0.00000000000 0.00000000000 0.00000000000 0.00000000000 0.00000000000 0.00000000000 0.00000000000 0.00000000000 0.00000000000 0.00000000000 0.00000000000 0.00000000000 0.00000000000 0.00000000000 0.00000000000 0.00000000000 0.00000000000 0.00000000000 0.00000000000 0.00000000000 0.00000000000 0.00000000000 0.00000000000 0.00000000000 0.00000000000 0.00000000000 0.00000000000 0.00000000000 0.00000000000 0.00000000000 0.00000000000 0.00000000000 0.00000000000 0.00000000000 0.00000000000 0.00000000000 0.00000000000 0.00000000000 0.00000000000 0.00000000000 0.00000000000 0.00000000000 0.00000000000 0.00000000000 0.00000000000 0.00000000000 0.00000000000 0.00000000000 0.00000000000 0.00000000000 0.00000000000 0.00000000000 0.00000000000 0.00000000000 0.00000000000 0.00000000000
# SelPars_dev95:
 0.00000000000 0.00000000000 0.00000000000 0.00000000000 0.00000000000 0.00000000000 0.00000000000 0.00000000000 0.00000000000 0.00000000000 0.00000000000 0.00000000000 0.00000000000 0.00000000000 0.00000000000 0.00000000000 0.00000000000 0.00000000000 0.00000000000 0.00000000000 0.00000000000 0.00000000000 0.00000000000 0.00000000000 0.00000000000 0.00000000000 0.00000000000 0.00000000000 0.00000000000 0.00000000000 0.00000000000 0.00000000000 0.00000000000 0.00000000000 0.00000000000 0.00000000000 0.00000000000 0.00000000000 0.00000000000 0.00000000000 0.00000000000 0.00000000000 0.00000000000 0.00000000000 0.00000000000 0.00000000000 0.00000000000 0.00000000000 0.00000000000 0.00000000000 0.00000000000 0.00000000000 0.00000000000 0.00000000000 0.00000000000 0.00000000000 0.00000000000 0.00000000000 0.00000000000
