# Number of parameters = 133 Objective function value = 61049.7649880938  Maximum gradient component = 0.000524128727142858
# srv_sel50:
1.68464387585
# srv_sel95:
3.02164657181
# stNatLen:
 11.8842099869 11.7021486329 11.4323290417 11.2060287115 11.0241765421 10.8480061551 10.6482763827 10.4173702448 10.1637028186 9.90129983205 9.64272546707 9.39667043465 9.16816771167 8.95957539958 8.77164095790 8.60414405091 8.45640960548 8.32759659130 8.21683292888 8.12332377830 8.04632991485 7.98532596896 7.93994366089 7.90979292873 7.89472189891
# log_avg_fmort_dir:
-1.63989947215
# fmort_dir_dev:
 -2.17393192508 -2.11144663432 -1.45293339717 -1.12780032419 -0.815694227972 -0.532065766197 -0.352049389841 -0.208651789711 -0.146590934894 0.0559718051699 0.180685535889 0.149247346284 0.353057228775 0.435316167916 0.494095422197 0.478660396751 0.435374575629 0.459938870280 0.400471073659 0.323125748879 0.332503901004 0.402592350913 0.282696209578 0.220767148417 0.221019858831 0.280799690562 0.262563338974 0.217453057256 0.211533062222 0.0980116849748 0.242735531336 0.177454619824 0.189456071641 0.0331480985558 0.201939529013 0.169033276267 0.132145952423 0.0855387979753 0.271609013684 0.104426716595 0.116740742039 0.114178511435 0.0750676233080 0.0427409382381 0.0535877733859 0.118174518752 0.0646890627354 -0.00562844072850 0.135923566476 0.0901156235221 0.212202388739
# mean_log_rec:
11.3856014014
# rec_dev:
 0.535171612218 0.509171788858 0.488848505583 0.471656321100 0.461787895524 0.442571345401 0.423894628768 0.409559908825 0.391798191469 0.367396936267 0.329701412630 0.305427515858 0.241878472405 0.174954671790 0.123653668774 0.0665872827016 0.0150828246455 -0.0395020304907 -0.0807086675556 -0.0969903038931 -0.102411567636 -0.121540541147 -0.128163682134 -0.139511748777 -0.155702406799 -0.153340671159 -0.153069218833 -0.160868489294 -0.157237539275 -0.185378766833 -0.238519149984 -0.277329488943 -0.336697144233 -0.373784926802 -0.295931672700 -0.219320219785 -0.232111342812 -0.252146656297 -0.253202812827 -0.251960219111 -0.253360695273 -0.234072466866 -0.211603884183 -0.190663023706 -0.168290669026 -0.122030482877 -0.0909896954307 -0.0549392768962 -0.00293573264927 -0.0124138971253 -0.0124138914639
# log_avg_NatM:
-1.47890400000
# m_dev:
 0.00000000000 0.00000000000 0.00000000000 0.00000000000 0.00000000000 0.00000000000 0.00000000000 0.00000000000 0.00000000000 0.00000000000 0.00000000000 0.00000000000 0.00000000000 0.00000000000 0.00000000000 0.00000000000 0.00000000000 0.00000000000 0.00000000000 0.00000000000 0.00000000000 0.00000000000 0.00000000000 0.00000000000 0.00000000000 0.00000000000 0.00000000000 0.00000000000 0.00000000000 0.00000000000 0.00000000000 0.00000000000 0.00000000000 0.00000000000 0.00000000000 0.00000000000 0.00000000000 0.00000000000 0.00000000000 0.00000000000 0.00000000000 0.00000000000 0.00000000000 0.00000000000 0.00000000000 0.00000000000 0.00000000000 0.00000000000 0.00000000000 0.00000000000 0.00000000000
# log_avg_GrowthK:
-1.60943800000
# log_avg_Linf:
4.88280200000
# GrowthK_dev:
 0.00000000000 0.00000000000 0.00000000000 0.00000000000 0.00000000000 0.00000000000 0.00000000000 0.00000000000 0.00000000000 0.00000000000 0.00000000000 0.00000000000 0.00000000000 0.00000000000 0.00000000000 0.00000000000 0.00000000000 0.00000000000 0.00000000000 0.00000000000 0.00000000000 0.00000000000 0.00000000000 0.00000000000 0.00000000000 0.00000000000 0.00000000000 0.00000000000 0.00000000000 0.00000000000 0.00000000000 0.00000000000 0.00000000000 0.00000000000 0.00000000000 0.00000000000 0.00000000000 0.00000000000 0.00000000000 0.00000000000 0.00000000000 0.00000000000 0.00000000000 0.00000000000 0.00000000000 0.00000000000 0.00000000000 0.00000000000 0.00000000000 0.00000000000 0.00000000000
# Linf_dev:
 0.00000000000 0.00000000000 0.00000000000 0.00000000000 0.00000000000 0.00000000000 0.00000000000 0.00000000000 0.00000000000 0.00000000000 0.00000000000 0.00000000000 0.00000000000 0.00000000000 0.00000000000 0.00000000000 0.00000000000 0.00000000000 0.00000000000 0.00000000000 0.00000000000 0.00000000000 0.00000000000 0.00000000000 0.00000000000 0.00000000000 0.00000000000 0.00000000000 0.00000000000 0.00000000000 0.00000000000 0.00000000000 0.00000000000 0.00000000000 0.00000000000 0.00000000000 0.00000000000 0.00000000000 0.00000000000 0.00000000000 0.00000000000 0.00000000000 0.00000000000 0.00000000000 0.00000000000 0.00000000000 0.00000000000 0.00000000000 0.00000000000 0.00000000000 0.00000000000
# SelPars50:
2.32290840759
# SelPars95:
4.28238046550
# SelPars_dev50:
 0.00000000000 0.00000000000 0.00000000000 0.00000000000 0.00000000000 0.00000000000 0.00000000000 0.00000000000 0.00000000000 0.00000000000 0.00000000000 0.00000000000 0.00000000000 0.00000000000 0.00000000000 0.00000000000 0.00000000000 0.00000000000 0.00000000000 0.00000000000 0.00000000000 0.00000000000 0.00000000000 0.00000000000 0.00000000000 0.00000000000 0.00000000000 0.00000000000 0.00000000000 0.00000000000 0.00000000000 0.00000000000 0.00000000000 0.00000000000 0.00000000000 0.00000000000 0.00000000000 0.00000000000 0.00000000000 0.00000000000 0.00000000000 0.00000000000 0.00000000000 0.00000000000 0.00000000000 0.00000000000 0.00000000000 0.00000000000 0.00000000000 0.00000000000 0.00000000000
# SelPars_dev95:
 0.00000000000 0.00000000000 0.00000000000 0.00000000000 0.00000000000 0.00000000000 0.00000000000 0.00000000000 0.00000000000 0.00000000000 0.00000000000 0.00000000000 0.00000000000 0.00000000000 0.00000000000 0.00000000000 0.00000000000 0.00000000000 0.00000000000 0.00000000000 0.00000000000 0.00000000000 0.00000000000 0.00000000000 0.00000000000 0.00000000000 0.00000000000 0.00000000000 0.00000000000 0.00000000000 0.00000000000 0.00000000000 0.00000000000 0.00000000000 0.00000000000 0.00000000000 0.00000000000 0.00000000000 0.00000000000 0.00000000000 0.00000000000 0.00000000000 0.00000000000 0.00000000000 0.00000000000 0.00000000000 0.00000000000 0.00000000000 0.00000000000 0.00000000000 0.00000000000
