# Number of parameters = 239 Objective function value = 82622.2442875508  Maximum gradient component = 0.00271551321526940
# srv_sel50:
1.48089019302
# srv_sel95:
2.44584070691
# stNatLen:
 11.6926509607 11.5363014475 11.3343057193 11.1464265563 10.9614757232 10.7582789746 10.5316978351 10.2905248447 10.0473845801 9.81247224216 9.59206272915 9.38925583246 9.20511245760 9.03953524459 8.89184675182 8.76110817573 8.64632136614 8.54656115457 8.46106027524 8.38908042242 8.33005051468 8.28346245898 8.24887831007 8.22600060371 8.21464362094
# log_avg_fmort_dir:
-1.59763074811
# fmort_dir_dev:
 -1.89464980702 -1.91001145154 -1.34404730084 -0.831341390387 -0.551846586413 -0.520843669280 -0.404152548834 -0.261631050906 -0.0940779409734 0.00517563602685 0.275435298287 0.214045214221 0.377898025152 0.436793249426 0.488956709240 0.419403489156 0.515874092401 0.362467273881 0.379441553183 0.374368817996 0.303351199256 0.382602391826 0.341030244778 0.353957090394 0.320050761626 0.265252745646 0.261059092708 0.194219020045 0.244495525377 0.191354532577 0.166591741043 0.136502205902 -0.0323580823840 0.000675616968361 -0.179406529066 -0.0281371284985 0.0982391283486 0.0945494998061 0.133889872305 0.100590891554 -0.0967186036319 -0.0187825983389 -0.0378415051364 -0.0434262845284 0.0114338327837 -0.0865739647072 -0.104543230198 -0.0249211220186 -0.122898032860 -0.125252644316 -0.0228524071528 0.000773510660358 -0.0765994184482 0.183701177825 0.415487906172 0.186534257765 -0.645763692431 -0.307365565252 0.174763353738 0.170067646695 -0.306517595465 0.350395858865 -0.0199017348282 0.113770756333 0.284024083786 0.183392284242 -0.0245763264021 0.111585243509 0.492837380360
# mean_log_rec:
11.1482361793
# rec_dev:
 0.428478955464 0.325673416416 0.231558163839 0.180432685591 0.184916688398 0.226952344001 0.265299620223 0.283563115255 0.228341246319 0.103623575878 0.0172337880917 -0.0135056125691 -0.0238742332526 -0.0325975373292 -0.0406520274714 -0.0668842149648 -0.0683552769133 -0.0728597067220 -0.109944665867 -0.140914422597 -0.187755969411 -0.238613970202 -0.292649361080 -0.316289040215 -0.293081038332 -0.273227982868 -0.286886744380 -0.313423764465 -0.325134156432 -0.326122878851 -0.279617990976 -0.194355243503 -0.136095004016 -0.0744903846388 0.0217895696861 -0.0244382831512 -0.132891964690 -0.152759326640 -0.0868589560131 -0.00577045088541 0.0422215361860 0.0374948194893 -0.00221896849751 -0.0223422385866 0.0103487787721 0.0636623605348 0.0965523517379 0.0985105935890 0.130716028200 0.177523922514 0.231306508719 0.271549005466 0.273022342357 0.200644438523 0.0740806956485 -0.0173566666698 -0.0267967046930 0.0100488018074 0.0309812336568 0.0424628963361 0.0387906631815 0.0633579976525 0.0765272202097 0.0797581933440 0.0754204425079 0.0627857273923 0.00753013787261 -0.0571975603054 -0.0571975176683
# log_avg_NatM:
-1.51008261733
# m_dev:
 0.457332390391 0.334701810737 0.222742375129 0.0826287351580 -0.222087754455 -0.441094657576 -0.422807685207 -0.417793233697 -0.00483705312843 0.271091728709 0.0239206920649 -0.316145273940 -0.472492551325 -0.474318036618 -0.372246523942 -0.384482568670 -0.494356639456 -0.303403034218 -0.128129477595 -0.168562788800 -0.0832551143704 -0.0328992606871 0.0442930277824 -0.234317235153 -0.445453230471 -0.280383012695 -0.125311783929 -0.0573553523131 -0.0302956766554 -0.181633725521 -0.474932135194 -0.483281959778 -0.354672310995 -0.277060632512 0.0700584537370 0.576471336767 0.500525842141 0.0244667258378 -0.296510173710 -0.193566624688 -0.0557205948941 0.233338412097 0.306465407445 0.251835228887 0.0378679111583 -0.0526018961384 0.0437948314972 0.237451267260 0.0718168137399 0.0773226425186 0.102541707759 0.0417763466124 0.167332385060 0.501897231731 0.514289648112 0.307935427531 0.192124091540 0.225833479090 0.191306008492 -0.00822017672256 0.222754737110 0.0434630173873 0.115300051976 0.148015496652 0.202330246851 0.136785451034 0.264724161648 0.557359978000 0.486333075412
# log_avg_GrowthK:
-1.60943800000
# log_avg_Linf:
4.88280200000
# GrowthK_dev:
 0.00000000000 0.00000000000 0.00000000000 0.00000000000 0.00000000000 0.00000000000 0.00000000000 0.00000000000 0.00000000000 0.00000000000 0.00000000000 0.00000000000 0.00000000000 0.00000000000 0.00000000000 0.00000000000 0.00000000000 0.00000000000 0.00000000000 0.00000000000 0.00000000000 0.00000000000 0.00000000000 0.00000000000 0.00000000000 0.00000000000 0.00000000000 0.00000000000 0.00000000000 0.00000000000 0.00000000000 0.00000000000 0.00000000000 0.00000000000 0.00000000000 0.00000000000 0.00000000000 0.00000000000 0.00000000000 0.00000000000 0.00000000000 0.00000000000 0.00000000000 0.00000000000 0.00000000000 0.00000000000 0.00000000000 0.00000000000 0.00000000000 0.00000000000 0.00000000000 0.00000000000 0.00000000000 0.00000000000 0.00000000000 0.00000000000 0.00000000000 0.00000000000 0.00000000000 0.00000000000 0.00000000000 0.00000000000 0.00000000000 0.00000000000 0.00000000000 0.00000000000 0.00000000000 0.00000000000 0.00000000000
# Linf_dev:
 0.00000000000 0.00000000000 0.00000000000 0.00000000000 0.00000000000 0.00000000000 0.00000000000 0.00000000000 0.00000000000 0.00000000000 0.00000000000 0.00000000000 0.00000000000 0.00000000000 0.00000000000 0.00000000000 0.00000000000 0.00000000000 0.00000000000 0.00000000000 0.00000000000 0.00000000000 0.00000000000 0.00000000000 0.00000000000 0.00000000000 0.00000000000 0.00000000000 0.00000000000 0.00000000000 0.00000000000 0.00000000000 0.00000000000 0.00000000000 0.00000000000 0.00000000000 0.00000000000 0.00000000000 0.00000000000 0.00000000000 0.00000000000 0.00000000000 0.00000000000 0.00000000000 0.00000000000 0.00000000000 0.00000000000 0.00000000000 0.00000000000 0.00000000000 0.00000000000 0.00000000000 0.00000000000 0.00000000000 0.00000000000 0.00000000000 0.00000000000 0.00000000000 0.00000000000 0.00000000000 0.00000000000 0.00000000000 0.00000000000 0.00000000000 0.00000000000 0.00000000000 0.00000000000 0.00000000000 0.00000000000
# SelPars50:
2.01790275088
# SelPars95:
3.57497521413
# SelPars_dev50:
 0.00000000000 0.00000000000 0.00000000000 0.00000000000 0.00000000000 0.00000000000 0.00000000000 0.00000000000 0.00000000000 0.00000000000 0.00000000000 0.00000000000 0.00000000000 0.00000000000 0.00000000000 0.00000000000 0.00000000000 0.00000000000 0.00000000000 0.00000000000 0.00000000000 0.00000000000 0.00000000000 0.00000000000 0.00000000000 0.00000000000 0.00000000000 0.00000000000 0.00000000000 0.00000000000 0.00000000000 0.00000000000 0.00000000000 0.00000000000 0.00000000000 0.00000000000 0.00000000000 0.00000000000 0.00000000000 0.00000000000 0.00000000000 0.00000000000 0.00000000000 0.00000000000 0.00000000000 0.00000000000 0.00000000000 0.00000000000 0.00000000000 0.00000000000 0.00000000000 0.00000000000 0.00000000000 0.00000000000 0.00000000000 0.00000000000 0.00000000000 0.00000000000 0.00000000000 0.00000000000 0.00000000000 0.00000000000 0.00000000000 0.00000000000 0.00000000000 0.00000000000 0.00000000000 0.00000000000 0.00000000000
# SelPars_dev95:
 0.00000000000 0.00000000000 0.00000000000 0.00000000000 0.00000000000 0.00000000000 0.00000000000 0.00000000000 0.00000000000 0.00000000000 0.00000000000 0.00000000000 0.00000000000 0.00000000000 0.00000000000 0.00000000000 0.00000000000 0.00000000000 0.00000000000 0.00000000000 0.00000000000 0.00000000000 0.00000000000 0.00000000000 0.00000000000 0.00000000000 0.00000000000 0.00000000000 0.00000000000 0.00000000000 0.00000000000 0.00000000000 0.00000000000 0.00000000000 0.00000000000 0.00000000000 0.00000000000 0.00000000000 0.00000000000 0.00000000000 0.00000000000 0.00000000000 0.00000000000 0.00000000000 0.00000000000 0.00000000000 0.00000000000 0.00000000000 0.00000000000 0.00000000000 0.00000000000 0.00000000000 0.00000000000 0.00000000000 0.00000000000 0.00000000000 0.00000000000 0.00000000000 0.00000000000 0.00000000000 0.00000000000 0.00000000000 0.00000000000 0.00000000000 0.00000000000 0.00000000000 0.00000000000 0.00000000000 0.00000000000
