# Number of parameters = 139 Objective function value = 64686.0  Maximum gradient component = 0.000431993
# srv_sel50:
1.68631535310
# srv_sel95:
3.02429672886
# stNatLen:
 11.8500886034 11.6636091607 11.4017279363 11.1803262833 10.9939262631 10.8068040055 10.5971369723 10.3632872632 10.1152434332 9.86530529393 9.62328958902 9.39549372399 9.18529437002 8.99408535561 8.82206961320 8.66883422255 8.53371757741 8.41594436343 8.31475929914 8.22951053413 8.15959701103 8.10447987860 8.06369992142 8.03685871003 8.02354635697
# log_avg_fmort_dir:
-1.61928872945
# fmort_dir_dev:
 -1.98894700199 -2.00678466805 -1.46187845487 -1.06548063453 -0.832182844879 -0.638599585071 -0.424588759203 -0.252691382062 -0.180126991622 -0.0682258704445 0.112561170813 0.203834087591 0.304241910764 0.334408485226 0.436924035334 0.521138055836 0.354541269903 0.370453388712 0.323991494728 0.442768869621 0.380788737821 0.220412127968 0.241218402039 0.276443473949 0.278462407137 0.220212192895 0.167953815960 0.184234638999 0.278439900174 0.222174429849 0.161953831406 0.116772750568 0.153568704195 0.195190375931 0.179618857656 0.196630102951 0.186606345466 0.0943622791699 0.229863517514 0.103084811630 0.157139312133 0.142047919244 0.103034070573 0.117503560390 0.0919991117610 0.108770796544 0.108538204884 0.0548136855434 0.0572944409975 0.0362062423017 0.203824541193 -0.144661933534 0.0800760161427 0.310065752746
# mean_log_rec:
11.3697316357
# rec_dev:
 0.529411135840 0.498530500448 0.490682189524 0.486943786500 0.475568927637 0.447555064755 0.425233968669 0.404503908934 0.367178456294 0.336725409019 0.317522081705 0.290261067025 0.254715215603 0.209449731776 0.161732704396 0.117925311541 0.0753112799275 0.0231393427287 -0.0348700016022 -0.0619276968334 -0.0653845230784 -0.0959941572536 -0.135514484836 -0.155812902580 -0.185619277496 -0.190507325305 -0.192059398919 -0.201487044928 -0.219056561891 -0.230501999789 -0.253294552710 -0.283255082920 -0.320931383115 -0.345084139230 -0.257622327042 -0.195601700721 -0.206448943149 -0.226621052271 -0.221276903590 -0.217505912691 -0.243864914693 -0.246327274870 -0.238129764177 -0.220121471560 -0.202215817473 -0.178111643928 -0.137906077137 -0.103457377446 -0.0669687079613 -0.0577246860914 -0.0217645401384 0.0403175539797 0.0301310095086 0.0301310016148
# log_avg_NatM:
-1.47890400000
# m_dev:
 0.00000000000 0.00000000000 0.00000000000 0.00000000000 0.00000000000 0.00000000000 0.00000000000 0.00000000000 0.00000000000 0.00000000000 0.00000000000 0.00000000000 0.00000000000 0.00000000000 0.00000000000 0.00000000000 0.00000000000 0.00000000000 0.00000000000 0.00000000000 0.00000000000 0.00000000000 0.00000000000 0.00000000000 0.00000000000 0.00000000000 0.00000000000 0.00000000000 0.00000000000 0.00000000000 0.00000000000 0.00000000000 0.00000000000 0.00000000000 0.00000000000 0.00000000000 0.00000000000 0.00000000000 0.00000000000 0.00000000000 0.00000000000 0.00000000000 0.00000000000 0.00000000000 0.00000000000 0.00000000000 0.00000000000 0.00000000000 0.00000000000 0.00000000000 0.00000000000 0.00000000000 0.00000000000 0.00000000000
# log_avg_GrowthK:
-1.60943800000
# log_avg_Linf:
4.88280200000
# GrowthK_dev:
 0.00000000000 0.00000000000 0.00000000000 0.00000000000 0.00000000000 0.00000000000 0.00000000000 0.00000000000 0.00000000000 0.00000000000 0.00000000000 0.00000000000 0.00000000000 0.00000000000 0.00000000000 0.00000000000 0.00000000000 0.00000000000 0.00000000000 0.00000000000 0.00000000000 0.00000000000 0.00000000000 0.00000000000 0.00000000000 0.00000000000 0.00000000000 0.00000000000 0.00000000000 0.00000000000 0.00000000000 0.00000000000 0.00000000000 0.00000000000 0.00000000000 0.00000000000 0.00000000000 0.00000000000 0.00000000000 0.00000000000 0.00000000000 0.00000000000 0.00000000000 0.00000000000 0.00000000000 0.00000000000 0.00000000000 0.00000000000 0.00000000000 0.00000000000 0.00000000000 0.00000000000 0.00000000000 0.00000000000
# Linf_dev:
 0.00000000000 0.00000000000 0.00000000000 0.00000000000 0.00000000000 0.00000000000 0.00000000000 0.00000000000 0.00000000000 0.00000000000 0.00000000000 0.00000000000 0.00000000000 0.00000000000 0.00000000000 0.00000000000 0.00000000000 0.00000000000 0.00000000000 0.00000000000 0.00000000000 0.00000000000 0.00000000000 0.00000000000 0.00000000000 0.00000000000 0.00000000000 0.00000000000 0.00000000000 0.00000000000 0.00000000000 0.00000000000 0.00000000000 0.00000000000 0.00000000000 0.00000000000 0.00000000000 0.00000000000 0.00000000000 0.00000000000 0.00000000000 0.00000000000 0.00000000000 0.00000000000 0.00000000000 0.00000000000 0.00000000000 0.00000000000 0.00000000000 0.00000000000 0.00000000000 0.00000000000 0.00000000000 0.00000000000
# SelPars50:
2.32764200111
# SelPars95:
4.29225957650
# SelPars_dev50:
 0.00000000000 0.00000000000 0.00000000000 0.00000000000 0.00000000000 0.00000000000 0.00000000000 0.00000000000 0.00000000000 0.00000000000 0.00000000000 0.00000000000 0.00000000000 0.00000000000 0.00000000000 0.00000000000 0.00000000000 0.00000000000 0.00000000000 0.00000000000 0.00000000000 0.00000000000 0.00000000000 0.00000000000 0.00000000000 0.00000000000 0.00000000000 0.00000000000 0.00000000000 0.00000000000 0.00000000000 0.00000000000 0.00000000000 0.00000000000 0.00000000000 0.00000000000 0.00000000000 0.00000000000 0.00000000000 0.00000000000 0.00000000000 0.00000000000 0.00000000000 0.00000000000 0.00000000000 0.00000000000 0.00000000000 0.00000000000 0.00000000000 0.00000000000 0.00000000000 0.00000000000 0.00000000000 0.00000000000
# SelPars_dev95:
 0.00000000000 0.00000000000 0.00000000000 0.00000000000 0.00000000000 0.00000000000 0.00000000000 0.00000000000 0.00000000000 0.00000000000 0.00000000000 0.00000000000 0.00000000000 0.00000000000 0.00000000000 0.00000000000 0.00000000000 0.00000000000 0.00000000000 0.00000000000 0.00000000000 0.00000000000 0.00000000000 0.00000000000 0.00000000000 0.00000000000 0.00000000000 0.00000000000 0.00000000000 0.00000000000 0.00000000000 0.00000000000 0.00000000000 0.00000000000 0.00000000000 0.00000000000 0.00000000000 0.00000000000 0.00000000000 0.00000000000 0.00000000000 0.00000000000 0.00000000000 0.00000000000 0.00000000000 0.00000000000 0.00000000000 0.00000000000 0.00000000000 0.00000000000 0.00000000000 0.00000000000 0.00000000000 0.00000000000
