# Number of parameters = 147 Objective function value = 69483.1  Maximum gradient component = 0.000461914
# srv_sel50:
1.65190522225
# srv_sel95:
2.92144663141
# stNatLen:
 11.8928129471 11.7096123186 11.4434861981 11.2180275805 11.0376242268 10.8646497208 10.6660426261 10.4304174637 10.1656812798 9.88781073057 9.61182583926 9.34827064583 9.10325011203 8.87965148875 8.67835875542 8.49912585123 8.34117878612 8.20355485475 8.08525016997 7.98534194453 7.90306102589 7.83787348128 7.78937797868 7.75729930473 7.74136753807
# log_avg_fmort_dir:
-1.62315285572
# fmort_dir_dev:
 -2.04347876725 -2.03232592796 -1.39935068328 -1.08721656171 -0.893821789826 -0.674530620274 -0.355381190085 -0.278187828824 -0.118003774257 0.00942853815784 0.114255959690 0.194939450714 0.230241476938 0.358579759503 0.438443069097 0.453546405834 0.376422887408 0.291257984732 0.331980077902 0.135956720636 0.293940517599 0.191965501359 0.237336514863 0.262402000097 0.186930042111 0.237167319576 0.108130713683 0.172419113641 0.164033027972 0.180598566515 0.166025400806 0.167044051732 0.0908349653177 0.226957831717 0.234370216611 0.122977423607 0.190183644018 0.133186822251 0.0182576709178 0.0819404991607 0.132096696132 0.0930949949126 0.126577029288 0.142326232425 0.116480221401 0.202506433855 0.119907339039 0.125012051649 0.159278953054 0.0781958621798 -0.0426417223664 0.110775796909 0.192981000237 0.416981975324 0.227835575161 0.129111707379 0.0240405274643 0.125982295261
# mean_log_rec:
11.3677111692
# rec_dev:
 0.577555626541 0.545561317627 0.527865542053 0.508673002124 0.494551237911 0.473583948148 0.449767917399 0.421318399224 0.388297388696 0.363908786034 0.326122649526 0.283664139114 0.241923103629 0.194453714179 0.130932556572 0.0735179962104 0.0361498268426 -0.00295381363365 -0.0311152407238 -0.0594424860673 -0.0817122596539 -0.103400373858 -0.138740492216 -0.160355024604 -0.174805456390 -0.178874493236 -0.180935425007 -0.192698912709 -0.208029921658 -0.214197127452 -0.223180406104 -0.255941859678 -0.314106412457 -0.340711507153 -0.259026197291 -0.181904459025 -0.179389591273 -0.200383430463 -0.209514369912 -0.209563040021 -0.195570356781 -0.169574515192 -0.165270665954 -0.166274588289 -0.170559462284 -0.169496758668 -0.166803668978 -0.153730373996 -0.146206877189 -0.143310590048 -0.132716628529 -0.100597933985 -0.0653040242439 -0.0470234338347 -0.0234141522113 0.0239130760732 0.0275380476345 0.0275380552308
# log_avg_NatM:
-1.47890400000
# m_dev:
 0.00000000000 0.00000000000 0.00000000000 0.00000000000 0.00000000000 0.00000000000 0.00000000000 0.00000000000 0.00000000000 0.00000000000 0.00000000000 0.00000000000 0.00000000000 0.00000000000 0.00000000000 0.00000000000 0.00000000000 0.00000000000 0.00000000000 0.00000000000 0.00000000000 0.00000000000 0.00000000000 0.00000000000 0.00000000000 0.00000000000 0.00000000000 0.00000000000 0.00000000000 0.00000000000 0.00000000000 0.00000000000 0.00000000000 0.00000000000 0.00000000000 0.00000000000 0.00000000000 0.00000000000 0.00000000000 0.00000000000 0.00000000000 0.00000000000 0.00000000000 0.00000000000 0.00000000000 0.00000000000 0.00000000000 0.00000000000 0.00000000000 0.00000000000 0.00000000000 0.00000000000 0.00000000000 0.00000000000 0.00000000000 0.00000000000 0.00000000000 0.00000000000
# log_avg_GrowthK:
-1.60943800000
# log_avg_Linf:
4.88280200000
# GrowthK_dev:
 0.00000000000 0.00000000000 0.00000000000 0.00000000000 0.00000000000 0.00000000000 0.00000000000 0.00000000000 0.00000000000 0.00000000000 0.00000000000 0.00000000000 0.00000000000 0.00000000000 0.00000000000 0.00000000000 0.00000000000 0.00000000000 0.00000000000 0.00000000000 0.00000000000 0.00000000000 0.00000000000 0.00000000000 0.00000000000 0.00000000000 0.00000000000 0.00000000000 0.00000000000 0.00000000000 0.00000000000 0.00000000000 0.00000000000 0.00000000000 0.00000000000 0.00000000000 0.00000000000 0.00000000000 0.00000000000 0.00000000000 0.00000000000 0.00000000000 0.00000000000 0.00000000000 0.00000000000 0.00000000000 0.00000000000 0.00000000000 0.00000000000 0.00000000000 0.00000000000 0.00000000000 0.00000000000 0.00000000000 0.00000000000 0.00000000000 0.00000000000 0.00000000000
# Linf_dev:
 0.00000000000 0.00000000000 0.00000000000 0.00000000000 0.00000000000 0.00000000000 0.00000000000 0.00000000000 0.00000000000 0.00000000000 0.00000000000 0.00000000000 0.00000000000 0.00000000000 0.00000000000 0.00000000000 0.00000000000 0.00000000000 0.00000000000 0.00000000000 0.00000000000 0.00000000000 0.00000000000 0.00000000000 0.00000000000 0.00000000000 0.00000000000 0.00000000000 0.00000000000 0.00000000000 0.00000000000 0.00000000000 0.00000000000 0.00000000000 0.00000000000 0.00000000000 0.00000000000 0.00000000000 0.00000000000 0.00000000000 0.00000000000 0.00000000000 0.00000000000 0.00000000000 0.00000000000 0.00000000000 0.00000000000 0.00000000000 0.00000000000 0.00000000000 0.00000000000 0.00000000000 0.00000000000 0.00000000000 0.00000000000 0.00000000000 0.00000000000 0.00000000000
# SelPars50:
2.28319017486
# SelPars95:
4.19727332651
# SelPars_dev50:
 0.00000000000 0.00000000000 0.00000000000 0.00000000000 0.00000000000 0.00000000000 0.00000000000 0.00000000000 0.00000000000 0.00000000000 0.00000000000 0.00000000000 0.00000000000 0.00000000000 0.00000000000 0.00000000000 0.00000000000 0.00000000000 0.00000000000 0.00000000000 0.00000000000 0.00000000000 0.00000000000 0.00000000000 0.00000000000 0.00000000000 0.00000000000 0.00000000000 0.00000000000 0.00000000000 0.00000000000 0.00000000000 0.00000000000 0.00000000000 0.00000000000 0.00000000000 0.00000000000 0.00000000000 0.00000000000 0.00000000000 0.00000000000 0.00000000000 0.00000000000 0.00000000000 0.00000000000 0.00000000000 0.00000000000 0.00000000000 0.00000000000 0.00000000000 0.00000000000 0.00000000000 0.00000000000 0.00000000000 0.00000000000 0.00000000000 0.00000000000 0.00000000000
# SelPars_dev95:
 0.00000000000 0.00000000000 0.00000000000 0.00000000000 0.00000000000 0.00000000000 0.00000000000 0.00000000000 0.00000000000 0.00000000000 0.00000000000 0.00000000000 0.00000000000 0.00000000000 0.00000000000 0.00000000000 0.00000000000 0.00000000000 0.00000000000 0.00000000000 0.00000000000 0.00000000000 0.00000000000 0.00000000000 0.00000000000 0.00000000000 0.00000000000 0.00000000000 0.00000000000 0.00000000000 0.00000000000 0.00000000000 0.00000000000 0.00000000000 0.00000000000 0.00000000000 0.00000000000 0.00000000000 0.00000000000 0.00000000000 0.00000000000 0.00000000000 0.00000000000 0.00000000000 0.00000000000 0.00000000000 0.00000000000 0.00000000000 0.00000000000 0.00000000000 0.00000000000 0.00000000000 0.00000000000 0.00000000000 0.00000000000 0.00000000000 0.00000000000 0.00000000000
