# Number of parameters = 169 Objective function value = 83107.4165828777  Maximum gradient component = 0.000668029840114614
# srv_sel50:
1.49052246192
# srv_sel95:
2.46568070744
# stNatLen:
 11.4607227937 11.3135617662 11.1103483327 10.9206734968 10.7339195136 10.5279128598 10.2987040911 10.0567258077 9.81525952422 9.58423134238 9.36928838880 9.17289618259 8.99558469623 8.83688486954 8.69589562485 8.57156457072 8.46276598340 8.36849942530 8.28785838912 8.22002586932 8.16433544668 8.12026352605 8.08753495801 8.06589390092 8.05520598315
# log_avg_fmort_dir:
-1.69964527352
# fmort_dir_dev:
 -1.77913071527 -1.82875224905 -1.25427549747 -0.838974496554 -0.696257160855 -0.512628592094 -0.379863444974 -0.137120376771 -0.00929761767123 0.0618439091154 0.169224259163 0.255514653157 0.327004388691 0.440020200286 0.544805254266 0.582911063694 0.544823382854 0.497672561464 0.512036375551 0.412193524615 0.464659853785 0.364198328635 0.351138214891 0.355664979455 0.325093204543 0.337619203045 0.217599176920 0.270068030527 0.153313340926 0.287615744009 0.227297464543 0.126647714877 0.159608746464 0.176828228499 0.165344251541 0.0985971980185 0.0572890318962 0.140938556585 0.113316240241 0.0289960069817 0.0875654124141 0.116606638039 0.142206776822 0.0843274417023 0.102937893154 0.133815717785 0.0798953636875 0.118744793065 0.0519991170070 0.0570311607411 -0.454246829585 -0.381646858628 -0.450221490394 -0.331389379914 -0.197089024645 -0.0849669860123 -0.0315834213579 -0.00748706367018 -0.0436318583003 -0.0185671366764 0.0917417210750 0.00803772514744 -0.0955596044706 -0.105783610992 -0.127531722506 -0.0120699370457 0.0847276019694 -0.116790201128 -0.0346551758194
# mean_log_rec:
11.1513401710
# rec_dev:
 0.373032878495 0.347434683905 0.343268549616 0.341915005124 0.346217973137 0.348067510386 0.338589706848 0.321871370150 0.316952809991 0.294934312357 0.258295786053 0.223348152407 0.188424505115 0.144021899244 0.0915592185557 0.0558955652313 0.0161711058118 -0.0295704298479 -0.0710464521909 -0.107069048124 -0.132196113280 -0.152914823017 -0.185580345399 -0.207371088884 -0.210971258145 -0.218208538875 -0.223696091212 -0.223408017296 -0.225278954125 -0.225896914513 -0.209685543405 -0.221266823838 -0.223878435687 -0.217783911805 -0.209955254375 -0.200855506108 -0.194600058789 -0.171436669693 -0.147627325971 -0.140674731300 -0.146306009835 -0.147850459943 -0.150726116306 -0.140191043641 -0.135307990094 -0.122170162601 -0.108067185419 -0.0923834613531 -0.0635864102242 -0.0548534437657 -0.0442925698267 -0.0274114607900 -0.00564969113837 0.0144627076054 0.0366442018905 0.0429788186507 0.0337917466768 0.0280976890696 0.0340429356283 0.0463551603998 0.0672903556504 0.0774350036297 0.0650268353636 0.0636706846849 0.0887651478859 0.109643348889 0.114943189811 0.108309743538 0.108309739014
# log_avg_NatM:
-1.60943800000
# m_dev:
 0.00000000000 0.00000000000 0.00000000000 0.00000000000 0.00000000000 0.00000000000 0.00000000000 0.00000000000 0.00000000000 0.00000000000 0.00000000000 0.00000000000 0.00000000000 0.00000000000 0.00000000000 0.00000000000 0.00000000000 0.00000000000 0.00000000000 0.00000000000 0.00000000000 0.00000000000 0.00000000000 0.00000000000 0.00000000000 0.00000000000 0.00000000000 0.00000000000 0.00000000000 0.00000000000 0.00000000000 0.00000000000 0.00000000000 0.00000000000 0.00000000000 0.00000000000 0.00000000000 0.00000000000 0.00000000000 0.00000000000 0.00000000000 0.00000000000 0.00000000000 0.00000000000 0.00000000000 0.00000000000 0.00000000000 0.00000000000 0.00000000000 0.00000000000 0.00000000000 0.00000000000 0.00000000000 0.00000000000 0.00000000000 0.00000000000 0.00000000000 0.00000000000 0.00000000000 0.00000000000 0.00000000000 0.00000000000 0.00000000000 0.00000000000 0.00000000000 0.00000000000 0.00000000000 0.00000000000 0.00000000000
# log_avg_GrowthK:
-1.60943800000
# log_avg_Linf:
4.88280200000
# GrowthK_dev:
 0.00000000000 0.00000000000 0.00000000000 0.00000000000 0.00000000000 0.00000000000 0.00000000000 0.00000000000 0.00000000000 0.00000000000 0.00000000000 0.00000000000 0.00000000000 0.00000000000 0.00000000000 0.00000000000 0.00000000000 0.00000000000 0.00000000000 0.00000000000 0.00000000000 0.00000000000 0.00000000000 0.00000000000 0.00000000000 0.00000000000 0.00000000000 0.00000000000 0.00000000000 0.00000000000 0.00000000000 0.00000000000 0.00000000000 0.00000000000 0.00000000000 0.00000000000 0.00000000000 0.00000000000 0.00000000000 0.00000000000 0.00000000000 0.00000000000 0.00000000000 0.00000000000 0.00000000000 0.00000000000 0.00000000000 0.00000000000 0.00000000000 0.00000000000 0.00000000000 0.00000000000 0.00000000000 0.00000000000 0.00000000000 0.00000000000 0.00000000000 0.00000000000 0.00000000000 0.00000000000 0.00000000000 0.00000000000 0.00000000000 0.00000000000 0.00000000000 0.00000000000 0.00000000000 0.00000000000 0.00000000000
# Linf_dev:
 0.00000000000 0.00000000000 0.00000000000 0.00000000000 0.00000000000 0.00000000000 0.00000000000 0.00000000000 0.00000000000 0.00000000000 0.00000000000 0.00000000000 0.00000000000 0.00000000000 0.00000000000 0.00000000000 0.00000000000 0.00000000000 0.00000000000 0.00000000000 0.00000000000 0.00000000000 0.00000000000 0.00000000000 0.00000000000 0.00000000000 0.00000000000 0.00000000000 0.00000000000 0.00000000000 0.00000000000 0.00000000000 0.00000000000 0.00000000000 0.00000000000 0.00000000000 0.00000000000 0.00000000000 0.00000000000 0.00000000000 0.00000000000 0.00000000000 0.00000000000 0.00000000000 0.00000000000 0.00000000000 0.00000000000 0.00000000000 0.00000000000 0.00000000000 0.00000000000 0.00000000000 0.00000000000 0.00000000000 0.00000000000 0.00000000000 0.00000000000 0.00000000000 0.00000000000 0.00000000000 0.00000000000 0.00000000000 0.00000000000 0.00000000000 0.00000000000 0.00000000000 0.00000000000 0.00000000000 0.00000000000
# SelPars50:
2.05008474993
# SelPars95:
3.66624415387
# SelPars_dev50:
 0.00000000000 0.00000000000 0.00000000000 0.00000000000 0.00000000000 0.00000000000 0.00000000000 0.00000000000 0.00000000000 0.00000000000 0.00000000000 0.00000000000 0.00000000000 0.00000000000 0.00000000000 0.00000000000 0.00000000000 0.00000000000 0.00000000000 0.00000000000 0.00000000000 0.00000000000 0.00000000000 0.00000000000 0.00000000000 0.00000000000 0.00000000000 0.00000000000 0.00000000000 0.00000000000 0.00000000000 0.00000000000 0.00000000000 0.00000000000 0.00000000000 0.00000000000 0.00000000000 0.00000000000 0.00000000000 0.00000000000 0.00000000000 0.00000000000 0.00000000000 0.00000000000 0.00000000000 0.00000000000 0.00000000000 0.00000000000 0.00000000000 0.00000000000 0.00000000000 0.00000000000 0.00000000000 0.00000000000 0.00000000000 0.00000000000 0.00000000000 0.00000000000 0.00000000000 0.00000000000 0.00000000000 0.00000000000 0.00000000000 0.00000000000 0.00000000000 0.00000000000 0.00000000000 0.00000000000 0.00000000000
# SelPars_dev95:
 0.00000000000 0.00000000000 0.00000000000 0.00000000000 0.00000000000 0.00000000000 0.00000000000 0.00000000000 0.00000000000 0.00000000000 0.00000000000 0.00000000000 0.00000000000 0.00000000000 0.00000000000 0.00000000000 0.00000000000 0.00000000000 0.00000000000 0.00000000000 0.00000000000 0.00000000000 0.00000000000 0.00000000000 0.00000000000 0.00000000000 0.00000000000 0.00000000000 0.00000000000 0.00000000000 0.00000000000 0.00000000000 0.00000000000 0.00000000000 0.00000000000 0.00000000000 0.00000000000 0.00000000000 0.00000000000 0.00000000000 0.00000000000 0.00000000000 0.00000000000 0.00000000000 0.00000000000 0.00000000000 0.00000000000 0.00000000000 0.00000000000 0.00000000000 0.00000000000 0.00000000000 0.00000000000 0.00000000000 0.00000000000 0.00000000000 0.00000000000 0.00000000000 0.00000000000 0.00000000000 0.00000000000 0.00000000000 0.00000000000 0.00000000000 0.00000000000 0.00000000000 0.00000000000 0.00000000000 0.00000000000
