# Number of parameters = 149 Objective function value = 70912.3  Maximum gradient component = 0.000503333
# srv_sel50:
1.48389786409
# srv_sel95:
2.44823593907
# stNatLen:
 11.4482952074 11.3129033164 11.1049927668 10.9080407488 10.7231264482 10.5280019696 10.3105455159 10.0736862778 9.82802640145 9.58455815329 9.35144039242 9.13358853845 8.93347723770 8.75197682768 8.58903772652 8.44409898154 8.31637835405 8.20510205083 8.10948877721 8.02880241721 7.96242357794 7.90992782851 7.87094535614 7.84510670089 7.83214597312
# log_avg_fmort_dir:
-1.69316977517
# fmort_dir_dev:
 -1.81219231753 -1.73035851404 -1.32420891945 -0.950888051183 -0.765393267934 -0.412045164410 -0.257321596818 -0.100615901690 -0.104289400749 0.221677757377 0.246834291662 0.247233320135 0.396004823761 0.431788652147 0.434552179754 0.462966050355 0.505069230242 0.423265021498 0.377359613503 0.498159921607 0.347612165829 0.389577936167 0.386530630814 0.404401630332 0.328561768023 0.255497764974 0.247292951718 0.274404072095 0.254007492467 0.162592151012 0.260348355819 0.227447285571 0.230973212887 0.131358516502 0.0663600926059 0.0994373508747 0.0554947620541 0.0863346863025 0.0891498755309 0.105791538582 0.0263452119913 0.0976597137642 0.0979302345569 0.163146683050 0.101874608766 0.176581230737 0.0713960212528 0.190965511980 0.142693848636 0.130574177487 -0.462501127530 -0.201882131934 -0.417416178234 -0.186966755863 -0.254927463807 -0.215275220617 -0.393417154242 -0.149568266635 -0.107984911755
# mean_log_rec:
11.1223676944
# rec_dev:
 0.410137757934 0.400836088556 0.410445335607 0.409729724997 0.405653906314 0.399004834879 0.384429685951 0.361252388292 0.326360630198 0.288348471993 0.252009602097 0.215892187921 0.178735284131 0.156353607517 0.117083548103 0.0722858184180 0.0378932601931 0.00949625892266 -0.0451160035032 -0.0855900532536 -0.113510484298 -0.149140020794 -0.174029979331 -0.186810798075 -0.191962438464 -0.216280586982 -0.219615908209 -0.193197064354 -0.170048972941 -0.147180237104 -0.130818749837 -0.126218680947 -0.141796398987 -0.150259615732 -0.136531459141 -0.130977874034 -0.139231170090 -0.146967881625 -0.127230720070 -0.109836999863 -0.111374170962 -0.107569767711 -0.0983879077827 -0.100247299493 -0.101387020557 -0.101074017689 -0.110040343879 -0.118907343262 -0.120759663530 -0.126801459569 -0.123628303319 -0.0901127923808 -0.0606868072227 -0.0456240650340 -0.0400439521994 -0.0380571763222 -0.0344875608319 -0.0372033290828 -0.0372033135629
# log_avg_NatM:
-1.61499800000
# m_dev:
 0.00000000000 0.00000000000 0.00000000000 0.00000000000 0.00000000000 0.00000000000 0.00000000000 0.00000000000 0.00000000000 0.00000000000 0.00000000000 0.00000000000 0.00000000000 0.00000000000 0.00000000000 0.00000000000 0.00000000000 0.00000000000 0.00000000000 0.00000000000 0.00000000000 0.00000000000 0.00000000000 0.00000000000 0.00000000000 0.00000000000 0.00000000000 0.00000000000 0.00000000000 0.00000000000 0.00000000000 0.00000000000 0.00000000000 0.00000000000 0.00000000000 0.00000000000 0.00000000000 0.00000000000 0.00000000000 0.00000000000 0.00000000000 0.00000000000 0.00000000000 0.00000000000 0.00000000000 0.00000000000 0.00000000000 0.00000000000 0.00000000000 0.00000000000 0.00000000000 0.00000000000 0.00000000000 0.00000000000 0.00000000000 0.00000000000 0.00000000000 0.00000000000 0.00000000000
# log_avg_GrowthK:
-1.62730900000
# log_avg_Linf:
4.79409800000
# GrowthK_dev:
 0.00000000000 0.00000000000 0.00000000000 0.00000000000 0.00000000000 0.00000000000 0.00000000000 0.00000000000 0.00000000000 0.00000000000 0.00000000000 0.00000000000 0.00000000000 0.00000000000 0.00000000000 0.00000000000 0.00000000000 0.00000000000 0.00000000000 0.00000000000 0.00000000000 0.00000000000 0.00000000000 0.00000000000 0.00000000000 0.00000000000 0.00000000000 0.00000000000 0.00000000000 0.00000000000 0.00000000000 0.00000000000 0.00000000000 0.00000000000 0.00000000000 0.00000000000 0.00000000000 0.00000000000 0.00000000000 0.00000000000 0.00000000000 0.00000000000 0.00000000000 0.00000000000 0.00000000000 0.00000000000 0.00000000000 0.00000000000 0.00000000000 0.00000000000 0.00000000000 0.00000000000 0.00000000000 0.00000000000 0.00000000000 0.00000000000 0.00000000000 0.00000000000 0.00000000000
# Linf_dev:
 0.00000000000 0.00000000000 0.00000000000 0.00000000000 0.00000000000 0.00000000000 0.00000000000 0.00000000000 0.00000000000 0.00000000000 0.00000000000 0.00000000000 0.00000000000 0.00000000000 0.00000000000 0.00000000000 0.00000000000 0.00000000000 0.00000000000 0.00000000000 0.00000000000 0.00000000000 0.00000000000 0.00000000000 0.00000000000 0.00000000000 0.00000000000 0.00000000000 0.00000000000 0.00000000000 0.00000000000 0.00000000000 0.00000000000 0.00000000000 0.00000000000 0.00000000000 0.00000000000 0.00000000000 0.00000000000 0.00000000000 0.00000000000 0.00000000000 0.00000000000 0.00000000000 0.00000000000 0.00000000000 0.00000000000 0.00000000000 0.00000000000 0.00000000000 0.00000000000 0.00000000000 0.00000000000 0.00000000000 0.00000000000 0.00000000000 0.00000000000 0.00000000000 0.00000000000
# SelPars50:
2.06517029952
# SelPars95:
3.71720476207
# SelPars_dev50:
 0.00000000000 0.00000000000 0.00000000000 0.00000000000 0.00000000000 0.00000000000 0.00000000000 0.00000000000 0.00000000000 0.00000000000 0.00000000000 0.00000000000 0.00000000000 0.00000000000 0.00000000000 0.00000000000 0.00000000000 0.00000000000 0.00000000000 0.00000000000 0.00000000000 0.00000000000 0.00000000000 0.00000000000 0.00000000000 0.00000000000 0.00000000000 0.00000000000 0.00000000000 0.00000000000 0.00000000000 0.00000000000 0.00000000000 0.00000000000 0.00000000000 0.00000000000 0.00000000000 0.00000000000 0.00000000000 0.00000000000 0.00000000000 0.00000000000 0.00000000000 0.00000000000 0.00000000000 0.00000000000 0.00000000000 0.00000000000 0.00000000000 0.00000000000 0.00000000000 0.00000000000 0.00000000000 0.00000000000 0.00000000000 0.00000000000 0.00000000000 0.00000000000 0.00000000000
# SelPars_dev95:
 0.00000000000 0.00000000000 0.00000000000 0.00000000000 0.00000000000 0.00000000000 0.00000000000 0.00000000000 0.00000000000 0.00000000000 0.00000000000 0.00000000000 0.00000000000 0.00000000000 0.00000000000 0.00000000000 0.00000000000 0.00000000000 0.00000000000 0.00000000000 0.00000000000 0.00000000000 0.00000000000 0.00000000000 0.00000000000 0.00000000000 0.00000000000 0.00000000000 0.00000000000 0.00000000000 0.00000000000 0.00000000000 0.00000000000 0.00000000000 0.00000000000 0.00000000000 0.00000000000 0.00000000000 0.00000000000 0.00000000000 0.00000000000 0.00000000000 0.00000000000 0.00000000000 0.00000000000 0.00000000000 0.00000000000 0.00000000000 0.00000000000 0.00000000000 0.00000000000 0.00000000000 0.00000000000 0.00000000000 0.00000000000 0.00000000000 0.00000000000 0.00000000000 0.00000000000
