# Number of parameters = 153 Objective function value = 73140.7546900397  Maximum gradient component = 0.000388791623275871
# srv_sel50:
1.63105730199
# srv_sel95:
2.86095086030
# stNatLen:
 11.8611498789 11.6866382050 11.4387306875 11.2253070927 11.0391502561 10.8472034939 10.6323633018 10.3965876602 10.1509633506 9.90710012109 9.67353413027 9.45538571754 9.25517469350 9.07377922719 8.91114089648 8.76672168503 8.63975398903 8.52939316805 8.43482327255 8.35527185554 8.29008780248 8.23872694882 8.20071219822 8.17570782402 8.16327041447
# log_avg_fmort_dir:
-1.64210173161
# fmort_dir_dev:
 -2.03034622918 -2.02765307970 -1.52989779124 -1.17219443946 -0.699321319318 -0.643958186188 -0.409320564858 -0.240481027474 -0.182114266162 0.0379160839993 0.0757607188850 0.265656806966 0.303043240352 0.350970199716 0.420834660246 0.343710328230 0.419341754184 0.485786460412 0.314598026993 0.254067970296 0.374802647470 0.282883638300 0.298309361409 0.246472558857 0.256030493130 0.267958119546 0.188476829552 0.191760350650 0.0926500152432 0.105013169474 0.0967669426095 0.128272113926 0.0817502159240 0.121886071055 0.141547106134 0.0583525925118 0.198534640847 0.170656149490 0.104669575563 0.0936039077094 0.0982138421646 0.135540838257 0.137357462853 0.105059346088 0.0655061352772 0.0447410619913 0.111653648421 0.0572734284779 0.135510895478 0.128395153434 0.0382377211435 -0.0476911777180 -0.0861420654377 0.0465526170510 0.169524469559 0.258584160411 0.105434674094 0.146473870671 0.262774904763 0.141292345168 0.108910821755
# mean_log_rec:
11.3549124644
# rec_dev:
 0.549168831289 0.511036791152 0.498384699231 0.485316575069 0.474572828023 0.472703385802 0.466393544612 0.459242119312 0.439527304332 0.406605376587 0.363029864048 0.318530268284 0.297098290083 0.263127270044 0.218461762501 0.172260695129 0.0968596487371 0.0399690618566 0.0172341569508 0.00479739836155 -0.0203040269553 -0.0360948474003 -0.0573120379703 -0.0869226478412 -0.119955954186 -0.161353571752 -0.171090234019 -0.178729620389 -0.200567170423 -0.223441086284 -0.252479599516 -0.289169566345 -0.326039093901 -0.341921302978 -0.257522035398 -0.186991561449 -0.215302187105 -0.238290775260 -0.233895809157 -0.219651699582 -0.218684021435 -0.224007337360 -0.233757408758 -0.236589235516 -0.247049226256 -0.234254454053 -0.201777944304 -0.169564181779 -0.151363086167 -0.145677694099 -0.143221544535 -0.138648821049 -0.128390568562 -0.0978462162034 -0.0708517906321 -0.0667505971427 -0.0617560595719 -0.0174419694855 0.0288588837641 0.0107441738338 0.0107440558207
# log_avg_NatM:
-1.47890400000
# m_dev:
 0.00000000000 0.00000000000 0.00000000000 0.00000000000 0.00000000000 0.00000000000 0.00000000000 0.00000000000 0.00000000000 0.00000000000 0.00000000000 0.00000000000 0.00000000000 0.00000000000 0.00000000000 0.00000000000 0.00000000000 0.00000000000 0.00000000000 0.00000000000 0.00000000000 0.00000000000 0.00000000000 0.00000000000 0.00000000000 0.00000000000 0.00000000000 0.00000000000 0.00000000000 0.00000000000 0.00000000000 0.00000000000 0.00000000000 0.00000000000 0.00000000000 0.00000000000 0.00000000000 0.00000000000 0.00000000000 0.00000000000 0.00000000000 0.00000000000 0.00000000000 0.00000000000 0.00000000000 0.00000000000 0.00000000000 0.00000000000 0.00000000000 0.00000000000 0.00000000000 0.00000000000 0.00000000000 0.00000000000 0.00000000000 0.00000000000 0.00000000000 0.00000000000 0.00000000000 0.00000000000 0.00000000000
# log_avg_GrowthK:
-1.60943800000
# log_avg_Linf:
4.88280200000
# GrowthK_dev:
 0.00000000000 0.00000000000 0.00000000000 0.00000000000 0.00000000000 0.00000000000 0.00000000000 0.00000000000 0.00000000000 0.00000000000 0.00000000000 0.00000000000 0.00000000000 0.00000000000 0.00000000000 0.00000000000 0.00000000000 0.00000000000 0.00000000000 0.00000000000 0.00000000000 0.00000000000 0.00000000000 0.00000000000 0.00000000000 0.00000000000 0.00000000000 0.00000000000 0.00000000000 0.00000000000 0.00000000000 0.00000000000 0.00000000000 0.00000000000 0.00000000000 0.00000000000 0.00000000000 0.00000000000 0.00000000000 0.00000000000 0.00000000000 0.00000000000 0.00000000000 0.00000000000 0.00000000000 0.00000000000 0.00000000000 0.00000000000 0.00000000000 0.00000000000 0.00000000000 0.00000000000 0.00000000000 0.00000000000 0.00000000000 0.00000000000 0.00000000000 0.00000000000 0.00000000000 0.00000000000 0.00000000000
# Linf_dev:
 0.00000000000 0.00000000000 0.00000000000 0.00000000000 0.00000000000 0.00000000000 0.00000000000 0.00000000000 0.00000000000 0.00000000000 0.00000000000 0.00000000000 0.00000000000 0.00000000000 0.00000000000 0.00000000000 0.00000000000 0.00000000000 0.00000000000 0.00000000000 0.00000000000 0.00000000000 0.00000000000 0.00000000000 0.00000000000 0.00000000000 0.00000000000 0.00000000000 0.00000000000 0.00000000000 0.00000000000 0.00000000000 0.00000000000 0.00000000000 0.00000000000 0.00000000000 0.00000000000 0.00000000000 0.00000000000 0.00000000000 0.00000000000 0.00000000000 0.00000000000 0.00000000000 0.00000000000 0.00000000000 0.00000000000 0.00000000000 0.00000000000 0.00000000000 0.00000000000 0.00000000000 0.00000000000 0.00000000000 0.00000000000 0.00000000000 0.00000000000 0.00000000000 0.00000000000 0.00000000000 0.00000000000
# SelPars50:
2.24735721841
# SelPars95:
4.11277628050
# SelPars_dev50:
 0.00000000000 0.00000000000 0.00000000000 0.00000000000 0.00000000000 0.00000000000 0.00000000000 0.00000000000 0.00000000000 0.00000000000 0.00000000000 0.00000000000 0.00000000000 0.00000000000 0.00000000000 0.00000000000 0.00000000000 0.00000000000 0.00000000000 0.00000000000 0.00000000000 0.00000000000 0.00000000000 0.00000000000 0.00000000000 0.00000000000 0.00000000000 0.00000000000 0.00000000000 0.00000000000 0.00000000000 0.00000000000 0.00000000000 0.00000000000 0.00000000000 0.00000000000 0.00000000000 0.00000000000 0.00000000000 0.00000000000 0.00000000000 0.00000000000 0.00000000000 0.00000000000 0.00000000000 0.00000000000 0.00000000000 0.00000000000 0.00000000000 0.00000000000 0.00000000000 0.00000000000 0.00000000000 0.00000000000 0.00000000000 0.00000000000 0.00000000000 0.00000000000 0.00000000000 0.00000000000 0.00000000000
# SelPars_dev95:
 0.00000000000 0.00000000000 0.00000000000 0.00000000000 0.00000000000 0.00000000000 0.00000000000 0.00000000000 0.00000000000 0.00000000000 0.00000000000 0.00000000000 0.00000000000 0.00000000000 0.00000000000 0.00000000000 0.00000000000 0.00000000000 0.00000000000 0.00000000000 0.00000000000 0.00000000000 0.00000000000 0.00000000000 0.00000000000 0.00000000000 0.00000000000 0.00000000000 0.00000000000 0.00000000000 0.00000000000 0.00000000000 0.00000000000 0.00000000000 0.00000000000 0.00000000000 0.00000000000 0.00000000000 0.00000000000 0.00000000000 0.00000000000 0.00000000000 0.00000000000 0.00000000000 0.00000000000 0.00000000000 0.00000000000 0.00000000000 0.00000000000 0.00000000000 0.00000000000 0.00000000000 0.00000000000 0.00000000000 0.00000000000 0.00000000000 0.00000000000 0.00000000000 0.00000000000 0.00000000000 0.00000000000
