# Number of parameters = 135 Objective function value = 62109.7  Maximum gradient component = 0.000591284
# srv_sel50:
1.68566646984
# srv_sel95:
3.03738652461
# stNatLen:
 11.8292522706 11.6187891717 11.3158303007 11.0539249892 10.8360842243 10.6282255110 10.4035879252 10.1547447589 9.88899239968 9.61883223371 9.35545994700 9.10653003308 8.87635504101 8.66683972512 8.47840700259 8.31065573793 8.16279823001 8.03390186789 7.92303636298 7.82938842125 7.75229126167 7.69122604025 7.64584123094 7.61584039924 7.60089569171
# log_avg_fmort_dir:
-1.51167419103
# fmort_dir_dev:
 -0.867771913069 -0.737590979208 -0.641067745823 -0.460372426462 -0.299934429551 -0.147197524706 0.00749721463940 0.120616796295 0.186140334226 0.208768532665 0.230314556477 0.333173524165 0.326394167545 0.340899094018 0.199299013642 0.290470925743 0.256497859418 0.109295812863 0.212039647614 0.210933064753 0.193101171366 0.0677599580418 0.185888796759 -0.00728702580302 0.121783254847 0.0184498030514 -0.0642342210418 0.0293835878711 0.00836535626097 -0.0697949038661 0.0313990838394 0.00503547527335 -0.0143473324623 -0.0655178253613 -0.0228639783054 -0.118896659148 0.104178681174 -0.0173685483526 -0.00775735442993 -0.0515335960955 0.0605347192660 -0.0643334246869 0.0403757443391 0.00980670334720 0.127966608194 0.0604447583788 -0.352382584541 -0.133916787165 -0.0918752940797 0.109267348236 0.0986886426700 -0.0687256828202
# mean_log_rec:
11.3285254651
# rec_dev:
 0.552642076291 0.522099614437 0.502557015914 0.478882813687 0.445161194458 0.401581975651 0.366163627143 0.330830271615 0.287031718586 0.253946493932 0.211546081027 0.167376520432 0.108385372868 0.0634277200216 0.0199314791702 -0.0126533462969 -0.0119127248293 -0.0289691700755 -0.0605616475346 -0.0830734340713 -0.113568722204 -0.132641258029 -0.157232682016 -0.176480311077 -0.191917660026 -0.214371776692 -0.241052656295 -0.256362571251 -0.301440768454 -0.324968163662 -0.259018777691 -0.190110283558 -0.179818457603 -0.185867210201 -0.190416055750 -0.180991499724 -0.168722216899 -0.169254426979 -0.162212291814 -0.151618686215 -0.148767502922 -0.138945199866 -0.119708702227 -0.103327060034 -0.0951534459550 -0.0819926694636 -0.0622941450205 -0.0237120953124 0.0288877242988 0.0703618461898 0.0541620119926 0.0541620620355
# log_avg_NatM:
-1.47890400000
# m_dev:
 0.00000000000 0.00000000000 0.00000000000 0.00000000000 0.00000000000 0.00000000000 0.00000000000 0.00000000000 0.00000000000 0.00000000000 0.00000000000 0.00000000000 0.00000000000 0.00000000000 0.00000000000 0.00000000000 0.00000000000 0.00000000000 0.00000000000 0.00000000000 0.00000000000 0.00000000000 0.00000000000 0.00000000000 0.00000000000 0.00000000000 0.00000000000 0.00000000000 0.00000000000 0.00000000000 0.00000000000 0.00000000000 0.00000000000 0.00000000000 0.00000000000 0.00000000000 0.00000000000 0.00000000000 0.00000000000 0.00000000000 0.00000000000 0.00000000000 0.00000000000 0.00000000000 0.00000000000 0.00000000000 0.00000000000 0.00000000000 0.00000000000 0.00000000000 0.00000000000 0.00000000000
# log_avg_GrowthK:
-1.60943800000
# log_avg_Linf:
4.88280200000
# GrowthK_dev:
 0.00000000000 0.00000000000 0.00000000000 0.00000000000 0.00000000000 0.00000000000 0.00000000000 0.00000000000 0.00000000000 0.00000000000 0.00000000000 0.00000000000 0.00000000000 0.00000000000 0.00000000000 0.00000000000 0.00000000000 0.00000000000 0.00000000000 0.00000000000 0.00000000000 0.00000000000 0.00000000000 0.00000000000 0.00000000000 0.00000000000 0.00000000000 0.00000000000 0.00000000000 0.00000000000 0.00000000000 0.00000000000 0.00000000000 0.00000000000 0.00000000000 0.00000000000 0.00000000000 0.00000000000 0.00000000000 0.00000000000 0.00000000000 0.00000000000 0.00000000000 0.00000000000 0.00000000000 0.00000000000 0.00000000000 0.00000000000 0.00000000000 0.00000000000 0.00000000000 0.00000000000
# Linf_dev:
 0.00000000000 0.00000000000 0.00000000000 0.00000000000 0.00000000000 0.00000000000 0.00000000000 0.00000000000 0.00000000000 0.00000000000 0.00000000000 0.00000000000 0.00000000000 0.00000000000 0.00000000000 0.00000000000 0.00000000000 0.00000000000 0.00000000000 0.00000000000 0.00000000000 0.00000000000 0.00000000000 0.00000000000 0.00000000000 0.00000000000 0.00000000000 0.00000000000 0.00000000000 0.00000000000 0.00000000000 0.00000000000 0.00000000000 0.00000000000 0.00000000000 0.00000000000 0.00000000000 0.00000000000 0.00000000000 0.00000000000 0.00000000000 0.00000000000 0.00000000000 0.00000000000 0.00000000000 0.00000000000 0.00000000000 0.00000000000 0.00000000000 0.00000000000 0.00000000000 0.00000000000
# SelPars50:
2.24884282539
# SelPars95:
4.08119869130
# SelPars_dev50:
 0.00000000000 0.00000000000 0.00000000000 0.00000000000 0.00000000000 0.00000000000 0.00000000000 0.00000000000 0.00000000000 0.00000000000 0.00000000000 0.00000000000 0.00000000000 0.00000000000 0.00000000000 0.00000000000 0.00000000000 0.00000000000 0.00000000000 0.00000000000 0.00000000000 0.00000000000 0.00000000000 0.00000000000 0.00000000000 0.00000000000 0.00000000000 0.00000000000 0.00000000000 0.00000000000 0.00000000000 0.00000000000 0.00000000000 0.00000000000 0.00000000000 0.00000000000 0.00000000000 0.00000000000 0.00000000000 0.00000000000 0.00000000000 0.00000000000 0.00000000000 0.00000000000 0.00000000000 0.00000000000 0.00000000000 0.00000000000 0.00000000000 0.00000000000 0.00000000000 0.00000000000
# SelPars_dev95:
 0.00000000000 0.00000000000 0.00000000000 0.00000000000 0.00000000000 0.00000000000 0.00000000000 0.00000000000 0.00000000000 0.00000000000 0.00000000000 0.00000000000 0.00000000000 0.00000000000 0.00000000000 0.00000000000 0.00000000000 0.00000000000 0.00000000000 0.00000000000 0.00000000000 0.00000000000 0.00000000000 0.00000000000 0.00000000000 0.00000000000 0.00000000000 0.00000000000 0.00000000000 0.00000000000 0.00000000000 0.00000000000 0.00000000000 0.00000000000 0.00000000000 0.00000000000 0.00000000000 0.00000000000 0.00000000000 0.00000000000 0.00000000000 0.00000000000 0.00000000000 0.00000000000 0.00000000000 0.00000000000 0.00000000000 0.00000000000 0.00000000000 0.00000000000 0.00000000000 0.00000000000
