# Number of parameters = 153 Objective function value = 73325.3709929479  Maximum gradient component = 0.000307974499157513
# srv_sel50:
1.50385892388
# srv_sel95:
2.51376765757
# stNatLen:
 11.4358848936 11.2882784303 11.0845679939 10.8954941133 10.7080578975 10.4995757288 10.2675700919 10.0240271037 9.78286897341 9.55392051716 9.34240293967 9.15030433484 8.97777593660 8.82406442692 8.68803497616 8.56849705527 8.46431181402 8.37440433206 8.29783272591 8.23381733728 8.18163944688 8.14072964443 8.11046591191 8.09047906446 8.08054746422
# log_avg_fmort_dir:
-1.68026936506
# fmort_dir_dev:
 -1.83684919188 -1.84826153601 -1.32746234675 -0.882513122352 -0.713856767561 -0.499601222853 -0.303017794431 -0.189949683406 0.00963019003868 0.0915139550537 0.0900946006865 0.329379279815 0.445807554968 0.381625362465 0.529167085902 0.535851056251 0.556929947093 0.511260967986 0.459872028015 0.378899179032 0.426247873924 0.400778648027 0.436528364085 0.342430385984 0.271866937978 0.298773644692 0.303785633635 0.301670392142 0.199391573052 0.193956501015 0.124558096648 0.116924664006 0.123411177835 0.0894016637984 -0.0245327550153 0.123541923479 -0.0380596438046 0.0221122735066 0.0222371956115 0.0527052510538 0.118031371904 0.162521966082 0.115668256950 0.0806913120355 0.0467440582770 0.181595058259 0.0699783255152 0.0437134729818 0.0523695772269 0.143630831156 -0.246567120832 -0.218157358391 -0.262384174816 -0.356381927152 -0.210552394944 -0.134776865448 0.0439125222044 -0.00947511805732 -0.0753782919666 -0.103586423843 0.0521535791334
# mean_log_rec:
11.1395245623
# rec_dev:
 0.365700194550 0.344623620147 0.356157920440 0.364626488039 0.366086293858 0.362486527686 0.358559098980 0.352546392918 0.333613928768 0.319096994130 0.290025123023 0.250116336851 0.217551517833 0.172998231451 0.120020541995 0.0600986307788 -0.00310988817293 -0.0428577152209 -0.0695659309159 -0.0870789148828 -0.109666907372 -0.137288061619 -0.151666542883 -0.167162973865 -0.175300891651 -0.189504300025 -0.202730899846 -0.215414180548 -0.211931427159 -0.185240057999 -0.178688591747 -0.170072371612 -0.160306076640 -0.138168061661 -0.127890428218 -0.128326995586 -0.125164635779 -0.124617450628 -0.118334911696 -0.116530731157 -0.103842845775 -0.0886377594275 -0.0847744804480 -0.0857612084308 -0.0920627065056 -0.0889804820887 -0.0849359110501 -0.0888598984316 -0.0890308994742 -0.0880626671607 -0.0801637766231 -0.0660579902554 -0.0554116426940 -0.0518019129166 -0.0327592019372 -0.0130540320891 -0.00299012685631 -0.0117904955647 -0.0255545370587 -0.0315781599817 -0.0315781597945
# log_avg_NatM:
-1.60943800000
# m_dev:
 0.00000000000 0.00000000000 0.00000000000 0.00000000000 0.00000000000 0.00000000000 0.00000000000 0.00000000000 0.00000000000 0.00000000000 0.00000000000 0.00000000000 0.00000000000 0.00000000000 0.00000000000 0.00000000000 0.00000000000 0.00000000000 0.00000000000 0.00000000000 0.00000000000 0.00000000000 0.00000000000 0.00000000000 0.00000000000 0.00000000000 0.00000000000 0.00000000000 0.00000000000 0.00000000000 0.00000000000 0.00000000000 0.00000000000 0.00000000000 0.00000000000 0.00000000000 0.00000000000 0.00000000000 0.00000000000 0.00000000000 0.00000000000 0.00000000000 0.00000000000 0.00000000000 0.00000000000 0.00000000000 0.00000000000 0.00000000000 0.00000000000 0.00000000000 0.00000000000 0.00000000000 0.00000000000 0.00000000000 0.00000000000 0.00000000000 0.00000000000 0.00000000000 0.00000000000 0.00000000000 0.00000000000
# log_avg_GrowthK:
-1.60943800000
# log_avg_Linf:
4.88280200000
# GrowthK_dev:
 0.00000000000 0.00000000000 0.00000000000 0.00000000000 0.00000000000 0.00000000000 0.00000000000 0.00000000000 0.00000000000 0.00000000000 0.00000000000 0.00000000000 0.00000000000 0.00000000000 0.00000000000 0.00000000000 0.00000000000 0.00000000000 0.00000000000 0.00000000000 0.00000000000 0.00000000000 0.00000000000 0.00000000000 0.00000000000 0.00000000000 0.00000000000 0.00000000000 0.00000000000 0.00000000000 0.00000000000 0.00000000000 0.00000000000 0.00000000000 0.00000000000 0.00000000000 0.00000000000 0.00000000000 0.00000000000 0.00000000000 0.00000000000 0.00000000000 0.00000000000 0.00000000000 0.00000000000 0.00000000000 0.00000000000 0.00000000000 0.00000000000 0.00000000000 0.00000000000 0.00000000000 0.00000000000 0.00000000000 0.00000000000 0.00000000000 0.00000000000 0.00000000000 0.00000000000 0.00000000000 0.00000000000
# Linf_dev:
 0.00000000000 0.00000000000 0.00000000000 0.00000000000 0.00000000000 0.00000000000 0.00000000000 0.00000000000 0.00000000000 0.00000000000 0.00000000000 0.00000000000 0.00000000000 0.00000000000 0.00000000000 0.00000000000 0.00000000000 0.00000000000 0.00000000000 0.00000000000 0.00000000000 0.00000000000 0.00000000000 0.00000000000 0.00000000000 0.00000000000 0.00000000000 0.00000000000 0.00000000000 0.00000000000 0.00000000000 0.00000000000 0.00000000000 0.00000000000 0.00000000000 0.00000000000 0.00000000000 0.00000000000 0.00000000000 0.00000000000 0.00000000000 0.00000000000 0.00000000000 0.00000000000 0.00000000000 0.00000000000 0.00000000000 0.00000000000 0.00000000000 0.00000000000 0.00000000000 0.00000000000 0.00000000000 0.00000000000 0.00000000000 0.00000000000 0.00000000000 0.00000000000 0.00000000000 0.00000000000 0.00000000000
# SelPars50:
2.04740175132
# SelPars95:
3.64820775645
# SelPars_dev50:
 0.00000000000 0.00000000000 0.00000000000 0.00000000000 0.00000000000 0.00000000000 0.00000000000 0.00000000000 0.00000000000 0.00000000000 0.00000000000 0.00000000000 0.00000000000 0.00000000000 0.00000000000 0.00000000000 0.00000000000 0.00000000000 0.00000000000 0.00000000000 0.00000000000 0.00000000000 0.00000000000 0.00000000000 0.00000000000 0.00000000000 0.00000000000 0.00000000000 0.00000000000 0.00000000000 0.00000000000 0.00000000000 0.00000000000 0.00000000000 0.00000000000 0.00000000000 0.00000000000 0.00000000000 0.00000000000 0.00000000000 0.00000000000 0.00000000000 0.00000000000 0.00000000000 0.00000000000 0.00000000000 0.00000000000 0.00000000000 0.00000000000 0.00000000000 0.00000000000 0.00000000000 0.00000000000 0.00000000000 0.00000000000 0.00000000000 0.00000000000 0.00000000000 0.00000000000 0.00000000000 0.00000000000
# SelPars_dev95:
 0.00000000000 0.00000000000 0.00000000000 0.00000000000 0.00000000000 0.00000000000 0.00000000000 0.00000000000 0.00000000000 0.00000000000 0.00000000000 0.00000000000 0.00000000000 0.00000000000 0.00000000000 0.00000000000 0.00000000000 0.00000000000 0.00000000000 0.00000000000 0.00000000000 0.00000000000 0.00000000000 0.00000000000 0.00000000000 0.00000000000 0.00000000000 0.00000000000 0.00000000000 0.00000000000 0.00000000000 0.00000000000 0.00000000000 0.00000000000 0.00000000000 0.00000000000 0.00000000000 0.00000000000 0.00000000000 0.00000000000 0.00000000000 0.00000000000 0.00000000000 0.00000000000 0.00000000000 0.00000000000 0.00000000000 0.00000000000 0.00000000000 0.00000000000 0.00000000000 0.00000000000 0.00000000000 0.00000000000 0.00000000000 0.00000000000 0.00000000000 0.00000000000 0.00000000000 0.00000000000 0.00000000000
