# Number of parameters = 151 Objective function value = 71898.5895491260  Maximum gradient component = 0.000200565879245896
# srv_sel50:
1.66315074684
# srv_sel95:
2.96684612908
# stNatLen:
 11.8797139270 11.6974210069 11.4391465663 11.2206216493 11.0399362780 10.8613767484 10.6582585769 10.4242805828 10.1683174319 9.90439590859 9.64491932416 9.39838273099 9.16966194005 8.96103749403 8.77316081873 8.60578036972 8.45820565223 8.32957140540 8.21901424095 8.12572401467 8.04898897341 7.98829019426 7.94319659777 7.91335485761 7.89848148456
# log_avg_fmort_dir:
-1.62556172191
# fmort_dir_dev:
 -2.06405310040 -2.02464838026 -1.55927238269 -1.16647416355 -0.867057441718 -0.555808588553 -0.473818496926 -0.392188172300 -0.227524912659 -0.0477529645116 0.206628492851 0.213100031250 0.312731268140 0.343482636851 0.427092193907 0.480790669357 0.472279434063 0.480266906985 0.440151595920 0.417036691402 0.347781730253 0.340553757515 0.202521084422 0.380395571168 0.239753364511 0.201794696536 0.0961842038756 0.119011404497 0.192538833514 0.170469440967 0.110111609968 0.0553602541592 0.217112375737 0.0759268731219 0.127712660844 0.118090734866 0.00912858705126 0.00826527004560 0.0780344953042 0.0275516761334 0.0635073910839 0.137466221787 0.0722247085556 0.0242745042571 0.145084004573 0.0741011809330 0.104509523258 0.0918126094605 0.0899297579143 0.0905054911941 0.0731544595029 0.318308029341 0.0876600444295 0.294149518118 0.321236055891 0.263643404878 0.144444957388 0.132735273368 0.0344389091765 -0.0964459867670
# mean_log_rec:
11.3669484196
# rec_dev:
 0.561396399417 0.532380017801 0.523756306113 0.509438344821 0.496385283272 0.485338924732 0.477120853233 0.465078210177 0.439329894521 0.401354358551 0.361685972298 0.318232175696 0.269597672315 0.235386419595 0.198656839671 0.163629025483 0.113255766053 0.0492726538410 0.0144508068350 -0.0103495665635 -0.0340410027602 -0.0615160900707 -0.0822987946356 -0.0930932188502 -0.104213367124 -0.0988799746013 -0.111878945029 -0.138443756822 -0.155079295130 -0.179622884829 -0.213003611314 -0.266070729342 -0.333984077439 -0.361732613518 -0.285642746643 -0.186879611029 -0.184447153187 -0.211430144953 -0.210846959643 -0.218028807429 -0.232309046514 -0.233904640849 -0.235419640493 -0.230606725415 -0.208148691422 -0.166507130328 -0.152660256054 -0.170708699537 -0.185104777720 -0.191059335434 -0.192586369134 -0.179018125627 -0.173482787279 -0.164331012959 -0.146762018983 -0.121799837187 -0.0657944572596 -0.00901827627160 -0.00752035719314 -0.00752038785365
# log_avg_NatM:
-1.47890400000
# m_dev:
 0.00000000000 0.00000000000 0.00000000000 0.00000000000 0.00000000000 0.00000000000 0.00000000000 0.00000000000 0.00000000000 0.00000000000 0.00000000000 0.00000000000 0.00000000000 0.00000000000 0.00000000000 0.00000000000 0.00000000000 0.00000000000 0.00000000000 0.00000000000 0.00000000000 0.00000000000 0.00000000000 0.00000000000 0.00000000000 0.00000000000 0.00000000000 0.00000000000 0.00000000000 0.00000000000 0.00000000000 0.00000000000 0.00000000000 0.00000000000 0.00000000000 0.00000000000 0.00000000000 0.00000000000 0.00000000000 0.00000000000 0.00000000000 0.00000000000 0.00000000000 0.00000000000 0.00000000000 0.00000000000 0.00000000000 0.00000000000 0.00000000000 0.00000000000 0.00000000000 0.00000000000 0.00000000000 0.00000000000 0.00000000000 0.00000000000 0.00000000000 0.00000000000 0.00000000000 0.00000000000
# log_avg_GrowthK:
-1.60943800000
# log_avg_Linf:
4.88280200000
# GrowthK_dev:
 0.00000000000 0.00000000000 0.00000000000 0.00000000000 0.00000000000 0.00000000000 0.00000000000 0.00000000000 0.00000000000 0.00000000000 0.00000000000 0.00000000000 0.00000000000 0.00000000000 0.00000000000 0.00000000000 0.00000000000 0.00000000000 0.00000000000 0.00000000000 0.00000000000 0.00000000000 0.00000000000 0.00000000000 0.00000000000 0.00000000000 0.00000000000 0.00000000000 0.00000000000 0.00000000000 0.00000000000 0.00000000000 0.00000000000 0.00000000000 0.00000000000 0.00000000000 0.00000000000 0.00000000000 0.00000000000 0.00000000000 0.00000000000 0.00000000000 0.00000000000 0.00000000000 0.00000000000 0.00000000000 0.00000000000 0.00000000000 0.00000000000 0.00000000000 0.00000000000 0.00000000000 0.00000000000 0.00000000000 0.00000000000 0.00000000000 0.00000000000 0.00000000000 0.00000000000 0.00000000000
# Linf_dev:
 0.00000000000 0.00000000000 0.00000000000 0.00000000000 0.00000000000 0.00000000000 0.00000000000 0.00000000000 0.00000000000 0.00000000000 0.00000000000 0.00000000000 0.00000000000 0.00000000000 0.00000000000 0.00000000000 0.00000000000 0.00000000000 0.00000000000 0.00000000000 0.00000000000 0.00000000000 0.00000000000 0.00000000000 0.00000000000 0.00000000000 0.00000000000 0.00000000000 0.00000000000 0.00000000000 0.00000000000 0.00000000000 0.00000000000 0.00000000000 0.00000000000 0.00000000000 0.00000000000 0.00000000000 0.00000000000 0.00000000000 0.00000000000 0.00000000000 0.00000000000 0.00000000000 0.00000000000 0.00000000000 0.00000000000 0.00000000000 0.00000000000 0.00000000000 0.00000000000 0.00000000000 0.00000000000 0.00000000000 0.00000000000 0.00000000000 0.00000000000 0.00000000000 0.00000000000 0.00000000000
# SelPars50:
2.24455127087
# SelPars95:
4.08658534882
# SelPars_dev50:
 0.00000000000 0.00000000000 0.00000000000 0.00000000000 0.00000000000 0.00000000000 0.00000000000 0.00000000000 0.00000000000 0.00000000000 0.00000000000 0.00000000000 0.00000000000 0.00000000000 0.00000000000 0.00000000000 0.00000000000 0.00000000000 0.00000000000 0.00000000000 0.00000000000 0.00000000000 0.00000000000 0.00000000000 0.00000000000 0.00000000000 0.00000000000 0.00000000000 0.00000000000 0.00000000000 0.00000000000 0.00000000000 0.00000000000 0.00000000000 0.00000000000 0.00000000000 0.00000000000 0.00000000000 0.00000000000 0.00000000000 0.00000000000 0.00000000000 0.00000000000 0.00000000000 0.00000000000 0.00000000000 0.00000000000 0.00000000000 0.00000000000 0.00000000000 0.00000000000 0.00000000000 0.00000000000 0.00000000000 0.00000000000 0.00000000000 0.00000000000 0.00000000000 0.00000000000 0.00000000000
# SelPars_dev95:
 0.00000000000 0.00000000000 0.00000000000 0.00000000000 0.00000000000 0.00000000000 0.00000000000 0.00000000000 0.00000000000 0.00000000000 0.00000000000 0.00000000000 0.00000000000 0.00000000000 0.00000000000 0.00000000000 0.00000000000 0.00000000000 0.00000000000 0.00000000000 0.00000000000 0.00000000000 0.00000000000 0.00000000000 0.00000000000 0.00000000000 0.00000000000 0.00000000000 0.00000000000 0.00000000000 0.00000000000 0.00000000000 0.00000000000 0.00000000000 0.00000000000 0.00000000000 0.00000000000 0.00000000000 0.00000000000 0.00000000000 0.00000000000 0.00000000000 0.00000000000 0.00000000000 0.00000000000 0.00000000000 0.00000000000 0.00000000000 0.00000000000 0.00000000000 0.00000000000 0.00000000000 0.00000000000 0.00000000000 0.00000000000 0.00000000000 0.00000000000 0.00000000000 0.00000000000 0.00000000000
