# Number of parameters = 170 Objective function value = 54780.5  Maximum gradient component = 0.000179548
# srv_sel50:
1.46296421213
# srv_sel95:
2.39841032804
# stNatLen:
 11.3266400351 11.1760426547 10.9486375458 10.7207434021 10.4966711144 10.2635003411 10.0178656317 9.76656827196 9.51924345803 9.28359665592 9.06425991600 8.86336113099 8.68140969629 8.51802121777 8.37236364996 8.24345283409 8.13029813065 8.03198449656 7.94766790970 7.87663959937 7.81830469325 7.77214023953 7.73783932721 7.71514435837 7.70389365736
# log_avg_fmort_dir:
-1.48637167791
# fmort_dir_dev:
 -0.480660728075 -0.599641141659 -0.535881072604 -0.299473799356 -0.167792799400 -0.192435369274 -0.0363582813681 0.0925943923669 0.209827694480 0.208858468929 0.211650954457 0.265913609891 0.365887427183 0.336397167605 0.332804874872 0.340711867901 0.259768488177 0.233902946578 0.185864191899 0.144044795496 0.159133668439 0.0687304160556 0.0695378650178 0.0354904191120 0.0929176918815 0.113864169312 0.0805379760140 0.113846770217 0.0855064346875 0.0923448987844 -0.0208066687504 -0.0622296578016 -0.150990355390 -0.105882180830 -0.142087146881 -0.140439289935 -0.0462875130641 -0.0648028223010 -0.0885237687838 -0.109212585737 -0.0584812422636 -0.103513546358 -0.145409640205 -0.204144013429 -0.123680640683 -0.221402925207
# mean_log_rec:
11.1173895875
# rec_dev:
 0.263975614586 0.264766006228 0.286920726550 0.294091897510 0.268222226115 0.229996243659 0.200370266676 0.171333782860 0.155513558396 0.136364569331 0.0754183532546 -0.0221855925512 -0.0854223692941 -0.125675426898 -0.153249444723 -0.163869705359 -0.168273102993 -0.190254028413 -0.191501675047 -0.164443939509 -0.137337806307 -0.116057176992 -0.132929466065 -0.165711605847 -0.229359117289 -0.292320399820 -0.308327187742 -0.301428936073 -0.288153438243 -0.254540245196 -0.100812187275 0.0654556720706 0.121880705893 0.107108604855 0.0808975335262 0.0365444334770 0.0156803604866 0.0318391560509 0.0516887486106 0.0843109817164 0.104825750513 0.0975499557052 0.0870582404314 0.106909611375 0.126564922730 0.126564929028
# log_avg_NatM:
-1.60860049003
# m_dev:
 -0.113365464835 -0.236726090251 -0.253596669700 -0.205814453903 0.0815996566750 0.0227291172991 -0.0418023458061 -0.0590150589182 -0.200431618680 -0.0890533276490 0.0745062357297 0.159950405014 -0.0590632644932 -0.0823677146890 -0.221846687086 -0.239057791880 -0.160855039258 0.0534645579480 -0.115018693460 -0.215777522677 -0.270717542927 -0.130745669982 0.0405960971854 0.0681913771335 0.238414848358 0.204267634125 -0.111344917276 -0.182681822134 -0.199918084125 -0.0937671876125 -0.209365492771 -0.179274054880 0.0218700562490 0.277075151726 0.346627356712 0.392878820954 0.250354978558 0.192485566875 0.169365426730 0.00245606941588 0.191563221463 0.269224911200 0.342730093200 0.162879659617 0.0487155698146 0.0596597030100
# log_avg_GrowthK:
-1.60943800000
# log_avg_Linf:
4.88280200000
# GrowthK_dev:
 0.00000000000 0.00000000000 0.00000000000 0.00000000000 0.00000000000 0.00000000000 0.00000000000 0.00000000000 0.00000000000 0.00000000000 0.00000000000 0.00000000000 0.00000000000 0.00000000000 0.00000000000 0.00000000000 0.00000000000 0.00000000000 0.00000000000 0.00000000000 0.00000000000 0.00000000000 0.00000000000 0.00000000000 0.00000000000 0.00000000000 0.00000000000 0.00000000000 0.00000000000 0.00000000000 0.00000000000 0.00000000000 0.00000000000 0.00000000000 0.00000000000 0.00000000000 0.00000000000 0.00000000000 0.00000000000 0.00000000000 0.00000000000 0.00000000000 0.00000000000 0.00000000000 0.00000000000 0.00000000000
# Linf_dev:
 0.00000000000 0.00000000000 0.00000000000 0.00000000000 0.00000000000 0.00000000000 0.00000000000 0.00000000000 0.00000000000 0.00000000000 0.00000000000 0.00000000000 0.00000000000 0.00000000000 0.00000000000 0.00000000000 0.00000000000 0.00000000000 0.00000000000 0.00000000000 0.00000000000 0.00000000000 0.00000000000 0.00000000000 0.00000000000 0.00000000000 0.00000000000 0.00000000000 0.00000000000 0.00000000000 0.00000000000 0.00000000000 0.00000000000 0.00000000000 0.00000000000 0.00000000000 0.00000000000 0.00000000000 0.00000000000 0.00000000000 0.00000000000 0.00000000000 0.00000000000 0.00000000000 0.00000000000 0.00000000000
# SelPars50:
2.03993100176
# SelPars95:
3.65257359681
# SelPars_dev50:
 0.00000000000 0.00000000000 0.00000000000 0.00000000000 0.00000000000 0.00000000000 0.00000000000 0.00000000000 0.00000000000 0.00000000000 0.00000000000 0.00000000000 0.00000000000 0.00000000000 0.00000000000 0.00000000000 0.00000000000 0.00000000000 0.00000000000 0.00000000000 0.00000000000 0.00000000000 0.00000000000 0.00000000000 0.00000000000 0.00000000000 0.00000000000 0.00000000000 0.00000000000 0.00000000000 0.00000000000 0.00000000000 0.00000000000 0.00000000000 0.00000000000 0.00000000000 0.00000000000 0.00000000000 0.00000000000 0.00000000000 0.00000000000 0.00000000000 0.00000000000 0.00000000000 0.00000000000 0.00000000000
# SelPars_dev95:
 0.00000000000 0.00000000000 0.00000000000 0.00000000000 0.00000000000 0.00000000000 0.00000000000 0.00000000000 0.00000000000 0.00000000000 0.00000000000 0.00000000000 0.00000000000 0.00000000000 0.00000000000 0.00000000000 0.00000000000 0.00000000000 0.00000000000 0.00000000000 0.00000000000 0.00000000000 0.00000000000 0.00000000000 0.00000000000 0.00000000000 0.00000000000 0.00000000000 0.00000000000 0.00000000000 0.00000000000 0.00000000000 0.00000000000 0.00000000000 0.00000000000 0.00000000000 0.00000000000 0.00000000000 0.00000000000 0.00000000000 0.00000000000 0.00000000000 0.00000000000 0.00000000000 0.00000000000 0.00000000000
